3.598165
3.652162
3.496773
3.542689
3.438106
3.489004
3.481291
3.503957
3.343815
3.329313
3.385386
3.287707
3.340695
3.248617
3.276798
3.082063
3.217079
3.124960
3.229888
3.057559
3.283837
3.153809
2.973270
2.993759
3.067915
3.063645
3.051136
3.135433
3.198633
3.073522
3.081340
3.085841
2.994147
3.036240
3.160980
3.030656
3.216862
2.949161
2.960948
2.938341
2.881576
2.965559
2.889686
2.861565
3.089073
2.830503
2.854670
2.925274
2.930755
3.293122
2.868703
2.876820
2.953112
2.946456
2.917197
2.815448
2.940249
2.805428
2.690765
2.826329
2.677134
2.875700
2.809529
2.874556
2.836900
2.762042
2.711182
2.713838
2.644103
2.813448
2.792460
2.702453
2.784646
2.753133
2.698621
2.640580
2.752845
2.895362
2.831938
2.816669
2.821039
2.767460
2.665398
2.691321
2.616251
2.635923
2.576033
2.626797
2.810148
2.673923
2.717268
2.621904
2.632463
2.637707
2.710306
2.661162
2.734293
2.631458
2.573864
2.638483
2.624973
2.674576
2.501047
2.558267
2.565600
2.621475
2.695599
2.397149
2.488428
2.565318
2.353336
2.461106
2.711480
2.374092
2.587188
2.626557
2.523554
2.513604
2.430140
2.748626
2.490973
2.482625
2.535281
2.512799
2.562668
2.472363
2.662946
2.604012
2.453810
2.410955
2.611029
2.604003
2.528915
2.573099
2.388479
2.297201
2.501450
2.508063
2.545288
2.468308
2.382184
2.378951
2.385250
2.365221
2.519938
2.427631
2.325945
2.422409
2.322110
2.589416
2.375805
2.531106
2.668034
2.491396
2.358898
2.415228
2.382149
2.396903
2.423274
2.433173
2.488016
2.494091
2.330292
2.337078
2.509116
2.235064
2.256237
2.361593
2.257687
2.372402
2.201611
2.388711
2.255539
2.294238
2.312041
2.304558
2.410918
2.307310
2.271569
2.312543
2.304495
2.343108
2.276958
2.505725
2.305014
2.370954
2.356134
2.405720
2.335261
2.348636
2.229026
2.281878
2.349418
2.361403
2.327468
2.458265
2.242312
2.297401
2.236335
2.229183
2.282231
2.394129
2.431352
2.206052
2.192014
2.404905
2.233255
2.257578
2.319871
2.401892
2.195472
2.335504
2.342792
2.327305
2.168814
2.231928
2.316030
2.258828
2.267640
2.221093
2.213247
2.189450
2.110758
2.251930
1.984212
2.144975
2.089922
2.191138
2.151514
2.246308
2.131732
2.061700
2.230550
2.088065
2.026490
2.113228
2.206113
2.122719
2.066876
2.167627
2.191403
2.060237
2.222283
2.137709
2.168698
2.037745
1.988761
2.070942
2.096802
2.098971
2.241862
2.268247
2.148369
2.035777
2.130646
2.271127
2.252393
2.098052
2.025615
2.120814
2.241765
2.006336
2.107704
2.184181
2.126842
2.115153
2.232883
2.266141
2.167126
2.176032
2.044399
2.087679
2.233885
2.174695
2.146738
2.121248
2.139851
2.132614
2.083767
2.022881
2.256977
2.056866
2.053638
2.148106
2.111441
2.000441
2.063877
2.024915
2.193159
2.016750
1.959961
1.852147
2.000387
1.978212
1.830433
1.905774
1.837058
2.052159
2.101750
2.039738
2.216109
1.941254
2.115190
1.968677
2.014322
2.018611
2.152696
2.085686
2.043501
2.111769
2.153014
1.941027
1.949811
1.915151
2.193093
2.102095
2.033905
2.022064
2.077510
1.982060
1.980815
2.008929
2.012076
2.159951
1.996806
2.169053
1.925460
2.090658
1.989763
2.030488
2.052068
1.982659
2.048659
2.035665
2.159821
2.058122
2.089836
2.071338
2.076009
1.953892
1.924045
1.909214
1.934731
2.069889
2.000738
1.884829
1.869315
1.933632
1.918864
2.031954
1.904036
1.912501
2.168577
2.052871
2.152344
1.962929
2.017695
2.017103
1.964067
2.067658
1.821718
1.959429
1.821364
2.006302
2.023755
1.854215
1.813632
1.899444
1.993039
1.787988
2.024694
2.020915
1.908848
1.825574
1.840074
1.895803
1.833152
1.975801
2.015843
1.895110
2.015226
1.941423
1.763259
1.949620
1.899733
1.883367
1.923677
1.696456
1.851815
2.081708
1.902336
1.912331
1.884389
2.094074
1.955527
1.888463
1.903967
1.807347
2.069919
2.206604
2.150577
1.960247
1.877063
2.062590
1.977944
1.971480
2.019434
1.920799
1.916786
1.957074
1.945026
1.845963
1.758986
2.007963
1.901313
1.856099
1.823899
1.996223
2.092298
1.894675
1.869875
1.832827
1.873432
1.973008
1.891348
1.876009
1.780494
1.897860
1.711958
1.875983
1.789173
1.871269
2.036511
1.784441
1.812634
1.845807
1.941362
1.759588
1.773320
1.820109
1.822031
1.931112
1.965302
1.742508
2.043929
1.911096
1.781150
1.866002
1.917533
1.658204
1.878732
1.809071
1.938804
1.842809
1.733121
1.822254
1.845681
1.722738
1.793025
1.766795
1.885038
1.840101
1.747295
1.910790
1.696097
1.736416
1.781126
1.749238
1.821477
1.792267
2.008344
1.854984
1.945660
1.780483
1.801651
1.837727
1.920324
1.771911
1.978074
1.780159
1.923489
1.862659
1.818040
1.842278
1.831152
1.700369
1.847097
1.783875
1.791458
1.588166
1.881098
1.648150
1.846516
1.806977
1.889233
1.884461
1.795839
1.883721
1.941473
1.717592
1.777716
1.784920
1.776138
1.822264
1.964714
1.798783
1.734425
1.753820
1.835921
1.813980
1.692412
1.673041
1.800627
1.649834
1.721621
1.776487
1.823347
1.699106
1.732708
1.712342
1.820852
1.782668
1.807751
1.690943
1.767425
1.708123
1.714477
1.698129
1.798894
1.658665
1.703475
1.678507
1.690050
1.614810
1.758328
1.789033
1.758164
1.633697
1.699891
1.829061
1.626286
1.770409
1.718937
1.822823
1.829933
1.823030
1.824999
1.622366
1.813967
1.700845
1.755711
1.757814
1.848507
1.600431
1.710778
1.688971
1.670736
1.809813
1.556833
1.653186
1.602226
1.969360
1.844283
1.665996
1.737503
1.776096
1.781615
1.867515
1.895513
1.623225
1.537496
1.800593
1.654997
1.654079
1.770272
1.603544
1.813836
1.891257
1.641896
1.689994
1.810698
1.672754
1.740009
1.666102
1.768641
1.800174
1.570066
1.873236
1.745773
1.734199
1.834248
1.813411
1.789874
1.814271
1.732568
1.629569
1.628337
1.678591
1.734743
1.636982
1.837216
1.773440
1.870973
1.720307
1.970173
1.626622
1.736198
1.897793
1.831799
1.727321
1.672183
1.746006
1.741570
1.561441
1.594852
1.817024
1.829438
1.658711
1.758111
1.711570
1.586528
1.501483
1.742918
1.715204
1.603349
1.800847
1.710807
1.587589
1.556931
1.553669
1.621003
1.682549
1.968397
1.616789
1.635105
1.552026
1.747093
1.604058
1.723416
1.578439
1.810360
1.775976
1.603720
1.516376
1.698816
1.617874
1.833784
1.677543
1.834627
1.813801
1.924400
1.886338
1.662296
1.518503
1.612901
1.755943
1.728968
1.682657
1.659395
1.631273
1.699293
1.558075
1.571205
1.647031
1.654908
1.757443
1.635507
1.639226
1.524886
1.640272
1.553372
1.793597
1.589882
1.746865
1.652481
1.844721
1.838348
1.774457
1.567070
1.777938
1.701777
1.553603
1.753099
1.692055
1.686459
1.621722
1.773192
1.681034
1.629046
1.764178
1.584237
1.627817
1.612392
1.742850
1.805742
1.814002
1.779059
1.611828
1.691708
1.738322
1.566558
1.511589
1.672893
1.513323
1.559306
1.499527
1.595550
1.648975
1.439298
1.618118
1.739841
1.700341
1.564329
1.633643
1.696592
1.578309
1.712882
1.729746
1.671376
1.554830
1.580733
1.636553
1.686442
1.644608
1.756002
1.675129
1.493963
1.608013
1.647564
1.630226
1.697133
1.707369
1.597748
1.541968
1.397901
1.599566
1.814722
1.542984
1.667078
1.621098
1.652812
1.430560
1.476809
1.593676
1.435830
1.468534
1.597152
1.709005
1.732876
1.757033
1.496539
1.361903
1.536843
1.618854
1.479145
1.487144
1.582669
1.674946
1.674167
1.634167
1.658237
1.585255
1.672325
1.542372
1.629381
1.640283
1.633935
1.454839
1.336101
1.684048
1.473971
1.595933
1.886144
1.641416
1.633336
1.553059
1.510653
1.688220
1.689029
1.438619
1.537743
1.547605
1.686743
1.504441
1.528161
1.514061
1.602873
1.780804
1.677374
1.459565
1.507078
1.574954
1.660158
1.647336
1.582599
1.593601
1.534975
1.588841
1.657696
1.438333
1.492612
1.595340
1.589443
1.485395
1.461949
1.509835
1.320257
1.589624
1.648023
1.602727
1.519897
1.595037
1.680671
1.593166
1.542822
1.637536
1.609636
1.532999
1.607225
1.735820
1.592078
1.612355
1.614802
1.620583
1.677688
1.506073
1.539833
1.425610
1.402579
1.426064
1.455971
1.418929
1.450020
1.638116
1.408781
1.435833
1.587453
1.640751
1.469019
1.723505
1.695733
1.654987
1.546189
1.440291
1.522698
1.611432
1.744596
1.478540
1.414071
1.854378
1.563886
1.614472
1.484769
1.735068
1.550881
1.670524
1.636634
1.513293
1.633412
1.529425
1.424226
1.619253
1.621624
1.510030
1.447380
1.397225
1.415007
1.528522
1.528005
1.435872
1.491650
1.613257
1.473050
1.452417
1.470889
1.445266
1.459084
1.563211
1.628117
1.655337
1.411649
1.514617
1.500999
1.474816
1.636358
1.539974
1.623213
1.634818
1.497036
1.622971
1.564952
1.539601
1.601060
1.568285
1.548763
1.432654
1.423087
1.382883
1.484729
1.331069
1.519364
1.520624
1.418862
1.386917
1.425755
1.396837
1.316721
1.560025
1.719732
1.382557
1.467869
1.584418
1.571535
1.453490
1.657104
1.458761
1.398578
1.550736
1.674868
1.473268
1.563814
1.651244
1.404732
1.559936
1.477939
1.556280
1.484644
1.484434
1.551255
1.320959
1.440670
1.501049
1.530044
1.385452
1.419585
1.573907
1.398076
1.535108
1.398616
1.545967
1.430215
1.463689
1.491537
1.337117
1.574282
1.551960
1.376752
1.559489
1.368878
1.318414
1.454124
1.488365
1.418100
1.471547
1.420281
1.551013
1.394350
1.344438
1.577059
1.376548
1.524172
1.373550
1.449735
1.453112
1.409837
1.510851
1.524103
1.584814
1.475397
1.558549
1.541273
1.567365
1.404906
1.402806
1.709283
1.475934
1.366527
1.525551
1.437229
1.417308
1.486653
1.504077
1.437035
1.400476
1.407565
1.353981
1.537492
1.438935
1.636646
1.570251
1.459552
1.544286
1.459946
1.475102
1.458178
1.416456
1.573326
1.495589
1.260405
1.271470
1.349733
1.329912
1.380545
1.368646
1.370631
1.494069
1.425319
1.367454
1.498993
1.446797
1.507265
1.523429
1.480292
1.646731
1.466165
1.562701
1.310394
1.527438
1.470820
1.395472
1.384243
1.604250
1.596228
1.600372
1.291539
1.449508
1.682461
1.324649
1.396552
1.460348
1.299931
1.400731
1.587544
1.660732
1.519900
1.362357
1.396099
1.469940
1.572489
1.454654
1.511063
1.255056
1.462444
1.529455
1.328216
1.506590
1.587098
1.473269
1.434986
1.446422
1.408964
1.618041
1.443606
1.624772
1.535767
1.442915
1.371318
1.334472
1.396140
1.298353
1.420360
1.468910
1.295099
1.412147
1.571188
1.550959
1.296345
1.289390
1.360760
1.229574
1.317083
1.433122
1.502517
1.424608
1.246593
1.519818
1.511493
1.535112
1.507810
1.527869
1.428399
1.429022
1.371472
1.474578
1.422563
1.343472
1.563445
1.538957
1.539148
1.364525
1.263132
1.372701
1.355275
1.420080
1.408508
1.446010
1.428469
1.440740
1.344318
1.390960
1.558358
1.272067
1.475888
1.398986
1.223217
1.422321
1.544385
1.360511
1.442593
1.228253
1.153296
1.378865
1.279677
1.490664
1.110557
1.229352
1.390183
1.297535
1.345139
1.541406
1.397391
1.273719
1.090665
1.241343
1.374394
1.623537
1.254695
1.367196
1.270160
1.440709
1.406756
1.360504
1.456597
1.317795
1.247885
1.496380
1.197893
1.306131
1.446578
1.327006
1.554370
1.701798
1.340873
1.444047
1.449602
1.455819
1.391579
1.452600
1.107640
1.459571
1.317269
1.404613
1.465351
1.303102
1.370674
1.380446
1.324704
1.455897
1.317840
1.213991
1.734091
1.453170
1.346332
1.362551
1.359618
1.384463
1.263631
1.485784
1.411107
1.377599
1.376226
1.337789
1.424892
1.509244
1.363274
1.533391
1.367788
1.429921
1.461110
1.515504
1.248450
1.394043
1.383950
1.415359
1.405593
1.477154
1.518627
1.296979
1.276745
1.318525
1.544189
1.470779
1.393808
1.395760
1.218574
1.414039
1.318793
1.228445
1.430025
1.320571
1.457672
1.390731
1.356008
1.404130
1.513901
1.332285
1.338079
1.442750
1.547611
1.463947
1.407485
1.685171
1.508486
1.362621
1.342420
1.358717
1.371511
1.394600
1.492017
1.517114
1.365057
1.335714
1.385499
1.350080
1.374823
1.277201
1.193807
1.255771
1.339037
1.432842
1.160545
1.249371
1.498340
1.217032
1.316759
1.562496
1.266863
1.296919
1.621703
1.324305
1.228841
1.208472
1.198803
1.369862
1.455943
1.282736
1.361065
1.473413
1.242714
1.416416
1.362300
1.374412
1.324034
1.316375
1.340649
1.059819
1.411793
1.404536
1.407453
1.274644
1.223373
1.366278
1.332390
1.373484
1.290297
1.337739
1.717663
1.485624
1.345405
1.506901
1.497218
1.332914
1.323145
1.316632
1.559978
1.414159
1.420845
1.416242
1.183488
1.211303
1.421684
1.387030
1.296648
1.263037
1.325009
1.417539
1.261848
1.395649
1.316749
1.199266
1.264404
1.243620
1.235027
1.333228
1.265418
1.264272
1.229365
1.244707
1.293628
1.269227
1.467227
1.307385
1.276214
1.262054
1.419919
1.066073
1.314156
1.472395
1.510765
1.410905
1.269408
1.392037
1.268347
1.239759
1.374731
1.302275
1.427197
1.386293
1.326174
1.334439
1.234336
1.300633
1.454328
1.475683
1.302252
1.362157
1.344532
1.319848
1.390167
1.240583
1.320519
1.333404
1.409464
1.410900
1.338265
1.397764
1.323505
1.178811
1.189200
1.341510
1.439761
1.250568
1.360009
1.119110
1.300379
1.281368
1.074484
1.237235
1.409869
1.401574
1.215073
1.287921
1.158859
1.251252
1.335789
1.198753
1.517780
1.232435
1.320143
1.351721
1.300797
1.282444
1.295119
1.430926
1.509212
1.421213
1.445756
1.170252
1.191936
1.196781
1.347478
1.349125
1.217170
1.316554
1.340438
1.209854
1.302674
1.239029
1.260686
1.226832
1.435944
1.360068
1.390450
1.240541
1.272646
1.464052
1.308329
1.113436
1.304614
1.119303
1.297994
1.309686
1.536560
1.269057
1.345381
1.262542
1.383469
1.308804
1.201306
1.254108
1.251269
1.265974
1.397717
1.354180
1.356347
1.479519
1.217992
1.210507
1.359201
1.175577
1.312316
1.320723
1.156144
1.233685
1.353187
1.478787
1.401886
1.455837
1.238968
1.427227
1.584779
1.289611
1.362044
1.191172
1.233371
1.337206
1.393836
1.237511
1.100771
1.281461
1.403101
1.268305
1.144802
1.188418
1.352458
1.367208
1.323095
1.293824
1.533223
1.155491
1.277359
1.289791
1.201052
1.314525
1.340686
1.063051
1.450705
1.311771
1.193232
1.464627
1.386071
1.344632
1.415945
1.429728
1.283983
1.190240
1.284280
1.314849
1.156037
1.485301
1.244598
1.169855
1.327431
1.226285
1.247795
1.239251
1.353408
1.166169
1.267232
1.145291
1.208794
1.304710
1.210709
1.262186
1.221642
1.186304
1.426563
1.276352
1.103627
1.187255
1.238278
1.280232
1.376145
1.292995
1.155365
1.093356
1.107046
1.240101
1.249517
1.237038
1.305601
1.361222
1.284243
1.298980
1.048565
1.150545
1.175149
1.232180
1.150030
1.328796
1.152572
1.077302
1.132768
1.407474
1.451204
1.179454
1.246074
1.252464
1.227584
1.207681
1.316656
1.338104
1.221453
1.217362
1.200538
1.207145
1.208717
1.313647
1.173650
1.204900
1.181308
1.177069
1.182142
1.067574
1.328788
1.248251
1.353880
1.370782
1.176906
1.211730
1.363613
1.388915
1.472830
1.291736
1.254760
1.190919
1.302241
1.218378
1.219143
1.294555
1.467953
1.345398
1.154249
1.256892
1.207942
1.371836
1.115543
1.302295
1.110270
1.236525
1.198332
1.440287
1.228163
1.234783
1.141831
1.198090
1.206537
1.235850
1.287830
1.270315
1.218693
1.226342
1.250879
1.136720
1.368078
1.153852
1.246873
1.353922
1.171101
1.378599
1.277415
1.288825
1.238182
1.169192
1.253886
1.162482
1.242464
1.195585
1.284994
1.137605
1.097235
1.245645
1.173584
1.155856
1.320581
1.332349
1.361338
1.256927
1.383221
1.235163
1.172449
1.210565
1.340944
1.355748
1.142576
1.347490
1.284202
1.213952
1.190386
1.162276
1.121761
1.109986
1.205771
1.273076
1.174943
1.155419
1.384711
1.434280
1.276851
1.328884
1.402564
1.193594
1.181646
1.213898
1.290123
1.155024
1.110904
1.235660
1.239120
1.218909
1.126252
1.321768
1.176609
1.204304
1.225935
1.115152
1.410397
1.184392
1.058994
1.282056
1.148902
1.346694
1.106776
1.059322
1.216151
1.259056
1.138667
1.228929
1.204521
1.179142
1.378014
1.144265
1.205827
1.105902
1.241187
1.492753
1.229886
1.041206
1.453228
1.212870
1.188257
1.140245
1.192005
1.390297
1.152619
1.148622
1.205971
1.112707
1.134450
1.384311
1.192029
1.087774
1.161442
1.182291
1.215920
1.386104
1.392941
1.156821
1.006837
1.245664
1.266365
1.143996
1.147393
1.120103
1.291273
1.182561
1.266073
1.406712
1.212045
1.204248
1.174156
1.219873
1.230280
1.320531
1.301746
1.203103
1.371766
1.222507
1.272067
1.275625
1.182491
1.191031
1.119112
1.164533
1.204826
1.085371
1.213082
1.106818
1.264921
1.017737
1.404702
1.382275
1.180560
1.374358
1.208220
1.161363
1.125529
1.047202
1.126091
1.167709
1.106540
1.223526
1.097627
1.111762
1.345115
1.233651
1.091938
1.221702
1.229129
1.221108
1.342818
1.377907
1.099175
1.402328
1.168202
1.185779
1.071462
1.167892
1.298820
1.093628
1.299473
1.093452
1.126873
1.245314
1.114940
1.141922
1.157535
1.213942
1.182883
1.219898
1.221679
1.077970
1.222614
1.342078
0.964936
1.018564
1.232751
1.309891
1.340322
1.160439
1.201780
1.133785
1.108241
1.110914
1.222609
1.068486
1.190344
1.136412
1.027792
1.262758
1.130275
1.228498
1.106240
1.154152
1.078433
0.983546
1.313829
1.265836
1.047566
1.067302
1.077182
1.178134
1.168316
1.174779
1.276921
1.147331
1.141235
1.063275
1.092213
1.123412
1.126333
1.182669
1.186928
1.124645
1.166797
1.391035
1.205689
1.190359
1.277997
1.160138
1.152404
1.353445
1.329630
1.305852
1.125823
0.994860
1.366958
1.020391
1.206494
1.021537
1.502622
1.163173
1.175195
1.167626
1.173922
1.091709
1.198025
1.046128
1.036907
1.102181
1.238630
1.185857
1.023315
1.174439
1.064691
1.145040
1.119350
1.162063
1.136643
1.035349
1.305332
0.971350
1.183241
1.027331
1.257607
1.166051
1.120086
1.064738
1.124437
1.111165
1.207402
1.199108
1.237527
1.248489
1.152658
1.104424
1.159629
1.168916
1.223558
1.170045
1.039678
1.159683
1.071965
1.041273
1.329082
0.997077
1.034436
1.204001
1.385372
1.090332
1.165243
1.067333
1.002040
1.038107
1.122930
0.958645
1.064141
1.176495
1.123768
1.240366
1.138909
1.117099
1.142309
1.225748
1.041684
1.090974
1.073513
1.197647
1.034567
0.917334
1.077898
1.169136
1.146732
1.035387
1.068511
1.057931
1.424842
1.068403
1.254009
1.301035
1.047621
1.057442
1.183433
0.995802
1.086957
1.181766
1.118508
1.142350
1.310559
1.060311
1.020830
1.334242
1.086128
1.220510
1.009252
1.134137
0.925417
1.077208
1.221581
1.199196
1.161128
0.907543
1.180814
1.092003
1.072938
1.091130
1.240932
1.250478
1.144021
1.194723
1.097883
1.134233
1.307861
1.188573
1.040446
1.055670
1.263580
1.034031
1.097568
1.141310
1.100333
1.234277
1.071542
1.197943
1.044158
1.147279
1.104704
1.135944
1.333455
1.210762
1.186410
1.289745
1.048873
1.127540
1.079547
1.079100
1.293023
1.044780
1.239164
0.996088
1.000556
1.093705
1.060945
1.009972
1.035098
1.016992
1.116657
1.066543
1.093821
1.124130
1.015617
1.131131
1.376804
1.311997
1.291824
1.253508
1.048660
1.084222
1.101837
1.010076
1.029197
1.189505
1.206288
1.163136
1.266385
1.060586
1.103758
0.938806
1.070005
1.043107
1.135297
1.045967
1.186099
1.169038
1.015918
1.152066
1.102172
1.037775
1.116200
1.207310
1.175445
1.278708
1.127005
1.183501
1.091518
1.091404
1.251118
1.150075
1.100566
1.134993
1.189353
0.985326
1.200512
0.995604
1.157660
1.017108
1.308011
0.997735
1.104573
1.059508
1.238262
1.130747
1.071025
1.017112
1.013406
1.344572
1.141936
1.151520
1.098116
1.142062
0.999780
0.930858
1.166501
1.036618
1.002320
1.136807
0.968452
1.145354
1.135305
1.279101
1.131583
1.161095
1.081387
1.081872
1.113416
1.091345
1.003650
1.196276
1.117624
0.960920
1.171555
1.171028
1.145942
1.073161
0.999965
0.960623
1.221936
1.194364
1.107408
0.985988
1.103294
1.091357
1.047839
1.111410
0.926888
1.142137
1.178523
1.211714
1.284987
1.057688
1.014572
1.012397
1.084020
1.136777
1.220852
1.156085
1.009107
1.077965
1.309011
1.203602
1.098200
1.276022
1.109467
1.141852
1.236871
1.206064
1.079145
1.245423
0.934835
1.165483
1.090926
1.150310
1.037551
0.996291
1.141876
1.031865
1.057240
1.093068
1.118211
0.994208
0.972699
1.071512
1.200610
1.116550
0.989750
0.923390
0.927280
1.114872
1.029196
1.173268
1.157404
1.040748
1.061883
1.170787
0.974843
1.200794
1.120000
1.187978
1.193524
1.175606
1.005211
1.093266
0.938571
1.182850
1.053492
1.158843
1.145778
1.032796
0.953960
1.288854
0.960746
1.248006
1.099169
0.919368
0.991070
0.970836
1.268643
1.054184
0.991815
0.945456
1.006724
1.170466
1.093649
1.032058
0.997706
1.128452
0.953315
1.035356
0.969092
1.050776
1.088122
1.065241
1.068063
1.133319
1.137259
1.006304
1.188782
1.007080
1.140248
1.105060
1.018071
1.180970
0.982801
1.169940
1.140692
1.039366
1.083969
1.190020
1.114709
1.022703
1.109093
0.964075
1.039919
1.073728
1.195696
1.129197
1.117643
0.980429
1.093485
1.130942
1.116173
0.989161
0.976358
1.075814
1.034396
1.193539
1.103019
0.958012
1.054529
0.946169
0.930391
1.066201
1.035997
1.112477
1.194708
1.059007
1.127746
1.047930
1.147345
0.912172
0.967855
1.150252
1.028638
1.064728
1.084149
1.009798
1.007428
1.097374
0.974298
1.069572
1.112402
1.086432
0.974644
1.113412
1.008316
1.095959
0.940586
1.246132
0.977839
1.028046
1.069737
1.012438
0.947252
1.109906
1.036719
1.112301
1.053492
1.114540
1.068231
1.037676
1.128775
1.079563
1.067156
1.066943
1.066429
0.874695
0.961123
1.172964
1.070779
1.014273
1.009884
1.281214
0.998799
1.286711
1.115528
0.986786
1.088480
1.098731
0.981154
0.975632
1.061124
0.974344
1.317670
1.188296
1.083261
1.107343
0.931232
1.006613
1.088314
1.097670
1.057439
1.160831
1.202070
1.069132
0.942818
1.072416
1.155004
1.130765
1.139575
0.932066
0.988699
1.134974
1.076748
1.138953
1.128923
1.058019
1.071258
0.960071
1.241927
1.036162
1.158960
1.154992
1.046242
1.046086
1.183291
1.034170
1.019785
1.140067
1.242530
0.860309
0.926580
1.081610
1.201005
1.113132
1.046936
1.085641
1.252139
1.098556
1.036026
1.038196
1.119401
1.008310
1.042584
0.889986
1.223850
1.204462
1.119046
0.970795
1.044651
1.052688
1.175225
0.973382
1.037090
1.093114
0.902133
1.135046
1.144004
1.192690
1.132389
0.982136
1.138962
1.120257
0.921847
0.998900
1.057477
1.137063
1.026292
0.941593
1.054292
1.166650
1.148930
0.870011
0.985619
1.043289
1.074625
1.076502
1.000099
1.138417
1.053150
0.884238
1.059931
0.991361
1.093345
1.144231
1.174382
0.981238
1.101897
1.055128
0.952130
1.058889
1.195035
0.987224
1.124031
1.169640
1.070883
1.156084
0.962332
0.935936
1.118248
1.134659
1.050351
1.028235
0.971291
1.019159
1.015195
0.990895
1.100579
0.987643
1.094173
1.007652
0.924292
1.068525
1.173433
0.922916
0.958300
1.026448
1.224606
0.997080
1.019003
0.988063
1.055140
1.094364
1.006666
1.038323
1.225425
1.052751
0.926192
1.079125
1.025548
1.049852
0.819311
0.906904
0.997140
1.037206
1.047795
1.034842
1.014448
1.077924
1.025347
1.030786
1.093264
1.027859
0.954781
1.324850
1.146912
1.089291
1.007211
1.011230
1.144228
1.022447
1.231125
1.159001
0.938716
1.084556
0.969124
0.982773
0.911633
1.140194
1.098531
1.269637
1.014728
1.018975
0.995750
0.936901
1.072164
0.879598
0.994976
0.995509
1.032895
1.076286
0.988635
1.211055
1.161479
0.951940
1.006967
0.904515
1.348534
1.086736
1.042260
1.248981
1.211066
1.002178
1.015260
0.925068
0.936474
1.077566
1.131181
1.236467
0.984910
1.048116
1.050841
0.880083
1.012227
0.889377
0.939969
0.935707
1.178583
1.010277
0.978802
0.843772
1.043337
1.075958
1.202591
1.168982
0.833828
1.022288
1.132728
0.981279
1.005291
0.909309
0.910945
0.895195
1.019213
0.989989
0.891104
0.955099
0.960311
0.938939
1.101737
1.071910
1.172153
1.154355
0.967255
1.108286
0.936806
0.991255
1.008411
0.866762
0.961240
1.073306
0.903876
0.968599
1.088248
1.238996
1.003279
0.904554
1.081419
0.993268
1.022371
1.150697
0.898449
0.964271
1.083179
0.978453
0.869620
1.074059
1.137738
1.010052
0.991550
1.157453
1.045597
1.036221
1.001267
1.037009
0.970335
0.958663
1.039344
1.088613
0.903316
0.922748
1.040439
1.127124
1.001069
1.028794
0.982640
0.995378
1.065909
0.973015
0.828704
0.920052
1.004349
0.890127
0.958612
0.992657
1.042114
1.051816
0.950208
1.047092
1.031337
0.884894
0.926079
0.953699
1.073633
0.984827
1.096361
1.035529
0.982754
1.087137
0.984469
0.835957
1.070664
1.013078
1.048348
1.025692
1.084368
1.032832
0.984320
0.905924
0.916744
1.044623
0.822371
1.021385
0.984489
1.099276
1.042015
1.077980
0.961012
1.056841
1.031644
0.891142
0.819226
0.999426
0.840133
0.919879
1.133833
1.239212
1.002609
0.994688
0.957666
1.000757
0.951142
0.924014
1.180213
1.110197
0.978372
0.956928
1.032488
0.964227
1.062561
1.047483
0.893755
1.010562
1.089883
0.932647
1.063092
0.989711
0.933671
0.964218
1.072135
1.072847
0.861826
1.031481
1.053968
1.054774
0.983042
0.809630
1.098007
1.097296
0.997816
1.204672
1.011710
0.825730
0.985030
1.154197
0.911211
0.992983
0.875325
1.052017
1.025914
1.044934
1.007947
1.037451
1.013821
0.867677
1.016404
0.934165
0.934598
1.031223
0.883270
1.039638
1.010201
0.976284
0.943138
1.112724
1.214040
1.148672
1.062160
0.969793
1.216550
1.240528
1.062425
1.056157
1.062624
1.043526
1.125302
0.953834
0.916469
1.033841
0.957645
1.014784
0.933204
0.953500
1.046641
0.958506
0.793649
0.939571
0.999800
0.968422
0.993517
0.918502
0.819000
1.028457
0.951290
1.166513
1.181471
0.942468
0.891926
0.926213
0.937221
0.941168
0.959675
1.108301
0.860787
0.953101
1.033247
0.862779
0.967893
1.070850
0.960770
1.030823
0.864456
1.003250
1.009330
0.838887
0.898372
0.922563
0.888304
0.944058
0.933690
0.998296
0.995053
1.067885
1.081898
0.910355
1.052635
0.987135
0.891448
1.010957
1.015384
0.940268
0.965658
1.015061
0.945844
0.840201
1.190774
0.959598
0.971578
0.991547
0.906371
0.792804
0.968641
1.240848
0.982284
0.833640
0.970513
0.946253
1.142389
0.907253
0.780084
0.959670
0.910418
0.939839
0.909303
0.967446
0.999143
0.867938
1.022169
0.877832
0.885827
1.070905
1.113697
1.138056
0.764042
0.960098
1.089289
0.887317
0.986318
1.128033
0.901929
0.932691
1.023261
0.886492
0.928872
1.103151
1.028923
0.873251
0.867505
1.124542
0.868823
0.941205
0.897442
0.992371
0.930132
0.923993
0.872419
0.873077
0.864400
1.025882
1.145323
0.894562
0.958445
0.914360
0.879770
1.147916
0.966242
0.880875
0.878116
1.022099
1.073753
1.028367
0.874077
1.102972
0.894363
0.896234
0.992357
0.939263
0.875455
0.851786
1.192698
1.019578
0.942529
0.985629
0.960771
1.066654
0.884812
0.860568
0.962752
0.866123
1.019027
0.871212
0.915597
1.080438
0.920061
0.973437
0.935083
0.843641
0.923558
0.911685
0.962048
0.980786
0.907796
0.925500
0.948653
0.942956
1.064199
0.901707
1.156272
1.001079
0.947347
1.011972
0.985500
0.835882
1.019665
0.983270
0.931088
1.025373
1.020875
0.995573
0.949289
0.813174
1.081451
0.952186
0.977619
0.862756
0.832931
0.838290
1.020985
0.938935
0.911530
1.042143
1.230064
0.991580
1.045290
1.034382
0.888769
1.091969
0.990752
1.040375
0.973655
0.954355
1.200021
1.018138
0.899393
1.180645
0.906701
1.078180
0.934596
0.972656
0.832302
1.048813
1.017697
0.888974
1.010131
0.929124
0.866797
0.877673
0.818589
0.848032
0.951570
0.942159
0.845009
1.189594
1.085437
1.156181
0.973091
0.950098
0.779183
0.929060
0.965367
0.917408
0.963736
0.983353
0.936493
0.957617
0.957917
0.835917
1.063763
0.773241
0.937179
0.876765
1.079182
0.898199
1.109825
0.975060
0.815581
1.067174
1.052544
0.830168
1.054201
0.853763
0.941466
1.073484
0.910294
1.005694
0.880717
0.998774
0.899018
0.886446
0.757329
0.870656
0.915873
1.036629
0.897268
0.887759
0.939244
0.888572
0.887961
0.903412
0.930079
0.911901
0.957063
1.063615
0.894640
1.039242
0.947437
0.938140
0.863882
0.967111
0.745756
0.812132
0.824860
1.136435
0.868434
0.876428
0.835362
0.875531
0.841776
1.165006
0.871163
1.047826
0.917077
0.854616
1.118087
1.016217
0.842394
0.958889
0.862762
1.032016
1.035317
0.981121
0.889250
0.861440
0.860014
1.014838
0.944776
0.918861
0.972394
0.931479
0.928495
0.979475
0.961194
0.942806
0.970520
0.872754
0.774790
0.992312
0.900593
1.033245
0.935916
0.934403
0.911319
0.878044
0.943924
0.951741
1.169787
0.865034
1.223573
0.910047
1.023845
0.938939
1.086742
0.785280
1.068035
0.857645
1.068975
0.993902
0.833219
0.794494
0.976102
1.036306
0.868247
1.114860
0.898623
0.842748
0.922855
1.096308
0.871011
0.951198
0.919949
0.973069
1.261887
0.836168
0.924554
0.877950
0.952053
0.972108
0.891523
0.928245
0.802189
0.805294
0.945247
0.873812
0.810056
0.980490
0.803835
0.872692
0.991793
0.853316
1.000293
0.836013
0.912474
1.015139
0.792415
0.931179
0.845109
0.865736
0.860560
0.920281
0.879828
0.999382
0.976724
0.862165
0.931284
0.692514
0.912045
0.702651
0.790681
0.915720
0.966840
0.836401
0.768456
0.792516
0.900754
0.925828
0.834416
1.035265
1.073316
0.961489
0.962584
0.725475
0.938848
0.914616
0.798847
0.828124
0.971338
0.910247
0.858395
0.903910
0.948154
1.026535
0.855605
0.855616
0.872890
0.879908
1.083375
1.008350
1.074805
0.928315
0.963322
0.857913
0.951671
0.968785
0.969733
0.943788
1.012812
1.025186
0.755606
0.905823
0.838366
0.837934
0.899649
1.044457
1.084621
1.072081
0.938643
0.675124
1.022098
0.912727
0.885499
0.899695
0.870696
0.699810
0.941959
0.879934
0.902934
0.870128
0.916120
0.866812
1.082421
1.022653
0.923394
0.899673
0.931575
0.924693
0.851781
0.986230
0.792830
0.893360
0.758934
0.974492
0.941241
0.927444
1.024404
0.977168
1.024879
0.956309
0.927837
0.885377
0.808176
0.998096
0.866250
0.931652
0.797608
0.964965
0.785844
0.849178
0.947955
0.834892
0.880494
0.856888
0.901757
0.802718
0.844443
1.132571
0.740134
1.056266
1.206710
0.915766
0.940050
1.044410
0.815828
0.905526
0.819470
0.969060
1.072892
0.853309
0.973273
0.952334
0.814612
0.890524
0.831458
0.857189
0.968556
0.924626
0.889785
0.882619
1.012858
1.070770
0.874912
0.993037
0.899601
0.848664
0.765526
0.892460
0.818548
0.820116
0.945591
0.999947
0.946890
0.927124
0.951336
0.946692
0.793150
1.045074
0.812547
1.004015
0.804446
0.960901
0.878373
0.845933
0.946786
0.880549
0.842150
0.972294
0.900575
0.869043
0.884889
0.863318
0.981495
0.956778
0.791813
0.736227
0.817057
1.065982
0.731188
0.948687
0.968097
0.881061
0.934262
0.723509
0.761938
0.917798
0.918746
0.989240
0.945514
1.054139
0.889453
0.929098
0.827483
0.911566
0.880796
0.860351
0.867380
1.020577
0.868735
0.812589
0.810845
0.809958
1.084234
0.865576
0.826009
1.054304
0.947865
0.822740
0.727366
0.779552
0.866291
0.971015
0.952250
0.914870
0.924770
0.839667
0.898973
0.931013
0.806346
0.818799
0.942012
1.016154
0.820224
0.873621
0.916002
0.844250
0.896146
0.844236
0.865777
0.854224
0.697442
0.782357
1.134695
1.029089
0.840830
0.805674
0.845581
0.792841
0.966326
0.829383
0.907375
0.812342
0.984916
0.853096
0.773992
0.677199
0.806986
0.978912
0.780475
0.758334
0.845894
0.906703
0.780819
0.764343
1.030043
0.920817
0.870150
0.932496
0.979921
1.016658
0.854964
0.795017
0.836625
1.051766
0.879311
0.992245
0.923413
0.933033
0.840390
0.956543
0.986546
0.841560
0.793267
0.756421
0.773456
0.799455
0.955474
0.892213
0.958840
0.951296
0.713034
0.839340
1.000044
0.936047
0.712351
0.777960
0.981603
0.930622
0.685198
0.936033
0.950646
0.926684
0.776272
0.873615
0.917306
0.706505
1.106626
0.964063
0.991242
0.837000
0.909386
0.925796
0.796015
0.983001
0.797850
0.948366
0.819161
0.879115
0.790910
1.014996
0.847059
0.911500
0.857201
0.899205
0.830838
0.948990
0.781139
0.687022
0.845452
0.803367
0.868745
0.945425
0.809664
0.973502
0.753266
0.752427
0.862715
0.830172
0.849606
0.971150
0.752554
1.048150
0.835948
0.873883
1.010698
0.987060
0.819045
0.842148
0.973962
0.882561
0.944203
1.026464
0.919264
0.915791
0.812588
0.931414
0.789593
0.756698
0.947219
0.818022
0.873709
0.859429
0.967371
0.889116
0.819434
0.877084
0.870200
0.893034
0.779498
0.853898
0.873078
0.841089
0.829178
0.769059
0.843830
0.884496
0.959390
0.806470
0.794649
0.863791
0.850140
0.911896
0.749153
0.747257
0.997285
0.973078
0.916930
0.712620
0.892706
0.954308
0.831128
0.823080
1.021255
0.900938
0.894202
0.929004
0.851219
0.859075
1.025141
0.910443
0.915183
1.005848
0.812511
0.752197
0.776639
0.879473
0.890203
0.974999
0.774101
0.997270
0.949201
0.923312
0.959567
0.764508
0.776442
0.864561
0.818512
0.867037
0.785067
0.870752
0.852210
0.875559
1.047531
1.009459
0.823349
0.805014
0.850423
0.703632
0.915551
0.925393
0.913803
0.856983
1.174857
0.790120
0.885021
0.784428
0.885050
0.888099
0.878364
0.706256
0.867595
0.938563
0.772911
0.943057
0.816532
0.909807
0.851952
0.832762
0.884085
0.846314
0.904088
0.785561
0.980354
1.003061
0.981582
0.883606
0.891606
0.927603
0.842636
0.933934
0.803918
0.780113
0.892356
0.932393
0.901575
0.868779
0.954761
0.902720
0.826221
0.865500
0.829146
0.988475
0.852975
0.799010
0.781163
0.812502
0.914651
0.958158
0.931368
0.775412
0.834042
0.688757
0.852533
0.819868
0.834336
0.970082
0.893443
0.882401
0.757685
1.023893
1.055997
0.883322
1.138370
1.003494
0.704765
0.846902
0.912250
0.774461
0.892224
0.781144
0.949205
1.034027
0.940184
0.981559
0.828334
0.751159
0.971439
0.956235
0.861307
0.832709
0.880738
0.941895
0.929530
0.911594
0.901614
0.766519
0.784721
0.863786
0.839411
0.840806
0.933418
1.016885
0.841675
0.890897
0.730785
0.827729
0.724297
0.851344
0.788739
0.767639
0.871940
0.875689
0.968730
0.850724
0.810542
0.680623
0.832878
0.838885
0.792461
0.720817
0.900574
0.740825
0.874976
0.750818
0.842968
0.774066
0.846311
0.893773
0.977967
0.684034
0.788684
0.797889
0.730628
0.771690
0.987954
0.860194
0.903652
0.749594
0.828585
0.841326
0.755965
0.889873
0.763167
0.904089
1.010878
1.016231
0.860742
0.833191
0.745577
0.997297
0.887260
1.021866
0.901189
0.873920
0.968638
0.649616
0.908894
0.794442
0.921173
0.898383
0.793445
0.862857
0.982520
0.681913
0.999106
0.841060
0.985900
0.971854
0.821383
0.979656
0.829929
0.907666
0.786754
0.794428
0.835914
0.928225
0.845372
0.720881
0.822605
0.892897
0.931797
0.888205
0.971231
0.704520
0.882848
0.868796
0.770126
0.818278
0.879107
0.805552
0.778410
0.890904
0.788993
0.772824
0.868121
0.757628
0.923453
0.816491
0.747126
0.853940
0.674925
0.907308
0.881226
0.894217
0.791857
0.792860
0.873904
0.788038
0.664618
0.795097
0.786968
0.888551
0.823633
1.034620
0.876515
0.746742
0.900654
0.849033
0.774399
0.739860
0.762860
0.861938
0.862302
0.841702
0.882611
1.067891
0.930388
0.833932
0.792930
0.839904
0.878782
0.690204
0.842702
0.799656
0.731346
0.907403
0.811455
0.744062
0.822955
0.913176
0.831893
0.757493
0.695126
0.943909
0.719324
0.790188
0.845151
0.880346
0.769251
0.856178
1.080867
0.959039
0.946834
0.814388
0.806368
0.782470
0.839445
0.804027
0.801742
0.782418
0.883479
1.012859
0.797025
0.786913
0.773708
0.795001
0.761036
0.730528
0.838954
0.811120
0.679167
0.912476
0.770138
0.909300
0.817091
0.838462
0.815967
0.816612
0.922237
0.690779
0.942580
0.790793
0.802038
0.782685
0.706468
0.820030
0.886353
0.950501
0.790076
0.886705
0.709555
0.770368
0.788131
1.080501
0.798342
0.777140
0.768237
0.885381
0.838848
0.732541
0.999665
0.979083
0.886267
0.859815
0.839873
0.733668
0.816914
0.882321
0.763154
0.774631
0.676928
0.864450
0.819574
0.929327
0.723365
0.882822
0.935148
0.881305
0.799308
0.672263
0.897153
0.914660
0.813693
0.785852
0.744500
0.816207
0.941504
0.703789
0.793007
0.823331
0.818920
1.050909
0.882397
0.829733
0.789920
0.761418
0.841549
0.818807
0.739873
0.859091
0.801538
0.863946
0.850574
0.838326
0.792567
0.703493
0.788072
0.747481
0.780204
0.709086
0.775386
0.890623
0.802644
0.853614
0.798486
0.744984
0.772168
0.809168
0.716386
0.847580
0.888343
0.818193
0.788517
0.921209
0.829935
0.866122
0.852789
0.805094
0.760109
0.781193
0.857896
0.803942
0.852508
0.765089
0.737901
0.864131
0.884509
0.935198
0.914656
0.949217
0.866721
0.786858
0.796187
0.900126
0.793875
0.902845
0.979098
0.827473
0.838723
0.736280
0.998024
0.903176
0.821567
0.883110
0.882918
1.009017
0.829152
0.808715
0.827720
1.041190
0.975167
0.842910
0.952449
0.827345
0.904094
0.771767
0.733163
0.911505
0.731548
0.792289
0.835661
0.659777
0.905779
0.815586
0.826562
0.756815
0.968660
0.967268
1.018142
0.780358
0.717945
0.863148
0.617726
0.790059
0.772142
0.747778
0.833595
0.850968
0.845220
0.822486
0.769581
0.800826
0.698222
0.762796
0.803011
0.672071
0.799089
0.729025
0.719004
0.780516
0.822630
0.817026
0.913354
0.810749
0.720125
0.779551
0.735740
0.882893
0.767425
0.732511
0.810418
0.848594
0.749701
0.756806
0.836914
0.887504
0.689457
0.904444
0.803268
0.909918
0.781491
0.841830
0.873155
0.830121
0.854288
1.018176
0.832809
0.705201
0.822368
0.853645
0.788271
0.959232
0.768443
0.832875
0.885861
0.712796
0.934469
0.962764
0.873177
0.879797
0.784276
0.834328
0.780095
0.809329
0.768871
0.861119
0.772224
0.812741
0.824166
0.687824
0.913022
0.778358
0.766496
0.860350
0.820594
0.739033
0.685353
0.768418
0.734219
0.664188
0.731588
0.714438
0.676924
0.811742
0.779088
0.746848
0.713706
0.814365
0.745400
0.794674
0.856823
0.751069
0.725732
0.660295
0.756117
0.877558
0.901951
0.770123
0.683418
0.783785
0.891529
0.732764
0.734104
0.873536
0.932845
0.655042
0.846122
0.879672
0.771855
0.709477
0.738549
0.791566
0.742947
0.707372
0.844072
0.591947
0.698689
0.823792
0.939900
0.651269
0.870879
0.802518
0.748057
0.813534
0.731354
0.706914
0.764322
0.697181
0.719161
0.786568
0.732380
0.744182
0.803484
0.844222
0.768710
0.842433
0.678444
0.780376
0.771085
0.825299
0.895090
0.801636
0.549077
0.668301
0.904658
0.785972
0.900621
0.770433
0.757996
0.803829
0.816247
0.766278
0.780601
0.783254
0.965631
0.688631
0.734820
0.793202
0.831996
0.841720
0.834330
0.784743
0.792903
0.699660
0.972092
0.811848
0.852091
0.742747
0.908033
0.886656
0.765972
0.826383
0.828510
0.786571
0.820259
0.808711
0.790341
0.826968
0.903923
0.796001
0.697284
0.913650
0.920429
0.768310
0.960364
0.756257
0.910645
0.808838
0.812340
0.852019
0.884815
0.757796
0.907762
0.800088
0.642038
0.796055
0.771721
0.895491
0.731962
0.861889
0.880236
0.770110
0.765301
0.943206
0.705369
0.965647
0.829637
0.778645
0.861730
0.858723
0.748763
0.798552
0.800314
0.830082
0.792373
0.748660
0.671613
0.696513
0.725405
0.773741
0.777796
0.749904
0.835649
0.821089
0.738252
0.941844
0.709365
0.873772
0.758007
0.803197
0.950951
0.794563
0.801988
0.768504
0.740633
0.694946
0.711623
0.862676
0.765198
0.859421
0.743232
0.873007
0.806581
0.629059
0.758580
0.849237
0.713808
0.694011
0.780395
0.801830
0.938397
0.774686
0.912983
0.832908
0.932888
0.670070
0.693419
0.944289
0.934721
0.759923
0.930728
0.727370
0.909636
0.935626
0.855866
0.937963
0.660023
0.729316
0.880026
0.985886
0.708906
0.741249
0.760571
0.820914
0.866419
0.759973
0.774892
0.884051
0.857556
0.667253
0.911711
0.830641
0.751364
0.719751
0.768681
0.689201
0.865546
0.808758
0.714925
0.742266
0.708403
0.760307
0.886814
0.770316
0.775261
0.760118
0.674593
0.960953
0.807636
0.835917
0.729096
0.729095
0.811895
0.780522
0.828175
0.737060
0.917155
0.783193
0.664831
0.904994
0.845582
0.758090
0.736527
0.809274
0.810821
0.771695
0.852261
0.829387
0.803410
0.820517
0.693590
0.846842
0.926489
0.759492
0.840459
0.906941
0.844173
0.711554
0.762600
0.806476
0.757547
0.748925
0.790231
0.772780
0.693383
0.783745
0.835281
0.825272
0.727129
0.775342
0.998538
0.774605
0.831141
0.775786
0.930914
0.752619
0.795276
0.794789
0.801525
0.720988
0.839873
0.813062
0.710719
0.775838
0.806196
0.837126
0.807868
0.881543
0.755017
0.659683
0.729426
0.814083
0.774503
0.782617
0.752850
0.682463
0.889466
0.855004
0.852688
0.707962
0.783476
0.870765
0.855966
0.765373
0.732422
0.920932
0.818534
0.900254
0.948540
0.730694
0.907530
0.678910
0.742807
0.675090
0.821861
0.691732
0.879515
0.755081
0.818438
0.752263
0.711290
0.819327
0.849584
0.796403
0.827934
0.741001
0.863177
0.691709
0.796263
0.913379
0.761491
0.736826
0.685749
0.704607
0.812027
0.693628
0.673874
0.800038
0.780357
0.723364
0.788067
0.694281
0.876497
0.960427
0.851970
0.734737
0.845215
0.759978
0.732818
0.840557
0.919129
0.840432
0.866640
0.729931
0.811745
0.814465
0.759217
0.714131
0.785317
0.852642
0.743559
0.763549
0.772251
0.812722
0.781768
0.741451
0.838829
0.901268
0.894954
0.696592
0.792341
0.780648
0.706114
0.696817
0.784477
0.720783
0.805280
0.750430
0.733115
0.785010
0.870380
0.772487
0.761251
0.859467
0.828433
0.721614
0.640113
0.672141
0.795636
0.782369
0.811530
0.697189
0.626167
0.639063
0.849850
0.917731
0.611799
0.615193
0.819429
0.710532
0.815539
0.728629
0.802556
0.791113
0.810506
0.949920
0.743395
0.711330
0.711570
0.846373
0.662444
0.643366
0.711058
0.845435
0.735382
0.670911
0.857532
0.799436
0.652484
0.760271
0.759709
0.724847
0.839295
0.711539
0.801913
0.891261
0.744653
0.791295
0.889409
0.780713
0.653291
0.649594
0.773745
0.702473
0.796229
0.879752
0.799256
0.856486
0.785292
0.712032
0.675230
0.736931
0.726655
0.700159
0.885891
0.784458
0.974142
0.844788
0.700485
0.742893
0.807832
0.738376
0.853441
0.863435
0.661028
0.808344
0.827620
0.772877
0.927191
0.746949
0.912748
0.654267
0.832093
0.659658
0.662792
0.825027
0.713776
0.800573
0.785404
0.752538
0.828705
0.715048
0.807995
0.728234
0.677306
0.819548
0.897908
0.734527
0.738586
0.691330
0.745611
0.714064
0.664356
0.906094
0.822254
0.703526
0.700681
0.891900
0.692827
0.653027
0.827201
0.676527
0.684145
0.711784
0.725594
0.731568
0.967721
0.817464
0.866707
0.695758
0.705747
0.706681
0.719215
0.712021
0.772869
0.898104
0.799052
0.710312
0.765376
0.805698
0.705911
0.707548
0.731823
0.749118
0.844252
0.776374
0.769827
0.872274
0.827071
0.780483
0.739870
0.756043
0.882958
0.783792
0.892302
0.783360
0.830406
0.808926
0.844750
0.723323
0.692049
0.751511
0.875202
0.628228
0.745553
0.592706
0.810153
0.676728
0.720823
0.662253
0.977284
0.690422
0.813200
0.780772
0.781341
0.675403
0.799841
0.800920
0.984935
0.935175
0.661686
0.699998
0.812151
0.763594
0.586614
0.762072
0.696410
0.784796
0.728085
0.856919
0.793595
0.706315
0.813467
0.857295
0.857645
0.685236
0.750119
0.794619
0.821307
0.699023
0.852201
0.781086
0.713523
0.850712
0.904724
0.983102
0.876462
0.803605
0.709004
0.709245
0.734900
0.744104
0.735173
0.715326
0.859372
0.619861
0.803201
0.720463
0.641962
0.615667
0.903418
0.752231
0.768685
0.681942
0.854228
0.839025
0.826797
0.689225
0.828666
0.712015
0.804124
0.699036
0.777832
0.737547
0.611936
0.736071
0.728341
0.936171
0.589303
0.679096
0.688633
0.690054
0.808236
0.691562
0.797425
0.694421
0.593471
0.824025
0.743091
0.943786
0.721609
0.634594
0.754203
0.964207
0.757919
0.717417
0.629521
0.711621
0.795051
0.833867
0.897886
0.658832
0.752152
0.626813
0.771127
0.564317
0.865933
0.870859
0.780982
0.824043
0.756475
0.681166
0.892985
0.811590
0.834403
0.848258
0.815003
0.770134
0.889510
0.691331
0.879035
0.730547
0.721247
0.826244
0.680703
0.660764
0.780761
0.759098
0.701469
0.730092
0.734446
0.687819
0.743193
0.665625
0.667235
0.739268
0.624715
0.724947
0.790930
0.777327
0.976450
0.769313
0.798928
0.703527
0.768746
0.636029
0.789640
0.711834
0.727980
0.844863
0.998309
0.747899
0.750141
0.737667
0.678141
0.689783
0.733316
0.698891
0.683535
0.620383
0.651507
0.751942
0.722862
0.614249
0.813975
0.846239
0.700488
0.862829
0.580118
0.624608
0.684075
0.680580
0.738638
0.664335
0.739784
0.697072
0.718418
0.912363
0.800392
0.735247
0.709206
0.696405
0.821121
0.733103
0.904443
0.732655
0.747216
0.650141
0.733811
0.879392
0.804976
0.689461
0.665880
0.694576
0.635463
0.851683
0.773682
0.817912
0.632046
0.906212
0.820825
0.684362
0.802998
0.807630
0.766980
0.757755
0.746879
0.710128
0.654689
0.810344
0.774538
0.699539
0.780441
0.748289
0.805776
0.755579
0.806533
0.832308
0.891961
0.721279
0.760486
0.628173
0.634485
0.667739
0.688725
0.748111
0.657083
0.708004
0.813900
0.734914
0.734733
0.837691
0.828655
0.821260
0.614703
0.773634
0.702334
0.753866
0.749520
0.694841
0.738277
0.725788
0.755949
0.790975
0.619357
0.669860
0.710317
0.623758
0.715528
0.775550
0.738301
0.739611
0.531782
0.670214
0.857864
0.676248
0.663062
0.766925
0.859970
0.759151
0.865892
0.526874
0.683933
0.805148
0.706050
0.695449
0.850351
0.650308
0.762552
0.741676
0.659698
0.635196
0.688195
0.753231
0.797741
0.615631
0.644919
0.784698
0.804326
0.773070
0.788145
0.773562
0.733760
0.822084
0.623544
0.717446
0.689851
0.770529
0.738677
0.722628
0.752001
0.658946
0.692082
0.717375
0.739163
0.705634
0.652418
0.829035
0.798883
0.655517
0.692772
0.657372
0.627938
0.656198
0.664690
0.775210
0.660761
0.608389
0.620537
0.921635
0.682684
0.758305
0.681221
0.704686
0.633515
0.695577
0.732834
0.757143
0.695921
0.758211
0.725090
0.668958
0.619126
0.798035
0.917737
0.693485
0.697654
0.679338
0.687041
0.748285
0.695878
0.794889
0.664379
0.663213
0.737598
0.740238
0.758769
0.638577
0.855488
0.694533
0.637076
0.697706
0.760692
0.765469
0.854413
0.596652
0.645441
0.786020
0.779360
0.686985
0.670003
0.775886
0.690079
0.763535
0.615426
0.657692
0.657363
0.687616
0.581542
0.796052
0.912303
0.655223
0.719863
0.748359
0.851197
0.721753
0.648768
0.677646
0.622846
0.643597
0.646497
0.643595
0.884104
0.779869
0.765009
0.650916
0.639974
0.680762
0.653548
0.780868
0.747116
0.646037
0.867986
0.774160
0.591077
0.689091
0.666197
0.656318
0.729108
0.717216
0.819434
0.859536
0.634820
0.659044
0.610913
0.757056
0.807706
0.740807
0.690231
0.711475
0.678504
0.682324
0.708025
0.810855
0.739331
0.743612
0.691926
0.689993
0.945153
0.760322
0.843850
0.722441
0.812468
0.692311
0.632859
0.701903
0.860542
0.630130
0.757363
0.805482
0.853969
0.921104
0.774807
0.794264
0.682747
0.792935
0.846949
0.850749
0.757183
0.680857
0.796745
0.744943
0.654667
0.723757
0.623491
0.675308
0.671121
0.783554
0.665551
0.837805
0.604652
0.724517
0.733629
0.704156
0.852476
0.643862
0.717108
0.624372
0.637321
0.758080
0.740627
0.703211
0.794885
0.801464
0.739324
0.828712
0.781089
0.760839
0.646150
0.603555
0.659933
0.676376
0.789397
0.824122
0.558311
0.757121
0.693031
0.648671
0.675417
0.773781
0.777950
0.676599
0.740452
0.759079
0.696257
0.725177
0.744726
0.700624
0.808029
0.711006
0.691146
0.692642
0.795251
0.629400
0.715069
0.650266
0.786896
0.794731
0.753199
0.730872
0.712069
0.775869
0.842510
0.689927
0.802720
0.807920
0.850246
0.731196
0.658368
0.739834
0.601325
0.677406
0.520991
0.678372
0.752108
0.669443
0.759964
0.939629
0.777276
0.763108
0.780189
0.786819
0.613733
0.683399
0.756083
0.699924
0.600442
0.751016
0.672611
0.700239
0.620581
0.831051
0.691015
0.752854
0.777586
0.655657
0.750102
0.753193
0.687783
0.710333
0.694332
0.749816
0.738723
0.732298
0.603461
0.754782
0.680769
0.601875
0.609890
0.762576
0.728276
0.516736
0.576105
0.766656
0.726059
0.690242
0.613347
0.821048
0.680249
0.612769
0.667661
0.668017
0.615382
0.674383
0.707685
0.681729
0.716817
0.646794
0.642651
0.745465
0.546844
0.778612
0.683606
0.763638
0.588257
0.714979
0.705401
0.637906
0.518024
0.694723
0.628468
0.648339
0.743779
0.663319
0.781844
0.731135
0.568380
0.629216
0.722211
0.661710
0.746891
0.653862
0.689516
0.601354
0.617437
0.620905
0.746936
0.729871
0.688183
0.691988
0.715415
0.786663
0.710403
0.618623
0.791970
0.698917
0.634797
0.602334
0.708941
0.741215
0.579532
0.662667
0.670110
0.597662
0.675084
0.796593
0.709556
0.655290
0.957783
0.597211
0.654387
0.485669
0.696023
0.595589
0.626464
0.646314
0.702166
0.707326
0.645197
0.801264
0.536086
0.588130
0.797758
0.584635
0.705705
0.985349
0.632829
0.651049
0.824118
0.699235
0.678768
0.650661
0.715766
0.745844
0.575064
0.723059
0.629265
0.763885
0.762408
0.648407
0.598479
0.731833
0.660941
0.700872
0.758160
0.641766
0.752698
0.723602
0.735447
0.785205
0.732114
0.666638
0.609720
0.701370
0.787698
0.750641
0.670653
0.617349
0.685794
0.812665
0.912292
0.750520
0.876612
0.672267
0.830895
0.665501
0.689715
0.867524
0.797439
0.816225
0.608570
0.676608
0.765116
0.722792
0.639399
0.641287
0.724162
0.635352
0.829477
0.790239
0.763863
0.666815
0.641329
0.812687
0.659988
0.720767
0.592277
0.702049
0.719212
0.655815
0.727549
0.641453
0.609147
0.612662
0.611800
0.729581
0.671287
0.667867
0.757235
0.699107
0.658526
0.616018
0.613892
0.751541
0.584275
0.595925
0.655100
0.737759
0.746688
0.674343
0.695524
0.622973
0.657288
0.710513
0.798039
0.654240
0.561011
0.679608
0.869645
0.779134
0.635134
0.709911
0.577774
0.747941
0.609571
0.687879
0.702180
0.653471
0.635244
0.653114
0.649358
0.760794
0.638371
0.726860
0.651706
0.768631
0.645013
0.707609
0.595165
0.570255
0.626378
0.762343
0.781029
0.627512
0.588770
0.653104
0.744189
0.744769
0.717009
0.591658
0.720003
0.688163
0.880092
0.752674
0.652186
0.803268
0.659380
0.775463
0.832283
0.675210
0.665826
0.547340
0.797468
0.678231
0.693636
0.758301
0.650031
0.720337
0.718929
0.716812
0.655885
0.812805
0.799055
0.706370
0.722539
0.644806
0.629308
0.654241
0.627616
0.591301
0.705429
0.610796
0.694399
0.747497
0.751050
0.727093
0.761584
0.896144
0.715090
0.757555
0.783193
0.655024
0.603326
0.693738
0.717790
0.782193
0.716752
0.634999
0.726631
0.739068
0.663197
0.630222
0.797964
0.711434
0.837873
0.652328
0.641871
0.807865
0.703361
0.723383
0.625731
0.741908
0.934896
0.816281
0.619605
0.683668
0.804185
0.656610
0.629796
0.706317
0.650518
0.677181
0.901727
0.793645
0.762493
0.580101
0.683218
0.719279
0.748464
0.648745
0.602759
0.595358
0.742670
0.563160
0.632594
0.747777
0.650828
0.626348
0.758634
0.851501
0.639436
0.771204
0.690488
0.780314
0.803567
0.842330
0.681032
0.742266
0.674855
0.691749
0.599766
0.683195
0.774647
0.637157
0.606576
0.701881
0.707075
0.721413
0.693656
0.684996
0.613430
0.707189
0.720845
1.053722
0.577381
0.760834
0.574253
0.775826
0.659010
0.736679
0.691442
0.707882
0.565181
0.586659
0.645791
0.704854
0.639197
0.675202
0.575155
0.758688
0.894416
0.713425
0.694570
0.583168
0.672174
0.857436
0.613734
0.641071
0.710997
0.816069
0.767757
0.683036
0.737303
0.617654
0.724157
0.756369
0.662078
0.701563
0.746994
0.680552
0.593249
0.687031
0.690181
0.744048
0.753665
0.791063
0.762570
0.551205
0.693169
0.636621
0.779151
0.643845
0.649006
0.563850
0.760732
0.708187
0.636362
0.567513
0.771819
0.617995
0.636813
0.567878
0.614601
0.717050
0.761131
0.753597
0.634074
0.608204
0.584868
0.670540
0.561357
0.630899
0.812778
0.682015
0.719000
0.663856
0.694521
0.603399
0.626634
0.703024
0.705831
0.670364
0.623569
0.695509
0.670843
0.696087
0.681999
0.773396
0.583522
0.570448
0.616731
0.578672
0.655824
0.639061
0.685405
0.566715
0.834442
0.747511
0.638578
0.700386
0.723985
0.649085
0.655217
0.584607
0.625552
0.701671
0.813913
0.620454
0.647181
0.689665
0.573461
0.668648
0.649148
0.657395
0.724786
0.610194
0.601496
0.630212
0.526899
0.607564
0.686871
0.643329
0.640109
0.643076
0.730040
0.577814
0.804446
0.716999
0.701769
0.544502
0.738015
0.737389
0.761224
0.733250
0.562809
0.533415
0.677895
0.573639
0.667877
0.632899
0.743662
0.635290
0.694834
0.613595
0.544582
0.670561
0.861101
0.671832
0.609526
0.655944
0.539345
0.658388
0.623204
0.625077
0.639527
0.632866
0.721138
0.695488
0.640721
0.788448
0.631907
0.640930
0.572835
0.587692
0.620028
0.607346
0.587651
0.590341
0.767804
0.747075
0.522551
0.576673
0.705206
0.657052
0.660142
0.676018
0.916795
0.687762
0.579228
0.724650
0.643947
0.690329
0.801755
0.694933
0.719217
0.667564
0.747263
0.577238
0.508921
0.766695
0.655514
0.609803
0.631608
0.703259
0.586761
0.690903
0.659901
0.754716
0.754872
0.683353
0.701438
0.638051
0.661463
0.766309
0.704486
0.669077
0.617350
0.633266
0.736552
0.578599
0.608847
0.614284
0.689921
0.618585
0.681846
0.602324
0.476848
0.662078
0.565352
0.687285
0.726658
0.696918
0.701231
0.723351
0.726542
0.689690
0.693564
0.788923
0.712719
0.541696
0.810869
0.705344
0.663422
0.719945
0.598150
0.750274
0.640306
0.697266
0.608838
0.605182
0.705361
0.642945
0.750914
0.703067
0.744280
0.661639
0.621328
0.599420
0.569635
0.635597
0.596543
0.623904
0.575740
0.656793
0.719463
0.593268
0.803238
0.793823
0.551634
0.674541
0.557630
0.669798
0.837882
0.720347
0.539250
0.619803
0.627899
0.552715
0.811807
0.603793
0.624222
0.613204
0.699008
0.605325
0.812277
0.629678
0.599095
0.681360
0.704112
0.568234
0.599612
0.700481
0.566038
0.592798
0.668954
0.585094
0.635338
0.617158
0.838124
0.756845
0.628559
0.708115
0.635273
0.585511
0.577971
0.661112
0.736187
0.648865
0.616353
0.628376
0.597713
0.715975
0.609970
0.749678
0.619854
0.580831
0.664858
0.619172
0.631741
0.734192
0.595239
0.647920
0.641970
0.795486
0.692539
0.563931
0.628370
0.666210
0.585696
0.696910
0.718132
0.632116
0.667062
0.606927
0.484749
0.649785
0.636747
0.597403
0.756785
0.701026
0.651400
0.772303
0.669498
0.771710
0.685862
0.582577
0.556054
0.545871
0.696513
0.763021
0.690538
0.651072
0.542091
0.545896
0.652945
0.780577
0.729625
0.665694
0.599746
0.587418
0.642645
0.598158
0.740951
0.559472
0.778539
0.658108
0.663911
0.694361
0.653391
0.744984
0.469845
0.680914
0.643240
0.657406
0.737599
0.621902
0.680335
0.537396
0.704098
0.586407
0.668271
0.647981
0.578832
0.660157
0.645926
0.543823
0.579169
0.563277
0.636662
0.570338
0.661728
0.540286
0.740658
0.592302
0.661656
0.683144
0.577987
0.512256
0.747368
0.560317
0.687808
0.538302
0.606193
0.719454
0.689634
0.526438
0.532853
0.559325
0.646489
0.600509
0.625951
0.612524
0.757723
0.670668
0.641987
0.574726
0.641407
0.502149
0.499143
0.630381
0.706191
0.603301
0.597655
0.664093
0.806547
0.854360
0.613724
0.654389
0.618121
0.695409
0.616975
0.653593
0.634177
0.646381
0.633619
0.706710
0.720785
0.695925
0.669758
0.649697
0.671894
0.595674
0.619400
0.686392
0.591690
0.526363
0.534634
0.651545
0.552645
0.667631
0.703606
0.590552
0.703664
0.651941
0.715832
0.607037
0.651051
0.726546
0.678236
0.718924
0.733691
0.677032
0.524731
0.724308
0.705002
0.651628
0.555636
0.653558
0.578606
0.570826
0.624122
0.675831
0.573356
0.657629
0.641502
0.671912
0.581132
0.589800
0.665218
0.676621
0.609216
0.673059
0.693112
0.602883
0.556982
0.624505
0.617922
0.599050
0.514724
0.584918
0.754608
0.529879
0.696353
0.616570
0.587114
0.765000
0.674364
0.625047
0.574642
0.700304
0.561338
0.579489
0.636028
0.633533
0.566813
0.574204
0.919456
0.460199
0.645861
0.733719
0.636086
0.595368
0.642195
0.677145
0.653121
0.677393
0.621820
0.519888
0.581857
0.621108
0.802165
0.582454
0.813475
0.659323
0.534638
0.593978
0.645904
0.628155
0.688529
0.587872
0.592184
0.611520
0.608484
0.579673
0.605778
0.634850
0.703695
0.652118
0.617228
0.635713
0.613052
0.582280
0.679561
0.631288
0.713286
0.648613
0.640024
0.545802
0.676599
0.645303
0.628410
0.623375
0.797272
0.660550
0.626881
0.653672
0.839166
0.807295
0.570030
0.650371
0.704072
0.623191
0.563284
0.673502
0.628085
0.575744
0.669145
0.623804
0.742817
0.676325
0.699170
0.588178
0.715236
0.593504
0.818625
0.696575
0.585830
0.582695
0.690959
0.612914
0.596227
0.691745
0.728698
0.682897
0.647349
0.595096
0.545279
0.609404
0.677699
0.728170
0.550598
0.566008
0.645247
0.544581
0.562324
0.733856
0.537831
0.567074
0.560450
0.586538
0.530746
0.719553
0.611387
0.763384
0.667168
0.580290
0.725001
0.725298
0.575904
0.605540
0.578160
0.658710
0.610893
0.651621
0.602398
0.576826
0.591290
0.672676
0.503505
0.559340
0.651251
0.597141
0.531375
0.701422
0.657449
0.767529
0.666715
0.618643
0.577995
0.616168
0.699105
0.579900
0.668645
0.571024
0.567601
0.576881
0.698283
0.717915
0.652630
0.585721
0.652349
0.648541
0.574838
0.624546
0.696882
0.608871
0.664923
0.709098
0.628472
0.624593
0.763737
0.623217
0.542121
0.666144
0.631243
0.644707
0.588034
0.659157
0.567322
0.622137
0.531019
0.590760
0.659361
0.703866
0.564159
0.542510
0.780136
0.536930
0.662646
0.815309
0.850486
0.514871
0.596751
0.720912
0.642986
0.679299
0.652624
0.668565
0.663008
0.615822
0.625286
0.686738
0.572160
0.563062
0.736180
0.612545
0.676614
0.613645
0.561852
0.637951
0.695533
0.583359
0.700114
0.540461
0.677440
0.639839
0.696481
0.617668
0.608278
0.639513
0.678757
0.763020
0.541874
0.539741
0.635746
0.683517
0.571355
0.708523
0.577815
0.592921
0.888093
0.658799
0.608422
0.601249
0.552774
0.694505
0.625714
0.658795
0.598304
0.489912
0.593649
0.626934
0.572796
0.632738
0.598424
0.848411
0.680634
0.684592
0.537512
0.544778
0.685442
0.574116
0.527390
0.561080
0.601476
0.498657
0.684344
0.501110
0.560812
0.561220
0.608637
0.555242
0.571897
0.640890
0.645295
0.594481
0.590126
0.649032
0.593100
0.631485
0.548813
0.634283
0.594849
0.601899
0.581470
0.562844
0.707267
0.769054
0.640693
0.545891
0.767646
0.644421
0.591059
0.550593
0.416644
0.619410
0.633731
0.597360
0.622564
0.627191
0.615663
0.616598
0.622794
0.618423
0.628775
0.570479
0.589705
0.509747
0.621228
0.561779
0.609916
0.563165
0.620807
0.528728
0.597557
0.505874
0.589076
0.544749
0.739784
0.794366
0.734111
0.688197
0.578779
0.592638
0.603163
0.613992
0.733387
0.594311
0.468133
0.582384
0.646465
0.710197
0.774672
0.576339
0.609244
0.615400
0.607660
0.717533
0.639306
0.601642
0.523019
0.649669
0.616390
0.636218
0.644773
0.628205
0.571130
0.573490
0.588398
0.600873
0.512490
0.639356
0.535362
0.663779
0.734180
0.692443
0.491746
0.526109
0.558710
0.648696
0.551499
0.534250
0.796564
0.515253
0.608327
0.556374
0.678366
0.571176
0.486203
0.585279
0.612104
0.595318
0.600426
0.606221
0.579587
0.511632
0.572118
0.607818
0.593330
0.593979
0.616008
0.487885
0.599474
0.673790
0.676794
0.639401
0.766709
0.674888
0.698331
0.594215
0.657602
0.750718
0.459440
0.484431
0.764351
0.666029
0.526164
0.556221
0.533796
0.552601
0.571797
0.744557
0.615750
0.687020
0.588090
0.633289
0.588037
0.598810
0.707156
0.578976
0.589306
0.665555
0.485470
0.653564
0.741684
0.678487
0.587636
0.673342
0.651460
0.537508
0.729987
0.609747
0.517461
0.625765
0.546462
0.570815
0.518045
0.781652
0.547166
0.571173
0.637332
0.521283
0.512201
0.593592
0.731682
0.613058
0.638826
0.657144
0.638136
0.663598
0.599962
0.617771
0.662821
0.660439
0.562618
0.554948
0.562923
0.658951
0.638812
0.675431
0.622472
0.626873
0.530813
0.483613
0.537769
0.569986
0.489690
0.581017
0.638981
0.640012
0.623126
0.654325
0.680177
0.584322
0.538237
0.550225
0.527881
0.580186
0.580987
0.606233
0.679917
0.713087
0.775101
0.531672
0.677170
0.540615
0.520650
0.627744
0.494630
0.627825
0.599339
0.505252
0.550421
0.582442
0.634858
0.736113
0.627036
0.523918
0.650059
0.705763
0.524682
0.564007
0.640493
0.583526
0.612367
0.584011
0.624766
0.711365
0.652304
0.649444
0.545364
0.623977
0.628341
0.553401
0.568593
0.570413
0.566222
0.682053
0.625573
0.544422
0.637768
0.605471
0.616205
0.573609
0.671604
0.689545
0.533720
0.574884
0.559745
0.615545
0.576870
0.733614
0.503474
0.672686
0.474176
0.658451
0.647780
0.611876
0.614015
0.572935
0.548743
0.605023
0.624604
0.511982
0.583904
0.608482
0.636314
0.637124
0.610903
0.672522
0.613272
0.681660
0.687638
0.612939
0.609624
0.684065
0.593370
0.567578
0.674822
0.528658
0.703499
0.573853
0.635002
0.654488
0.667203
0.569537
0.568140
0.653678
0.603632
0.533825
0.643844
0.626923
0.681133
0.582096
0.541569
0.555391
0.645195
0.590402
0.505358
0.621130
0.653319
0.721559
0.608757
0.518344
0.675504
0.633193
0.616000
0.658642
0.596397
0.602079
0.573032
0.514246
0.612906
0.652602
0.580274
0.637656
0.523729
0.574804
0.569331
0.615691
0.588900
0.584786
0.637882
0.626940
0.658250
0.632350
0.510152
0.519676
0.433736
0.616055
0.562411
0.474493
0.535727
0.596434
0.678790
0.621163
0.631353
0.568430
0.663092
0.573901
0.603838
0.503228
0.627038
0.553662
0.545406
0.599213
0.601332
0.508420
0.618383
0.673171
0.592448
0.630619
0.540432
0.492715
0.666395
0.617624
0.647671
0.558929
0.514882
0.677037
0.549520
0.577569
0.510577
0.651930
0.638583
0.635234
0.476141
0.642265
0.722639
0.632068
0.515755
0.526633
0.565307
0.622822
0.627782
0.651627
0.724570
0.486147
0.610869
0.562034
0.481048
0.547341
0.509085
0.486411
0.475296
0.584425
0.598498
0.513703
0.610829
0.613581
0.501133
0.690495
0.594215
0.636652
0.557378
0.622069
0.552142
0.661574
0.620842
0.553392
0.568766
0.590175
0.577286
0.603120
0.549538
0.515917
0.613163
0.576320
0.549072
0.550196
0.560083
0.658461
0.573674
0.510501
0.685295
0.588382
0.636283
0.537698
0.548768
0.568182
0.617522
0.591963
0.434041
0.506405
0.587332
0.624419
0.568201
0.627491
0.563389
0.577955
0.467760
0.648768
0.546413
0.480882
0.451874
0.478342
0.644913
0.496453
0.720444
0.670426
0.561003
0.568792
0.594431
0.614896
0.569165
0.614493
0.489573
0.680038
0.613835
0.533898
0.551981
0.612925
0.578984
0.564994
0.662304
0.741960
0.503957
0.677540
0.625993
0.536533
0.611793
0.489938
0.590838
0.526771
0.607606
0.566749
0.674212
0.543104
0.503565
0.529073
0.515482
0.539344
0.538659
0.565472
0.528798
0.603977
0.612382
0.606096
0.631683
0.497918
0.579005
0.549124
0.491405
0.566655
0.629133
0.582171
0.607521
0.582677
0.610160
0.650074
0.566236
0.719056
0.542350
0.606444
0.519451
0.670185
0.550048
0.568788
0.558530
0.616467
0.556110
0.654977
0.633513
0.591933
0.581388
0.542336
0.450880
0.585127
0.631325
0.648263
0.589463
0.379076
0.616910
0.467636
0.546022
0.564087
0.655298
0.700462
0.586010
0.668112
0.466113
0.586467
0.483534
0.460712
0.626305
0.470154
0.552547
0.525502
0.559489
0.548351
0.622562
0.552831
0.502285
0.491673
0.582109
0.553224
0.578179
0.463297
0.507861
0.553798
0.461074
0.616853
0.711972
0.647430
0.559378
0.611265
0.915705
0.568193
0.583692
0.732180
0.600400
0.528419
0.568870
0.568296
0.621504
0.615101
0.590126
0.502415
0.608864
0.570885
0.546600
0.519871
0.602060
0.563426
0.579881
0.590870
0.624152
0.598594
0.585950
0.722305
0.538558
0.625318
0.445656
0.555354
0.474464
0.496714
0.573643
0.600502
0.500117
0.540543
0.523264
0.597174
0.578310
0.629902
0.724600
0.589375
0.506389
0.503110
0.504332
0.488712
0.486361
0.575539
0.592038
0.650175
0.630046
0.604439
0.580097
0.626273
0.703949
0.471896
0.623201
0.687829
0.544514
0.503721
0.529500
0.536828
0.614883
0.558726
0.488566
0.656779
0.549675
0.661296
0.513501
0.553919
0.464816
0.625585
0.583247
0.594660
0.559466
0.667560
0.659445
0.612385
0.509861
0.522142
0.702771
0.542364
0.467441
0.551569
0.553867
0.521569
0.656567
0.722869
0.529167
0.597365
0.492270
0.484643
0.481131
0.548652
0.648932
0.622249
0.641856
0.547348
0.610770
0.587600
0.584283
0.485765
0.545230
0.584830
0.479415
0.520148
0.582624
0.603638
0.670078
0.627489
0.565592
0.623471
0.608738
0.586975
0.564846
0.481067
0.570948
0.727061
0.511851
0.565432
0.533364
0.477677
0.613359
0.617508
0.751467
0.556781
0.691436
0.462952
0.643493
0.723781
0.526625
0.610899
0.621063
0.639152
0.629343
0.698321
0.646801
0.498800
0.522640
0.593015
0.504374
0.557160
0.501961
0.589365
0.471983
0.477848
0.569143
0.509870
0.455486
0.618152
0.689153
0.640804
0.576420
0.594846
0.487635
0.517010
0.557108
0.638755
0.533059
0.509155
0.423879
0.660156
0.496548
0.460346
0.445326
0.531982
0.485549
0.510898
0.553115
0.571780
0.536429
0.572504
0.474047
0.557567
0.593757
0.528911
0.480538
0.601608
0.488227
0.585823
0.599263
0.569365
0.502531
0.495980
0.486871
0.539837
0.574150
0.603225
0.509788
0.511934
0.478574
0.640702
0.583721
0.598280
0.651987
0.595386
0.601032
0.599582
0.499211
0.474800
0.537654
0.486408
0.570762
0.484348
0.439162
0.498068
0.667331
0.748262
0.563712
0.589811
0.472083
0.617431
0.555804
0.515947
0.621600
0.548401
0.557146
0.510585
0.590410
0.669013
0.636447
0.644315
0.618330
0.522055
0.592130
0.470987
0.537540
0.446524
0.447286
0.527486
0.513898
0.477991
0.531735
0.481815
0.569547
0.566819
0.535456
0.639698
0.699198
0.642676
0.519415
0.426806
0.525586
0.613754
0.503250
0.605521
0.663104
0.618164
0.410172
0.574679
0.512804
0.526768
0.570982
0.548609
0.586087
0.486857
0.494918
0.622146
0.512091
0.637607
0.543060
0.603382
0.448195
0.537858
0.555384
0.551921
0.588538
0.607715
0.541596
0.486973
0.551170
0.463739
0.539075
0.444494
0.596650
0.602814
0.470123
0.583292
0.615044
0.593404
0.583595
0.583742
0.579434
0.517930
0.439068
0.560441
0.625462
0.565917
0.515206
0.624511
0.447849
0.528693
0.532723
0.557061
0.561880
0.486408
0.622124
0.523561
0.591123
0.506569
0.576534
0.629010
0.475056
0.552272
0.526803
0.479693
0.473015
0.559415
0.564118
0.636824
0.593958
0.486887
0.585100
0.484000
0.622859
0.554712
0.532403
0.638610
0.627450
0.456899
0.583338
0.529984
0.435760
0.632864
0.458984
0.583282
0.517605
0.400258
0.528935
0.510848
0.543289
0.450118
0.599833
0.539902
0.491829
0.544573
0.448759
0.551351
0.438554
0.549572
0.478985
0.524194
0.496097
0.494656
0.615447
0.581299
0.518481
0.565489
0.697843
0.562568
0.617994
0.628215
0.477514
0.437670
0.543736
0.590024
0.589485
0.482419
0.585907
0.489271
0.617523
0.488859
0.546785
0.545666
0.465038
0.468672
0.496530
0.529771
0.536981
0.665976
0.477567
0.650576
0.574547
0.662637
0.559149
0.579203
0.607290
0.470014
0.651345
0.548999
0.644846
0.531580
0.448104
0.573046
0.627855
0.493987
0.574829
0.478254
0.612272
0.573507
0.521600
0.510427
0.452583
0.570181
0.477374
0.516724
0.506470
0.525758
0.515662
0.503546
0.469348
0.523252
0.555954
0.604831
0.569680
0.570820
0.654783
0.496305
0.653091
0.562218
0.421870
0.550797
0.623511
0.623064
0.459586
0.655461
0.539477
0.632409
0.510671
0.490730
0.681824
0.631119
0.512770
0.567902
0.574060
0.578030
0.494573
0.454513
0.494975
0.406103
0.534272
0.519477
0.563811
0.634037
0.488362
0.478412
0.657552
0.607662
0.667670
0.467837
0.542409
0.492882
0.611998
0.549214
0.513066
0.536775
0.682812
0.441993
0.535218
0.699059
0.674983
0.640327
0.628971
0.631268
0.493013
0.575354
0.438968
0.711463
0.549609
0.625720
0.486293
0.545742
0.532856
0.464512
0.469979
0.613441
0.380422
0.489877
0.463019
0.437970
0.442122
0.522468
0.481229
0.540929
0.496664
0.483077
0.559461
0.544093
0.468211
0.484834
0.468000
0.550611
0.562699
0.414990
0.648855
0.554789
0.546661
0.524188
0.422262
0.565434
0.457102
0.525649
0.502639
0.508725
0.533178
0.492454
0.528180
0.486635
0.498097
0.507395
0.608020
0.469509
0.586859
0.540382
0.493291
0.619918
0.517283
0.479664
0.539810
0.508299
0.532750
0.477280
0.514134
0.519580
0.547311
0.452936
0.593496
0.624357
0.488380
0.472027
0.530557
0.520025
0.626451
0.498053
0.649680
0.550091
0.503181
0.593079
0.612304
0.540770
0.564704
0.488156
0.528275
0.452438
0.507326
0.464226
0.589751
0.535741
0.518252
0.422187
0.442890
0.625575
0.458504
0.497400
0.491609
0.489074
0.425427
0.434447
0.513005
0.504865
0.518445
0.680654
0.425868
0.431732
0.416790
0.455853
0.521006
0.552645
0.406050
0.480398
0.596881
0.486878
0.585148
0.463565
0.479634
0.639425
0.606354
0.487451
0.535108
0.545522
0.674230
0.539835
0.482895
0.557793
0.497027
0.508802
0.403239
0.499856
0.420270
0.518710
0.471882
0.558288
0.449380
0.570119
0.518553
0.643523
0.465464
0.597318
0.519118
0.544586
0.508016
0.547826
0.512933
0.507726
0.540560
0.527400
0.418058
0.505105
0.549153
0.368704
0.491469
0.589706
0.540294
0.584275
0.449474
0.591600
0.452530
0.544730
0.503160
0.583817
0.592612
0.527342
0.530058
0.425536
0.515360
0.564799
0.528214
0.625531
0.567410
0.462495
0.413278
0.461301
0.551843
0.502844
0.548659
0.415708
0.669346
0.530764
0.531219
0.507260
0.483590
0.491468
0.495831
0.505166
0.613701
0.591593
0.489371
0.527366
0.468911
0.484265
0.522622
0.481651
0.475754
0.517469
0.533660
0.503894
0.426995
0.453215
0.463856
0.576921
0.528973
0.613826
0.424668
0.584321
0.595195
0.609023
0.520216
0.720524
0.570766
0.565466
0.555560
0.564407
0.525040
0.543276
0.521027
0.441972
0.518182
0.501922
0.479115
0.573410
0.455684
0.506563
0.587207
0.596077
0.542830
0.453843
0.495537
0.435677
0.546479
0.580641
0.522663
0.482201
0.529641
0.557709
0.408820
0.508964
0.440985
0.474668
0.470470
0.443682
0.554859
0.534487
0.536848
0.651077
0.523051
0.532244
0.537946
0.470463
0.617832
0.443859
0.383632
0.421158
0.491117
0.548797
0.557976
0.475840
0.557077
0.610821
0.713297
0.573629
0.635602
0.421980
0.656281
0.517468
0.459832
0.511373
0.595587
0.495773
0.465302
0.571000
0.542488
0.537666
0.592032
0.549610
0.587822
0.517839
0.535369
0.392556
0.600435
0.520754
0.511563
0.531570
0.546225
0.392934
0.441236
0.595240
0.587400
0.524711
0.556994
0.592517
0.478594
0.499119
0.547343
0.592818
0.480504
0.512487
0.566473
0.617156
0.498912
0.581336
0.556640
0.583438
0.540447
0.570522
0.512926
0.419104
0.509771
0.665401
0.532181
0.612227
0.553438
0.591689
0.536279
0.525107
0.428101
0.624746
0.496681
0.683851
0.532787
0.601057
0.517014
0.516664
0.530393
0.577831
0.521197
0.475550
0.464963
0.598266
0.561900
0.486826
0.505215
0.559992
0.498722
0.510868
0.587453
0.570014
0.527207
0.558022
0.572996
0.464006
0.624388
0.497672
0.509076
0.563236
0.618114
0.595878
0.628333
0.490974
0.460137
0.589424
0.610434
0.439556
0.668459
0.569131
0.540624
0.421802
0.426729
0.551478
0.432469
0.407307
0.579496
0.564492
0.544536
0.454332
0.491311
0.592700
0.470862
0.501394
0.400633
0.637772
0.448845
0.696798
0.473276
0.505560
0.496393
0.449799
0.676823
0.489075
0.529805
0.630784
0.438986
0.411445
0.566927
0.507808
0.492290
0.606053
0.493063
0.453865
0.679570
0.511312
0.468253
0.408655
0.456588
0.431346
0.550792
0.407796
0.513468
0.438077
0.511324
0.569109
0.436072
0.526975
0.451906
0.416268
0.443720
0.475920
0.515391
0.513936
0.507128
0.508409
0.588144
0.447583
0.510563
0.461395
0.422237
0.457171
0.533161
0.539264
0.457115
0.455477
0.472434
0.503601
0.455260
0.430602
0.492880
0.454563
0.497685
0.456175
0.551254
0.469661
0.495130
0.426363
0.366448
0.418864
0.533199
0.453146
0.510419
0.584614
0.618510
0.506441
0.529111
0.405545
0.454759
0.518427
0.402493
0.475195
0.395224
0.603972
0.437421
0.577390
0.476947
0.391710
0.419938
0.451349
0.501088
0.490193
0.559823
0.535317
0.485001
0.471153
0.530232
0.546908
0.661819
0.533453
0.512960
0.554379
0.427308
0.595911
0.456055
0.512948
0.405465
0.448618
0.488393
0.474643
0.366796
0.583213
0.569609
0.467393
0.492598
0.490359
0.452670
0.459642
0.551035
0.507546
0.488142
0.511964
0.427856
0.571241
0.515677
0.425594
0.589496
0.510063
0.462467
0.523228
0.533043
0.667645
0.478993
0.481141
0.575723
0.672178
0.554132
0.524063
0.445224
0.528884
0.450669
0.503542
0.585050
0.518374
0.590408
0.568327
0.503198
0.524264
0.454440
0.551539
0.697911
0.528022
0.663458
0.594447
0.496623
0.500370
0.432268
0.537416
0.428563
0.520464
0.482129
0.482177
0.577096
0.463707
0.516838
0.497647
0.614889
0.495108
0.454448
0.478996
0.543398
0.502200
0.521741
0.467928
0.404030
0.594145
0.496043
0.537041
0.486187
0.462495
0.482783
0.512895
0.557378
0.358782
0.490388
0.549586
0.617820
0.533507
0.397592
0.464450
0.449168
0.521676
0.538949
0.472962
0.445298
0.549435
0.533956
0.531476
0.528388
0.469535
0.628892
0.500507
0.404116
0.480266
0.509267
0.530381
0.555368
0.558208
0.507292
0.504595
0.561223
0.631787
0.480830
0.522998
0.432039
0.572177
0.489645
0.492683
0.554866
0.412000
0.527469
0.444623
0.437571
0.528581
0.507592
0.441308
0.495877
0.394367
0.491278
0.496691
0.549558
0.439433
0.433680
0.467349
0.518044
0.594181
0.439432
0.447872
0.410501
0.465427
0.422633
0.466677
0.553300
0.492034
0.465347
0.427583
0.446839
0.546958
0.500544
0.527208
0.479914
0.401393
0.588698
0.448483
0.492129
0.472763
0.531121
0.546942
0.558216
0.575579
0.511356
0.532693
0.565103
0.429513
0.400247
0.497539
0.536759
0.538473
0.453847
0.408526
0.509850
0.482961
0.488944
0.409779
0.558904
0.496315
0.492310
0.503423
0.518505
0.489755
0.457465
0.472802
0.432286
0.508673
0.441178
0.570427
0.534650
0.624096
0.464854
0.507751
0.530576
0.422864
0.623020
0.624784
0.463124
0.404072
0.497851
0.431139
0.466408
0.543808
0.456193
0.453424
0.421987
0.566201
0.478293
0.532949
0.458200
0.496785
0.476542
0.551473
0.498231
0.541206
0.535143
0.508898
0.523425
0.533927
0.674031
0.533414
0.529907
0.446629
0.604251
0.420023
0.530736
0.452335
0.504152
0.504522
0.530772
0.529340
0.476783
0.452910
0.576119
0.439000
0.398355
0.383639
0.526428
0.409694
0.497179
0.460323
0.505432
0.454577
0.530701
0.591001
0.479360
0.409878
0.470492
0.562728
0.522597
0.470500
0.494272
0.591092
0.486404
0.464330
0.563131
0.406866
0.477971
0.538888
0.403257
0.516910
0.566458
0.508363
0.669267
0.523957
0.422335
0.455020
0.497493
0.508431
0.448789
0.458204
0.496583
0.568277
0.564726
0.531532
0.548291
0.597485
0.444996
0.520606
0.425307
0.463437
0.515872
0.459286
0.562173
0.434460
0.387926
0.477755
0.504799
0.624328
0.396311
0.456076
0.502950
0.451564
0.355337
0.437578
0.411487
0.458418
0.497176
0.469880
0.563182
0.396426
0.505615
0.448762
0.463396
0.434788
0.494760
0.501561
0.517718
0.529718
0.486415
0.392136
0.422914
0.517341
0.436245
0.393910
0.450251
0.477041
0.453968
0.525629
0.398497
0.443879
0.420342
0.507084
0.566635
0.377347
0.494843
0.589511
0.519330
0.428681
0.421789
0.608665
0.451095
0.501453
0.502735
0.434814
0.520466
0.451653
0.495875
0.419902
0.481315
0.450416
0.472700
0.369617
0.541823
0.492395
0.422247
0.457259
0.404643
0.427241
0.445243
0.480520
0.479570
0.564097
0.541094
0.447503
0.463004
0.422821
0.531694
0.509257
0.548507
0.463420
0.436093
0.426634
0.389650
0.447774
0.440248
0.600831
0.395765
0.427470
0.508721
0.488275
0.455019
0.469280
0.352806
0.477807
0.433403
0.519300
0.446457
0.562396
0.549969
0.459569
0.478367
0.463823
0.563961
0.494927
0.523545
0.422343
0.523805
0.403263
0.485077
0.485291
0.424487
0.591760
0.621086
0.378362
0.396770
0.447483
0.514945
0.504769
0.443632
0.438635
0.421032
0.545197
0.403915
0.624274
0.390525
0.419877
0.421019
0.505586
0.438794
0.437369
0.529788
0.519655
0.402801
0.521157
0.466873
0.501153
0.502593
0.526563
0.429199
0.507956
0.476378
0.480653
0.477883
0.457357
0.432129
0.588822
0.465197
0.544345
0.506171
0.592028
0.474873
0.537573
0.475233
0.484976
0.563301
0.488254
0.464576
0.486656
0.563274
0.347359
0.476930
0.468701
0.462456
0.546887
0.447754
0.549688
0.484451
0.580754
0.451960
0.540779
0.478372
0.467226
0.502164
0.500875
0.442428
0.512560
0.436903
0.469822
0.502037
0.480320
0.426042
0.483769
0.453145
0.547359
0.434852
0.550816
0.394133
0.450924
0.383879
0.515983
0.459194
0.512339
0.426653
0.376659
0.486610
0.546403
0.421119
0.455345
0.467573
0.543509
0.481422
0.486685
0.442475
0.480357
0.380977
0.474608
0.432453
0.409699
0.543924
0.413196
0.405833
0.515753
0.484388
0.511533
0.499261
0.456024
0.505593
0.425748
0.390611
0.387985
0.341438
0.399400
0.419945
0.381700
0.624208
0.464496
0.461045
0.459798
0.456214
0.461514
0.440582
0.502654
0.473872
0.458620
0.491557
0.461828
0.457352
0.493997
0.478558
0.493372
0.504439
0.437354
0.407097
0.451158
0.450497
0.621515
0.481045
0.448323
0.506212
0.460789
0.458495
0.399710
0.501362
0.471617
0.636614
0.445014
0.483836
0.489979
0.548313
0.475139
0.493727
0.405794
0.475444
0.413977
0.568095
0.467915
0.506827
0.391045
0.556660
0.547942
0.477574
0.454522
0.518145
0.514271
0.443635
0.397260
0.500786
0.544556
0.576290
0.515575
0.586420
0.457558
0.561876
0.455647
0.481608
0.492518
0.587071
0.387089
0.489572
0.463182
0.434097
0.449072
0.461231
0.477401
0.441536
0.525216
0.400005
0.451803
0.372828
0.422664
0.470468
0.456129
0.460193
0.445024
0.397689
0.504093
0.510797
0.468631
0.531589
0.470609
0.441494
0.499475
0.385930
0.487615
0.422259
0.502553
0.447727
0.495496
0.467192
0.554364
0.517025
0.507166
0.391442
0.378699
0.384889
0.383331
0.449767
0.457779
0.478050
0.467224
0.429429
0.501420
0.516916
0.489664
0.498934
0.424591
0.531955
0.412569
0.498451
0.486103
0.406233
0.596248
0.554416
0.409178
0.435701
0.494738
0.442461
0.506081
0.541564
0.553307
0.511727
0.567926
0.404220
0.402606
0.521556
0.496121
0.444234
0.515198
0.441039
0.450144
0.533550
0.472531
0.453136
0.440411
0.444664
0.420045
0.563201
0.364508
0.407054
0.424438
0.526878
0.399308
0.426669
0.468155
0.488670
0.427548
0.389756
0.495592
0.562018
0.403058
0.522760
0.458089
0.432229
0.444821
0.460431
0.383808
0.440342
0.456470
0.386384
0.478937
0.411751
0.459166
0.400806
0.481595
0.460356
0.457191
0.348250
0.455428
0.521787
0.419906
0.419096
0.478615
0.454782
0.475276
0.523381
0.439662
0.425555
0.480909
0.482093
0.439722
0.505622
0.440567
0.391381
0.353190
0.479132
0.514934
0.419662
0.499162
0.443207
0.526665
0.437686
0.455763
0.551141
0.380602
0.489472
0.443766
0.437036
0.477205
0.411022
0.456530
0.474413
0.429356
0.504042
0.491280
0.392181
0.374429
0.432588
0.482236
0.459961
0.489571
0.422057
0.392711
0.458137
0.452489
0.425209
0.407403
0.365775
0.453756
0.440848
0.487642
0.441883
0.456591
0.428896
0.474905
0.482992
0.503699
0.422080
0.374521
0.477757
0.509394
0.444455
0.537265
0.454064
0.473302
0.509922
0.512715
0.401511
0.481403
0.412940
0.504268
0.429258
0.622347
0.342581
0.439760
0.411318
0.426389
0.547589
0.550720
0.505746
0.499879
0.378613
0.404512
0.534661
0.484188
0.579677
0.503232
0.501526
0.394944
0.416234
0.409538
0.348242
0.500472
0.358903
0.495014
0.384033
0.407680
0.481395
0.389267
0.609162
0.595227
0.510620
0.455218
0.409986
0.516879
0.467137
0.495512
0.518545
0.404312
0.442565
0.431965
0.467905
0.467906
0.448557
0.508991
0.435486
0.398880
0.420537
0.501406
0.339486
0.535294
0.387368
0.496407
0.409375
0.423837
0.526528
0.386233
0.402698
0.422590
0.433431
0.490925
0.459171
0.497313
0.404366
0.470331
0.473408
0.498309
0.455853
0.318064
0.447474
0.549193
0.466250
0.538000
0.410143
0.528619
0.399871
0.464125
0.372846
0.346203
0.516536
0.500610
0.512931
0.432505
0.399963
0.463747
0.709539
0.509997
0.507464
0.367343
0.352063
0.504375
0.488405
0.498523
0.442611
0.430927
0.520216
0.510051
0.459128
0.431061
0.460454
0.458464
0.398602
0.462204
0.444253
0.514107
0.440725
0.529468
0.377219
0.623900
0.419335
0.524011
0.483022
0.501397
0.396018
0.484932
0.379042
0.503642
0.434956
0.449621
0.440218
0.419629
0.368979
0.380333
0.478985
0.437087
0.377634
0.466314
0.531442
0.407671
0.505727
0.553613
0.424593
0.521763
0.462049
0.399854
0.457585
0.364628
0.509572
0.374866
0.397522
0.409322
0.488499
0.344826
0.458460
0.559635
0.369404
0.400647
0.345493
0.403323
0.413860
0.415270
0.487361
0.403342
0.410431
0.409633
0.372725
0.578887
0.585387
0.490689
0.543626
0.486622
0.416663
0.422312
0.420382
0.360284
0.450499
0.553219
0.465922
0.431976
0.500156
0.506934
0.435853
0.528382
0.415580
0.425113
0.437136
0.593220
0.501561
0.417205
0.491223
0.515444
0.457588
0.417753
0.435348
0.544367
0.473756
0.563018
0.418438
0.443825
0.511380
0.373815
0.425632
0.482238
0.363004
0.380139
0.407995
0.503204
0.478629
0.455366
0.493178
0.488065
0.393974
0.559567
0.452261
0.458510
0.427228
0.538306
0.507520
0.409889
0.420696
0.511113
0.471828
0.518200
0.453384
0.445744
0.381083
0.437705
0.426862
0.393086
0.481818
0.560452
0.476628
0.431249
0.481190
0.405597
0.488996
0.523038
0.396387
0.426473
0.456735
0.397610
0.542869
0.363908
0.414840
0.454159
0.429303
0.461125
0.333436
0.410925
0.457249
0.423577
0.543067
0.468676
0.442875
0.455677
0.352152
0.389505
0.324532
0.376469
0.353603
0.456351
0.393057
0.345338
0.444640
0.441338
0.431046
0.351282
0.389794
0.458659
0.427247
0.391248
0.426440
0.450931
0.540207
0.369424
0.412677
0.465966
0.448896
0.487107
0.454056
0.451584
0.469279
0.590175
0.408254
0.412200
0.452462
0.389551
0.423440
0.466957
0.487390
0.506898
0.424432
0.493612
0.485751
0.457566
0.411762
0.401711
0.446676
0.349321
0.366596
0.372262
0.336974
0.384543
0.380249
0.408175
0.447239
0.509170
0.394468
0.506711
0.470761
0.448363
0.381978
0.479306
0.490109
0.465329
0.506190
0.367594
0.443409
0.390843
0.483294
0.404892
0.379792
0.446263
0.361346
0.395280
0.454426
0.427437
0.462274
0.357647
0.416002
0.458717
0.442651
0.609573
0.432478
0.497231
0.358652
0.476274
0.410402
0.419041
0.396381
0.573546
0.414886
0.388240
0.406966
0.434278
0.463574
0.493390
0.420623
0.449787
0.414245
0.465980
0.585949
0.465441
0.434178
0.381733
0.418642
0.465666
0.430012
0.475853
0.405828
0.472952
0.470207
0.442042
0.377136
0.368532
0.490826
0.426440
0.399479
0.388003
0.425843
0.395995
0.440804
0.472328
0.433422
0.431396
0.421280
0.429383
0.375630
0.428248
0.409386
0.450742
0.440784
0.443239
0.463123
0.378018
0.498607
0.412947
0.387165
0.475975
0.432138
0.482090
0.460314
0.556213
0.429778
0.462263
0.473940
0.390203
0.408544
0.467346
0.394464
0.409544
0.430584
0.454145
0.424502
0.363813
0.486541
0.351055
0.416876
0.379270
0.359848
0.422953
0.450620
0.445731
0.385803
0.444476
0.369397
0.647926
0.468058
0.448237
0.500315
0.402488
0.399620
0.421092
0.388437
0.366998
0.445947
0.443872
0.357890
0.455403
0.451848
0.440987
0.491565
0.388028
0.522584
0.423511
0.478416
0.506239
0.434180
0.472149
0.433933
0.452985
0.448507
0.484533
0.407154
0.361827
0.376464
0.498067
0.392460
0.474903
0.426772
0.355903
0.451824
0.471149
0.381059
0.514542
0.485712
0.335077
0.414419
0.481888
0.413423
0.514099
0.397437
0.393800
0.471037
0.457355
0.480724
0.428437
0.463468
0.485501
0.417181
0.506919
0.424852
0.430903
0.481182
0.420548
0.415605
0.477378
0.462529
0.511631
0.393165
0.527252
0.435495
0.437254
0.358399
0.497482
0.443410
0.471888
0.410294
0.433032
0.420112
0.497100
0.459122
0.416932
0.464847
0.523029
0.406288
0.387600
0.451985
0.313417
0.455434
0.320378
0.423548
0.458926
0.370642
0.390989
0.494114
0.458449
0.442964
0.379544
0.396829
0.435802
0.408689
0.461757
0.593412
0.362200
0.401019
0.410845
0.425187
0.361173
0.475919
0.382823
0.398580
0.465169
0.422966
0.441177
0.443448
0.393349
0.519943
0.527595
0.428785
0.444721
0.425394
0.533387
0.373897
0.460141
0.495541
0.381367
0.372051
0.469104
0.433272
0.519578
0.333084
0.495801
0.460744
0.362228
0.417428
0.411363
0.356069
0.435963
0.462787
0.416364
0.390536
0.547984
0.374034
0.567535
0.495554
0.492645
0.379106
0.414474
0.388685
0.555933
0.407548
0.465146
0.455297
0.376853
0.502969
0.376823
0.416389
0.436261
0.445425
0.412496
0.423602
0.552030
0.476293
0.415868
0.394880
0.421369
0.518205
0.441949
0.356964
0.438501
0.394661
0.566077
0.362317
0.411245
0.513760
0.450156
0.649310
0.390733
0.419648
0.470195
0.436946
0.463497
0.406668
0.454869
0.450198
0.391970
0.389313
0.420982
0.376079
0.404540
0.422270
0.516271
0.424982
0.462392
0.381415
0.497865
0.437220
0.456345
0.377322
0.494638
0.512291
0.492715
0.383710
0.460390
0.391829
0.468860
0.486379
0.415480
0.384647
0.482204
0.397534
0.356684
0.463237
0.474602
0.556548
0.414937
0.539599
0.421625
0.371161
0.409843
0.487986
0.399239
0.400087
0.438586
0.418982
0.463216
0.422691
0.430555
0.432500
0.408543
0.447517
0.403730
0.397962
0.360890
0.431613
0.380762
0.462219
0.407296
0.392142
0.462588
0.325049
0.402200
0.430307
0.446893
0.513931
0.410408
0.385001
0.480408
0.408186
0.424425
0.348948
0.409146
0.443137
0.428129
0.432533
0.450494
0.514343
0.431326
0.437111
0.363049
0.464260
0.440449
0.452711
0.413180
0.437990
0.387115
0.384413
0.512989
0.438387
0.439803
0.412255
0.401675
0.377654
0.404314
0.440633
0.483037
0.398432
0.494104
0.484599
0.489941
0.387188
0.506497
0.484846
0.434492
0.372096
0.351177
0.469877
0.356107
0.406913
0.389024
0.384917
0.322847
0.379538
0.386314
0.395575
0.416572
0.411047
0.427336
0.382966
0.514513
0.355939
0.394152
0.376393
0.488850
0.486515
0.334758
0.381026
0.400887
0.464021
0.428800
0.387343
0.442431
0.512382
0.397610
0.431973
0.495959
0.429434
0.459605
0.328719
0.511010
0.448265
0.347321
0.339663
0.423422
0.470802
0.374070
0.371793
0.403088
0.433191
0.406317
0.410525
0.419757
0.348660
0.305827
0.473248
0.374344
0.383258
0.438264
0.428919
0.378204
0.401688
0.546060
0.406635
0.514005
0.425606
0.428773
0.355431
0.571908
0.467511
0.353339
0.334366
0.416872
0.454796
0.382583
0.425289
0.362049
0.426252
0.373420
0.544548
0.531371
0.390773
0.423910
0.340574
0.448376
0.344622
0.386914
0.401466
0.403664
0.391694
0.493787
0.485000
0.465284
0.442051
0.428867
0.396565
0.413184
0.469807
0.410833
0.350255
0.454027
0.450443
0.411323
0.379592
0.448120
0.564453
0.445931
0.437050
0.436171
0.364586
0.376731
0.401681
0.400152
0.426251
0.375144
0.401612
0.356183
0.356066
0.455546
0.380538
0.496473
0.400117
0.431676
0.448619
0.498491
0.379043
0.432781
0.445822
0.381880
0.375215
0.420805
0.422971
0.426974
0.438347
0.451880
0.381800
0.357894
0.366645
0.342132
0.429977
0.393141
0.466344
0.327180
0.404283
0.483759
0.480920
0.401479
0.346541
0.324531
0.434010
0.534756
0.475963
0.405634
0.412524
0.434352
0.482258
0.349303
0.381764
0.416574
0.447583
0.365466
0.473953
0.465048
0.413830
0.434946
0.436404
0.405463
0.385676
0.394371
0.416711
0.406195
0.452527
0.342062
0.430505
0.424829
0.464631
0.323177
0.418066
0.481110
0.420270
0.452687
0.466932
0.357318
0.486771
0.451221
0.361950
0.382229
0.343307
0.443108
0.390993
0.417274
0.374417
0.382610
0.456745
0.471417
0.439090
0.377282
0.362791
0.399488
0.329867
0.396698
0.374575
0.378642
0.454727
0.300851
0.406625
0.471572
0.391042
0.430091
0.395206
0.436120
0.432337
0.405403
0.348077
0.402769
0.507115
0.418529
0.332560
0.384025
0.463673
0.588392
0.420534
0.333863
0.373228
0.455695
0.326041
0.345048
0.401474
0.355729
0.499979
0.465608
0.460205
0.419721
0.435146
0.477102
0.408124
0.428830
0.473243
0.410795
0.401702
0.415472
0.537124
0.415627
0.382327
0.492507
0.362141
0.380589
0.501852
0.485071
0.474938
0.494949
0.455625
0.419025
0.453795
0.422920
0.464758
0.388382
0.333414
0.479112
0.399197
0.532171
0.436378
0.451188
0.366274
0.366189
0.361422
0.405626
0.443949
0.363891
0.415370
0.427896
0.430013
0.390417
0.373002
0.520494
0.577601
0.370140
0.380247
0.385007
0.351296
0.377043
0.349953
0.453748
0.353199
0.367853
0.433971
0.467351
0.313241
0.377248
0.463513
0.386982
0.393033
0.523648
0.374067
0.504108
0.414252
0.370033
0.377147
0.400648
0.433372
0.417368
0.510183
0.383270
0.413734
0.377542
0.410509
0.392602
0.379006
0.460748
0.445688
0.433647
0.419073
0.364901
0.450817
0.525312
0.428854
0.353200
0.306114
0.432119
0.369160
0.404308
0.401465
0.394561
0.493015
0.348073
0.404253
0.438928
0.493635
0.365036
0.311693
0.498389
0.390474
0.353863
0.393522
0.388955
0.402634
0.362240
0.409201
0.375066
0.382159
0.412063
0.468593
0.367062
0.439484
0.403039
0.397418
0.357922
0.409937
0.346359
0.350743
0.387990
0.441383
0.362898
0.391443
0.390168
0.386974
0.343292
0.573646
0.440986
0.440686
0.463668
0.430809
0.429537
0.434241
0.391249
0.374859
0.465519
0.422970
0.496125
0.397602
0.344860
0.426482
0.405364
0.538120
0.407371
0.499658
0.408507
0.381153
0.424438
0.396854
0.393052
0.306649
0.331146
0.372728
0.354981
0.487287
0.398737
0.365508
0.380560
0.321720
0.513479
0.377172
0.356005
0.480297
0.398389
0.478388
0.335021
0.350170
0.419745
0.397907
0.358040
0.386619
0.380268
0.527857
0.356905
0.385477
0.422721
0.409470
0.401464
0.394799
0.377287
0.350715
0.369720
0.464524
0.423463
0.424067
0.461183
0.325863
0.384652
0.376861
0.442080
0.384867
0.398344
0.371804
0.423252
0.524609
0.406249
0.357610
0.371808
0.507167
0.518962
0.392238
0.390631
0.405136
0.416129
0.427484
0.471982
0.335940
0.350214
0.375414
0.392528
0.392754
0.358822
0.484086
0.417323
0.359643
0.323792
0.421150
0.429315
0.498838
0.393674
0.397463
0.361201
0.405060
0.407933
0.361504
0.411050
0.377801
0.342765
0.383375
0.427269
0.468718
0.405050
0.376347
0.368715
0.462905
0.424333
0.402116
0.450770
0.412302
0.458408
0.389105
0.375992
0.365885
0.391532
0.354803
0.385881
0.319620
0.343275
0.308516
0.373059
0.376390
0.418461
0.451004
0.479291
0.412453
0.445526
0.417161
0.313760
0.402437
0.429690
0.502412
0.380514
0.364417
0.379081
0.376950
0.410459
0.418618
0.384762
0.299590
0.395793
0.392482
0.366862
0.427312
0.403296
0.365150
0.492174
0.512754
0.362092
0.394207
0.467612
0.478152
0.348966
0.434800
0.420901
0.564898
0.496201
0.477191
0.401171
0.450081
0.362645
0.441724
0.389778
0.404367
0.395728
0.427417
0.404411
0.314417
0.396986
0.395456
0.409419
0.428535
0.399275
0.536210
0.383597
0.406653
0.379328
0.396398
0.347679
0.371910
0.346314
0.534633
0.455780
0.391259
0.389671
0.350119
0.405874
0.350616
0.327469
0.383858
0.361672
0.371973
0.333432
0.391623
0.396396
0.385019
0.397040
0.361704
0.447376
0.424977
0.405200
0.349332
0.391213
0.433867
0.414980
0.386033
0.364761
0.382232
0.377695
0.513034
0.453475
0.380315
0.383842
0.365918
0.387562
0.417999
0.379244
0.458590
0.413549
0.539412
0.347243
0.438813
0.454943
0.351104
0.411210
0.361152
0.444144
0.374344
0.355272
0.411178
0.446535
0.454338
0.422622
0.393403
0.423898
0.405350
0.357353
0.368670
0.365671
0.416308
0.414546
0.346150
0.359634
0.587531
0.338916
0.387712
0.352978
0.376744
0.339788
0.333013
0.406824
0.368412
0.354893
0.338390
0.338933
0.327056
0.460032
0.440529
0.438264
0.439656
0.404700
0.371078
0.331610
0.382327
0.481983
0.457012
0.409082
0.365133
0.341373
0.445995
0.391492
0.396676
0.462250
0.451488
0.342268
0.432264
0.409973
0.366513
0.416037
0.394586
0.322264
0.420829
0.435554
0.411229
0.325586
0.432255
0.502283
0.318009
0.352121
0.359442
0.567001
0.382249
0.355382
0.340668
0.390606
0.324984
0.412818
0.431715
0.417320
0.371748
0.422739
0.440634
0.376009
0.417829
0.377222
0.422878
0.421346
0.372158
0.342341
0.344405
0.350783
0.358883
0.416408
0.367341
0.320316
0.441318
0.394458
0.409206
0.400541
0.405454
0.315773
0.368080
0.372752
0.356043
0.316970
0.442154
0.328618
0.349667
0.367370
0.385601
0.442976
0.356663
0.377702
0.375590
0.314727
0.358506
0.432443
0.377814
0.351735
0.379961
0.381567
0.477578
0.405169
0.342515
0.376711
0.354136
0.409251
0.376336
0.388138
0.357137
0.372011
0.342288
0.377959
0.309654
0.406162
0.374819
0.491759
0.493306
0.368163
0.413933
0.372758
0.397513
0.388290
0.415266
0.453744
0.418269
0.481650
0.426498
0.436923
0.414565
0.409650
0.356587
0.363246
0.442815
0.380978
0.466331
0.425906
0.408415
0.399397
0.410871
0.354393
0.388828
0.373415
0.380079
0.417009
0.377892
0.334776
0.416169
0.409651
0.402392
0.473688
0.332955
0.419505
0.386855
0.423418
0.330970
0.429568
0.405538
0.390173
0.425586
0.344874
0.388860
0.363393
0.461041
0.378315
0.351502
0.453227
0.390390
0.452450
0.324044
0.494543
0.375684
0.395986
0.399171
0.399132
0.455961
0.418718
0.361554
0.471996
0.424104
0.418456
0.421225
0.311215
0.375770
0.418302
0.316012
0.406554
0.383359
0.454506
0.474071
0.334166
0.403213
0.390397
0.433368
0.473189
0.420888
0.294311
0.346191
0.351857
0.401373
0.509565
0.412162
0.392758
0.453019
0.418782
0.346723
0.402569
0.422814
0.375746
0.361162
0.412178
0.407011
0.475615
0.417074
0.409936
0.556948
0.399368
0.369004
0.338593
0.388539
0.450628
0.329478
0.317859
0.364681
0.419674
0.349178
0.306864
0.400218
0.390490
0.298491
0.434596
0.390322
0.531119
0.439487
0.383764
0.412187
0.374962
0.370101
0.385266
0.426376
0.435558
0.427274
0.433578
0.371307
0.394082
0.438631
0.409280
0.480952
0.394827
0.391503
0.451216
0.402919
0.411068
0.367749
0.415690
0.460805
0.411054
0.411871
0.481890
0.417353
0.357668
0.394067
0.323370
0.409263
0.385661
0.358266
0.347381
0.353365
0.387421
0.459377
0.402502
0.359741
0.328354
0.342243
0.399330
0.370495
0.385107
0.425406
0.373924
0.332689
0.434208
0.326012
0.454592
0.399446
0.403833
0.318105
0.400330
0.364872
0.403190
0.463264
0.388102
0.451958
0.380994
0.421224
0.431726
0.403215
0.349217
0.405783
0.414291
0.428042
0.356407
0.361806
0.419596
0.480426
0.397908
0.424899
0.381374
0.413322
0.385575
0.394237
0.386478
0.346535
0.387238
0.388336
0.368629
0.500730
0.463719
0.352906
0.394624
0.342518
0.351890
0.390325
0.392788
0.335510
0.347645
0.382723
0.445670
0.358470
0.353765
0.405245
0.340854
0.436787
0.369493
0.399447
0.446135
0.301770
0.369907
0.387255
0.347289
0.428136
0.399311
0.397732
0.463339
0.405740
0.380092
0.382665
0.414441
0.314345
0.379110
0.507476
0.405355
0.388041
0.324248
0.342356
0.344077
0.444052
0.364376
0.396499
0.388975
0.404128
0.354251
0.346251
0.347264
0.371344
0.413417
0.357104
0.453376
0.383100
0.369189
0.410257
0.317577
0.397255
0.456198
0.445750
0.362485
0.319759
0.446787
0.352328
0.401478
0.362999
0.339058
0.382292
0.405026
0.428961
0.405866
0.474464
0.356217
0.340001
0.374070
0.400940
0.314888
0.368598
0.435408
0.346277
0.482162
0.337876
0.437476
0.462530
0.411153
0.388074
0.368218
0.422399
0.437706
0.494377
0.431385
0.357292
0.306338
0.452532
0.409133
0.388602
0.358403
0.344953
0.375147
0.402620
0.526735
0.436708
0.394026
0.404532
0.413389
0.398265
0.428738
0.358554
0.394295
0.357491
0.390887
0.398822
0.420690
0.372490
0.402397
0.444693
0.454437
0.341416
0.355515
0.383765
0.373654
0.435411
0.429671
0.537206
0.368076
0.378780
0.412218
0.392808
0.420966
0.427803
0.359523
0.429142
0.362108
0.367642
0.410237
0.370908
0.401150
0.432317
0.345050
0.407952
0.334593
0.383944
0.352398
0.363586
0.380637
0.349526
0.426613
0.389169
0.414839
0.346299
0.302539
0.338250
0.392997
0.328976
0.347645
0.380513
0.446577
0.381517
0.360872
0.420912
0.385761
0.350274
0.325489
0.357350
0.380321
0.370249
0.374162
0.365534
0.418560
0.382867
0.461908
0.380572
0.445868
0.438559
0.351797
0.425316
0.386906
0.379206
0.386607
0.336042
0.485377
0.321838
0.382290
0.439026
0.344155
0.377206
0.384777
0.499964
0.344385
0.428195
0.344894
0.346736
0.356456
0.368760
0.340204
0.357618
0.439160
0.380182
0.431073
0.407654
0.512427
0.332143
0.459971
0.371584
0.303569
0.356104
0.425201
0.334490
0.445887
0.388044
0.385492
0.383194
0.361069
0.373325
0.377507
0.353340
0.389140
0.419205
0.363438
0.500283
0.377115
0.385075
0.415350
0.342719
0.412170
0.359998
0.325053
0.327027
0.393649
0.346411
0.341089
0.345313
0.368842
0.347063
0.434354
0.376780
0.426765
0.405314
0.472732
0.470869
0.327843
0.378452
0.384502
0.418258
0.431802
0.381718
0.532053
0.429388
0.409197
0.429035
0.383715
0.347620
0.388945
0.371719
0.362476
0.379827
0.378700
0.389251
0.331710
0.354354
0.337608
0.475245
0.358424
0.329134
0.369105
0.422858
0.377675
0.348880
0.377284
0.416611
0.361203
0.437677
0.401505
0.334444
0.384459
0.356555
0.430093
0.344138
0.412179
0.331923
0.399639
0.359583
0.369297
0.353339
0.401191
0.305361
0.340631
0.319503
0.394259
0.386017
0.333004
0.373936
0.404333
0.450013
0.469779
0.432971
0.414359
0.427466
0.395655
0.377523
0.400583
0.374038
0.417940
0.357946
0.362264
0.425909
0.318918
0.399310
0.410756
0.364025
0.379770
0.352548
0.442680
0.405747
0.408384
0.342684
0.354265
0.361389
0.345685
0.412504
0.406626
0.321525
0.387824
0.413526
0.391794
0.357593
0.335813
0.418544
0.434977
0.343452
0.322152
0.381524
0.414973
0.354199
0.358168
0.304694
0.368935
0.439205
0.401069
0.368271
0.388280
0.341927
0.351905
0.359358
0.332974
0.371898
0.376274
0.392531
0.442324
0.378242
0.365523
0.376309
0.390473
0.403439
0.396155
0.402370
0.389339
0.331416
0.327143
0.370426
0.425902
0.451182
0.355909
0.434313
0.454584
0.379525
0.451061
0.393640
0.333684
0.412793
0.453644
0.325142
0.351666
0.370016
0.344062
0.342668
0.456393
0.410379
0.445144
0.377290
0.359267
0.412827
0.408326
0.434111
0.395288
0.390359
0.449668
0.391892
0.452221
0.384514
0.341924
0.402739
0.443307
0.332022
0.382472
0.376658
0.379585
0.313242
0.329989
0.360096
0.412132
0.350522
0.401985
0.378824
0.379095
0.385802
0.399918
0.450364
0.379680
0.346454
0.309673
0.407480
0.424838
0.379550
0.391497
0.387566
0.419440
0.305127
0.404769
0.428317
0.360093
0.317776
0.370616
0.346124
0.533452
0.387551
0.355334
0.395838
0.411498
0.407703
0.344895
0.327121
0.432196
0.344078
0.360131
0.428553
0.335007
0.421657
0.411219
0.401813
0.368132
0.402433
0.337496
0.355884
0.375670
0.392616
0.465365
0.363119
0.445212
0.328271
0.373340
0.362522
0.452040
0.343370
0.409021
0.373388
0.379499
0.394528
0.421462
0.471108
0.332589
0.390324
0.353464
0.396080
0.385896
0.376195
0.469988
0.368879
0.511397
0.398106
0.537895
0.384068
0.329953
0.444358
0.402916
0.404891
0.387920
0.494212
0.360756
0.325660
0.412887
0.335234
0.429369
0.381236
0.370951
0.350169
0.427236
0.385872
0.381027
0.470997
0.363208
0.434276
0.471481
0.350056
0.454112
0.404797
0.392938
0.404336
0.329484
0.489639
0.395485
0.384554
0.377285
0.355656
0.436291
0.392873
0.399230
0.420624
0.383077
0.316681
0.396692
0.397073
0.378574
0.443015
0.358511
0.455550
0.405620
0.401905
0.369517
0.413063
0.487007
0.400808
0.378530
0.422190
0.485174
0.372813
0.346629
0.370392
0.332800
0.353825
0.414723
0.361024
0.360047
0.373156
0.309858
0.348846
0.353495
0.367623
0.384452
0.405870
0.420683
0.413082
0.291767
0.446560
0.392549
0.434207
0.392964
0.385911
0.390194
0.468810
0.376695
0.382802
0.559242
0.364579
0.438135
0.407196
0.430797
0.428298
0.505878
0.315657
0.363704
0.386162
0.403480
0.438181
0.383621
0.429737
0.362557
0.393888
0.345320
0.354931
0.343904
0.399557
0.391914
0.350671
0.516253
0.331695
0.415508
0.337092
0.379002
0.389484
0.408291
0.438732
0.358749
0.380884
0.390597
0.423117
0.407940
0.383545
0.313782
0.548032
0.306495
0.339434
0.339835
0.316415
0.453292
0.396158
0.283637
0.385724
0.414126
0.301753
0.341921
0.430859
0.430784
0.476620
0.338906
0.306185
0.410026
0.350275
0.360317
0.418165
0.372648
0.425304
0.321162
0.356326
0.343438
0.361581
0.395465
0.421769
0.369820
0.365349
0.413201
0.328729
0.434595
0.323567
0.357905
0.395877
0.402679
0.359809
0.408658
0.410736
0.453375
0.326212
0.408543
0.347055
0.362785
0.371700
0.385709
0.454633
0.372263
0.305666
0.399721
0.393057
0.386898
0.389215
0.326312
0.376633
0.438010
0.408523
0.358939
0.331354
0.457293
0.364425
0.404317
0.368806
0.322522
0.345541
0.509368
0.374268
0.419549
0.370881
0.357368
0.379354
0.381452
0.420621
0.369925
0.497999
0.352147
0.347242
0.390214
0.380110
0.484365
0.340566
0.459842
0.345442
0.417969
0.399250
0.315623
0.427860
0.460138
0.429776
0.315387
0.361841
0.348394
0.440254
0.370268
0.322357
0.430919
0.426298
0.381113
0.325626
0.349508
0.415733
0.326183
0.316666
0.500493
0.322622
0.419186
0.313278
0.402034
0.439917
0.342126
0.421174
0.425897
0.420674
0.389393
0.394886
0.407913
0.431549
0.396513
0.341592
0.356556
0.390719
0.365272
0.341247
0.398196
0.364106
0.408151
0.348598
0.399370
0.346873
0.483339
0.408913
0.356700
0.370476
0.415099
0.396512
0.421976
0.414137
0.375510
0.338138
0.442960
0.437816
0.414547
0.371881
0.418545
0.416671
0.394999
0.368795
0.322707
0.411580
0.308968
0.355288
0.360746
0.446241
0.479396
0.396863
0.328607
0.424849
0.385708
0.360197
0.397666
0.330935
0.442949
0.387669
0.319501
