3.229037
3.294346
3.174462
3.127077
3.124502
3.148493
3.133072
3.089153
3.054909
3.008433
3.008101
2.995286
2.981047
2.953566
2.871000
2.912035
2.902041
2.808764
2.848766
2.870514
2.769168
2.763627
2.733697
2.680384
2.722306
2.748048
2.707273
2.735685
2.750970
2.690366
2.729577
2.674940
2.653697
2.620855
2.787611
2.720506
2.825744
2.713791
2.726935
2.659081
2.610548
2.675907
2.613732
2.612375
2.785036
2.622840
2.607619
2.652040
2.695323
2.757622
2.698797
2.649337
2.723483
2.609612
2.648643
2.683270
2.704083
2.554271
2.593418
2.627401
2.553545
2.645579
2.551312
2.675501
2.622960
2.533403
2.620897
2.579157
2.587429
2.693393
2.544036
2.690834
2.656955
2.564098
2.460531
2.475533
2.619123
2.660872
2.761070
2.630717
2.584909
2.620023
2.573554
2.456598
2.535434
2.468947
2.495332
2.478333
2.529033
2.509698
2.581314
2.612736
2.601225
2.570745
2.610259
2.568005
2.567924
2.476615
2.463693
2.639206
2.478241
2.577343
2.498579
2.520488
2.484974
2.528011
2.533821
2.420797
2.474579
2.403004
2.394992
2.416577
2.524863
2.406770
2.577559
2.451893
2.490371
2.552152
2.446757
2.546781
2.480557
2.411041
2.447722
2.529356
2.525231
2.442318
2.513798
2.568644
2.491184
2.429342
2.619718
2.614042
2.447776
2.429767
2.475929
2.437521
2.424833
2.450153
2.445623
2.475840
2.442422
2.359900
2.473969
2.414095
2.484879
2.503703
2.417949
2.387435
2.394356
2.501984
2.402695
2.355725
2.454589
2.427433
2.357835
2.323553
2.451537
2.476103
2.309368
2.454500
2.426092
2.538865
2.424929
2.400521
2.554234
2.383161
2.461532
2.465463
2.394765
2.380138
2.383909
2.414365
2.402983
2.354253
2.401151
2.341061
2.389012
2.380335
2.324988
2.468178
2.336093
2.403122
2.419325
2.470545
2.366672
2.310423
2.317272
2.496653
2.429880
2.455518
2.560271
2.360823
2.446291
2.422156
2.465877
2.382865
2.343751
2.350374
2.366640
2.302275
2.462875
2.407782
2.527656
2.281958
2.362106
2.416612
2.323178
2.329902
2.346402
2.379828
2.323432
2.401198
2.355502
2.310337
2.315981
2.223748
2.403133
2.496456
2.425160
2.393452
2.434486
2.355758
2.358812
2.427766
2.291962
2.330279
2.265661
2.285907
2.357375
2.322886
2.299631
2.273864
2.382381
2.306874
2.245285
2.375824
2.310712
2.392720
2.387277
2.411738
2.364089
2.250031
2.294467
2.367896
2.431142
2.290704
2.281008
2.298205
2.362835
2.367469
2.386970
2.339817
2.321751
2.311111
2.448025
2.405771
2.426575
2.314678
2.291953
2.372239
2.391958
2.330140
2.272901
2.280930
2.278633
2.270454
2.380939
2.381479
2.340107
2.275918
2.351360
2.243568
2.396109
2.446987
2.330492
2.368265
2.313060
2.295999
2.268901
2.267286
2.386135
2.386391
2.338346
2.335344
2.260347
2.314343
2.292816
2.246532
2.313337
2.294657
2.225295
2.296740
2.227856
2.250280
2.221278
2.291250
2.232945
2.248678
2.343620
2.319040
2.340963
2.276697
2.291398
2.201098
2.191108
2.338127
2.375169
2.287384
2.259855
2.223188
2.381670
2.250742
2.392051
2.188531
2.337833
2.244208
2.206650
2.325229
2.268185
2.266402
2.313058
2.214262
2.229065
2.244280
2.200018
2.319835
2.230211
2.324670
2.176538
2.294489
2.232283
2.306257
2.273502
2.198920
2.352232
2.166846
2.380849
2.282214
2.305745
2.162022
2.196627
2.175372
2.205364
2.257963
2.340089
2.150795
2.236521
2.262600
2.187184
2.245979
2.255625
2.248264
2.283514
2.194194
2.415095
2.248203
2.358756
2.242846
2.268832
2.245806
2.132606
2.245038
2.184206
2.170788
2.245222
2.226448
2.107375
2.243606
2.262508
2.248520
2.244941
2.211883
2.264373
2.099416
2.187279
2.188066
2.176158
2.266324
2.170877
2.233608
2.321297
2.277384
2.250035
2.219875
2.198786
2.201264
2.186471
2.287790
2.083577
2.233753
2.207878
2.230298
2.280293
2.252687
2.170215
2.214833
2.208173
2.109151
2.195754
2.249064
2.224284
2.199512
2.166630
2.225784
2.244221
2.200537
2.387990
2.142932
2.184511
2.185213
2.327688
2.225173
2.165006
2.146772
2.206110
2.240308
2.123764
2.211524
2.223854
2.150551
2.230256
2.194788
2.196566
2.231508
2.199615
2.181361
2.151590
2.213979
2.149935
2.232863
2.200634
2.162247
2.289792
2.159380
2.191820
2.186704
2.133219
2.130466
2.161456
2.122214
2.080926
2.151914
2.252566
2.066048
2.254567
2.179713
2.231010
2.165915
2.137646
2.093252
2.213367
2.181283
2.212034
2.128532
2.125027
2.187843
2.181288
2.159822
2.248674
2.199804
2.234183
2.203616
2.110303
2.163421
2.179696
2.070010
2.279358
2.125271
2.138716
2.209089
2.189217
2.184748
2.231660
2.149847
2.210719
2.132776
2.243498
2.109271
2.139884
2.113134
2.232568
2.251216
2.183153
2.166156
2.206219
2.150608
2.228599
2.131972
2.126088
2.211549
2.211103
2.051034
2.141993
2.053937
2.273694
2.156913
2.161639
2.105396
2.282452
2.122232
2.095803
2.149267
2.175474
2.116365
2.138511
2.179996
2.100289
2.137079
2.175040
2.131018
2.093608
2.177884
2.176320
2.134188
2.141139
2.085787
2.175746
2.152834
2.239837
2.170291
2.130270
2.264156
2.157001
2.081357
2.131600
2.147826
2.038816
2.065039
2.166292
2.204916
2.217530
2.137450
2.129693
2.159125
2.153466
2.161163
2.173776
2.093223
2.094928
2.135956
2.050116
2.122103
2.158715
2.164556
2.138772
2.187896
2.121955
2.120705
2.155052
2.140560
2.119318
2.212940
2.094508
2.057638
2.094857
2.095611
2.155904
2.126321
2.067393
2.084568
2.048955
2.051948
2.193666
2.141218
2.014987
2.118447
2.164680
2.238310
2.185822
2.118217
2.124906
2.203922
2.072227
2.105760
2.255826
2.200351
2.157314
2.066687
2.098632
2.141129
2.184681
2.122376
2.159557
2.068489
2.144459
2.168952
2.144228
2.133661
2.052483
2.175377
2.055600
2.085461
2.062242
2.100184
2.152212
2.072551
2.206014
2.094637
2.120894
2.105730
2.101989
2.038622
2.155513
2.109898
2.084126
2.118402
2.075354
2.248162
2.169564
2.125973
2.164639
2.071642
2.033732
2.097086
2.034814
2.145254
2.108195
2.106633
2.087838
2.040578
2.063851
2.022250
2.148167
2.144272
1.993611
2.028227
2.035098
2.161991
2.123915
2.063960
2.107373
2.000531
2.180974
2.085361
2.055880
2.043633
2.121821
2.129813
2.063873
2.156384
2.178735
2.067661
2.100154
2.007749
2.190968
2.028133
2.132005
2.105082
2.060982
2.193193
2.242125
2.144063
2.168767
2.065584
2.161627
2.110061
2.142119
2.153651
2.105645
2.090815
2.084799
2.149190
2.066982
2.086986
2.165884
2.138153
2.173299
2.096761
2.171637
2.132251
2.029346
2.135386
2.263106
2.002073
2.156692
2.075444
2.209687
2.184345
2.099471
2.120821
2.137239
2.073767
2.169180
2.134097
2.134723
2.098127
2.070725
2.167464
2.087639
2.136559
2.195721
2.061335
2.121640
2.124346
2.089466
2.158366
2.112710
2.088405
2.150287
2.092568
2.010277
2.041360
2.092018
1.965951
2.077475
2.097117
2.090313
2.137189
2.122199
2.157672
2.094426
2.303974
2.249719
2.232007
2.068415
1.971507
2.124495
2.121145
2.181727
2.081427
2.082589
2.093956
2.177113
2.147321
2.046069
2.150431
2.082288
2.000857
2.122481
2.078017
2.104026
2.080374
2.153988
2.117078
2.077590
2.115807
2.128041
2.099370
1.976623
2.149550
2.092707
2.011385
2.019264
2.117135
1.940497
1.913764
2.100544
2.045900
2.156513
2.098677
1.957751
1.968311
2.080428
2.059490
2.016146
2.129419
2.103818
2.117457
2.328115
2.296465
2.095887
2.158470
2.157724
2.129563
2.124997
2.016732
2.008348
2.035487
2.063976
2.075546
1.967938
1.984176
2.169811
2.056366
2.097387
2.082104
2.112503
2.080946
2.096201
2.144438
2.062639
2.065890
2.124878
2.147301
1.991919
2.077572
2.184899
2.199985
2.058570
1.973407
2.070110
2.181852
2.024347
2.084642
2.007630
2.023271
2.184496
2.170775
2.110909
2.081908
1.979990
2.097436
2.039207
2.064536
2.056362
2.008086
1.967183
2.097308
2.051602
2.048066
2.112551
2.081234
2.098106
2.076953
2.032304
2.005733
2.042539
2.018210
2.091968
2.094579
2.111159
2.032757
1.999980
2.019676
2.052452
1.930048
2.078668
2.017676
2.096891
2.083166
2.090312
1.940048
2.072616
2.149583
2.089756
2.051045
2.155148
2.079161
2.039209
2.116720
2.151553
2.089807
2.250590
2.046250
2.048702
2.019466
2.057118
2.154420
1.997547
2.127696
2.029994
2.093344
2.150554
2.180809
2.042726
2.053813
2.027905
1.966935
2.024856
2.024878
1.966096
2.027629
2.136503
2.013529
2.113569
2.076468
2.110796
2.085564
2.098757
1.982146
2.056717
2.003728
2.067995
1.958802
2.116390
1.991325
2.037810
2.073401
2.045063
2.084489
2.033022
2.083675
2.026290
2.060218
1.972000
2.081433
2.017410
2.019444
2.073993
2.031171
2.042480
2.085544
2.060443
2.023789
2.018835
1.965577
2.003846
2.017077
2.034349
2.027509
2.109476
2.137222
2.081488
2.052297
2.065655
2.151382
2.022620
2.010231
2.044651
2.022466
2.125443
2.086164
2.003933
2.102221
1.982573
2.044765
1.965573
2.068727
2.096538
2.060184
2.051516
2.158334
1.937201
2.066262
1.983128
1.979552
2.062136
2.078182
2.026863
2.081087
1.984935
1.977207
2.003307
1.977621
2.033125
2.049515
2.013615
2.080249
2.094154
2.043301
2.087476
2.064781
2.048016
2.005313
2.005117
1.998917
1.992573
2.014647
1.978528
1.906774
2.012521
2.252605
2.012225
2.077301
2.061728
2.044646
2.009637
2.049812
2.071180
1.948842
2.122770
2.029639
2.077254
2.027181
2.059622
2.103005
2.066026
2.015013
1.940620
2.240102
1.982902
2.072041
2.017541
2.033456
2.007427
1.974305
1.941133
1.973719
2.010324
1.940907
2.110581
2.107107
2.013673
1.968349
1.955985
1.940195
1.989724
2.032031
2.029404
1.990351
2.053066
2.079233
2.005148
1.922057
1.941719
1.974664
2.237486
1.930539
1.966757
1.923895
2.022009
1.988767
2.115245
2.104634
2.019831
2.028444
1.960919
2.011191
1.897318
1.994428
2.057723
2.115487
1.968500
2.163221
2.010744
2.142994
2.052818
2.053766
1.981240
1.907864
1.970297
2.024000
2.032524
2.249815
1.901031
2.182962
2.112053
1.863132
2.038014
2.008141
1.913353
1.966328
2.100735
2.089430
2.080328
2.064191
2.152998
1.980253
1.965921
1.988850
1.894819
2.034808
1.996989
1.984043
2.027674
2.018546
2.010173
2.021450
1.979440
1.982651
1.986614
2.091047
1.925869
2.031415
2.046518
1.926855
2.001811
1.940471
1.976707
1.943028
2.089242
1.958812
1.969173
2.017100
2.158491
2.104738
1.977243
2.046345
2.038762
2.107523
1.947039
1.987631
2.031529
2.005557
1.972127
2.016665
2.062828
2.032042
2.005896
2.114583
2.055762
2.134089
1.950779
2.072697
1.999264
1.983902
2.102114
2.058634
1.976382
2.029206
2.025645
2.004305
1.926068
2.140969
1.997402
2.116633
1.996074
1.971796
2.122314
2.019192
2.109981
2.048899
1.980309
1.900397
1.987110
1.922620
2.028780
1.993507
1.971167
2.062161
2.019937
2.092941
1.997617
2.052145
1.963437
2.015198
1.982157
1.953197
1.958718
2.042654
2.016483
2.082615
1.990522
1.921761
1.932545
1.990126
2.108036
1.991341
1.987144
2.047173
2.118694
1.952027
2.081781
1.964634
2.171397
2.051313
2.067846
1.928319
2.105690
2.007529
2.113298
2.132486
2.058084
2.043269
2.144039
1.929079
1.964561
2.120004
1.882919
2.045267
1.963462
2.007646
1.995293
2.006026
2.038555
2.059459
2.023023
2.036521
2.052603
1.918767
2.335521
1.993488
1.918387
2.008513
1.977794
2.134293
1.959890
2.018616
2.017954
2.040184
2.014000
2.130597
1.960398
2.010593
2.005463
2.032256
2.058546
2.004846
2.101529
2.042334
2.039186
2.039752
2.062281
2.033036
1.980169
1.997259
1.989036
2.052494
1.980431
1.947294
2.113256
1.996856
1.973757
1.951745
1.958626
1.975818
2.008871
1.941515
2.060786
2.034748
1.972531
2.013750
2.133734
1.989549
2.222410
2.076588
2.073817
2.015598
2.019681
2.007871
1.976015
2.071834
2.010331
1.929289
1.987592
1.969959
1.988304
2.005822
1.993225
2.052710
2.021798
1.936440
1.925752
2.061221
2.017949
1.976659
2.002980
1.922403
1.959113
2.010727
2.073771
2.169431
2.085491
2.092966
2.014031
2.108236
2.057318
2.084357
2.170660
1.953511
1.994356
1.966902
1.902036
2.020769
2.004336
1.995322
1.958936
2.030942
1.896468
1.999479
1.949447
1.871153
1.962279
1.973843
1.995865
1.911789
1.999360
2.056827
2.043064
2.027967
1.953637
2.001254
2.061048
2.002201
2.027818
1.962856
1.988143
2.056280
2.119609
2.184289
1.945863
1.956553
2.049869
1.965354
2.132661
2.066737
1.973820
2.024875
1.986887
1.939623
1.898440
2.038041
1.973987
1.951773
1.926160
2.076484
2.036919
2.054888
1.975888
1.909210
1.968687
1.951034
2.043004
1.984216
1.971116
1.917037
1.965460
1.993356
1.951831
1.955565
2.085862
1.966472
1.931975
1.916533
2.014348
1.879183
2.074738
1.966740
2.046550
2.006823
2.003458
2.013457
1.874362
2.031573
2.022064
2.083252
1.967886
1.997688
2.047601
2.016042
2.041760
2.049893
1.977862
1.957174
1.960244
1.969879
2.056772
2.011330
2.026229
1.971723
1.974717
1.976790
1.967569
1.911379
2.017025
2.028522
2.012008
1.900069
1.938089
1.995376
2.103787
2.015435
1.971470
1.991460
1.986959
1.987343
1.924938
2.039795
2.008324
1.962168
1.923228
2.044297
2.057117
2.081000
2.018028
1.977789
2.058845
2.095834
2.054223
2.026135
1.975484
1.997638
2.202561
2.076225
2.021598
2.066224
2.084077
1.941145
2.013376
1.909533
1.989917
1.993853
1.914899
2.025911
1.985132
1.969213
1.954125
1.975209
2.001809
1.907977
2.169343
1.974426
2.096023
2.044651
1.979219
1.936208
2.000203
1.969943
1.921851
2.033002
1.958262
2.014700
2.048669
2.057906
2.000968
1.930458
2.144655
2.002828
1.943784
2.053946
1.999866
1.974712
2.067608
1.997874
1.988523
2.028359
1.942996
1.909967
2.072130
2.017360
1.926906
2.138355
2.053124
1.948179
2.109616
2.213214
1.986784
2.022250
1.973993
1.991991
2.033314
2.016588
2.030062
2.058361
2.026451
1.975344
2.046893
2.078970
1.856835
2.062208
1.965086
2.049394
2.033875
2.012938
1.989262
1.919772
1.974850
1.996754
1.938603
1.970115
2.053213
2.155493
1.968837
2.059599
1.976914
1.992245
2.036336
1.992019
1.953089
1.984149
2.044010
2.049879
1.926476
2.080543
2.049302
2.020267
2.044508
1.984129
1.921522
2.044667
1.936734
1.982359
1.987667
1.976493
1.982763
1.947482
2.038491
1.920408
2.015305
1.957603
1.902498
2.009940
1.991887
1.998416
2.064900
2.014248
2.046208
2.064717
2.003729
1.988325
1.970538
2.013783
1.957738
1.991494
2.045946
1.928553
1.918151
1.926102
1.934313
2.037315
2.043351
2.012336
1.940875
1.934350
1.972789
2.056324
2.044671
1.956124
1.963337
1.973656
2.016831
2.021420
1.904508
1.918025
2.014308
2.004868
1.860062
2.095999
1.944018
1.925713
1.931813
2.012616
1.981128
1.936822
1.888018
1.906325
1.983940
2.041522
1.873031
1.994200
1.976460
1.940872
1.976800
1.958321
1.952192
1.950750
2.024579
2.088264
1.960165
1.949384
1.916485
2.018963
2.077538
1.961651
2.038605
1.881680
1.980958
1.938635
1.913282
1.982424
2.054528
1.996593
2.007279
1.987970
1.873565
2.020857
1.925943
1.947464
2.056738
1.956656
2.049635
2.021316
1.932569
1.973178
1.995385
1.999123
1.936958
1.930969
2.001628
1.856667
1.940981
1.987597
1.935550
1.912385
2.013992
2.043072
2.077836
1.950020
1.884824
2.049223
1.950615
2.100310
2.112077
1.941231
2.015150
2.011810
2.041594
2.000621
2.050373
1.902924
1.865037
2.016228
1.990433
1.985984
1.953264
2.124665
2.043032
1.962897
2.048501
2.092667
1.902430
1.983445
2.066891
1.967860
2.023088
1.940748
1.970301
1.953058
1.922624
1.975059
1.994012
1.953592
1.996859
1.959765
1.962265
1.943823
1.952737
1.949188
1.972134
2.028483
2.065191
2.014550
1.962875
2.036229
2.184960
1.899154
1.955619
1.970754
2.035527
1.953224
2.075435
2.029062
1.937633
2.028448
1.937786
1.976750
2.069880
2.051018
2.039124
2.108001
1.896872
1.919850
1.963034
1.861704
1.974386
2.098930
1.988410
1.889305
1.934789
2.022473
1.985692
2.007931
2.014683
2.050025
1.935199
2.004049
1.971873
1.888957
1.962010
2.007249
2.041959
1.984645
2.076931
2.047635
2.060668
2.043360
2.013218
2.020481
1.977301
2.111535
1.968596
1.982602
1.931867
1.994994
2.032098
2.207225
1.954369
1.987590
1.944184
1.992685
2.037925
1.917035
1.918731
2.018093
1.979251
1.929499
1.940833
2.030947
2.004781
1.970958
2.048003
2.114847
1.989195
1.990124
1.935601
1.906762
1.987504
1.954466
1.985473
2.001388
2.024567
2.048145
1.981670
1.948631
1.954026
1.994967
1.880601
1.972645
1.924532
1.949509
1.932902
1.890741
2.015856
1.963451
1.849670
1.954193
1.969830
1.935950
1.952139
1.912349
1.917940
1.908458
1.999555
1.889403
1.946095
2.039224
1.932851
2.005318
1.932593
1.981553
1.971381
1.986139
1.975173
1.944004
1.989486
1.951936
1.992340
2.067357
1.949352
1.967543
1.974788
1.972677
1.954732
1.976121
1.979849
2.032748
1.872525
2.012554
1.935838
1.934075
2.020574
1.930751
2.023413
1.913682
1.911330
1.977398
1.882652
2.055075
1.935969
1.969123
1.947920
1.931299
1.936598
1.968713
1.990700
1.934511
1.966180
1.963411
1.926711
1.854143
1.870463
2.014440
2.050411
1.906579
1.938113
1.927323
1.935630
2.075072
1.963551
1.857636
2.047419
1.993118
1.999612
2.161489
2.010895
2.032890
1.917577
1.954952
1.961587
1.930208
1.927685
1.868381
1.971136
1.922856
2.042036
1.972181
2.092159
1.966353
2.067205
1.943102
1.993814
1.974097
2.045559
2.004307
2.005543
1.966331
1.935233
2.010769
1.906404
1.946050
2.021855
2.004416
2.027945
2.062001
1.999749
2.032895
1.970275
1.902459
1.978644
2.082342
1.990799
2.021286
1.908202
1.920648
1.923936
1.941962
1.858676
2.012330
2.057754
1.852564
2.050499
1.879246
2.121207
1.973680
1.982573
1.990346
2.056581
1.990646
1.976733
1.975760
2.079046
1.818300
1.991477
2.036882
1.974759
1.948434
1.895852
1.929244
1.996539
1.933119
1.900045
2.073000
1.963912
1.926738
1.942521
1.991833
1.953216
1.953585
1.977040
1.964819
1.976838
2.067116
1.971954
1.968759
2.004586
1.915300
1.928093
1.950643
1.949759
1.925509
2.011864
2.007442
2.054333
1.999172
1.923470
1.961725
2.038928
1.971650
1.935017
2.009202
1.952115
2.073644
1.938244
1.899723
2.014988
2.011161
2.102585
1.974364
2.088117
2.022364
1.950145
2.008545
1.953690
1.893134
2.011204
1.872918
1.988246
1.918479
2.016582
1.945480
1.923953
1.940563
1.922017
1.925919
1.926260
1.968436
1.971818
1.918382
1.991424
2.023963
1.968486
1.948019
1.900227
1.909570
1.847519
2.028219
2.013233
2.083066
2.004525
1.876583
1.957690
2.076026
1.937005
1.930828
1.905019
2.002985
1.994394
2.020515
1.865589
1.922133
1.884617
1.967860
1.956189
2.054277
1.896054
1.978494
1.849742
2.058524
2.067376
1.952456
1.916841
2.015494
2.084691
1.946404
1.942170
1.893222
1.937879
1.936710
2.002903
1.935812
1.928488
2.002764
1.934635
1.918941
1.924549
1.952333
2.022661
2.000936
2.054178
1.962368
1.953859
1.855544
2.001560
2.051081
2.103807
1.981869
1.966262
1.882791
2.088874
2.018281
2.038203
2.000482
2.008237
1.943847
2.020972
2.060232
1.971960
1.888460
1.935902
1.993360
1.996194
1.999315
1.968355
2.037558
1.957771
2.037438
1.927666
1.949017
1.978420
1.959494
2.009476
1.944316
1.954303
2.191700
1.955848
1.959691
2.002118
2.011821
1.987434
1.981278
1.995320
1.901617
2.017265
1.917125
1.955361
1.902571
1.999094
1.845094
1.949525
1.930456
1.923157
1.933981
1.950966
1.956359
1.966236
1.974949
2.011991
1.908122
1.897784
1.987087
2.070003
1.930065
1.997309
1.900440
1.907290
1.964082
1.957665
1.986772
1.927794
1.921223
2.065951
1.943127
1.974996
1.978538
1.961551
1.878218
1.915099
1.990337
2.011797
1.910516
1.975337
1.985158
1.986563
1.940613
1.952440
1.892661
1.909705
2.018068
1.989984
1.933208
1.892467
2.013816
2.008043
1.908691
1.991656
1.934245
1.967263
1.965601
1.928265
1.917029
1.960947
1.832439
2.007559
1.953372
1.914266
1.991455
1.923944
2.000328
1.975456
2.021656
1.958163
2.088682
1.920315
1.951842
2.128375
1.993375
2.074740
1.934442
1.991926
2.038366
2.060300
1.941072
2.021935
2.060990
1.929944
2.050282
1.871051
2.018933
1.939024
1.929428
1.913368
2.039112
1.923984
1.911442
1.877913
1.863928
1.984889
1.884758
1.995248
1.900929
1.903482
1.962654
2.070460
2.051279
1.969214
2.027784
1.948286
2.029669
2.022151
2.088540
1.870996
1.996589
2.014636
1.894168
1.948492
1.989748
1.948907
1.919902
1.873915
2.052624
1.917029
1.839174
1.906656
1.938643
1.910097
1.948285
2.022980
1.910996
1.921448
2.010323
1.940829
1.921480
2.009077
1.895941
1.926048
1.882106
1.924675
2.037035
1.981759
1.981044
1.987919
1.884747
1.937177
1.866456
1.965269
2.019078
1.932877
1.912983
1.893825
2.046237
1.961444
1.935481
1.892403
1.915596
2.012839
1.925904
2.072429
1.956315
1.887772
1.987554
1.904080
1.909144
2.027957
1.904761
1.924747
2.009882
2.070550
1.913457
1.895892
1.923708
1.904119
2.007240
1.910338
1.965370
1.901572
2.055352
1.976266
1.933021
1.945286
1.953821
1.947140
1.913249
1.845177
2.007750
1.966244
1.971079
2.011191
1.957840
2.039675
1.903351
1.918996
2.012240
1.987579
1.953494
1.905851
1.990658
2.020119
2.060266
1.934846
1.965458
1.990218
1.972901
1.946035
1.931242
1.941011
2.065946
2.005299
2.141030
2.150358
1.906467
1.957390
1.980241
1.872535
2.040323
1.920679
2.030803
1.920648
1.897623
1.983441
2.010422
1.981174
1.937439
1.996374
1.932489
2.032462
1.901202
1.945369
1.957429
1.814659
2.074219
1.990259
2.077884
1.997117
2.063350
1.989074
1.869123
1.926293
2.165538
2.071879
1.948269
1.908525
1.885677
2.057086
1.939921
1.953887
2.079401
1.946496
1.855077
1.968445
2.065843
1.960288
1.975565
1.953117
2.024481
2.032555
2.017365
1.942808
2.001052
2.051463
1.944442
1.942859
1.999189
1.939330
1.933918
2.036562
1.996595
1.944834
2.023511
1.969617
2.021490
2.010290
2.042005
1.990701
1.888616
1.973643
1.941558
1.991865
2.032320
1.922320
1.843550
1.960210
1.948446
1.917105
1.974638
1.933733
1.906557
2.021810
2.032234
1.985440
1.932067
1.959070
1.903188
1.926698
1.937813
1.972447
1.916193
1.926465
1.877214
1.944832
1.951241
1.948919
1.869776
1.997040
1.957479
1.841941
1.936915
1.889833
1.888789
2.006908
1.960882
1.950088
1.968782
1.928062
1.944834
2.051371
1.956195
2.045750
1.937411
1.934777
1.987826
2.097179
1.980878
1.962350
1.947575
1.921567
1.948013
2.110819
1.981244
1.936317
1.940169
1.873035
2.047016
1.969604
2.006959
2.072384
1.993047
2.091413
2.010923
1.951455
1.924370
2.050638
1.935417
1.929099
1.990484
1.943012
1.985152
1.950457
1.934685
1.958932
1.923381
2.092421
1.970443
1.893953
1.906389
1.969398
1.950001
1.887776
1.930410
2.027217
1.873103
2.001045
1.897592
2.005902
1.841286
1.989551
1.921496
1.991280
1.889209
1.926335
1.874663
1.934718
1.957837
1.885078
1.887262
1.956125
2.005399
1.991698
1.986340
1.930281
2.048388
1.946346
1.910471
2.070398
1.940391
2.012152
1.924921
1.960794
1.906349
1.883863
1.859990
1.924704
1.959769
1.858017
1.931917
2.012655
1.932214
1.902828
1.932285
1.910445
1.942529
1.926990
1.997262
1.980516
1.985620
1.975932
1.912505
1.922042
1.923171
2.080699
2.064144
1.931469
2.014519
2.007652
1.882175
1.940052
1.854486
1.893519
1.966396
2.022385
1.961538
1.878855
2.037437
1.895971
2.066068
2.000930
2.008046
2.036027
1.999448
1.942361
2.012361
1.946119
2.096645
1.957003
1.900329
1.875905
1.990417
1.957852
2.025597
2.006588
1.930797
1.924413
1.833972
1.983340
2.011789
1.942514
1.929898
1.941806
1.945581
1.915400
1.883632
1.984868
1.955248
1.946879
1.992801
1.994797
2.002548
1.879891
1.875485
2.020808
1.916941
1.969388
1.931647
1.900994
1.954174
2.025770
1.891980
1.937534
1.876448
2.063546
2.054883
1.910039
2.030485
2.031693
2.037842
1.989248
1.993528
1.869193
2.033648
1.995260
1.973081
1.906975
2.072057
1.939289
1.924094
2.055598
2.023920
1.957480
2.001890
1.928951
1.898069
1.913484
2.008766
1.930101
1.945704
1.966063
1.933141
1.944248
1.903456
2.152238
2.064998
2.048724
1.921626
1.956982
2.035383
1.873799
1.928035
1.916786
2.029517
1.894960
1.903761
1.967947
1.906878
1.909247
1.930368
1.893526
1.964245
1.947884
2.015796
1.998547
1.912212
1.982203
2.009959
1.915906
1.943614
1.980512
1.924092
1.948848
1.969517
1.889486
1.979134
1.996051
1.993040
1.841898
1.970019
1.964616
1.926140
2.008884
1.965064
1.974088
1.918021
1.939335
1.970343
1.885621
1.926351
1.897428
1.980726
1.970882
1.856478
1.907478
1.875236
1.944989
1.955010
2.010248
1.928089
1.963743
1.987458
1.935258
1.854071
2.140928
1.897985
1.900977
2.051104
1.938952
1.973538
1.903220
2.054890
1.951966
1.924313
1.847499
2.021016
1.956671
1.899919
1.980469
1.953808
1.973502
1.958676
1.906549
1.962850
2.083600
1.931372
1.938436
1.964336
1.827070
1.846654
1.984809
1.974851
1.985879
1.901119
1.904286
1.961132
1.875651
1.938902
1.916742
1.886069
1.946043
1.952832
2.046808
1.952747
1.952771
1.968427
2.072532
1.910083
2.102497
1.912147
2.043305
1.975907
1.886014
2.058773
1.962991
2.008281
1.971071
1.943543
1.967947
2.000749
1.973495
1.950538
1.914449
1.972278
1.913170
1.999935
2.026403
1.961146
1.897978
2.086870
1.956317
2.026367
2.039401
1.942065
1.878332
1.993718
1.945019
1.944767
1.950515
1.911407
1.924181
1.975503
1.907694
1.956916
1.945289
1.934276
1.913460
1.929610
1.978908
1.841874
1.897830
1.890959
1.916984
1.946221
1.857513
2.007736
1.902679
2.020985
1.937838
1.960684
2.028015
2.092744
1.995647
2.012044
1.856390
1.931993
1.824325
1.930834
2.026086
1.965944
1.884308
1.889871
1.955171
1.935088
2.069370
2.022131
1.973237
1.899718
1.956895
1.910208
1.980525
1.873224
1.942509
2.037504
1.951580
1.979681
1.897153
1.916638
1.846861
1.990800
2.091109
2.032433
1.956145
1.971444
1.977092
2.034217
1.934466
2.028943
1.968173
1.944984
2.046585
1.923633
1.896811
1.986425
1.988073
1.946653
1.951472
2.076519
1.970801
1.933607
1.936230
1.952334
1.921549
1.888047
1.923433
1.853202
1.944868
1.924653
1.910883
1.906304
2.003369
2.061895
1.956284
1.914705
1.978616
1.994102
1.956505
2.014142
1.890916
1.979893
1.937284
1.976216
1.853506
2.037101
1.935738
1.905954
1.989418
1.873454
1.914590
1.964830
1.887914
1.944709
1.997951
1.994624
1.982227
1.886627
1.901773
1.902851
1.908737
2.036854
1.973000
1.934149
1.884470
2.113767
2.019449
1.927507
1.933573
1.917974
1.933607
1.915152
1.837914
1.892292
1.903608
1.958012
1.949113
2.002763
1.942915
1.979365
2.032109
2.038337
1.946032
1.978787
1.928391
1.973228
2.023890
1.984815
1.927126
1.896614
2.023999
2.028241
1.913682
1.867648
1.893636
1.996979
2.039667
1.881865
1.879752
1.997020
1.967597
1.887247
1.859672
1.827558
1.964576
1.973226
2.004820
2.020235
1.939166
1.946855
1.850521
2.060399
1.988879
2.005970
1.978208
2.005965
1.922196
1.868010
1.929710
1.950042
1.989985
2.010351
1.969376
2.024389
1.970232
1.973212
1.915971
1.968273
1.987867
1.929751
1.952073
1.991571
1.954225
1.903129
2.056406
1.949676
1.934396
1.972290
2.003456
1.929059
1.989344
2.004231
1.834653
2.020115
1.999516
1.974932
1.899578
1.917329
1.949647
1.870376
1.938449
1.960121
1.953467
2.020464
1.910884
1.931092
1.912750
2.032757
1.880351
1.968630
1.982328
1.984423
1.939943
1.928601
1.896479
1.934976
1.860588
1.888547
1.911553
2.005669
1.922957
2.070906
1.907375
1.915683
1.969456
1.893005
1.951148
1.845216
1.893576
1.952991
1.924759
2.030174
1.917349
1.923090
1.909968
1.985163
1.858472
1.954191
1.935375
1.879464
1.904687
1.878709
1.921378
1.980481
2.239081
1.874426
1.944636
1.878830
1.967795
2.076988
1.902055
2.017824
1.827419
1.896521
2.048960
1.831202
1.847552
1.898087
1.864472
1.944978
1.899716
1.974812
2.084318
2.025782
1.857561
2.061997
1.904383
2.100220
1.972260
2.045648
1.925842
1.982998
1.976538
1.881402
1.931686
1.926767
2.051685
2.027743
1.848818
2.052012
1.963186
1.938329
1.973359
1.983012
1.897743
1.981246
1.799864
1.962743
1.929247
2.012735
1.999811
1.981742
2.030501
2.093514
2.035395
1.889214
1.931034
1.884063
1.828911
2.000983
1.916640
1.957461
1.937700
1.940511
1.966041
1.995693
1.902169
1.950484
1.948667
1.913523
1.988651
1.929037
1.861306
1.887741
1.906932
1.897625
1.926251
1.847578
1.977663
2.006820
1.960240
2.027423
2.061937
2.003487
2.010328
2.081300
2.017978
1.851052
1.946464
1.975879
1.945805
2.033283
1.931687
1.920185
1.954130
1.914530
1.944556
2.012711
1.898774
1.885977
1.885984
1.994419
1.956866
1.987926
1.951762
1.945280
1.933833
2.017074
2.021198
1.916066
1.970314
1.949824
1.936639
1.903961
1.985755
1.936164
1.873768
1.864596
1.889759
1.978237
1.942403
1.997579
1.864245
2.041738
1.973139
1.970831
1.970516
1.909457
1.977148
1.961824
1.961877
1.930538
1.967493
1.940069
1.993044
1.881954
1.916951
1.909606
1.965220
1.866150
2.093782
1.938658
1.986018
1.894022
1.936951
1.928743
1.821998
1.756534
1.894366
1.788693
1.967284
1.895798
1.992633
1.889153
1.935243
1.995584
1.884605
1.930421
1.949926
1.867091
1.863239
1.949591
1.912979
1.919381
1.925513
1.862581
2.012701
1.915184
1.953426
2.022261
1.898262
1.938773
2.043947
1.997000
1.915304
1.929633
1.951941
1.899035
1.943797
2.032003
1.857983
2.006644
1.904260
1.958990
1.979874
1.961889
1.957068
1.936857
1.906113
1.961135
1.961227
2.035326
1.898320
1.905272
1.871074
1.969311
1.999244
2.033493
1.929568
1.891672
1.866180
2.013097
1.939275
2.044048
1.987232
1.898064
1.905839
2.005401
1.987366
1.923345
1.940885
1.892509
1.964455
2.009582
1.981579
1.886672
1.868397
1.934322
1.908906
1.970163
1.970661
1.978462
1.874479
2.007753
1.938219
2.074710
1.973215
1.936201
1.917798
1.988204
1.935194
1.941831
1.952991
1.970487
2.005055
1.931558
2.003346
1.904038
1.907340
1.966093
1.949764
1.919953
1.903909
1.960642
2.015435
1.903714
1.970253
1.866364
1.983589
1.965384
1.915433
1.935143
1.928193
1.969641
1.941154
2.046775
1.852868
1.957552
1.881044
1.887379
1.869838
1.895110
1.957619
1.931635
1.973489
1.889308
1.891774
1.965194
1.904301
1.948856
1.919314
1.930531
1.905977
1.927663
1.876138
1.929119
2.166908
2.007644
1.980144
1.929175
1.932006
1.916951
1.915061
2.005647
1.906419
1.854841
1.908651
1.954062
1.992887
1.837331
1.880078
1.976720
1.903442
1.923357
1.911030
1.967382
1.848727
2.018111
1.800051
2.005313
1.892866
2.071551
1.941961
1.948917
1.957618
1.892125
1.859271
1.921321
1.921906
1.902560
2.004442
1.962641
1.939131
2.002748
1.930017
1.956833
2.123405
1.955457
1.999624
1.937013
1.913572
1.869877
1.966529
1.948278
1.886136
1.855474
1.921352
1.912779
1.920170
2.024536
1.928127
1.908076
1.927052
1.882338
1.973934
2.062743
1.912692
2.045286
1.945749
1.926836
1.911654
1.988205
1.926709
1.823050
2.006540
1.951410
1.906755
2.066380
1.917313
1.929306
1.940060
2.016619
1.954600
1.963008
1.854984
1.917490
2.107761
2.010457
1.965009
1.981277
1.946237
1.942808
1.954230
1.853123
2.121326
1.978389
1.934072
1.895542
1.959541
1.976284
1.990155
2.021543
1.869685
1.837047
2.007389
1.942649
1.858399
1.911367
1.933933
1.917922
1.951433
1.925338
1.859439
1.982833
1.962267
1.883206
2.022540
1.899190
1.928383
2.156672
1.931143
1.935589
1.967162
1.967217
1.880982
1.897560
2.044703
1.895852
1.907529
1.956902
1.857094
2.028944
2.026089
2.067014
1.871172
1.862826
2.099249
1.963667
1.977221
1.900276
1.940420
1.970979
1.925550
1.960701
1.944263
1.939676
1.890009
1.911103
1.922848
1.854151
1.949913
1.985549
2.012347
1.849754
1.885905
1.930791
1.923022
1.994705
1.884690
1.875953
2.025294
1.913340
1.895622
1.935593
1.954044
1.837398
1.862127
2.047388
1.956778
1.991936
1.918050
1.927317
2.012200
1.882973
1.928002
1.870343
1.899640
1.862543
1.887729
1.896080
1.878587
1.813035
1.949675
1.893127
1.809140
1.972633
1.991521
1.956652
1.989701
1.990399
1.918145
1.858371
1.933428
1.844108
2.008012
1.968161
1.964469
1.950820
1.960435
1.972110
1.967050
1.959141
1.924166
1.866634
1.954452
1.899918
1.957043
1.876838
1.917671
1.930907
1.880394
1.954731
1.919092
1.935589
1.931273
1.920289
1.894103
1.903754
1.911474
1.882449
1.852298
1.927320
1.859536
1.894787
1.906933
1.877112
1.891420
1.881152
1.807907
2.029835
1.926136
2.007877
1.987678
2.036911
1.889859
1.851511
1.995629
1.929134
2.029117
1.956408
1.917925
1.895302
2.028928
2.017648
1.912959
2.045898
1.916520
1.877760
1.928519
1.971319
1.996796
2.009675
1.879071
1.920426
1.937407
1.958740
1.931794
1.882359
1.925779
1.927967
1.999936
2.037089
1.915065
1.959260
1.925028
1.971279
2.023293
1.994005
1.899567
1.902458
1.997139
1.898585
2.011218
1.957240
1.915201
1.916179
1.967249
1.869822
1.790763
1.924136
1.832689
1.839393
1.949470
1.958037
2.012626
1.958501
1.930043
1.968162
1.906178
1.840915
1.973529
1.957814
1.925281
1.917716
2.102873
1.959677
1.955497
1.954635
1.950308
1.870782
1.933100
1.915959
1.912325
1.984383
1.964663
1.904221
1.895841
1.921464
1.890985
1.824941
1.913163
1.920051
1.887099
1.862798
1.907539
1.886694
1.917015
1.909987
1.949909
1.928181
1.884849
2.088628
1.898456
1.834147
1.937951
1.975973
1.962067
1.919355
1.997669
1.996717
1.879636
1.971676
1.929686
1.913979
1.934156
1.926302
2.076859
1.934834
1.932385
1.843991
1.899759
1.880565
1.920484
1.933934
2.038809
1.938650
1.895356
2.010855
1.923880
1.876514
1.896825
1.952088
1.819151
2.013751
1.988286
1.894237
2.056081
1.926547
1.950071
1.923274
1.981929
2.033196
1.934431
1.945420
1.912820
2.009938
1.910729
1.884094
1.898479
1.873474
1.946330
1.955237
1.918635
1.887493
1.988589
1.925944
1.876866
1.997360
2.010145
1.852544
2.012867
1.860364
1.821542
1.820222
2.038494
1.889452
1.860527
1.940940
1.940485
1.915825
1.900623
1.921229
2.033825
1.965715
1.950932
1.953900
1.946897
1.855186
1.994333
1.950050
1.872199
1.827217
1.909121
1.965630
1.919365
1.845716
1.827478
1.896312
1.930946
1.894676
1.910587
1.854239
1.849791
2.005866
1.923973
1.913473
1.905227
1.979644
1.937904
1.869303
1.956968
1.894217
1.976173
1.946853
1.926269
1.855282
1.934183
1.862910
1.970756
1.945287
2.024968
1.929081
1.972423
1.937148
1.917576
2.012704
1.953194
1.889611
1.911226
1.990586
2.030457
1.972299
1.925783
1.974766
1.921822
1.864596
1.898435
1.896515
1.923878
1.854479
1.922076
1.842537
2.049203
1.945179
1.990536
2.012091
1.889554
1.946382
1.898171
1.850091
1.897052
2.014302
1.826503
1.911165
1.785216
1.931319
1.945461
1.954674
1.917219
1.960665
1.880108
1.985380
1.851077
1.956251
1.859869
1.918116
1.865425
2.055127
2.063334
1.950044
2.017168
1.965508
1.939776
1.918712
1.990016
1.921760
1.912930
1.913587
1.878211
1.962072
1.930014
1.969770
1.997048
1.939150
1.936841
1.927894
1.889192
1.834557
1.882777
1.877424
1.951636
1.907306
2.005380
1.972785
1.924008
1.895316
1.886365
1.962951
2.002185
1.977347
1.954983
1.972580
1.989843
1.904505
1.896187
2.009884
1.873849
1.934097
1.929257
2.054627
1.877129
2.028434
1.963412
1.939380
1.934600
2.018168
1.952254
1.877446
1.885041
2.016654
1.899446
1.907880
1.919147
1.911008
1.892922
1.924484
1.861993
2.076315
1.958405
1.956437
1.892683
1.864678
1.983042
1.933013
1.935905
1.944498
1.932229
1.921994
1.836327
1.912921
1.937614
1.982576
1.936335
1.869261
1.942966
1.903200
1.840047
1.978074
1.945800
1.913075
1.864930
1.909275
2.011105
1.860048
2.018117
1.877575
1.921397
2.008222
1.859704
1.910697
1.928484
1.877279
1.973091
1.892198
1.884714
1.864349
1.846853
2.063818
1.992359
2.077916
1.954894
1.942605
1.859863
1.930274
1.950491
1.912468
1.952397
2.006311
1.885693
1.944441
1.912788
1.841823
1.987289
1.866666
1.850157
1.998543
1.874757
2.027122
1.918400
1.939013
1.869584
1.898109
1.920451
1.892035
1.862361
1.957856
1.896081
1.887640
1.980836
1.917598
1.882031
1.846622
1.907885
1.968843
2.023802
1.977907
1.865985
1.936860
1.934411
2.024802
1.913868
1.933973
1.864590
1.955494
1.965095
1.874498
1.904458
1.977451
2.001021
2.007937
1.961700
1.920251
1.967080
1.923258
2.230848
1.935744
1.967607
1.899570
1.950481
2.015671
1.910136
2.008664
1.864971
1.881740
1.908457
1.887804
1.919119
1.928901
1.820412
1.839721
1.810381
1.986219
1.972006
1.895468
1.878042
1.915111
1.908898
1.931001
1.888515
1.924307
1.884766
1.811746
1.879503
1.919966
2.044486
1.965285
1.869770
1.973500
1.951102
1.904540
1.969617
1.913916
1.898922
1.889208
1.902464
1.922401
1.928964
1.940854
1.884459
1.891658
1.984113
1.889910
1.866861
1.954186
1.922245
1.906073
1.965841
1.849529
1.950988
1.861932
1.969961
1.872693
1.900159
1.899322
1.925494
1.903497
1.860312
1.882743
1.914698
1.860213
1.863246
1.838732
1.856432
1.850701
1.933913
1.988572
1.929356
1.948683
1.978457
1.882577
1.885337
1.827480
1.940687
1.924828
1.936612
2.012877
1.903828
1.865124
1.954227
1.849576
1.828404
1.993005
1.924131
1.980221
1.901244
1.859353
1.940160
1.927369
1.931743
1.904769
1.833279
1.875365
1.821464
2.059924
1.790587
1.889945
1.998048
1.940846
1.878891
1.810758
1.916055
1.970034
2.002522
2.013654
1.980322
1.869730
1.963743
1.982834
1.897512
1.910923
1.948316
1.940103
1.950468
1.864585
2.002299
1.871127
1.987331
1.867314
1.964395
1.971723
1.890535
1.978714
1.894951
1.883290
1.857204
2.003857
1.866795
1.934056
1.865360
1.875421
1.886925
2.013428
1.931156
1.894854
1.986566
1.966235
1.932789
1.833136
1.811108
1.901533
1.876006
1.972743
1.991060
1.915396
1.960829
1.964803
1.940602
1.960560
1.900102
1.864064
1.892574
1.834865
2.095986
1.925918
1.839499
1.977082
1.925885
1.955127
1.947784
1.930510
1.897125
1.888544
1.946154
1.893870
1.970603
1.897299
1.895080
2.042817
1.910367
1.831076
1.856734
1.916927
1.848512
1.922552
1.839818
1.868848
1.960301
1.879527
1.847538
1.931899
1.830407
1.907086
1.924875
1.839759
1.909876
1.868781
1.807122
1.797476
1.878291
1.930427
1.993448
1.965712
1.920544
1.937181
2.059868
1.872751
1.969715
1.917672
1.931899
1.993726
1.895482
1.904859
2.012179
1.895344
1.914645
1.982381
1.834964
1.783801
2.010798
1.963131
1.917551
1.892279
1.885978
1.900267
1.833724
1.942949
1.861660
1.933766
1.997553
1.842471
1.920315
1.872852
1.934280
1.851441
1.952779
1.938183
1.944566
1.893371
1.924640
2.027954
1.954646
1.896725
1.985928
1.955335
1.903027
1.897152
2.065575
1.875241
1.964827
1.924436
1.855910
2.002530
2.024291
1.998860
1.916571
1.846345
1.788455
1.907880
1.943835
1.977030
1.958970
1.857495
1.983109
1.952530
1.912593
1.957793
1.905625
1.975205
1.921582
1.996751
1.897472
1.917828
1.876485
1.834741
1.897493
1.840411
2.144261
1.868391
1.856422
1.952484
1.864700
1.891078
1.880406
1.875358
1.891281
1.941496
1.973036
1.865542
1.935716
1.978216
1.820492
1.896139
1.858146
1.906558
1.967772
1.885887
1.864673
1.951691
1.901778
1.930198
1.925444
1.851123
2.007365
1.887390
1.949510
1.964459
1.908423
1.898196
1.911278
1.879663
1.892947
1.858383
1.851985
1.903972
1.914194
1.926488
1.954471
2.000783
1.904661
1.979733
1.910046
2.047591
1.981218
1.989100
1.892592
2.031931
2.018278
1.937198
1.830316
1.807576
1.921937
1.919960
1.969248
1.849150
1.925749
2.013846
1.903531
2.000089
1.912784
1.811600
1.946632
1.902745
1.820420
1.923475
1.909628
1.898081
2.081266
1.836647
1.837757
1.853026
1.920030
1.991597
1.851460
1.930430
1.831272
1.784041
1.874998
1.908798
1.884176
1.928134
1.950212
1.939057
1.955216
1.971920
1.922882
1.819932
1.972728
1.933204
1.898846
1.950331
1.961303
1.975462
1.897124
1.872403
2.029121
1.883231
1.970544
1.925170
1.963931
2.017794
1.859525
1.878621
1.885750
1.951513
1.923428
1.980369
1.867884
2.001073
1.955344
1.932042
1.809796
1.838351
1.867012
1.942459
2.076597
1.810305
2.012428
1.948760
1.938248
1.921525
1.941462
1.908138
1.888046
1.902435
1.882619
1.947154
1.857706
1.816410
1.954927
1.853803
1.892166
1.899196
1.894256
1.863699
1.926005
1.869797
1.985677
1.906479
1.906147
1.889979
1.887109
1.889567
1.897188
1.878097
1.993331
1.923148
2.045432
1.922217
1.873115
2.019201
1.932159
1.949708
1.959199
1.906003
1.969147
1.840311
1.936342
1.821503
1.934324
1.887894
1.914943
1.918982
1.903393
1.868307
2.013797
1.942704
1.974556
1.912839
1.899007
1.883711
1.984151
1.813342
1.957955
1.864176
1.936237
1.765611
1.952205
1.790415
1.880412
1.833994
2.086302
1.964775
1.871616
1.971779
1.896313
1.887269
1.922917
2.042223
1.981783
1.969755
2.039291
1.896491
1.875470
1.881835
1.888281
1.857679
1.922654
1.798536
1.892423
1.932141
1.815063
1.785814
1.841958
1.876508
1.774047
1.855999
2.039197
2.037888
1.871179
1.901289
1.884852
2.055078
1.963027
1.960780
1.888673
1.889072
1.871411
1.824734
1.806185
1.863400
1.912591
1.898921
1.849417
1.889813
1.950281
1.962725
1.929945
1.852354
1.812618
1.977256
1.986325
1.910353
1.872210
1.809505
1.796663
1.898004
1.890283
1.991067
1.869266
1.845194
1.928098
1.935754
2.057404
1.897525
1.933341
1.932219
1.921184
1.917956
1.898065
1.964249
1.852435
1.884780
1.837199
1.862403
1.929865
1.999120
1.964267
2.063133
1.922665
1.933377
1.925143
1.988813
1.834075
1.822371
1.808191
1.920030
1.948281
1.799304
1.921567
1.947474
1.838326
1.890454
1.967488
1.950184
1.862338
1.865852
1.935915
1.957268
2.012681
1.881787
1.948521
1.972628
2.142618
2.023551
1.825646
1.851830
1.925283
1.884598
2.055382
2.092888
1.813628
1.953116
1.915488
1.870479
1.990642
1.881627
1.889528
1.900761
1.816753
1.912069
1.842652
1.833722
2.098565
1.843058
1.905369
1.907425
1.883468
1.875014
1.896044
1.924726
1.829946
1.951244
1.855054
1.937861
1.981778
1.890303
1.836349
1.911591
2.128330
2.020387
1.886081
1.885458
1.945262
1.950595
1.833627
1.832721
1.976717
1.884642
1.860887
1.858897
1.902067
1.885212
1.951408
1.826833
1.896083
1.830881
1.837180
1.858739
1.931421
1.957991
1.938475
1.848239
1.986421
1.977244
1.881190
2.023623
1.910223
1.862968
1.822813
1.889088
2.080627
1.902566
1.956617
1.904576
1.897745
1.781842
1.799106
1.898580
2.036990
1.828462
2.122963
1.885679
1.882444
1.903244
1.959104
1.952549
1.843104
1.870537
1.942321
1.859480
1.964573
1.908588
1.853293
1.901413
1.874843
1.828112
1.921438
1.922633
1.972892
1.904010
1.864327
1.847588
2.106518
1.946529
2.048146
1.984630
1.859694
1.874016
1.864156
1.957290
1.860795
1.976729
1.886503
1.936078
1.867920
2.089355
1.861912
1.885861
1.914914
1.859119
1.780402
1.928494
1.942138
1.892997
1.892872
1.902157
1.886939
1.931850
1.861145
1.922365
1.880915
1.886478
1.907028
1.911546
1.804048
1.878691
1.840915
2.030715
1.879670
1.846380
1.913993
1.962709
1.916580
1.929301
1.826986
1.952872
1.788234
1.888038
1.849311
1.911347
1.834172
1.852685
1.872525
1.937805
1.971584
1.835814
1.859483
1.860259
1.900654
2.100955
1.924634
1.872102
1.964477
1.850976
1.974028
1.878444
1.895930
1.986713
1.874949
1.863520
1.897224
1.980763
1.914303
1.839004
1.851994
1.982330
1.858361
1.854968
1.848087
1.877149
1.862608
1.996079
1.874343
1.858328
1.738424
1.835834
1.937930
2.014484
1.951759
1.999342
1.952433
1.877308
1.986247
1.954197
2.019502
1.907802
1.860565
1.934852
1.885081
1.937889
1.921174
1.957098
1.902429
2.038919
2.029077
1.951876
1.975702
1.917803
1.960321
1.999011
1.870118
1.904361
1.912154
1.864277
1.809025
2.023199
1.828054
1.891795
1.830191
1.894204
1.984789
1.949379
1.969524
1.936545
2.031132
1.879338
1.930317
1.872488
1.909994
1.925978
1.859043
1.859351
1.950258
2.027265
2.032295
1.945827
1.865484
1.832990
1.892187
1.875638
1.908260
1.886678
1.811837
1.876486
1.931987
1.944144
1.832695
1.874397
1.877443
1.888980
1.849627
2.000557
1.992333
1.891955
1.839317
1.796883
1.852934
1.859955
1.954760
1.837662
1.952042
1.954847
1.898939
1.858285
1.951517
1.941279
1.844657
1.899243
2.070243
1.851891
1.856747
1.897115
1.980071
1.913948
1.829448
1.824705
2.020663
1.994581
2.028888
1.899651
1.859893
1.889368
1.929023
1.950429
1.841058
1.943207
1.944001
1.924647
2.057144
1.987083
1.974934
1.884237
1.858755
1.900311
1.874725
1.911935
1.904629
1.893237
1.895564
1.860229
1.887987
1.905321
1.930088
1.821735
1.875648
1.965931
1.824061
1.786609
2.010632
1.877388
1.958526
1.835832
1.916140
1.847634
1.806965
1.895153
1.869899
1.884065
1.885898
1.995176
1.967097
1.908613
2.029762
1.895466
1.878393
1.878380
1.991822
1.934820
1.971895
1.842538
1.941977
1.893735
1.771672
1.962349
1.978892
2.007576
1.931340
1.842195
1.901093
1.915619
1.970466
1.892508
1.943286
1.912253
1.936507
1.897698
1.858405
1.878611
1.916282
1.821029
1.957844
1.897838
1.853360
1.925977
1.877735
1.969915
1.891620
1.884022
1.871382
1.877582
1.938404
1.869252
1.865781
1.869705
1.937715
1.900774
1.883844
1.956443
1.865357
1.926809
1.943442
1.911503
1.925776
1.907879
1.912959
1.908179
1.843408
1.932504
1.846290
1.841812
1.973942
1.914235
1.880086
1.906039
1.914245
1.869109
1.907379
1.816630
1.855713
1.771175
1.848668
2.032260
1.865948
1.915462
1.904719
1.908286
1.805274
1.883443
1.856398
1.964434
1.833289
1.874865
1.880567
1.875201
1.837142
1.906111
1.836552
1.872554
1.885359
1.913940
1.999388
1.929233
1.953863
1.862943
1.867330
1.936030
1.891756
1.909374
1.975923
1.941970
2.002607
1.862115
1.893268
1.928219
1.866400
1.977903
1.868164
1.815567
1.815388
1.900815
1.969220
1.900384
1.989042
1.935836
1.980206
1.896140
2.038164
1.921415
1.943689
1.990039
1.846697
1.858113
2.005193
1.924840
1.821169
1.896492
1.870144
1.871819
1.822207
2.063232
1.925839
2.006166
1.923035
1.868088
1.957042
1.788611
1.890765
1.837077
1.815224
1.894342
1.908927
1.918556
1.832824
1.863137
1.786088
1.924422
1.873622
1.874226
1.935834
1.894967
1.884065
1.877866
1.929912
1.886588
2.045773
1.918617
1.858902
1.897676
1.851210
1.909524
1.827136
1.838416
1.860079
1.869212
1.822364
1.859699
1.885615
1.955870
1.870052
1.803319
1.852575
1.777700
1.862746
1.871891
1.853517
1.811787
1.862947
1.972402
1.951892
2.028564
1.945900
1.915419
1.974261
1.922762
1.840160
1.885045
1.854255
1.842533
1.861519
1.925582
1.794489
1.912544
1.867304
1.885835
1.915177
1.941224
1.881636
1.836417
1.905469
1.880149
1.975633
1.904482
1.988378
1.975377
1.936213
1.873641
1.883325
1.816259
1.908155
2.028515
1.861037
1.793349
1.794396
1.870628
1.862983
1.892674
1.872496
1.817135
2.059334
1.826999
1.894520
1.809787
1.855625
1.825480
1.902354
1.863295
1.957320
1.879987
1.894459
1.904068
1.906367
1.921873
1.861317
1.887337
1.852596
1.958933
1.800189
1.889266
1.898633
2.060237
1.869920
1.935330
1.875951
2.015289
1.850896
1.875287
1.862163
2.012462
1.876146
1.898717
1.922755
1.962213
1.888524
1.893110
2.026666
1.827758
1.836409
1.964589
1.848644
1.928057
1.859304
1.828916
1.724475
1.912052
1.823909
1.849726
1.957177
2.100516
1.919437
2.020742
1.939127
1.937855
1.913164
2.072341
1.859676
1.915153
1.848957
1.868313
1.812557
1.965419
2.159232
1.979603
2.067766
1.867122
1.889857
1.822245
2.044988
1.901935
2.052711
1.916862
1.808544
1.997190
1.967365
1.951358
1.962392
1.947582
1.914179
1.863667
1.974891
1.806030
1.914198
1.818414
1.884234
1.906074
1.936018
1.852938
1.989977
1.895186
1.880331
1.961503
1.975415
1.907215
1.824786
1.910489
1.872347
1.866598
1.803069
1.881107
1.814563
1.901828
1.938986
1.898118
1.808996
1.916110
1.898395
1.853825
1.858365
1.848453
1.909030
1.864039
1.944764
1.921644
1.872045
1.892235
1.752868
1.889745
1.903017
1.972104
1.856839
1.852075
1.964748
1.867719
1.822284
1.939027
1.892286
1.881595
1.964979
1.837502
1.831009
1.818916
1.791563
1.900895
1.907409
1.852698
1.870913
1.877902
1.866126
1.872509
1.877408
1.868604
1.971001
1.888460
1.939063
1.902711
1.918613
1.867684
1.810375
1.889786
1.867094
1.947160
1.924819
1.869192
1.964661
1.829136
1.871435
1.950239
1.922800
1.848429
1.803525
1.898581
1.940662
1.861894
1.918541
1.964445
1.873489
1.758430
1.908858
1.874398
1.918558
1.882123
1.860133
1.822396
1.910008
1.922006
1.766588
1.822921
1.913997
1.903961
1.931471
1.945395
1.930142
1.885641
1.986935
1.892382
1.837611
1.806695
1.882312
1.901039
1.899641
1.982063
1.890537
1.919298
1.905495
1.846535
1.831466
1.819045
1.826020
1.824254
1.748906
1.879290
1.949867
1.864613
1.841009
1.854418
1.929557
1.903909
1.840316
1.860486
2.018939
1.920547
1.832889
1.763934
1.847305
1.871240
1.922070
1.852364
1.910604
1.919392
1.855950
1.814853
1.969931
1.950514
1.924166
1.880812
1.785486
1.895768
1.781254
1.912196
1.854030
1.888003
1.915769
1.803157
1.949669
1.876036
1.836563
1.999993
1.845466
1.926086
1.857424
1.921883
1.783733
1.993555
1.731286
1.893145
1.945907
1.884993
1.786130
1.877295
1.786281
1.897603
1.808502
1.795324
1.941992
1.932651
1.860930
1.792310
1.883430
1.866884
1.806567
1.981754
1.912978
1.945830
1.947458
1.886545
1.882291
1.833251
1.851255
1.856223
1.848138
1.868942
1.744771
1.783763
1.826954
1.887271
1.823270
1.859130
1.929886
1.879064
1.838886
1.859018
1.867279
1.904632
1.866965
1.958817
1.820292
1.864539
1.832405
1.930472
1.888836
1.869963
1.855508
1.722681
1.828994
1.915342
1.974284
2.017779
1.963865
1.827986
1.954643
2.104753
1.951532
1.865238
1.885701
1.826271
2.135660
1.788086
2.014151
1.845986
1.928804
1.791939
1.796006
1.803289
1.904042
1.857203
1.857648
1.820052
1.867360
1.853196
1.744835
1.873716
1.895519
1.848315
1.990981
1.833472
1.807083
1.869572
1.828382
1.944243
1.937145
2.040698
1.889270
1.936623
1.835472
2.003157
1.800885
1.952355
2.020014
1.805611
1.953977
2.027552
1.896044
1.935390
1.866327
1.944970
1.965499
1.930413
1.864913
1.893142
1.920636
1.845487
1.898454
1.862827
1.978453
1.770325
1.880548
1.906736
1.883283
1.880620
1.805464
1.947189
1.835520
2.013470
1.849319
1.919102
1.940388
1.924497
1.978738
1.923021
1.884506
1.886107
1.896422
1.908687
1.829423
2.053829
1.943448
1.966632
1.792129
1.936929
1.827201
1.818249
1.948277
1.879640
2.025984
1.858771
1.903899
1.884974
1.775718
1.952051
1.828841
1.841247
1.917459
1.785030
1.824834
1.950662
1.941799
1.825927
1.951183
1.851325
1.850241
1.906533
1.814222
1.890100
1.892808
1.866353
1.888630
1.761309
1.933644
1.939526
1.799018
1.923538
1.889661
1.937603
1.770066
1.872668
1.830627
1.958588
1.899017
2.106951
1.777113
1.970699
1.864231
1.929904
1.839591
1.870692
1.864784
1.960926
1.800714
1.788418
1.891267
1.838992
1.846289
1.933413
1.951752
1.829901
1.934461
1.844155
1.905330
1.842883
1.918569
1.879918
1.894302
1.869089
1.814780
1.898703
1.878346
1.793810
1.789251
1.721108
1.786363
1.883138
1.891159
1.877599
1.835815
1.826444
1.872133
1.917536
1.923303
1.904318
1.860505
1.827401
1.826123
1.928109
1.924664
1.834998
2.049385
1.912689
1.954578
1.780551
1.917255
1.831656
1.909448
1.807121
1.822770
1.919329
1.851724
1.858776
1.865317
1.828537
1.875197
1.890314
1.786106
1.821114
1.916137
1.859070
1.920119
1.785758
1.838217
1.861091
1.819445
1.795662
1.857636
1.830389
1.837066
1.846706
1.923555
1.856563
1.840398
1.916402
1.822797
1.997649
1.851259
1.824203
1.906665
1.907408
1.868176
1.877308
1.898035
1.768184
1.892760
1.822883
1.986675
1.828036
1.813431
1.893279
1.941640
1.833737
1.910151
1.857176
1.842154
1.803545
1.804011
1.803460
1.815924
1.833883
1.815742
1.881056
1.874997
1.845331
1.904367
1.858672
1.807194
1.968329
1.844774
1.897354
1.841000
1.932175
1.760334
1.998152
1.887930
1.883550
1.859214
1.976341
1.800516
1.875617
1.908560
1.867858
1.868297
1.925950
1.779833
1.842364
1.860089
1.931829
1.847910
1.901635
1.898483
1.838065
1.935358
1.792429
1.887697
1.957841
1.805604
1.867782
1.957101
1.969689
1.852510
1.855035
1.879616
1.871134
1.920614
1.832987
1.870568
1.781192
1.858709
1.957085
1.926902
1.891776
1.887187
1.842122
1.780655
1.857537
1.899314
1.808338
1.861487
2.015382
1.924633
1.907653
1.856050
1.859339
1.827815
1.885533
1.986424
1.813278
1.791874
1.918733
1.889053
1.886722
1.960009
1.820938
1.840972
1.834795
1.784673
1.887651
1.827134
1.871746
1.755611
1.890085
1.785738
1.935479
1.885754
1.860875
2.015431
1.976531
1.950480
1.993526
1.968981
1.871353
1.955127
1.935335
1.826982
1.937975
1.940271
1.816200
1.989737
1.931801
1.819921
1.848644
1.915719
1.875051
1.904875
1.982573
1.733122
1.843129
1.860060
1.948199
1.834911
1.891250
1.873147
1.765044
1.787480
1.853627
1.892000
1.826591
1.883229
1.841707
1.936636
1.954539
1.906518
1.846355
1.823207
2.017689
1.950158
1.932665
1.830589
1.902114
1.859791
1.848528
1.960458
1.824776
1.949865
1.827059
1.965719
1.844414
1.798444
1.890473
1.876983
1.990996
1.799775
1.787243
1.926862
1.790191
1.972429
1.908290
1.948940
1.793118
1.833891
1.775193
1.878959
1.960281
1.926368
1.919592
1.813811
1.857870
1.812940
1.993332
1.792066
1.843004
1.851074
1.749659
1.824800
1.804634
1.778360
1.957840
2.028353
1.863153
1.781244
1.802515
1.844629
1.953984
1.874920
1.783083
1.760366
1.879001
1.868992
1.933352
1.852927
1.833814
1.832959
1.898779
1.841370
1.859071
1.847343
1.862189
1.875474
1.902822
1.784931
1.927294
1.944281
1.968720
1.769969
1.838423
1.997638
1.809177
1.834496
1.802399
1.781524
1.833399
1.890586
2.030733
2.049076
1.812347
1.981333
1.752185
1.852014
1.807981
1.860934
1.850165
1.865462
1.798632
1.812739
1.960625
1.885231
1.788565
1.855286
1.865564
1.809162
1.849204
1.826444
1.861840
1.857340
1.833091
1.862862
1.829949
1.774722
1.848389
1.870859
1.793139
1.767578
1.734253
1.967734
1.913937
1.964131
1.904567
1.910511
1.824819
1.937906
1.880478
1.904698
1.932319
2.100402
1.785434
1.893683
1.766710
1.791266
1.780495
1.928485
2.057402
1.935666
1.903967
1.879943
1.795548
1.901655
1.842632
1.840680
1.905587
1.900339
1.789288
1.866787
1.907277
1.875787
1.981456
1.834431
1.872381
1.791563
1.836004
1.818483
1.879341
1.811247
1.793947
1.933390
1.758342
1.886396
1.820754
2.015545
1.919190
1.850898
1.851258
1.866636
1.928347
1.914498
1.754962
1.784211
1.770325
1.907677
1.850315
1.985136
1.899298
1.846848
1.888098
1.754857
1.720404
1.989296
1.843452
1.832792
1.797782
1.853241
1.926175
1.807984
1.913718
1.853064
1.980365
1.798627
1.874025
1.979021
1.926068
1.860354
1.937201
1.877110
1.812270
1.901515
1.873745
1.875057
1.878578
1.976875
1.889208
1.816629
1.818345
1.740391
1.785603
1.817088
1.797502
1.806218
1.826463
1.815699
1.882178
1.825541
1.777868
1.844173
1.782341
1.796286
1.768927
1.902591
1.884590
1.818905
1.843563
1.815048
1.865320
1.759301
1.825756
1.845176
1.923516
1.893595
1.914740
1.855409
1.852403
1.811070
1.858086
1.855957
1.924757
1.794020
1.919176
1.832784
1.883654
1.894688
1.933349
1.901125
1.751697
1.780049
1.903006
2.029485
1.808927
1.779950
1.963426
1.922392
1.853904
1.967012
1.888932
1.902879
1.877053
1.823592
1.897683
1.770995
1.762476
1.883960
1.922294
1.875705
1.899939
1.950147
1.861612
1.962709
1.899329
1.886938
1.809338
1.816624
1.930469
1.804595
1.766838
1.900657
1.777282
1.899458
1.833032
1.815418
1.818883
1.945842
1.861314
1.899982
1.848253
1.886242
1.831960
1.759116
1.947332
1.845588
1.730706
1.999596
1.855795
1.863940
1.774261
1.835701
1.724574
1.829146
1.799372
1.889179
1.895341
1.867873
1.927689
1.804658
1.807462
1.896399
1.862832
2.017250
1.897540
1.865553
1.793568
1.944067
1.901253
1.772327
1.914222
1.940643
1.817365
1.812670
1.851830
1.833090
1.963665
1.942079
1.844748
1.866845
1.971019
1.897973
1.867527
1.837842
1.979193
1.836914
1.784602
1.945158
1.837319
2.002970
1.885942
1.896475
1.834552
1.930918
1.858613
1.771825
1.820515
1.890062
1.762161
1.792660
1.860145
1.773417
1.896586
1.777773
1.826925
1.872269
1.917619
1.857492
2.000560
1.783359
1.806187
1.835556
1.871854
1.914618
1.947860
1.890205
1.784513
1.870428
1.806102
1.850281
1.821339
1.863035
1.894921
1.806047
1.745750
1.853741
1.958993
1.844159
1.870505
1.876677
1.920933
1.917435
1.826663
1.818338
1.796810
2.019765
1.831580
1.834573
1.896438
2.009670
1.791381
1.786711
1.830503
1.956637
1.978091
1.793684
1.851680
1.919949
1.819935
1.831651
1.894230
1.914924
1.876274
1.805152
1.820367
1.827266
1.925802
1.856280
1.795758
1.872152
1.778038
1.927422
1.870196
1.839672
1.955784
1.875647
1.901180
1.840292
1.929254
1.780501
1.777951
1.713151
1.878753
1.911552
1.794860
1.934407
1.830491
1.783853
1.818356
1.838367
1.790002
1.848297
1.913799
1.776907
1.778777
1.855896
1.933884
1.852414
1.915626
1.846802
1.810867
1.810521
1.941502
1.852567
1.858445
1.833201
1.876929
1.785285
1.870626
1.720267
1.924347
1.869526
1.767569
1.851753
1.757802
1.909205
1.899865
1.861869
1.837984
1.770005
1.903185
1.901317
1.812358
1.882505
1.793568
1.866647
1.689440
1.890556
1.842494
1.843216
1.917534
1.796300
1.888971
1.888688
1.836540
1.941782
1.931732
1.844387
1.791976
1.984460
1.820098
1.843256
1.860172
1.870476
1.960653
1.919798
1.976084
1.898215
1.776723
1.941353
1.948663
1.827957
1.869547
1.852188
1.938033
1.741513
1.890796
1.922020
1.863251
1.921164
1.890200
1.837351
2.048238
1.842277
1.856611
1.887801
1.915930
1.885960
1.869963
1.896552
1.875703
1.736475
1.872566
1.821448
1.808363
1.879373
1.762792
1.808995
1.847705
1.755880
2.005855
1.867581
1.960448
1.792693
1.871343
1.799717
2.047545
1.833544
1.773644
1.845672
1.790288
1.846475
1.806678
1.861885
1.912907
1.822326
1.828412
1.808243
1.751453
1.821144
1.838070
1.865920
1.835181
1.807377
1.791639
1.965309
1.853818
1.975772
1.767017
1.885950
1.812075
1.865674
1.847349
1.922155
1.902360
1.900998
1.879427
1.830558
1.843699
1.870522
1.750956
1.898143
1.738077
1.895215
1.874230
1.753506
1.862363
1.827224
1.865578
1.812293
1.990373
1.923525
1.902291
1.828667
1.786393
1.944679
2.107474
1.899350
1.850201
1.840837
1.861737
1.921177
1.828636
1.903493
1.831597
1.950100
1.813348
1.851325
1.823583
1.831139
1.941545
1.918696
1.739204
2.003889
1.931701
1.733132
1.795882
1.808025
1.939780
1.884467
1.772265
1.814956
1.794064
1.764704
1.865294
1.892287
1.789727
1.786849
1.848798
1.865642
1.813859
1.893279
1.936991
1.928878
1.859625
1.723029
1.870002
1.760580
1.858245
1.875166
1.940367
1.716075
1.942909
1.844457
1.941715
1.892044
1.823647
1.946384
1.818478
1.965683
1.838506
1.946253
1.853031
1.825394
1.762438
1.831168
1.772142
1.836487
1.838693
1.906646
1.908119
1.916929
1.834797
1.868316
1.772961
1.856276
1.819413
1.899631
1.894816
1.817174
1.796949
1.945410
1.817602
1.955981
1.806419
1.847365
1.824516
1.855048
1.816573
1.896155
1.845976
1.816773
1.797234
1.868482
1.861615
1.840443
1.834151
1.800753
1.792843
1.758584
1.896705
1.806640
1.951437
1.884476
1.867892
1.998896
1.870252
1.804287
1.886713
1.886423
1.912695
1.746577
1.888095
1.864198
1.865665
1.823567
1.839834
1.873850
1.904348
1.934214
1.777021
1.859527
1.859354
1.775779
1.867403
1.755258
1.829673
1.779983
1.888873
1.876348
1.769592
1.948289
1.873075
1.756881
1.925028
1.901325
1.880878
1.871133
1.807902
1.901299
1.938221
2.007661
1.885377
1.920581
1.801414
1.938079
1.858978
1.847340
1.815518
1.959755
1.883655
1.764769
1.764878
1.883428
1.870345
1.797531
1.853932
2.002559
1.787570
1.860875
1.774898
1.941143
1.754516
1.948611
1.898583
1.914103
1.925788
1.752142
1.830517
1.844539
1.819958
1.829538
1.776813
1.831179
1.956316
1.889072
1.851425
1.857002
1.845900
1.841180
1.996793
1.735134
1.808582
1.814496
2.009108
1.734825
1.796018
1.843267
1.817404
1.788797
1.905964
1.770015
1.838084
1.756739
1.874923
1.754677
1.874261
1.985539
1.893750
1.766464
1.753893
1.793112
1.848896
1.845236
1.784803
1.897576
1.722938
1.833522
1.867143
1.836206
1.810995
1.793289
1.803588
1.748312
1.800868
1.929718
1.867017
1.887586
1.856495
1.863672
1.844139
1.848731
1.880238
1.939166
1.787256
1.877529
1.881407
1.830686
1.812778
1.898045
1.845837
1.863294
1.791410
1.803170
1.882552
1.820331
1.757377
1.783744
1.853148
1.880645
1.877724
1.761849
1.838871
1.782560
1.886124
1.801724
1.849355
1.849171
1.926788
1.791574
1.841846
2.018291
1.835080
1.841418
1.902049
1.828454
1.897152
1.742692
1.872059
1.884329
1.789776
1.798380
1.846298
1.877453
1.706204
1.863026
1.876718
1.828761
1.770522
1.768514
1.749725
1.780890
1.934251
1.885843
1.790230
1.797513
1.810227
1.843404
1.831172
1.805510
1.936993
1.877211
1.968048
1.760315
1.785233
1.835610
1.850814
1.803741
1.871262
1.833169
1.809638
1.848548
1.936612
1.867924
1.890486
1.944812
1.891232
1.771467
1.940816
1.830140
1.828314
1.815560
1.922301
1.877196
1.798965
1.836428
1.864706
1.927011
2.003841
1.864596
1.812930
1.848863
1.932117
1.989728
1.783801
1.785712
1.782902
1.813811
1.780382
1.773489
1.981950
1.889918
1.874202
1.895355
1.834252
1.883046
1.787927
1.892126
1.865775
1.905320
1.826527
1.840948
2.050218
1.779579
1.900421
1.791001
1.757710
1.872278
1.889719
1.883061
1.967309
1.830426
1.837803
1.802950
1.869748
1.750944
1.817953
1.809140
1.822023
1.931283
1.920177
1.857479
1.845567
1.909681
1.863772
1.766213
1.732743
1.867312
1.782636
1.832608
1.808206
1.837799
1.809504
1.839081
1.842378
1.773081
1.811106
1.766478
1.780172
1.815418
1.681930
1.764772
1.779208
1.737361
1.935586
1.752179
1.865251
1.716450
1.772073
1.966208
1.768223
1.786973
1.732124
1.845190
1.798240
1.814621
2.003524
1.861858
1.845121
1.895163
1.898509
1.899398
1.847523
1.807034
1.812188
1.793965
1.812243
1.914328
1.799682
1.811032
1.818501
1.810128
1.839613
1.865501
1.762393
1.821976
1.814876
1.804839
1.815981
1.807224
1.861942
1.697508
1.874729
1.782977
1.884321
1.808235
1.828521
1.819738
1.760281
1.773407
1.878824
1.825845
1.805017
1.802281
1.806840
1.927712
1.809050
1.850005
1.887713
1.854166
1.878306
1.826738
1.702782
1.861390
2.062983
1.899483
1.785698
1.936223
1.804621
1.862579
1.895198
1.745535
1.936859
1.891121
1.842229
1.770265
1.822137
1.827400
1.878371
1.759814
1.730586
1.933288
1.764009
1.716256
1.766021
1.942891
1.816190
1.891362
1.916811
1.806058
1.852111
1.791303
1.773924
1.891821
1.796058
1.877963
1.768281
1.699586
1.903388
1.744873
1.861989
1.751258
1.785588
1.755115
1.798211
1.693470
1.804707
1.997200
1.768837
1.913646
1.817220
1.784144
1.859301
1.860227
1.845952
1.922832
1.828649
1.780904
1.955233
1.931479
1.760394
1.766619
1.866313
1.796001
1.795814
1.802213
1.781637
1.866302
1.943047
1.944120
1.821336
1.873675
1.971214
1.856441
1.792091
1.806913
1.738723
1.910115
1.876673
1.806342
1.748398
1.874129
1.794402
1.846931
1.814802
1.820704
1.825507
1.905582
1.807576
1.806250
1.940888
1.826471
1.747741
1.817648
1.786677
1.829425
1.812217
1.799191
1.716820
1.915241
1.732634
1.807908
1.876293
1.806549
1.766078
1.899811
1.738425
1.802093
1.848306
1.805241
1.839269
1.760315
1.814078
1.803804
1.769291
1.819728
1.834746
1.695179
1.795287
1.856135
1.855191
1.777037
1.815789
1.872043
1.758412
1.937863
1.778208
1.837065
1.827121
1.790685
1.880150
1.822359
1.799356
1.808784
1.811937
1.843305
1.850276
1.734013
1.957407
1.917309
1.730424
1.773568
1.785315
1.853845
1.809368
1.934607
1.812165
1.789035
1.814829
1.888615
1.848203
1.832896
1.739430
1.972562
1.876366
1.897123
1.867142
1.818928
1.766747
1.880021
1.828441
1.952227
1.820640
1.782762
1.851375
1.939479
1.790581
1.878689
1.847844
1.862828
1.739172
1.784897
1.831769
1.892638
1.757315
1.764691
1.947131
1.874852
1.916283
1.807189
1.740493
1.957903
1.824994
1.677523
1.819238
1.798856
1.807038
1.859747
1.811008
1.807231
1.790853
1.780301
1.798627
1.841419
1.804342
1.888320
1.850290
1.848997
1.883162
1.873192
1.755484
1.890591
1.820695
1.870467
1.820507
1.878409
1.840176
1.712316
1.770640
1.833106
1.858881
1.896276
1.855112
1.786345
1.857678
1.915249
1.771031
1.989516
1.914759
1.879117
1.836317
1.812009
1.978601
1.824443
1.842138
1.943890
1.847423
1.741590
1.797800
1.793260
1.972639
1.830313
1.860289
1.859347
1.775165
1.819221
1.809385
1.730620
1.799315
1.777238
1.963051
1.825799
1.868350
1.881266
1.835375
1.840994
1.781216
1.933300
1.747484
1.787590
1.838134
1.809945
1.824157
1.753626
1.703728
1.855004
1.862639
1.754344
1.771759
1.807670
1.905262
1.878459
1.832226
1.817299
1.726208
1.913882
1.737532
1.886838
2.017869
2.029421
1.845136
1.870263
1.950771
1.833080
1.955830
1.949363
1.831657
1.887889
1.782656
1.741540
1.728893
1.736916
1.745884
1.844461
1.726106
1.756476
1.809284
1.705316
1.771174
2.000704
1.804151
1.882620
1.780149
1.777834
1.753215
1.754915
1.814854
1.853476
1.841462
1.807501
1.895164
1.723089
1.789534
1.851867
1.784551
1.802804
1.752863
1.725380
1.777868
1.791654
1.800740
1.891980
1.933633
1.754461
1.803543
1.718201
1.865573
1.765164
1.813740
1.906824
1.726424
1.789079
1.765342
1.841049
1.791516
1.908830
1.800072
1.778348
1.795303
1.841371
1.859454
2.046628
1.812757
1.871842
1.928550
1.778325
1.720979
1.809050
1.871035
1.835914
1.904207
1.702173
1.848954
1.948555
1.761329
1.758985
1.705595
1.788797
1.808579
1.762399
1.859969
1.756831
1.925351
1.807755
1.798786
1.923917
1.975595
1.767645
1.714491
1.800336
1.697543
1.852866
1.756030
1.842497
1.791959
1.726894
1.815650
1.843773
1.835057
1.693054
1.729040
1.880889
1.770552
1.849718
1.857975
1.800920
1.802720
1.808481
1.861493
1.840715
1.777369
1.708928
1.936167
1.945358
1.875103
1.876910
1.770995
1.721348
1.972307
1.750984
1.841135
1.781450
1.917522
1.770983
1.913124
1.776712
1.866373
1.809419
1.878198
1.880291
1.763918
1.835082
1.775747
1.868781
1.789674
1.797001
1.753044
1.827191
2.001118
1.773883
1.932780
1.859421
1.745281
1.922884
1.868318
1.827753
1.869878
1.714533
1.772599
1.870504
1.811918
1.739112
1.866029
1.787014
1.833563
1.815970
1.835887
1.814762
1.883717
1.872822
1.857971
1.868784
1.958540
1.743629
1.788162
1.794323
1.908418
1.788266
1.754682
1.783717
1.798670
1.809676
1.874707
1.867933
1.749933
1.935789
1.861049
1.809897
1.810516
1.806758
1.719899
1.716048
1.675069
1.880697
1.870566
1.796562
1.789269
1.769937
1.842271
1.823810
1.896204
1.792288
1.841880
1.774164
1.857190
1.786299
1.925610
1.744365
1.848847
1.747279
1.869137
1.802634
1.867680
1.890184
1.754751
1.832604
1.901217
1.911204
1.791233
1.839107
1.609761
1.790940
1.774110
1.796057
1.931830
1.662913
1.746087
1.745904
1.758603
1.817956
1.794112
1.832419
1.803671
1.777893
1.670963
1.825470
1.796456
1.824292
1.743125
1.830721
1.735710
1.808212
1.860790
1.814542
1.743194
1.840885
1.922824
1.813016
1.892278
1.659283
2.174371
1.938525
1.929445
1.877670
1.931354
1.935751
1.888143
1.746592
1.789501
1.832994
1.847431
1.827180
1.816148
1.910196
1.792801
1.800986
1.876172
1.757404
1.882286
1.756171
1.751764
1.815293
1.803104
1.766399
1.923393
1.748565
1.772579
1.869014
1.830295
1.787671
1.821844
1.979136
2.017035
1.842483
1.745414
1.879479
1.878691
1.897946
1.767407
1.821114
1.899838
1.888810
1.781046
1.734534
1.846259
1.724809
1.949814
1.716475
1.888227
1.792213
1.867351
1.877754
1.839566
1.825221
1.787375
1.901999
1.791381
1.788038
1.831583
1.743058
1.854864
1.833324
1.848279
1.808415
1.842306
1.753773
1.916225
1.772973
1.737236
1.738474
1.846250
1.783083
1.818372
1.814978
1.909690
1.813603
1.890630
1.871135
1.773816
1.808866
1.731552
1.776916
1.670491
1.783863
1.856693
1.761427
1.740727
1.843044
1.887919
1.733929
1.754126
1.891591
1.805773
1.890794
1.889689
1.780249
1.760952
1.877302
1.872684
1.897340
1.677426
1.838575
1.908248
1.863656
1.887003
1.809806
1.775931
1.861986
1.825121
1.968339
2.011466
1.843701
1.823333
1.851121
1.889362
1.809554
1.765828
1.861779
1.836340
1.807735
1.805618
1.699583
1.739453
1.826871
1.769784
1.750433
1.737308
1.797037
1.801699
1.756746
1.724294
1.826188
1.714730
1.772915
1.880183
1.808550
1.819050
1.837239
1.879653
1.762379
1.837381
1.793317
1.756276
1.681846
1.736309
1.835675
1.732504
1.852961
1.712593
1.666792
1.796525
1.904706
1.806526
1.867209
1.816218
1.874563
1.748969
1.780755
1.763840
1.849539
1.832751
1.924917
1.736316
1.701938
1.810634
1.766888
1.889113
1.728797
1.703960
1.828727
1.898538
1.793422
1.736624
1.819633
1.802215
1.821463
1.905655
1.873036
1.771988
1.846401
1.761415
1.670053
1.739359
1.758554
1.824364
1.878368
1.712657
1.778520
1.844543
1.645143
1.767590
1.878916
1.925049
1.828891
1.859473
1.801402
1.783022
1.840833
1.806883
1.817888
1.848680
1.864456
1.798431
1.925270
1.774138
1.787143
1.881371
1.799889
1.733773
1.839355
1.726439
1.896981
1.735983
1.814142
1.782654
1.805550
1.875541
1.777779
1.740030
1.760048
1.938180
1.694978
1.894246
1.773077
1.779271
1.845165
1.783574
1.646367
1.865560
1.735043
1.831177
1.770196
1.752392
1.832146
1.781591
1.829121
1.747641
1.793919
1.833598
1.922150
1.830537
1.781516
1.817706
1.873459
1.786517
1.794154
1.922435
1.881775
1.933750
1.942575
1.787946
1.923011
1.761124
1.739666
1.826025
1.938662
1.877840
1.922174
1.688119
1.792808
1.670231
1.935670
1.861010
1.895386
1.715015
1.786746
1.738369
1.673207
1.876281
1.846773
1.741841
1.892546
1.871458
1.754337
1.856829
1.748051
1.726383
1.782172
1.772969
1.807121
1.781384
1.878712
1.732137
1.975605
1.842007
1.796924
1.878945
1.831188
1.728605
1.803144
1.824630
1.887859
1.806421
1.753247
1.954808
1.847031
1.822079
1.751455
1.663518
1.708297
1.836284
1.862146
1.857122
1.761540
1.840671
1.785579
1.816371
1.770609
1.867536
1.777582
1.737032
1.871127
1.821798
1.895113
1.690855
1.857343
1.848677
1.878886
1.713736
1.806906
1.811999
1.804381
1.771941
1.797268
1.763300
1.838518
1.747270
1.824716
1.862229
1.852012
1.768857
1.808412
1.735806
1.888448
1.741655
1.698164
1.810399
1.821913
1.904112
1.798467
1.990085
1.896203
1.886778
1.835168
1.878315
1.717888
1.901402
1.946163
1.777453
1.750604
1.735876
1.867852
1.786706
1.857207
1.764115
1.848536
1.794636
1.804562
1.735891
1.665934
1.687291
1.905787
1.874538
1.754632
1.751519
1.749698
1.829895
1.676696
1.675327
1.886687
1.751219
1.834095
1.809156
1.748273
1.821452
1.813043
1.877740
1.674641
1.916977
1.805220
1.951887
1.781398
1.855668
1.846967
1.616770
1.677193
1.854229
1.837816
1.774922
1.807346
1.777366
1.860259
1.840931
1.717055
1.898540
1.923637
1.845978
1.747557
1.882912
1.945936
1.928244
1.811116
1.826401
1.822012
1.930259
1.793543
1.740371
1.804217
1.806389
1.759002
1.807707
1.783167
1.863664
1.859914
1.730450
1.743914
1.649475
1.723642
1.852692
1.759100
1.773091
1.803447
1.747919
1.834710
1.779253
1.677960
1.759959
1.874124
1.722595
1.784948
1.776999
1.861501
1.888312
1.758728
1.823421
1.793605
1.800332
1.709134
1.753052
1.770267
1.863904
1.772417
1.889720
1.836495
1.803732
1.720733
1.808695
1.822648
1.812929
1.729425
1.758519
1.821887
1.780314
1.796828
1.757604
2.001027
1.823691
1.802182
1.797091
1.687325
1.827387
1.816829
1.813454
1.925130
1.729997
1.810448
1.812528
1.783915
1.870268
1.950588
1.658255
1.849308
1.804626
1.867427
1.800929
1.907887
1.863358
1.744930
1.805623
1.874372
1.798463
1.670778
1.803705
1.742630
1.749933
1.826774
1.797559
1.674626
1.874418
1.778888
1.784805
1.789221
1.914152
1.877339
1.850879
1.736626
1.704442
1.800305
1.878000
1.713600
1.694164
1.816945
1.751216
1.773677
1.668250
1.717819
1.761974
1.843430
1.952139
1.854783
1.911411
1.887970
1.892825
1.794103
1.845131
1.851835
1.778113
1.661425
1.888722
1.834499
1.732385
1.646597
1.825030
1.748373
1.842146
1.784780
1.779662
1.625356
1.839349
1.980020
1.646888
1.814358
1.778073
1.820142
1.841840
1.801544
1.749202
1.745805
1.681762
1.814371
1.717453
1.860817
1.747347
1.899786
1.821791
1.665621
1.800546
1.809743
1.796403
1.710521
1.955685
1.776643
1.794345
2.014958
1.878809
1.742402
1.711531
1.833891
1.839749
1.763355
1.859932
1.886158
1.847224
1.985315
1.721026
1.729306
1.867363
1.769498
1.795456
1.761586
1.828167
1.844707
1.767994
1.700320
1.956424
1.836862
1.827329
1.731360
1.753667
1.712792
1.912829
1.754489
1.762644
1.760436
1.707766
1.735290
1.749077
1.817248
1.707550
1.714229
1.916904
1.767425
1.713533
1.799785
1.807728
1.841419
1.810819
1.637971
1.731858
1.807246
1.852047
1.865648
1.747522
1.659909
1.852040
1.796978
1.994703
1.879358
1.814978
1.776035
1.864040
1.828807
1.737471
1.784154
1.785366
1.888029
1.849332
1.803499
1.850407
1.822624
1.813347
1.760853
1.788531
1.778709
1.795851
1.772209
1.707202
1.791656
1.728067
1.843452
2.016575
1.755540
1.848812
1.808167
1.843898
1.818790
1.741092
1.904026
1.797095
1.692003
1.757510
1.840558
1.833752
1.984826
1.788130
1.794881
1.853777
1.917450
1.792872
1.845804
1.905331
1.725974
1.829730
1.748788
1.754758
1.714373
1.748962
1.708798
1.861466
1.846975
1.841650
1.782826
1.953724
1.871729
1.776694
1.851413
1.964115
1.799085
1.711049
1.760677
1.779167
1.807594
1.830463
1.789615
1.680446
1.808223
1.914688
1.905036
1.708893
1.837144
1.805035
1.795255
1.804866
1.815372
1.823788
1.821889
1.695642
1.939379
1.823383
1.845052
1.750935
1.758777
1.746217
1.796401
1.915895
1.827212
1.879716
1.743970
1.831043
1.713952
1.869485
1.675723
1.859704
1.748084
1.752243
1.668532
1.797484
1.866139
1.625141
1.748500
1.833405
1.693457
1.711131
1.750351
1.705266
1.810742
1.736800
2.005718
1.852806
1.912902
1.726397
1.742090
1.791464
1.842816
1.735417
1.812330
1.900331
1.807172
1.824058
1.731580
1.813160
1.759709
1.771923
1.806928
1.804783
1.861827
1.860914
2.006647
1.717644
1.750043
1.777938
1.825114
1.804167
1.679702
1.864033
1.692687
1.674446
1.714042
1.856309
1.709114
1.932771
1.890018
1.738122
1.745799
1.748871
1.777254
1.726332
1.724639
1.769894
1.799775
1.823048
1.779852
1.736884
1.887303
1.806957
1.679135
1.676316
1.791191
1.713328
1.794728
1.825134
1.810567
1.666051
1.901027
1.788877
1.748251
1.759204
1.883098
1.709510
1.831850
1.669865
1.708363
1.781678
1.776566
1.902621
1.885164
1.813823
1.858314
1.801795
1.846155
1.745815
1.765717
1.776961
1.732674
1.774095
1.718657
1.803281
1.768075
1.785195
1.888440
1.826960
1.812488
1.766011
1.802855
1.823280
1.743938
1.746862
1.801850
1.970274
1.906800
1.831016
1.747422
1.759274
1.819916
1.708629
1.656129
1.798858
1.774553
1.721564
1.896285
1.809508
1.785366
1.847542
1.717219
1.787711
1.782946
1.736821
1.893757
1.845374
1.745605
1.774365
1.794144
1.874992
1.809735
1.767229
1.876964
1.737024
1.879088
1.883074
1.862911
1.854772
1.830502
1.745156
1.812905
1.821537
1.871936
1.898955
1.765310
1.860464
1.696281
1.804311
1.769939
1.909913
1.849352
1.807880
1.877354
1.854575
1.691751
1.736068
1.809830
1.764329
1.780205
1.833227
1.735237
1.861706
1.785886
1.954040
1.761212
1.833351
1.825552
1.796798
1.640674
1.895999
1.752300
1.778268
1.724024
1.835174
1.817753
1.775073
1.730061
1.916080
1.884652
1.740686
1.838949
1.895517
1.850437
1.821004
1.746685
1.859235
1.821967
1.632630
1.727306
1.723652
1.676302
1.730986
1.807655
1.748055
1.775679
1.846035
1.742840
1.746648
1.734020
1.848252
1.727601
1.766446
1.759911
1.840363
1.820083
1.728425
1.761578
1.798391
1.805714
1.817814
1.796491
1.839082
1.845549
1.715511
1.735824
1.711005
1.779923
1.856678
1.691651
1.793103
1.681278
1.816980
1.753304
1.793150
1.753499
1.639867
1.852284
1.751088
1.928434
1.713517
1.893268
1.877108
1.844385
1.768312
1.764630
1.853466
1.715835
1.731922
1.690979
1.736328
1.881906
1.735432
1.841943
1.830498
1.824517
1.721813
1.802215
1.814697
1.793169
1.870966
1.770887
1.717539
1.747385
1.717383
1.731247
1.727558
1.785787
1.899589
1.652307
1.802961
1.754311
1.784101
1.778201
1.759525
1.690850
1.891832
1.826399
1.858407
1.785533
1.723825
1.639600
1.829449
1.882454
1.805492
1.752770
1.878681
1.784128
1.804193
1.713281
1.790855
1.773331
1.867426
1.718429
1.720344
1.782598
1.841397
1.839700
1.762346
1.769858
1.805253
1.751783
1.726370
1.788647
1.677142
1.666166
1.767667
1.852646
1.723459
1.721835
1.822314
1.797138
1.729195
1.797215
1.792731
1.903881
1.783530
1.817844
1.752602
1.705205
1.792472
1.732785
1.788651
1.794758
1.774586
1.968953
1.774742
1.880033
1.924949
1.760820
1.712030
1.801492
1.698790
1.873800
1.840350
1.825571
1.770672
1.828140
1.789744
1.812945
1.859554
1.737785
1.779335
1.750087
1.718587
1.803547
1.644872
1.635723
1.888896
1.795581
1.797126
1.834158
1.805560
1.747146
1.854527
1.826691
1.756659
1.767214
1.810420
1.816318
1.749254
1.652011
1.790714
1.754495
2.048479
1.734855
1.764784
1.798172
1.859509
1.773050
1.680284
1.766891
1.741622
1.655678
1.757296
1.771523
1.735051
1.771766
1.786921
1.756088
1.686582
1.885964
1.740269
1.706711
1.754049
1.761017
1.660140
1.701401
1.756069
1.774477
1.754609
1.925471
1.730001
1.833134
1.879432
1.741336
1.968199
1.730797
1.729273
1.766155
1.839838
1.774640
1.703489
1.785343
1.789086
1.661170
1.727866
1.852657
1.747276
1.844702
1.769612
1.652020
1.804323
1.692577
1.785055
1.750394
1.815453
1.893321
1.777959
1.752210
1.737751
1.751427
1.696581
1.836227
1.803052
1.730737
1.817965
1.758585
1.758874
1.775067
1.692924
1.746856
1.817217
1.753509
1.748266
1.736320
1.832786
1.668924
1.806059
1.655641
1.720589
1.864334
1.699748
1.791343
1.720733
1.622956
1.678232
1.677462
1.902342
1.868166
1.719808
1.836372
1.762146
1.737566
1.670452
1.779386
1.684608
1.821342
1.664302
1.694301
1.745131
1.812046
1.864489
1.751454
1.697839
1.839836
1.748502
1.846403
1.690733
1.809507
1.859887
1.704850
1.744037
1.762734
1.805780
1.725962
1.914686
1.674054
1.774405
1.708095
1.829945
1.968330
1.761595
1.835552
1.708670
1.845342
1.768669
1.713209
1.824855
1.828188
1.769268
1.743335
1.741524
1.838726
1.807832
1.755149
1.752473
1.791113
1.765599
1.727753
1.730608
1.764769
1.724933
1.772902
1.746523
1.675111
1.927072
1.990878
1.759137
1.708499
1.683732
1.802553
1.796174
2.007330
1.723784
1.651659
1.799223
1.785473
1.655331
1.861048
1.778152
1.766776
1.785342
1.731850
1.812817
1.850290
1.926212
1.867941
1.856332
1.730068
1.766306
1.724362
1.756048
1.793175
1.942360
1.741050
1.772574
1.878801
1.667645
1.793035
1.728443
1.755063
1.823274
1.713382
1.764715
1.746851
1.776106
1.836799
1.768023
1.809068
1.753439
1.775876
1.727626
1.807173
1.799107
1.823813
1.684353
1.761504
1.801890
1.627569
1.903131
1.879558
1.869966
1.780820
1.895709
1.701876
1.732995
1.861644
1.761874
1.730242
1.763903
1.775669
1.963400
1.671124
1.807719
1.695668
1.834562
1.889392
1.835994
1.765486
1.806469
1.830304
1.872043
1.721884
1.868546
1.767703
1.914010
1.782348
1.794375
1.711944
1.730199
1.742445
1.732332
1.703204
1.805156
1.768008
1.792895
1.813786
1.681711
1.890419
1.781956
1.757539
1.843834
1.721626
1.702601
1.711851
1.723083
1.753761
1.809035
1.716106
1.719713
1.732877
1.652101
1.884197
1.728595
1.870513
1.884956
1.771346
1.761953
1.810611
1.846462
1.905299
1.791784
1.813897
1.800667
1.705416
1.893179
1.663445
1.864433
1.769233
1.786807
1.837056
1.743332
1.665966
1.772590
1.868792
1.713204
1.794314
1.772884
1.761005
1.754636
1.788160
1.830514
1.975909
1.820243
1.729203
1.862636
1.735619
1.809540
1.797074
1.746706
1.820041
1.816305
1.687290
1.831166
1.734056
1.730401
1.700494
1.721208
1.726646
1.838522
1.680955
1.802129
1.705844
1.728949
1.786942
1.932227
1.772468
1.777588
1.779524
1.752043
1.817356
1.716485
1.822373
1.675453
1.711413
1.794937
1.691657
1.768292
1.894863
1.751647
1.767773
1.793460
1.747781
1.832800
1.852857
1.829161
1.780928
1.808781
1.735023
1.791015
1.730481
1.858838
1.773468
1.719558
1.635119
1.825713
1.843060
1.831505
1.749412
1.790437
1.869909
1.771572
1.647579
1.717133
1.760297
1.646912
1.721099
1.823502
1.738772
1.706880
1.783975
1.829706
1.695670
1.763718
1.794461
1.828915
1.753829
1.822897
1.774333
1.681644
1.767851
1.726950
1.749086
1.791124
1.900655
1.790574
1.756925
1.798631
1.722072
1.816810
1.806468
1.758425
1.859489
1.823191
1.814831
1.868207
1.864823
1.693872
1.774620
1.779747
1.775732
1.732717
1.857554
1.685610
1.648963
1.819658
1.818319
1.752511
1.810700
1.827898
1.879969
1.731186
1.836145
1.707695
1.918479
1.753821
1.740725
1.759510
1.788365
1.716933
1.766989
1.735394
1.705841
1.697222
1.775249
1.825498
1.691183
1.721479
1.848766
1.739710
1.815481
1.769387
1.786890
1.850261
1.741421
1.796385
1.886044
1.827306
1.763983
1.785700
1.809040
1.682858
1.770989
1.827920
1.697263
1.681104
1.798068
1.653825
1.964527
1.765498
1.940086
1.774441
1.815706
1.787850
1.759262
1.820026
1.850650
1.778149
1.778165
1.773852
1.716489
1.794332
1.697220
1.688591
1.752015
1.823860
1.771326
1.894964
1.674811
1.732499
1.826424
1.823362
1.682874
1.746235
1.690182
1.803716
1.837064
1.770143
1.834203
1.760378
1.757969
1.705985
1.697823
1.784542
1.812859
1.828862
1.783098
1.741621
1.774280
1.716909
2.062796
1.803173
1.732971
1.689497
1.683342
1.749496
1.681133
1.782439
1.725775
1.781554
1.752320
1.759443
1.867859
1.719857
1.766057
1.798476
1.730634
1.780748
1.745830
1.693828
1.594290
1.689269
1.877156
1.710386
1.786197
1.720024
1.693382
1.786678
1.809150
1.702313
1.777583
1.928115
1.662938
1.890267
1.914076
1.717584
1.798866
1.671085
1.800818
1.867995
1.733890
1.717935
1.673635
1.789815
1.828114
1.704235
1.716140
1.774338
1.702364
1.701134
1.855706
1.762230
1.899984
1.697270
1.875732
1.734395
1.723035
1.715871
1.598421
1.704516
1.674709
1.720142
1.872429
1.814400
1.761136
1.641232
1.865585
1.768596
1.735075
1.745021
1.759601
1.796322
1.689124
1.859174
1.895082
1.759166
1.679047
1.767698
1.724777
1.732031
1.737195
1.678385
1.820674
1.793225
1.841800
1.740826
1.714021
1.769384
1.679381
1.696822
1.807173
1.895499
1.972660
1.736502
1.768479
1.785271
1.811496
1.724121
1.760923
1.873828
1.759316
1.656316
1.799539
1.789487
1.772314
1.691381
1.779174
1.765077
1.908056
1.872098
1.694027
1.723270
1.725446
1.963991
1.759682
1.757534
1.715755
1.797444
1.695495
1.793404
1.784776
1.668862
1.619894
1.772904
1.654213
1.835377
1.693528
1.707588
1.822539
1.764147
1.678472
1.852657
1.714100
1.827520
1.717310
1.791287
1.675946
1.861303
1.771072
1.836797
1.615025
1.717336
1.708274
1.823584
1.860428
1.798906
1.677573
1.801451
1.808548
1.772137
1.740694
1.775791
1.762317
1.652175
1.757480
1.753270
1.693212
1.729722
1.676984
1.810705
1.699487
1.787912
1.785431
1.661479
1.829166
1.788286
1.789017
1.791242
1.807389
1.746024
1.854250
1.881614
1.804801
1.692584
1.753180
1.761620
1.739516
1.680863
1.750539
1.694387
1.684267
1.769760
1.762877
1.698506
1.747788
1.765997
1.850758
1.687957
1.791386
1.710191
1.711265
1.862618
1.748451
1.745370
1.869697
1.698604
1.821742
1.783202
1.742737
1.755821
1.740274
1.782132
1.786493
1.787651
1.820553
1.883644
1.843862
1.765703
1.667887
1.751128
1.670139
1.698432
1.693820
1.791299
1.756961
1.748824
1.799505
1.725718
1.784614
1.731977
1.829551
1.785160
1.742706
1.771798
1.669046
1.806299
1.800615
1.725188
1.675965
1.862651
1.758911
1.786105
1.762511
1.756612
1.831860
1.722022
1.781911
1.767671
1.775465
1.705464
1.800596
1.734698
1.788749
1.972313
1.793499
1.776974
1.678240
1.623378
1.745121
1.627119
1.621432
1.741168
1.720603
1.826819
1.763278
1.773049
1.687002
1.719373
1.820975
1.790572
1.861696
1.774065
1.775004
1.721309
1.730697
1.896333
1.763765
1.706033
1.639504
1.769911
1.886391
1.699976
1.802498
1.761747
1.682860
1.762134
1.691080
1.839058
1.793567
1.698506
1.784585
1.845217
1.773429
1.824550
1.693060
1.804053
1.763181
1.800935
1.772777
1.810865
1.656930
1.750436
1.842141
1.818827
1.698312
1.731135
1.775672
1.756506
1.776523
1.758914
1.695436
1.798724
1.828569
1.676582
1.935108
1.631179
1.839677
1.817178
1.673054
1.801629
1.807779
1.788774
1.740279
1.710914
1.654971
1.684276
1.694188
1.900629
1.705224
1.793972
1.754527
1.714214
1.653569
1.742878
1.631978
1.782026
1.767361
1.811111
1.824741
1.843732
1.659677
1.772800
1.686297
1.778042
1.711544
1.750837
1.754350
1.675272
1.781315
1.820738
1.813534
1.762713
1.887054
1.751370
1.860331
1.709413
1.833868
1.849267
1.816182
1.773432
1.720807
1.770071
1.708048
1.909260
1.631767
1.711910
1.774375
1.813964
1.892289
1.779196
1.739551
1.789581
1.621271
1.750822
1.732648
1.758664
1.636835
1.809406
1.798781
1.814760
1.738033
1.771216
1.768307
1.587534
1.729099
1.726178
1.780622
1.748342
1.897030
1.703233
1.897862
1.758402
1.750157
1.810852
1.707984
1.730635
1.748569
1.753883
1.792478
1.807161
1.759138
1.922248
1.774976
1.694711
1.778308
1.682149
1.762546
1.671400
1.669222
1.811976
1.745812
1.892139
1.773605
1.815501
1.697898
1.808854
1.779296
1.805685
1.698027
1.696288
1.717676
1.795098
1.668068
1.772033
1.867028
1.685588
1.750643
1.687946
1.877547
1.774476
1.890219
1.767590
1.729609
1.945478
1.776837
1.756350
1.786593
1.703239
1.727090
1.813252
1.726125
1.758473
1.648134
1.697341
1.851473
1.826584
1.762323
1.755259
1.722481
1.814726
1.769791
1.738928
1.668224
1.617187
1.704549
1.863146
1.717385
1.697142
1.734115
1.744229
1.706541
1.760838
1.707387
1.622036
1.728372
1.771293
1.652105
1.705425
1.791592
1.666890
1.760488
1.789225
1.799469
1.655190
1.777827
1.871632
1.842090
1.803578
1.694834
1.774185
1.666958
1.854947
1.768742
1.740403
1.682935
1.773264
1.630965
1.751298
1.648494
1.651947
1.662157
1.782200
1.725197
1.818534
1.604607
1.656165
1.804023
1.752092
1.722758
1.693996
1.776217
1.723280
1.751112
1.728183
1.754484
1.695149
1.836605
1.719427
1.684212
1.726950
1.866149
1.753842
1.786400
1.621607
1.889038
1.730048
1.695111
1.723921
1.753835
1.860225
1.812454
1.956499
1.684562
1.675176
1.807086
1.852715
1.737455
1.804367
1.697574
1.739426
1.700490
1.795125
1.864547
1.653781
1.808352
1.806974
1.772865
1.826290
1.718724
1.814184
1.712336
1.725464
1.821303
1.779550
1.741762
1.662422
1.682249
1.679055
1.817817
1.777077
1.853361
1.713077
1.773346
1.662441
1.863762
1.755957
1.856655
1.713905
1.850760
1.727102
1.728007
1.763304
1.649932
1.651396
1.770111
1.718797
1.733310
1.657079
1.692711
1.696902
1.628697
1.714268
1.664279
1.698934
1.825320
1.723987
1.793581
1.881010
1.696403
1.776421
1.726915
1.898950
1.787605
1.663748
1.859507
1.879079
1.802552
1.766978
1.842269
1.880715
1.819398
2.005844
1.735123
1.656412
1.738200
1.692968
1.716592
1.739033
1.687872
1.728063
1.816422
1.670897
1.790721
1.699645
1.785536
1.853179
1.769579
1.803444
1.800446
1.785144
1.735899
1.745387
1.771959
1.720514
1.823112
1.736931
1.715839
1.671936
1.818079
1.633618
1.828341
1.819157
1.757896
1.778906
1.763425
1.736921
1.754543
1.717461
1.696047
1.821219
1.928632
1.720332
1.726367
1.835171
1.759809
1.752947
1.651505
1.788703
1.874028
1.655839
1.844144
1.779684
1.697095
1.746713
1.805037
1.756753
1.777551
1.698444
1.847753
1.659731
1.666179
1.747868
1.888599
1.836476
1.751015
1.596449
1.822783
1.726584
1.883345
1.737306
1.734856
1.735827
1.787912
1.835738
1.741833
1.839935
1.793666
1.741641
1.665057
1.792633
1.835063
1.712403
1.709503
1.748748
1.766163
1.655354
1.843077
1.863353
1.614922
1.774398
1.712144
1.788331
1.758584
1.785092
1.753730
1.826546
1.780232
1.777408
1.777730
1.743920
1.698262
1.786983
1.784945
1.623057
1.785958
1.768330
1.750017
1.650656
1.833821
1.695950
1.768888
1.740718
1.652328
1.790923
1.823842
1.755725
1.830743
1.730613
1.677544
1.720578
1.730597
1.819022
1.793182
1.772043
1.802259
1.685786
1.830163
1.835953
1.924188
1.755105
1.713505
1.716077
1.771233
1.682840
1.748267
1.781056
1.838402
1.647066
1.833448
1.695175
1.747464
1.737736
1.814631
1.731201
1.767114
1.834907
1.736442
1.669745
1.776205
1.821230
1.675472
1.827672
1.806495
1.732764
1.698095
1.808758
1.694054
1.783451
1.704314
1.775101
1.852058
1.857933
1.632462
1.626222
1.748127
1.673351
1.888939
1.764307
1.771810
1.850766
1.723527
1.788100
1.801130
1.775320
1.696651
1.701841
1.793818
1.704497
1.711803
1.743943
1.763006
1.743327
1.690641
1.680769
1.816242
1.758627
1.728664
1.705268
1.741306
1.746674
1.749951
1.732854
1.768206
1.720526
1.766731
1.739273
1.839236
1.784439
1.697073
1.696972
1.696302
1.784749
1.655487
1.696256
1.660936
1.716310
1.724554
1.759845
1.704377
1.811629
1.836604
1.780063
1.774996
1.803996
1.876763
1.748855
1.781848
1.745654
1.737640
1.806251
1.800497
1.782920
1.715547
1.806351
1.893178
1.746455
1.783334
1.673608
1.744241
1.688628
1.743625
1.764085
1.867452
1.722015
1.684714
1.634751
1.694294
1.660041
1.676095
1.657868
1.854770
1.687734
1.707770
1.805809
1.847941
1.743456
1.778459
1.666488
1.797573
1.743356
1.746062
1.694310
1.746704
1.692034
1.731409
1.751913
1.797732
1.762544
1.647409
1.639017
1.665560
1.772250
1.733831
1.608666
1.750241
1.816921
1.790264
1.775089
1.659899
1.686588
1.687178
1.719887
1.837076
1.664800
1.833673
1.772167
1.775340
1.757601
1.714263
1.636458
1.764701
1.690565
1.702222
1.697608
1.775177
1.750186
1.642583
1.829495
1.834545
1.706146
1.715666
1.642009
1.691874
1.759170
1.797610
1.865317
1.687830
1.620893
1.774820
1.801084
1.712414
1.759460
1.774543
1.731589
1.664541
1.810375
1.739329
1.651768
1.755594
1.664392
1.717248
1.760139
1.878244
1.764584
1.779870
1.782176
1.690284
1.686329
1.850251
1.700290
1.694546
1.689154
1.664273
1.662079
1.637032
1.705581
1.653219
1.790558
1.735964
1.727480
1.686764
1.818167
1.764618
1.679774
1.811311
1.659305
1.738198
1.712693
1.653716
1.871861
1.790139
1.761432
1.750069
1.787603
1.726699
1.766611
1.603867
1.827715
1.810560
1.812611
1.803984
1.708932
1.676494
1.724475
1.747948
1.700200
1.617904
1.703966
1.662308
1.722164
1.880851
1.687751
1.748477
1.640773
1.727805
1.804385
1.680143
1.788524
1.834732
1.745948
1.763321
1.809079
1.753757
1.753494
1.718851
1.728250
1.797785
1.720286
1.806253
1.762487
1.932650
1.744753
1.721531
1.759064
1.776564
1.739836
1.906601
1.717143
1.688883
1.623835
1.826333
1.744103
1.791638
1.841246
1.709108
1.639073
1.732893
1.612363
1.745643
1.793456
1.687437
1.697941
1.701875
1.869508
1.685437
1.827060
1.832578
1.678734
1.738943
1.728314
1.813292
1.724989
1.668909
1.785729
1.785880
1.831148
1.808738
1.799430
1.709233
1.653774
1.919705
1.614734
1.709660
1.607689
1.821861
1.638468
1.752256
1.728589
1.758960
1.774043
1.765019
1.830760
1.712069
1.709106
1.784111
1.740301
1.792807
1.716524
1.840706
1.778147
1.699709
1.684177
1.714696
1.828438
1.728980
1.774903
1.686354
1.755090
1.677515
1.717132
1.710508
1.741485
1.649151
1.778535
1.648544
1.848238
1.917863
1.705866
1.783697
1.710678
1.707167
1.829922
1.783479
1.782017
1.600361
1.825011
1.708037
1.729093
1.709227
1.777311
1.695107
1.667272
1.657075
1.825378
1.642531
1.792383
1.701725
1.785899
1.701986
1.806718
1.595086
1.737418
1.920691
1.675583
1.661043
1.819177
1.880086
1.690538
1.714974
1.860222
1.768674
1.672415
1.710066
1.743715
1.680502
1.803984
1.684612
1.850488
1.741844
1.811631
2.094414
1.705433
1.725938
1.649922
1.734012
1.841758
1.668464
1.829568
1.787991
1.755257
1.644120
1.789122
1.652523
1.705937
1.834911
1.681735
1.831195
1.767745
1.780066
1.739660
1.690715
1.778295
1.896375
1.770642
1.731027
1.680420
1.786922
1.620278
1.708095
1.786552
1.785630
1.739081
1.643163
1.803545
1.671349
1.866225
1.700564
1.739425
1.749192
1.715327
1.838179
1.789690
1.667257
1.733603
1.779751
1.780563
1.832718
1.788100
1.777881
1.701291
1.764382
1.720222
1.814673
1.787355
1.686061
1.732015
1.770541
1.749437
1.741539
1.680386
1.730914
1.671753
1.625834
1.631621
1.674349
1.928093
1.687858
1.721957
1.758172
1.645280
1.778349
1.744141
1.812550
1.846887
1.732720
1.735221
1.678210
1.684740
1.753723
1.818504
1.675739
1.805536
1.687388
1.837653
1.831822
1.598294
1.681874
1.684784
1.741669
1.762423
1.645826
1.786070
1.663627
1.866863
1.768725
1.646559
1.830437
1.594873
1.751941
1.831026
1.771486
1.890097
1.716454
1.648333
1.896780
1.724671
1.748899
1.808996
1.755584
1.704724
1.713201
1.674877
1.760684
1.968512
1.724746
1.725003
1.708835
1.881483
1.708959
1.630880
1.821288
1.707626
1.814577
1.855645
1.687933
1.676160
1.651444
1.749725
1.720818
1.791794
1.767509
1.754573
1.708280
1.776218
1.771441
1.801596
1.850188
1.701377
1.778952
1.692351
1.829019
1.739367
1.792985
1.715698
1.713055
1.844261
1.644342
1.613978
1.747625
1.736860
1.745675
1.746318
1.635224
1.707517
1.736702
1.715535
1.742280
1.718589
1.667167
1.772653
1.898602
1.724609
1.752798
1.727101
1.794779
1.668823
1.713770
1.844463
1.762005
1.855208
1.758212
1.823635
1.820101
1.796672
1.721506
1.726709
1.707424
1.714152
1.663871
1.670716
1.793025
1.874405
1.680172
1.688376
1.679874
1.736967
1.651904
1.703179
1.789406
1.801706
1.666785
1.771870
1.645832
1.805903
1.720695
1.666633
1.791122
1.787309
1.683026
1.696078
1.771010
1.705914
1.831865
1.751461
1.722650
1.758992
1.687792
1.895277
1.866452
1.771381
1.744474
1.837442
1.708374
1.868650
1.863401
1.775062
1.720501
1.739987
1.825918
1.820520
1.703575
1.705818
1.919390
1.757588
1.775263
1.646155
1.709246
1.745042
1.965682
1.700045
1.813591
1.740723
1.786306
1.608099
1.646440
1.644814
1.789846
1.760172
1.765014
1.709442
1.750516
1.813817
1.705675
1.703972
1.682962
1.727165
1.636280
1.862096
1.718081
1.797460
1.672382
1.715715
1.734073
1.684337
1.878936
1.736142
1.740177
1.704730
1.681577
1.874301
1.819800
1.809646
1.673428
1.771200
1.688679
1.662319
1.679298
1.844855
1.744716
1.751936
1.873085
1.593257
1.698347
1.715027
1.827899
1.824529
1.744334
1.743300
1.722799
1.676212
1.657896
1.786817
1.798585
1.813708
1.738744
1.730851
1.795359
1.683005
1.733231
1.754984
1.729696
1.667505
1.754869
1.671652
1.803845
1.767849
1.807902
1.661225
1.998801
1.744219
1.772527
1.728392
1.778367
1.734258
1.719403
1.756455
1.830109
1.791772
1.760991
1.727795
1.653221
1.779464
1.722763
1.766822
1.717819
1.671059
1.792916
1.720772
1.721074
1.662822
1.790973
1.782152
1.766513
1.816919
1.779140
1.786561
1.670602
1.707667
1.840581
1.804615
1.737065
1.834617
1.710462
1.699241
1.846393
1.893485
1.885541
1.726892
1.717978
1.700098
1.821243
1.755961
1.653595
1.735543
1.594471
1.697267
1.730712
1.644944
1.650772
1.840166
1.696110
1.825653
1.647634
1.755479
1.795192
1.722645
1.750902
1.825188
1.730912
1.846256
1.745018
1.840520
1.771095
1.766322
1.686628
1.772403
1.661915
1.742432
1.708960
1.669475
1.698949
1.689588
1.742126
1.644038
1.711343
1.679116
1.777969
1.867398
1.792161
1.651281
1.742306
1.811051
1.812641
1.770799
1.688222
1.683127
1.613317
1.689439
1.778679
1.807248
1.732044
1.679279
1.657914
1.654042
1.658440
1.806477
1.826663
1.696719
1.668775
1.789211
1.741017
1.730657
1.713011
1.723120
1.871024
1.734352
1.845738
1.798304
1.735384
1.773066
1.779183
1.730866
1.763886
1.817806
1.686537
1.708300
1.785006
1.732299
1.718984
1.852584
1.735620
1.797652
1.703442
1.660874
1.766616
1.622690
1.753360
1.708597
1.709498
1.794017
1.736208
1.678608
1.695719
1.628224
1.787637
1.689972
1.851657
1.756187
1.852441
1.633730
1.768034
1.766208
1.777390
1.653046
1.717850
1.739655
1.591740
1.759017
1.730421
1.650720
1.844788
1.900953
1.660463
1.712186
1.638346
1.678460
1.926440
1.783477
1.653218
1.711754
1.758538
1.708337
1.818312
1.758923
1.805351
1.744187
1.695796
1.665203
1.651329
1.844348
1.811905
1.794086
1.741290
1.781616
1.722985
1.746203
1.648642
1.767731
1.801113
1.764927
1.618723
1.863591
1.661823
1.673114
1.762521
1.832669
1.723284
1.604797
1.666974
1.696440
1.797944
1.767272
1.731045
1.887450
1.713019
1.835242
1.677766
1.695828
1.765343
1.844528
1.678609
1.805419
1.712345
1.696333
1.635058
1.745470
1.853076
1.823748
1.781184
1.874586
1.666947
1.628689
1.614043
1.773432
1.663711
1.768018
1.725951
1.657819
1.719122
1.793170
1.804804
1.872644
1.674657
1.689580
1.741321
1.681546
1.737477
1.741702
1.718438
1.688925
1.672494
1.726205
1.886542
1.780061
1.661167
1.649742
1.655325
1.628987
1.792461
1.661922
1.806267
1.711141
1.712922
1.772453
1.919168
1.716298
1.645535
1.698415
1.704464
1.727028
1.762135
1.787341
1.806744
1.798005
1.742440
1.755980
1.606713
1.773608
1.759398
1.716987
1.780680
1.803770
1.781881
1.756986
1.857572
1.775207
1.690287
1.722350
1.672124
1.654244
1.724990
1.787772
1.675177
1.654800
1.716237
1.621067
1.665357
1.716733
1.767743
1.744255
1.804571
1.823020
1.912683
1.753573
1.736205
1.626842
1.850617
1.850987
1.776808
1.855688
1.777258
1.663188
1.633398
1.712370
1.752306
1.812588
1.691388
1.837068
1.773878
1.739598
1.744538
1.762922
1.663965
1.800488
1.674854
1.750758
1.762259
1.892802
1.769953
1.744666
1.901254
1.726593
1.776061
1.785267
1.743608
1.758929
1.789379
1.645226
1.796339
1.778136
1.631670
1.621569
1.666104
1.586567
1.748957
1.672384
1.712472
1.758034
1.745853
1.720992
1.714764
1.688985
1.743273
1.688945
1.729007
1.753893
1.593728
1.777206
1.706972
1.822513
1.833770
1.825146
1.645299
1.846744
1.687878
1.696140
1.661734
1.875906
1.709819
1.679543
1.671909
1.680516
1.800803
1.779789
1.777352
1.799249
1.827468
1.733745
1.686002
1.703457
1.787338
1.659656
1.682093
1.843275
1.781690
1.869478
1.755153
1.764205
1.811948
1.742597
1.729804
1.695573
1.995485
1.799419
1.658828
1.681748
1.812213
1.688698
1.762432
1.774685
1.800045
1.809897
1.709752
1.725666
1.682603
1.729586
1.678578
1.801908
1.814396
1.719771
1.794026
1.735713
1.704562
1.669398
1.752652
1.753832
1.738191
1.796702
1.656400
1.832781
1.857264
1.811565
1.718750
1.785080
1.634407
1.731747
1.850819
1.785695
1.682706
1.733769
1.641954
1.786338
1.629218
1.655854
1.911008
1.743293
1.841576
1.766727
1.726751
1.729503
1.580475
1.686850
1.755977
1.665655
1.661309
1.790342
1.801333
1.679315
1.793638
1.698332
1.759477
1.743069
1.766066
1.711070
1.761951
1.774991
1.790832
1.743163
1.789979
1.735270
1.779736
1.905709
1.676726
1.740612
1.629296
1.965881
1.881875
1.842038
1.622341
1.717607
1.766063
1.713401
1.819073
1.948086
1.693318
1.690822
1.880960
1.757096
1.728472
1.612228
1.808369
1.762992
1.697776
1.753813
1.756868
1.711014
1.770673
1.819397
1.651780
1.746743
1.639608
1.680963
1.757496
1.771332
1.786061
1.927286
1.613986
1.845002
1.648080
1.724401
1.716751
1.631795
1.634297
1.818096
1.678637
1.657133
1.697180
1.715007
1.662778
1.736729
1.753912
1.662884
1.825283
1.766894
1.772812
1.806847
1.710568
1.734358
1.793980
1.676755
1.749081
1.684410
1.764575
1.632542
1.651495
1.682691
1.625354
1.742548
1.797109
1.639218
1.651270
1.731330
1.696644
1.659786
1.697504
1.688395
1.753791
1.707600
1.871680
1.622863
1.721644
1.813392
1.619883
1.670395
1.775389
1.764401
1.702815
1.722238
1.718411
1.710296
1.608835
1.700094
1.831993
1.838927
1.863015
1.853538
1.773330
1.750615
1.616536
1.733789
1.779516
1.688827
1.776298
1.776065
1.743211
1.838473
1.840780
1.651307
1.660355
1.592565
1.633502
1.722403
1.696474
1.780764
1.771205
1.798029
1.660186
1.706312
1.976178
1.753095
1.808403
1.680792
1.698334
1.775146
1.704013
1.695903
1.672487
1.793536
1.703996
1.759049
1.815153
1.714242
1.810109
1.782770
1.735438
1.628988
1.770876
1.632605
1.837753
1.654887
1.608067
1.767177
1.662438
1.808610
1.688289
1.713714
1.772711
1.645976
1.816757
1.697848
1.727924
1.880974
1.696436
1.731971
1.772355
1.818883
1.815604
1.856657
1.939673
1.653981
1.715406
1.756641
1.810697
1.738727
1.694746
1.750791
1.665508
1.577459
1.727401
1.757904
1.698645
1.760285
1.730228
1.826516
1.854387
1.831777
1.702698
1.728797
1.679585
1.720212
1.754037
1.789193
1.781075
1.650951
1.768689
1.732389
1.878177
1.904171
1.783060
1.690917
1.754082
1.685247
1.752260
1.758225
1.747830
1.607852
1.761606
1.615463
1.626296
1.764226
1.767587
1.631020
1.718817
1.833942
1.698475
1.729569
1.713825
1.729399
1.794978
1.570032
