2.302618
2.299202
2.277356
2.239212
2.173760
2.088613
2.023848
2.084351
2.067750
2.013638
2.027920
2.018121
2.084119
2.066270
2.008917
1.915333
1.943846
2.004347
1.908744
1.968318
1.863627
1.914243
1.906522
1.906277
1.872950
2.013694
1.895796
1.849688
1.851859
1.818321
1.823989
1.894233
1.824336
1.762823
1.772515
1.933841
1.850137
1.775858
1.834421
1.789957
1.838744
1.749142
1.752987
1.766262
1.779604
1.661527
1.700740
1.734730
1.798674
1.756836
1.794828
1.733400
1.700594
1.761460
1.874679
1.750417
1.734575
1.681379
1.742731
1.782705
1.697798
1.760198
1.759179
1.836718
1.802397
1.770431
1.747209
1.701054
1.715207
1.680884
1.667857
1.698415
1.704674
1.730698
1.685862
1.680700
1.618224
1.607411
1.696182
1.692432
1.738784
1.570568
1.533578
1.758741
1.668015
1.680226
1.607421
1.704780
1.603252
1.557256
1.588865
1.635519
1.512795
1.582682
1.634202
1.665387
1.600106
1.663652
1.659024
1.702898
1.691283
1.693668
1.588342
1.711269
1.635243
1.594620
1.632052
1.607757
1.543554
1.606200
1.471674
1.636925
1.519131
1.578686
1.602170
1.564968
1.591544
1.657366
1.587103
1.513277
1.503752
1.694428
1.516111
1.574659
1.585848
1.516128
1.557147
1.592063
1.583034
1.640345
1.453458
1.558517
1.547111
1.457908
1.427374
1.495559
1.528620
1.442932
1.565537
1.424795
1.456231
1.485798
1.641089
1.482961
1.432814
1.447521
1.653546
1.427246
1.502670
1.535127
1.582354
1.514035
1.523960
1.430864
1.470294
1.463290
1.450837
1.481102
1.462775
1.423883
1.459712
1.604262
1.446652
1.527293
1.501908
1.420693
1.473733
1.496925
1.365479
1.506449
1.538903
1.492042
1.506726
1.484324
1.543168
1.411611
1.404995
1.542140
1.509391
1.382562
1.396745
1.394858
1.344746
1.408758
1.422971
1.431033
1.401075
1.581813
1.464180
1.453050
1.343519
1.386922
1.521159
1.358522
1.431579
1.523146
1.460255
1.448281
1.331777
1.359818
1.266971
1.267394
1.433453
1.385177
1.322092
1.372797
1.260208
1.311706
1.353324
1.432016
1.411314
1.374377
1.443175
1.332889
1.493181
1.317445
1.308853
1.372549
1.315710
1.539881
1.338266
1.457833
1.352855
1.388527
1.412453
1.416148
1.378917
1.417503
1.404556
1.325565
1.282403
1.426736
1.267594
1.235654
1.314608
1.275833
1.273740
1.412952
1.318538
1.313772
1.309335
1.431980
1.388430
1.442302
1.372285
1.250272
1.320436
1.359266
1.253853
1.313884
1.302086
1.265749
1.328267
1.399111
1.285244
1.247378
1.315809
1.273311
1.287499
1.291172
1.334727
1.288069
1.257015
1.268743
1.164722
1.203237
1.207838
1.190213
1.237436
1.269803
1.181133
1.293107
1.206978
1.224993
1.191469
1.284026
1.342683
1.283693
1.278439
1.145519
1.103622
1.272734
1.292961
1.294136
1.320636
1.145659
1.250643
1.153873
1.249373
1.255130
1.282033
1.182435
1.133621
1.222967
1.162953
1.245642
1.219589
1.156597
1.157256
1.275083
1.259957
1.159147
1.185760
1.172813
1.219119
1.271328
1.068348
1.205081
1.092066
1.162803
1.234344
1.117013
1.183945
1.176767
1.141142
1.204520
1.147253
1.112951
1.184363
1.241641
1.105748
1.184677
1.145540
1.179315
1.082142
1.189523
1.029407
1.212368
0.983249
1.101920
1.054402
1.051476
1.143439
1.223285
1.101205
1.165334
1.189690
1.194586
1.225839
1.161465
1.049761
1.168113
1.176558
1.167500
1.138875
1.118241
1.156882
1.184716
1.147410
1.163028
1.018618
1.043087
1.125615
1.091388
1.122145
1.044426
1.076648
1.054797
1.042291
1.144148
1.103365
1.063982
1.125011
1.162349
0.984642
1.097133
1.267675
0.994111
1.179723
0.943056
1.028238
1.158272
1.082291
0.953069
1.027621
1.011479
1.044322
1.022145
1.066323
1.063063
1.164069
0.961053
1.116242
1.034026
1.059366
1.077851
1.090971
0.928483
1.134715
1.107923
1.043041
1.087396
1.046212
1.038021
1.138157
1.018292
1.153762
1.040865
1.074256
1.014682
1.039434
0.980500
1.121090
1.112836
1.021714
1.206120
1.103835
0.981741
1.022796
1.039434
1.144146
1.061278
1.266158
1.075636
0.934072
1.042549
1.054000
1.179044
1.176224
0.921504
1.075341
1.061078
1.018025
1.253729
1.036803
1.050659
0.967017
1.009843
1.093098
1.042078
1.156856
1.054488
1.031748
1.047881
1.046149
1.077007
1.035738
1.067362
0.971735
1.082403
1.058789
1.027707
0.970427
0.968143
0.943029
1.125962
1.003478
0.993637
0.962029
1.110997
0.930459
1.002430
1.045931
1.054646
1.072859
0.906285
1.054889
0.978344
1.075524
1.163213
1.054907
1.146482
1.134030
0.960289
1.049556
0.967760
1.034128
1.006419
0.932148
1.005936
1.059254
1.092294
1.034160
0.990830
0.861112
1.002468
1.027848
0.948405
0.992851
0.960271
0.852778
0.911214
0.909494
0.993787
1.109362
1.043120
0.916740
1.049733
0.950147
0.907648
1.082788
0.940163
0.931273
0.967816
1.050785
0.974047
1.148854
0.994651
0.901218
0.940641
0.961216
1.049422
0.978323
1.021677
0.913446
0.869645
0.965279
0.880752
0.884137
0.792052
0.844614
0.999980
0.941109
0.937295
0.913013
0.990008
0.961723
0.853651
0.944338
0.745479
0.969346
0.860458
0.920596
0.801847
0.919109
0.893186
0.911663
0.974044
0.927305
0.851940
0.891695
0.797467
0.877650
0.836632
0.916898
0.812766
0.891388
0.803348
0.976855
0.918967
0.851244
0.887078
0.946555
0.951293
0.879162
0.867407
0.769405
0.949966
0.788035
0.878048
0.873978
1.008708
0.885840
0.981020
0.828276
0.921479
1.020529
0.833188
0.881415
0.866697
0.842167
0.976634
0.858990
0.943496
0.981347
0.970870
0.861767
1.016487
0.991799
1.026221
0.947692
0.910861
0.896950
0.844011
0.995842
0.911280
0.777634
0.936740
0.931135
0.953820
0.832893
0.853140
0.899070
1.017131
0.792538
0.817185
0.833738
0.846584
0.915908
0.925948
0.878951
0.973558
0.928006
0.886768
0.880805
0.922124
0.887730
0.900355
0.802422
0.864496
0.868093
0.784380
0.947385
0.934283
0.897464
0.862211
0.771944
0.885185
0.906302
0.915538
0.917509
0.861296
0.812291
0.945969
0.769393
0.832205
0.797322
0.791217
0.858033
0.712749
0.718921
0.963684
0.929260
0.832271
0.849865
0.774521
0.694399
0.801262
0.894918
1.040703
0.880358
0.823395
0.953337
0.890344
1.024488
0.748564
0.894967
0.813986
0.769737
0.873150
0.903109
0.946313
0.927926
0.785637
0.810229
0.764334
0.921223
1.000229
0.814222
0.908644
0.889892
0.777516
0.818561
0.885109
0.798534
0.812206
0.772632
0.830214
0.886370
0.720524
0.898497
0.800435
0.874892
0.719670
0.903381
0.737032
0.775549
0.894816
0.780019
0.836385
0.981922
0.964364
0.804270
0.707558
0.781528
0.857705
0.758415
0.796331
0.878704
0.827999
0.911655
0.737333
0.801551
0.941860
0.890975
0.933073
0.840438
0.800979
0.818639
0.913966
0.944760
0.845348
0.887292
0.877158
0.722491
0.846066
0.716216
0.932393
0.934624
0.858700
0.760095
0.801244
0.736033
0.930606
0.839216
0.789240
0.868922
0.903599
0.766618
0.625751
0.747889
0.852921
0.804952
0.819843
0.914564
0.809034
0.764518
0.769589
0.793473
0.801860
0.756780
0.879487
0.771726
0.770241
0.794514
0.834395
0.823531
0.766099
0.799286
0.695443
0.802996
0.674213
0.723979
0.709253
0.829023
0.862069
0.822105
0.747570
0.922797
0.882061
0.666638
0.752437
0.773337
0.880179
0.724280
0.711538
0.822141
0.853680
0.865610
0.817686
0.955539
0.903337
0.853382
0.723493
0.821468
0.750972
0.728970
0.741463
0.735688
0.787919
0.706183
0.754874
0.848137
0.757478
0.759862
0.715800
0.727696
0.722696
0.640581
0.871354
0.710815
0.737603
0.760082
0.728245
0.797715
0.772688
0.756000
0.711478
0.794963
0.764067
0.781159
0.654174
0.783610
0.804065
0.641059
0.787377
0.834347
0.793650
0.860795
0.742587
0.732464
0.780812
0.766247
0.670467
0.702482
0.603504
0.734477
0.798102
0.702632
0.810806
0.851443
0.745009
0.739488
0.831436
0.820157
0.710225
0.678860
0.682593
0.772001
0.891427
0.789987
0.837152
0.738255
0.750068
0.733607
0.761182
0.698905
0.811106
0.701823
0.616133
0.691536
0.683344
0.731445
0.796275
0.798710
0.797289
0.777726
0.792369
0.722139
0.698334
0.648714
0.727975
0.852678
0.762087
0.807407
0.820841
0.695593
0.804523
0.676090
0.773413
0.725079
0.773202
0.738904
0.764339
0.785282
0.787235
0.706428
0.656586
0.734129
0.710653
0.705259
0.749762
0.835688
0.694610
0.714339
0.783410
0.775413
0.663701
0.876611
0.708505
0.828333
0.704122
0.673415
0.843944
0.737392
0.672526
0.763597
0.736930
0.804994
0.779777
0.758693
0.670557
0.814820
0.771184
0.742752
0.730408
0.739087
0.746336
0.746623
0.598287
0.730024
0.706403
0.697712
0.671104
0.667301
0.709677
0.681208
0.697273
0.629589
0.610330
0.631275
0.758086
0.597403
0.675592
0.748187
0.624263
0.755523
0.715365
0.677001
0.745816
0.686515
0.797038
0.652430
0.734017
0.780822
0.763288
0.854459
0.777089
0.715153
0.750913
0.733867
0.726644
0.697149
0.600009
0.657427
0.724617
0.741706
0.732351
0.713820
0.723113
0.731467
0.628409
0.800421
0.639278
0.682724
0.876929
0.790401
0.689084
0.660916
0.634180
0.690338
0.649555
0.711177
0.701367
0.607947
0.685374
0.641235
0.656081
0.733517
0.774458
0.689252
0.622037
0.764303
0.790085
0.694095
0.723983
0.610193
0.773658
0.695589
0.605273
0.746167
0.721660
0.750460
0.661278
0.672080
0.726307
0.663776
0.795811
0.640018
0.646857
0.592881
0.681217
0.592675
0.684862
0.615173
0.651934
0.733993
0.630550
0.703799
0.649205
0.563864
0.825418
0.745904
0.587835
0.593065
0.637396
0.711818
0.673803
0.591738
0.759026
0.690893
0.722849
0.659909
0.619236
0.728983
0.725442
0.673062
0.813565
0.847884
0.672969
0.635932
0.786807
0.655105
0.693402
0.667698
0.644118
0.610898
0.701953
0.646448
0.657945
0.675589
0.697146
0.730175
0.892684
0.609251
0.741658
0.658136
0.743934
0.675788
0.682585
0.656940
0.652145
0.741879
0.631905
0.697397
0.758469
0.665052
0.582814
0.723474
0.692939
0.775815
0.764793
0.655979
0.645598
0.744002
0.723659
0.658031
0.654701
0.625760
0.660739
0.706412
0.590974
0.626559
0.690003
0.639466
0.616206
0.735247
0.672417
0.615295
0.642134
0.656416
0.751848
0.726525
0.779565
0.647506
0.644348
0.769494
0.634455
0.686101
0.642039
0.624653
0.621889
0.552428
0.628388
0.711546
0.611733
0.598185
0.674973
0.696307
0.737918
0.627290
0.630487
0.681375
0.608964
0.654242
0.608053
0.542997
0.569878
0.634482
0.722411
0.827613
0.568467
0.751235
0.679247
0.652349
0.806403
0.621270
0.639596
0.664412
0.712203
0.623570
0.748516
0.643997
0.668064
0.734798
0.585902
0.541604
0.693396
0.593339
0.663476
0.757608
0.740915
0.569925
0.713805
0.683998
0.680910
0.553633
0.711665
0.583395
0.721006
0.612036
0.662842
0.572324
0.723067
0.496953
0.693130
0.665498
0.729855
0.707129
0.722784
0.736547
0.603465
0.493645
0.694151
0.637058
0.566075
0.772179
0.660802
0.689953
0.832293
0.696098
0.485622
0.628752
0.664240
0.629868
0.689345
0.567856
0.591675
0.644030
0.647320
0.584735
0.750822
0.706914
0.588621
0.626156
0.458863
0.515009
0.700564
0.627942
0.616925
0.662685
0.611172
0.584435
0.636021
0.520665
0.661031
0.682575
0.656829
0.690886
0.711961
0.717450
0.479835
0.514155
0.541285
0.680864
0.709050
0.681966
0.576283
0.701575
0.772625
0.653710
0.706667
0.668850
0.561279
0.664887
0.622150
0.556879
0.644976
0.671242
0.674526
0.618014
0.624867
0.569611
0.617597
0.577747
0.569042
0.598186
0.668316
0.524289
0.755710
0.599941
0.665962
0.515213
0.510140
0.595793
0.609539
0.764447
0.635635
0.597853
0.651769
0.554257
0.633359
0.651082
0.691515
0.691361
0.708300
0.650785
0.542550
0.588570
0.591070
0.676760
0.753242
0.756863
0.557806
0.618467
0.646314
0.532741
0.416072
0.642979
0.660226
0.613423
0.622459
0.562877
0.755887
0.678173
0.532844
0.618365
0.759721
0.549042
0.469068
0.567242
0.587587
0.559282
0.585409
0.608106
0.513803
0.519796
0.603915
0.552612
0.452103
0.470394
0.515996
0.719236
0.488381
0.512422
0.602311
0.524764
0.542522
0.655004
0.595163
0.747340
0.591270
0.668998
0.527771
0.641928
0.653062
0.497146
0.650852
0.568958
0.737347
0.503303
0.495739
0.528651
0.550118
0.630855
0.614074
0.502569
0.638157
0.610205
0.618798
0.468769
0.572834
0.615854
0.508615
0.747601
0.650492
0.689962
0.528155
0.585936
0.594399
0.673524
0.635595
0.615025
0.571434
0.605644
0.727776
0.675122
0.546476
0.524323
0.574093
0.720090
0.601711
0.545141
0.535481
0.579363
0.620045
0.709934
0.613766
0.598499
0.617044
0.497375
0.684579
0.580516
0.532559
0.641201
0.604896
0.497312
0.593274
0.610168
0.527957
0.565811
0.683338
0.702125
0.601732
0.745407
0.545840
0.646315
0.578925
0.552148
0.703319
0.624720
0.657803
0.615641
0.552487
0.607358
0.676087
0.605962
0.592141
0.687967
0.576917
0.411195
0.554768
0.632090
0.710656
0.640206
0.664418
0.630944
0.621721
0.658924
0.693713
0.577605
0.539729
0.688463
0.502489
0.570712
0.602484
0.526135
0.557319
0.570164
0.603478
0.484615
0.584139
0.558494
0.584346
0.624389
0.616312
0.628592
0.563156
0.729066
0.594814
0.571462
0.587261
0.593558
0.510854
0.578386
0.557498
0.566010
0.623691
0.550023
0.524950
0.626433
0.628518
0.684747
0.501318
0.736086
0.601947
0.571284
0.610835
0.540830
0.599165
0.545421
0.573156
0.481677
0.583367
0.575202
0.601996
0.557154
0.575887
0.562645
0.731046
0.545147
0.619807
0.608009
0.567059
0.599921
0.590893
0.599774
0.503466
0.531168
0.667982
0.535568
0.573343
0.648695
0.596284
0.556691
0.556793
0.538662
0.550191
0.677338
0.556098
0.520362
0.616025
0.553500
0.479703
0.601020
0.509649
0.523901
0.443769
0.487133
0.546732
0.554490
0.643322
0.536888
0.525593
0.474367
0.612269
0.512253
0.492105
0.503717
0.479860
0.592478
0.426679
0.491711
0.504085
0.555046
0.550808
0.538028
0.532961
0.486246
0.486262
0.479402
0.442903
0.600976
0.578936
0.425558
0.430034
0.638253
0.598462
0.524674
0.563505
0.621695
0.601916
0.461971
0.552772
0.578537
0.506809
0.518410
0.588846
0.567860
0.433794
0.508764
0.478710
0.594726
0.495862
0.564781
0.419784
0.572652
0.544434
0.634104
0.518237
0.512180
0.559832
0.590361
0.562075
0.546519
0.449060
0.558698
0.493642
0.506309
0.536886
0.529756
0.564865
0.571086
0.550086
0.546718
0.468689
0.486236
0.606315
0.660609
0.654337
0.547924
0.458593
0.484517
0.625495
0.441670
0.607139
0.617582
0.552166
0.508461
0.477353
0.538259
0.513236
0.490004
0.557801
0.570670
0.527904
0.591259
0.532841
0.491232
0.646376
0.606404
0.596279
0.548151
0.561354
0.537523
0.423344
0.658876
0.542230
0.580359
0.423964
0.403097
0.512211
0.556890
0.508525
0.569153
0.595373
0.460688
0.552450
0.597954
0.543823
0.526472
0.476909
0.703403
0.529269
0.531924
0.542785
0.489274
0.600431
0.633699
0.536471
0.545655
0.476655
0.517547
0.447062
0.551847
0.586419
0.511209
0.500563
0.572649
0.589279
0.470384
0.516630
0.456583
0.516260
0.532167
0.484050
0.532061
0.619182
0.523718
0.541627
0.463905
0.386433
0.408683
0.463165
0.551026
0.481938
0.595342
0.538285
0.514094
0.573925
0.561768
0.528610
0.581438
0.671682
0.427365
0.519320
0.502990
0.574892
0.552234
0.689552
0.535168
0.546923
0.512888
0.569729
0.563974
0.490440
0.591807
0.511585
0.501076
0.612046
0.413043
0.575735
0.449578
0.414010
0.488456
0.599699
0.450375
0.399844
0.488224
0.529127
0.535157
0.454060
0.583744
0.549576
0.560965
0.553915
0.512033
0.537156
0.545233
0.365935
0.579133
0.483407
0.490111
0.485357
0.478505
0.563245
0.513709
0.486301
0.478511
0.477651
0.414479
0.398563
0.503073
0.445379
0.463242
0.486330
0.491089
0.522663
0.577037
0.492821
0.489098
0.510594
0.628742
0.519774
0.488306
0.545229
0.431482
0.602508
0.518977
0.541865
0.553466
0.619845
0.482983
0.432146
0.607226
0.513865
0.409263
0.495319
0.458440
0.477083
0.501548
0.477773
0.426149
0.562985
0.463699
0.450703
0.391488
0.533756
0.448464
0.471409
0.553222
0.458856
0.462775
0.548750
0.430204
0.550027
0.451667
0.507902
0.563688
0.427539
0.619097
0.558788
0.521949
0.473912
0.517147
0.540824
0.443348
0.363484
0.478055
0.540273
0.498178
0.436356
0.524569
0.420649
0.499233
0.499048
0.518202
0.433100
0.437236
0.455230
0.521363
0.595047
0.527458
0.610823
0.517939
0.420859
0.432354
0.441637
0.488577
0.407934
0.496777
0.547608
0.634825
0.496617
0.524075
0.429488
0.484061
0.462223
0.546018
0.445679
0.561373
0.470004
0.537770
0.462649
0.654623
0.592922
0.565678
0.450215
0.473265
0.477942
0.546142
0.483404
0.450693
0.448053
0.405326
0.435333
0.545027
0.444799
0.471395
0.498854
0.468603
0.430360
0.483855
0.431203
0.545810
0.614976
0.461916
0.395982
0.436868
0.528625
0.531637
0.507254
0.430712
0.439534
0.484286
0.367795
0.577835
0.471868
0.396586
0.363276
0.458310
0.544670
0.580978
0.548194
0.514570
0.533798
0.471841
0.497144
0.344727
0.540866
0.488839
0.505092
0.532919
0.533931
0.385625
0.420258
0.413465
0.407444
0.429708
0.542723
0.392251
0.419661
0.365324
0.510005
0.355486
0.424425
0.482362
0.360535
0.523463
0.382560
0.426984
0.441918
0.444343
0.511374
0.529015
0.435818
0.516577
0.468250
0.440925
0.579795
0.425431
0.483831
0.398143
0.458186
0.586421
0.510094
0.430589
0.518777
0.417814
0.544947
0.384034
0.422169
0.410612
0.434292
0.458908
0.478830
0.461224
0.432430
0.492007
0.425569
0.486650
0.432619
0.382680
0.377054
0.567618
0.464701
0.482287
0.410587
0.479867
0.388833
0.581503
0.439319
0.376457
0.431656
0.506248
0.480466
0.393585
0.433766
0.452863
0.469923
0.372442
0.446112
0.469449
0.520351
0.527445
0.489921
0.553003
0.484404
0.552294
0.523728
0.411777
0.496884
0.464199
0.426353
0.532869
0.468211
0.453256
0.487240
0.390629
0.527944
0.435451
0.510339
0.478036
0.616276
0.432020
0.593435
0.472542
0.447291
0.482676
0.388391
0.362300
0.447958
0.471846
0.354708
0.393196
0.473451
0.578410
0.440630
0.401081
0.507828
0.486619
0.456337
0.399805
0.466341
0.472917
0.440234
0.460532
0.523725
0.506397
0.505826
0.529074
0.555220
0.444326
0.477902
0.473945
0.476129
0.399507
0.442339
0.499753
0.417882
0.453241
0.467096
0.507386
0.397565
0.522282
0.528372
0.470952
0.469230
0.604394
0.405596
0.489971
0.436062
0.668394
0.468517
0.459612
0.504882
0.429903
0.446483
0.452455
0.492004
0.473238
0.500130
0.542922
0.500165
0.440616
0.502503
0.447366
0.500341
0.557184
0.426511
0.512495
0.463279
0.511556
0.463936
0.435506
0.474609
0.443711
0.402290
0.459670
0.433816
0.434711
0.435117
0.410898
0.445091
0.563825
0.453307
0.528121
0.431746
0.427724
0.401873
0.352393
0.401812
0.430001
0.395131
0.417222
0.486403
0.377708
0.366856
0.406989
0.410656
0.416042
0.395204
0.579944
0.385157
0.386102
0.414255
0.416488
0.396012
0.454513
0.355337
0.441919
0.495569
0.429250
0.399221
0.487456
0.439211
0.440945
0.571516
0.539892
0.426658
0.370307
0.381947
0.291124
0.455313
0.438023
0.504243
0.455406
0.376922
0.575395
0.382755
0.437234
0.478731
0.413092
0.407407
0.375416
0.413860
0.396377
0.330498
0.549727
0.467520
0.439756
0.566961
0.416571
0.435139
0.429939
0.406233
0.538561
0.505188
0.426264
0.360133
0.381077
0.378929
0.430017
0.494609
0.562951
0.496240
0.318085
0.300690
0.354441
0.451009
0.427183
0.503094
0.482186
0.534441
0.402763
0.394655
0.383774
0.442678
0.392615
0.405726
0.489583
0.395909
0.460742
0.534037
0.490645
0.487554
0.409454
0.434009
0.478694
0.339755
0.400546
0.432556
0.452097
0.407562
0.436582
0.440746
0.525120
0.433747
0.522257
0.384319
0.415248
0.402510
0.453496
0.455465
0.413967
0.345641
0.449463
0.410336
0.463250
0.389153
0.420118
0.316359
0.443965
0.527775
0.415212
0.363675
0.344896
0.492537
0.347272
0.618492
0.446334
0.456241
0.521062
0.315803
0.346219
0.360705
0.446032
0.481176
0.445290
0.482101
0.421230
0.430449
0.356579
0.437861
0.437270
0.396470
0.473143
0.368107
0.444061
0.531768
0.357182
0.425936
0.441787
0.487356
0.523029
0.462349
0.511763
0.414597
0.471231
0.434536
0.460607
0.435377
0.450145
0.427029
0.512427
0.440232
0.477652
0.518532
0.448704
0.345642
0.536671
0.416063
0.424745
0.436774
0.399161
0.409463
0.433716
0.381646
0.503424
0.446411
0.416416
0.438096
0.460680
0.499104
0.426338
0.401649
0.474402
0.327311
0.425592
0.445392
0.493959
0.414514
0.436802
0.319534
0.350262
0.334111
0.377060
0.406123
0.403099
0.447298
0.410764
0.396442
0.482637
0.472769
0.423967
0.361914
0.409085
0.332342
0.416247
0.445499
0.464299
0.383056
0.424155
0.342077
0.459469
0.451460
0.311804
0.401768
0.420118
0.362369
0.372746
0.470294
0.381037
0.475518
0.437661
0.408216
0.422958
0.414680
0.469607
0.346509
0.435212
0.374247
0.378815
0.393689
0.430707
0.338586
0.471847
0.361504
0.318331
0.555506
0.348034
0.466695
0.452623
0.423581
0.378336
0.469810
0.351162
0.355017
0.449345
0.377299
0.432605
0.391162
0.386443
0.424520
0.361221
0.401284
0.507998
0.514685
0.383552
0.316906
0.419122
0.328294
0.400611
0.352192
0.336235
0.469993
0.381698
0.529299
0.362678
0.331563
0.399868
0.305750
0.532582
0.403582
0.387387
0.425388
0.395665
0.387666
0.477196
0.356544
0.421953
0.417395
0.450551
0.372777
0.414845
0.452536
0.355717
0.375604
0.381331
0.447691
0.355411
0.345908
0.351698
0.374231
0.337210
0.413544
0.346202
0.388307
0.375809
0.340115
0.374202
0.302755
0.361690
0.357508
0.439957
0.335776
0.376563
0.325356
0.374905
0.449062
0.467434
0.308665
0.373085
0.424530
0.377389
0.397267
0.322660
0.372734
0.273500
0.464801
0.355401
0.374825
0.382783
0.363517
0.486649
0.430477
0.447639
0.383572
0.517950
0.394119
0.424055
0.468894
0.401395
0.354281
0.478972
0.508080
0.485576
0.377424
0.445697
0.421014
0.479199
0.496751
0.479126
0.394637
0.296993
0.463397
0.400183
0.446488
0.435112
0.456952
0.372911
0.503715
0.382608
0.437876
0.398935
0.361240
0.313227
0.317068
0.330973
0.391761
0.275628
0.409129
0.260027
0.439178
0.328678
0.370482
0.439898
0.365519
0.388977
0.405549
0.407509
0.310429
0.367399
0.345546
0.260537
0.340379
0.433557
0.321278
0.371317
0.304386
0.342106
0.376347
0.319430
0.349518
0.304638
0.450930
0.347055
0.312378
0.337983
0.511306
0.467433
0.344865
0.359811
0.410667
0.412353
0.370162
0.367912
0.444684
0.425854
0.323801
0.305999
0.327938
0.407788
0.315860
0.453355
0.335683
0.505443
0.448038
0.377027
0.358343
0.387842
0.374317
0.455946
0.371718
0.386211
0.326229
0.340804
0.395528
0.333847
0.328865
0.428426
0.398029
0.338016
0.296142
0.317834
0.372400
0.385030
0.428315
0.290457
0.438567
0.381909
0.359039
0.305717
0.406726
0.374797
0.382712
0.351005
0.322767
0.344882
0.448753
0.464640
0.464215
0.309710
0.473657
0.356233
0.341003
0.431175
0.502472
0.379743
0.388573
0.417020
0.429509
0.522281
0.475478
0.396782
0.460265
0.405738
0.333104
0.412222
0.378808
0.393939
0.413150
0.421887
0.400771
0.321360
0.389618
0.489051
0.331731
0.545727
0.317341
0.357668
0.435301
0.447587
0.408303
0.357547
0.343006
0.383049
0.419147
0.369702
0.364031
0.402637
0.352189
0.404595
0.397931
0.389014
0.595520
0.376497
0.364314
0.363172
0.399842
0.377731
0.341872
0.378240
0.475631
0.311319
0.376687
0.316118
0.363245
0.500628
0.303804
0.364941
0.355142
0.358889
0.309509
0.414287
0.319042
0.383355
0.426721
0.394365
0.413568
0.327947
0.333814
0.407405
0.371176
0.421968
0.388022
0.404844
0.255538
0.345029
0.429353
0.497393
0.372167
0.389823
0.396577
0.482363
0.350379
0.358141
0.406874
0.334548
0.385164
0.352457
0.386134
0.341273
0.352476
0.381703
0.331381
0.386615
0.397725
0.378006
0.293995
0.273372
0.319611
0.277594
0.300939
0.298472
0.353946
0.285796
0.303793
0.334821
0.377279
0.387215
0.415615
0.288005
0.409442
0.362624
0.310297
0.320507
0.315257
0.348758
0.343630
0.265979
0.435605
0.337976
0.382682
0.350782
0.410360
0.281975
0.363361
0.417362
0.279768
0.337680
0.348109
0.470388
0.326150
0.332872
0.404870
0.315920
0.424286
0.398173
0.433081
0.485644
0.424583
0.472791
0.495566
0.449582
0.364744
0.353091
0.345877
0.342003
0.363794
0.291036
0.470302
0.430529
0.491760
0.387623
0.402642
0.415529
0.336238
0.357291
0.377937
0.381661
0.387296
0.381923
0.338212
0.376160
0.333464
0.405037
0.359973
0.349846
0.299148
0.312076
0.332672
0.406280
0.348076
0.373435
0.293400
0.384388
0.317004
0.304059
0.376726
0.329167
0.281882
0.234579
0.352396
0.301893
0.360660
0.355078
0.319458
0.373039
0.312217
0.414456
0.372906
0.419746
0.307524
0.449577
0.336120
0.327160
0.415509
0.372167
0.361676
0.401723
0.464265
0.383337
0.376661
0.352341
0.411502
0.369913
0.428912
0.326503
0.517620
0.497675
0.362533
0.377585
0.406843
0.338133
0.384279
0.456703
0.376375
0.411538
0.289905
0.338090
0.396123
0.446494
0.381358
0.313378
0.326183
0.423264
0.374793
0.492626
0.389500
0.406275
0.343556
0.367016
0.301722
0.309598
0.306353
0.375875
0.421637
0.348159
0.397033
0.342718
0.407494
0.352909
0.340573
0.383100
0.249941
0.253597
0.503381
0.402089
0.319011
0.414672
0.538658
0.295203
0.481916
0.407484
0.353969
0.344621
0.357262
0.378003
0.372860
0.428004
0.336906
0.266432
0.427282
0.293048
0.421271
0.277285
0.334161
0.194502
0.440570
0.438054
0.294727
0.344244
0.255247
0.275241
0.350430
0.277386
0.231076
0.365336
0.417043
0.339251
0.250208
0.361473
0.332007
0.409132
0.340750
0.315167
0.230589
0.343626
0.404130
0.343810
0.400958
0.288393
0.352506
0.310471
0.363158
0.299796
0.298852
0.316353
0.332503
0.362728
0.410747
0.386916
0.392734
0.309545
0.360667
0.306369
0.420549
0.316877
0.369351
0.377126
0.317437
0.374575
0.360763
0.341114
0.363853
0.351564
0.544839
0.318593
0.259202
0.363351
0.316410
0.334652
0.436511
0.330081
0.382313
0.314839
0.382764
0.353789
0.363399
0.288168
0.305301
0.339905
0.389226
0.391506
0.366043
0.277804
0.331234
0.241372
0.343757
0.330899
0.401166
0.330883
0.314724
0.291225
0.339957
0.344784
0.378461
0.341050
0.241482
0.316873
0.310047
0.336609
0.324895
0.306770
0.420521
0.325047
0.335636
0.291913
0.284372
0.394584
0.420661
0.324351
0.266824
0.365137
0.294029
0.329680
0.320272
0.351030
0.388644
0.387772
0.376978
0.407060
0.332366
0.393408
0.315664
0.342405
0.347801
0.353461
0.265104
0.352989
0.432599
0.370722
0.363474
0.328401
0.317796
0.290240
0.371221
0.302144
0.391310
0.285197
0.388822
0.382282
0.299555
0.321946
0.393954
0.316772
0.295495
0.371986
0.437312
0.365373
0.363351
0.370264
0.419410
0.465609
0.319885
0.341643
0.358676
0.395412
0.335237
0.311390
0.431176
0.345460
0.320132
0.286225
0.385292
0.279576
0.449030
0.306053
0.293139
0.389988
0.221120
0.396743
0.430056
0.302612
0.374821
0.375028
0.355421
0.338645
0.324242
0.362901
0.344622
0.323126
0.246818
0.351266
0.281573
0.310334
0.326190
0.332870
0.364914
0.274930
0.336316
0.234836
0.229616
0.269165
0.345926
0.293935
0.294076
0.409543
0.278071
0.242048
0.305676
0.277777
0.299982
0.484038
0.252500
0.291418
0.301736
0.308307
0.400229
0.259351
0.348329
0.364203
0.304476
0.313487
0.265091
0.442053
0.361032
0.319939
0.334929
0.286025
0.229741
0.303000
0.264162
0.291162
0.363770
0.404157
0.378096
0.247282
0.277392
0.247274
0.304440
0.368670
0.290968
0.291882
0.263859
0.290771
0.403391
0.203162
0.233501
0.349185
0.259775
0.281832
0.273432
0.402166
0.243235
0.349058
0.365018
0.311891
0.264430
0.332336
0.330803
0.370416
0.310554
0.358793
0.284028
0.348266
0.350633
0.374524
0.344069
0.363481
0.302670
0.293992
0.227031
0.420736
0.434539
0.353185
0.321503
0.242889
0.309706
0.410285
0.268611
0.346477
0.288038
0.295836
0.301271
0.255019
0.349725
0.368126
0.316645
0.288574
0.302524
0.284128
0.470561
0.304896
0.316314
0.304755
0.312714
0.293056
0.384150
0.270303
0.294423
0.284380
0.319286
0.351627
0.457043
0.294892
0.363377
0.326459
0.275986
0.297511
0.312072
0.421588
0.334535
0.388043
0.268445
0.322150
0.347123
0.407664
0.282440
0.305280
0.345086
0.441645
0.280436
0.367205
0.384886
0.392146
0.455404
0.366310
0.443278
0.350695
0.316768
0.286359
0.305903
0.320977
0.287467
0.343275
0.401408
0.359736
0.286312
0.316765
0.249808
0.243979
0.356411
0.357812
0.313793
0.243259
0.389548
0.339138
0.326910
0.401960
0.269611
0.321717
0.294158
0.326249
0.370403
0.322492
0.272144
0.242138
0.346592
0.302372
0.335043
0.262589
0.256725
0.271926
0.356107
0.327716
0.257268
0.322484
0.374140
0.277729
0.444569
0.432185
0.235758
0.270963
0.294619
0.325780
0.392891
0.255742
0.238118
0.320050
0.329668
0.283380
0.246867
0.372294
0.272212
0.327604
0.264223
0.317871
0.275281
0.238619
0.279376
0.358868
0.288130
0.196773
0.245975
0.252391
0.267610
0.335820
0.257168
0.341544
0.414068
0.278758
0.324724
0.254341
0.405546
0.353327
0.251505
0.313596
0.370187
0.317532
0.344257
0.367555
0.229575
0.359179
0.328459
0.271732
0.280505
0.332630
0.289934
0.280812
0.276613
0.348550
0.351422
0.277367
0.264216
0.306553
0.230582
0.252433
0.317330
0.372767
0.264704
0.317123
0.341898
0.321781
0.284054
0.305544
0.268715
0.306912
0.324387
0.301120
0.398816
0.353506
0.243405
0.288131
0.332817
0.321255
0.215653
0.259136
0.249208
0.400916
0.300370
0.394355
0.315405
0.251125
0.286878
0.385591
0.302594
0.321254
0.268303
0.255834
0.278390
0.197948
0.348538
0.270768
0.201644
0.304264
0.281786
0.280760
0.279429
0.260295
0.311954
0.245925
0.338505
0.307452
0.266828
0.290261
0.357695
0.392707
0.345970
0.349841
0.325068
0.409843
0.273406
0.290853
0.305663
0.286662
0.435537
0.405036
0.331847
0.332819
0.324821
0.407251
0.271795
0.335409
0.283593
0.235309
0.299575
0.266757
0.311435
0.287919
0.262099
0.358210
0.236080
0.341539
0.244601
0.332305
0.287655
0.266542
0.254868
0.325905
0.304193
0.311030
0.257843
0.266214
0.415820
0.282713
0.350325
0.254162
0.296824
0.272677
0.285126
0.314598
0.323117
0.271344
0.295861
0.360287
0.314214
0.365710
0.369086
0.246797
0.298637
0.396623
0.370010
0.366961
0.309419
0.412674
0.386859
0.323446
0.364402
0.418923
0.329329
0.334710
0.290997
0.318470
0.256923
0.351898
0.309563
0.322988
0.259482
0.290934
0.255297
0.243304
0.277923
0.282952
0.207969
0.220115
0.303827
0.198145
0.285403
0.299672
0.274438
0.300761
0.302055
0.168654
0.273168
0.287549
0.212128
0.276347
0.301749
0.285207
0.234525
0.208086
0.316427
0.336303
0.209819
0.237847
0.257460
0.245764
0.254006
0.260326
0.222710
0.339587
0.336950
0.245507
0.208498
0.348270
0.287592
0.364637
0.200203
0.281912
0.246875
0.229600
0.256476
0.289476
0.214803
0.239737
0.264574
0.321397
0.284092
0.296833
0.348441
0.234402
0.231131
0.250180
0.266676
0.260899
0.152940
0.252567
0.256524
0.303220
0.217270
0.277563
0.304760
0.289488
0.314293
0.344517
0.240959
0.269829
0.229274
0.230288
0.328654
0.343832
0.227603
0.378064
0.330561
0.349747
0.315016
0.206790
0.273911
0.263040
0.275671
0.294386
0.294158
0.367098
0.338679
0.234484
0.366358
0.247311
0.264373
0.356946
0.277597
0.260541
0.291450
0.324021
0.360536
0.272278
0.290509
0.315307
0.347189
0.289957
0.318837
0.251709
0.353253
0.274895
0.261656
0.378988
0.217669
0.299374
0.255768
0.281601
0.305659
0.391869
0.329445
0.334399
0.313960
0.349088
0.456156
0.168200
0.310402
0.246149
0.323407
0.348723
0.310499
0.195543
0.290452
0.289292
0.287544
0.341096
0.252990
0.268903
0.254280
0.356523
0.302677
0.291520
0.278851
0.293348
0.217749
0.319067
0.354831
0.313927
0.268919
0.284722
0.293540
0.292498
0.314977
0.244821
0.328406
0.279788
0.346840
0.392400
0.218099
0.278375
0.242949
0.271535
0.372375
0.303546
0.344527
0.369682
0.258802
0.406803
0.283750
0.238724
0.282052
0.276428
0.362085
0.352096
0.270086
0.246483
0.331203
0.318352
0.260041
0.341637
0.362588
0.368603
0.177051
0.268536
0.225471
0.364431
0.235260
0.265148
0.217207
0.256239
0.240717
0.328011
0.327915
0.238659
0.219722
0.297925
0.206523
0.177200
0.236259
0.249138
0.292237
0.287496
0.268391
0.215300
0.336239
0.207449
0.187634
0.278900
0.240054
0.259806
0.183850
0.283512
0.264160
0.333794
0.290116
0.170846
0.329621
0.279905
0.229941
0.391638
0.294978
0.245783
0.307794
0.280714
0.267437
0.251838
0.276259
0.244434
0.281598
0.275329
0.295232
0.300621
0.179796
0.252687
0.234126
0.300057
0.311923
0.295204
0.253291
0.303312
0.254012
0.237357
0.231586
0.188417
0.248361
0.352654
0.274857
0.244992
0.323437
0.345355
0.374954
0.281025
0.259599
0.304803
0.508923
0.237472
0.305213
0.269582
0.274534
0.200868
0.235705
0.204338
0.245184
0.289785
0.242912
0.263983
0.293885
0.273019
0.300514
0.254389
0.225124
0.233550
0.301305
0.305729
0.244138
0.285075
0.262885
0.241119
0.302790
0.284852
0.314770
0.273022
0.309980
0.330225
0.236202
0.201972
0.242962
0.166379
0.365701
0.326439
0.266558
0.322178
0.330536
0.252753
0.361533
0.270918
0.314555
0.332520
0.180031
0.252016
0.402545
0.309238
0.238113
0.265919
0.272034
0.228487
0.266355
0.341655
0.300093
0.280441
0.228855
0.414520
0.268445
0.278915
0.326977
0.313696
0.332789
0.314054
0.255888
0.286323
0.286807
0.305300
0.239388
0.300115
0.299164
0.316578
0.375454
0.267799
0.239453
0.286211
0.280145
0.270442
0.324831
0.245713
0.313251
0.261405
0.181746
0.304619
0.360766
0.335967
0.201208
0.318948
0.255007
0.254534
0.269456
0.252363
0.334908
0.258492
0.266107
0.331670
0.404407
0.249404
0.285680
0.258701
0.239734
0.352532
0.228890
0.268491
0.284028
0.211812
0.240212
0.235674
0.293727
0.289647
0.228246
0.298258
0.213901
0.242502
0.268490
0.273807
0.239005
0.357654
0.177855
0.196334
0.269505
0.252268
0.253859
0.246307
0.231213
0.228285
0.233223
0.176465
0.251071
0.224373
0.295663
0.281277
0.269957
0.335660
0.247833
0.266449
0.224098
0.217960
0.365329
0.263865
0.283853
0.262641
0.212374
0.325938
0.257457
0.236402
0.215834
0.198103
0.249101
0.336690
0.224059
0.213244
0.187101
0.201773
0.286177
0.270874
0.257642
0.203635
0.169904
0.222141
0.271988
0.235629
0.290956
0.213572
0.266122
0.183157
0.299476
0.317704
0.276483
0.208792
0.238477
0.219402
0.289067
0.246262
0.256021
0.247001
0.254093
0.216975
0.240640
0.292161
0.157293
0.160397
0.281935
0.327136
0.242959
0.275220
0.224752
0.252207
0.309044
0.237540
0.252789
0.214406
0.279762
0.215370
0.279455
0.190747
0.230828
0.277384
0.208811
0.269067
0.212555
0.307873
0.231146
0.236696
0.220715
0.406753
0.222662
0.174550
0.241300
0.170042
0.184796
0.241456
0.251322
0.231270
0.234340
0.278888
0.243395
0.247430
0.233161
0.154149
0.337996
0.255510
0.278972
0.334065
0.212289
0.296360
0.286319
0.213598
0.262756
0.204808
0.287593
0.275682
0.332471
0.216470
0.213629
0.369503
0.354436
0.314419
0.294593
0.256340
0.154828
0.252141
0.257569
0.324772
0.308513
0.353245
0.252219
0.239795
0.235995
0.230847
0.345500
0.212371
0.262042
0.246123
0.230290
0.261766
0.296184
0.292681
0.298826
0.249764
0.235704
0.183734
0.260968
0.261474
0.220215
0.338771
0.282952
0.295561
0.262009
0.284188
0.248338
0.235023
0.193455
0.218279
0.278720
0.328155
0.244798
0.235684
0.210233
0.190138
0.222945
0.163896
0.214965
0.194080
0.212037
0.236899
0.314433
0.194971
0.170899
0.233759
0.190350
0.266608
0.194447
0.367750
0.227347
0.240472
0.239511
0.183570
0.173686
0.202353
0.260302
0.223714
0.211047
0.272896
0.211456
0.253910
0.229972
0.223602
0.183731
0.305959
0.250179
0.290795
0.240491
0.199180
0.292633
0.194407
0.294250
0.251243
0.271585
0.198984
0.263018
0.209247
0.359646
0.249414
0.272088
0.192652
0.227216
0.346651
0.226871
0.263992
0.215551
0.253028
0.268511
0.255592
0.239411
0.295597
0.265666
0.357260
0.210310
0.236158
0.263013
0.253800
0.252355
0.335387
0.227884
0.254175
0.243632
0.282591
0.205220
0.205621
0.211107
0.235155
0.292491
0.236041
0.285485
0.182369
0.260423
0.195526
0.194120
0.191791
0.313193
0.281020
0.230717
0.260896
0.368729
0.235420
0.192264
0.241057
0.253434
0.246688
0.266201
0.281254
0.194773
0.321032
0.239588
0.259315
0.257584
0.236053
0.259418
0.154836
0.189426
0.292755
0.195514
0.249456
0.282556
0.317930
0.245254
0.259660
0.188564
0.203049
0.234340
0.279038
0.270927
0.199725
0.206162
0.260327
0.340312
0.306828
0.270143
0.239858
0.166243
0.262848
0.206558
0.302027
0.258815
0.251232
0.276496
0.252096
0.325726
0.236569
0.246207
0.303272
0.256210
0.269496
0.343294
0.201716
0.244980
0.188586
0.165265
0.250753
0.235594
0.194991
0.201871
0.240438
0.317306
0.322460
0.275895
0.295877
0.262626
0.247643
0.320029
0.232449
0.213237
0.199682
0.286360
0.170376
0.227204
0.218356
0.262987
0.285176
0.321674
0.234860
0.339820
0.270747
0.237417
0.264945
0.231318
0.256802
0.281009
0.256989
0.251943
0.257674
0.178030
0.186052
0.319034
0.194944
0.223435
0.174059
0.187072
0.274969
0.148674
0.160281
0.234889
0.220534
0.209168
0.114608
0.158846
0.197216
0.257936
0.239571
0.276175
0.274567
0.216169
0.160844
0.203212
0.346314
0.251356
0.220168
0.222776
0.233382
0.203050
0.217360
0.272756
0.257204
0.260852
0.236125
0.191126
0.215736
0.194944
0.220541
0.197666
0.234262
0.202800
0.194556
0.197201
0.326365
0.227985
0.261786
0.297916
0.229866
0.187247
0.206889
0.238597
0.261921
0.170303
0.188285
0.226774
0.250737
0.209149
0.185255
0.239090
0.273365
0.230852
0.275332
0.331166
0.168831
0.177335
0.278895
0.325055
0.258459
0.258639
0.220117
0.215682
0.249487
0.277913
0.317233
0.318212
0.167770
0.269162
0.341053
0.282007
0.248561
0.259649
0.250536
0.244475
0.216849
0.191151
0.246130
0.264843
0.416661
0.197718
0.214272
0.149534
0.289973
0.192554
0.270261
0.243282
0.229077
0.211101
0.265132
0.296659
0.181094
0.186236
0.254747
0.270776
0.207451
0.163719
0.295718
0.197491
0.221479
0.133301
0.191535
0.269106
0.229082
0.267217
0.171882
0.286375
0.212571
0.320455
0.265424
0.238012
0.227151
0.285502
0.263322
0.260727
0.127838
0.193158
0.285611
0.201660
0.194160
0.196995
0.236774
0.212757
0.278597
0.278086
0.227091
0.231149
0.201872
0.242429
0.217419
0.229855
0.268434
0.241361
0.258981
0.197454
0.221191
0.227758
0.359744
0.237108
0.246953
0.189995
0.262222
0.242208
0.247947
0.234326
0.182901
0.272121
0.230256
0.265753
0.305451
0.242228
0.242529
0.304266
0.206650
0.277513
0.207778
0.254018
0.242865
0.176944
0.305729
0.223590
0.197951
0.173892
0.214483
0.368505
0.268966
0.192482
0.246234
0.250328
0.270716
0.226127
0.155332
0.240362
0.253887
0.205109
0.235721
0.191901
0.357361
0.142573
0.219949
0.153904
0.266633
0.254956
0.192720
0.229488
0.190662
0.187073
0.204152
0.216339
0.202093
0.155393
0.201384
0.186336
0.177639
0.257208
0.207457
0.254529
0.198453
0.304006
0.187782
0.245112
0.235508
0.204504
0.214155
0.247812
0.217513
0.213656
0.253952
0.240036
0.214190
0.236349
0.184486
0.186812
0.244057
0.189262
0.216550
0.238132
0.257203
0.221020
0.186717
0.227616
0.216812
0.209477
0.192101
0.171129
0.193099
0.206788
0.165572
0.162318
0.229176
0.200117
0.165508
0.149192
0.142156
0.167862
0.217821
0.333703
0.202060
0.206801
0.157996
0.217493
0.185927
0.275624
0.247928
0.183476
0.260685
0.245514
0.255211
0.287661
0.163498
0.190957
0.298414
0.208617
0.179825
0.253323
0.199238
0.196044
0.245885
0.234275
0.271927
0.264839
0.212630
0.195185
0.200409
0.214451
0.177942
0.211885
0.206568
0.201280
0.310654
0.255493
0.241906
0.110575
0.212244
0.195847
0.293291
0.219744
0.272198
0.207267
0.219534
0.286510
0.158879
0.166919
0.263550
0.208380
0.287965
0.212892
0.258210
0.152117
0.250309
0.223742
0.233806
0.174357
0.187007
0.221369
0.199005
0.217910
0.194948
0.224425
0.186766
0.316291
0.323976
0.270770
0.164171
0.237707
0.220809
0.266766
0.202582
0.325014
0.226937
0.282046
0.166141
0.191046
0.158398
0.244753
0.275943
0.299497
0.202957
0.236551
0.290988
0.221004
0.216993
0.199256
0.283964
0.425805
0.143024
0.166866
0.271754
0.167385
0.211918
0.165040
0.187615
0.245068
0.213228
0.193744
0.208273
0.237743
0.197943
0.241666
0.209139
0.226248
0.238671
0.225587
0.153087
0.148667
0.188227
0.205626
0.160692
0.179474
0.190144
0.179312
0.187268
0.220549
0.149723
0.196910
0.141191
0.206050
0.154077
0.234362
0.165012
0.180387
0.136479
0.201766
0.258316
0.126054
0.196896
0.151616
0.248701
0.180899
0.199367
0.137201
0.202227
0.273269
0.180696
0.247600
0.155394
0.249633
0.167019
0.198000
0.156981
0.214558
0.201793
0.251324
0.158242
0.197417
0.215217
0.263525
0.306135
0.245676
0.303966
0.253237
0.299189
0.299379
0.172481
0.219277
0.224192
0.188427
0.274786
0.172499
0.200646
0.272003
0.187645
0.273779
0.191458
0.236645
0.250157
0.325693
0.184896
0.190797
0.218603
0.209461
0.220943
0.232092
0.217443
0.197367
0.172927
0.221711
0.278218
0.259155
0.171806
0.171126
0.192311
0.244330
0.245520
0.218220
0.273833
0.240765
0.221886
0.159714
0.277879
0.232390
0.253156
0.204174
0.219825
0.197729
0.249873
0.194111
0.194239
0.234913
0.208628
0.246405
0.209892
0.213652
0.248973
0.320228
0.251964
0.245965
0.232786
0.329622
0.258848
0.186294
0.199086
0.206979
0.210851
0.216857
0.161998
0.195635
0.189959
0.171619
0.191309
0.210937
0.225189
0.152473
0.221669
0.140991
0.150753
0.121827
0.215238
0.204235
0.204152
0.163002
0.177933
0.154755
0.238018
0.168599
0.188643
0.222942
0.209878
0.165238
0.151648
0.195682
0.244485
0.206439
0.204780
0.221038
0.244453
0.178120
0.133436
0.223962
0.182710
0.189831
0.203295
0.193293
0.225689
0.182718
0.300658
0.176010
0.491069
0.215371
0.246191
0.274444
0.202787
0.179452
0.253582
0.250025
0.200498
0.332979
0.203053
0.262118
0.219996
0.217280
0.202968
0.209578
0.223625
0.239175
0.129329
0.342961
0.160088
0.174359
0.171345
0.234907
0.215784
0.166890
0.275749
0.217005
0.198495
0.194536
0.182100
0.162591
0.185608
0.262440
0.190030
0.170493
0.187828
0.210694
0.211822
0.197718
0.191359
0.167450
0.189556
0.195518
0.214171
0.200321
0.184288
0.166055
0.223934
0.167956
0.159493
0.173211
0.280159
0.180873
0.230195
0.179241
0.215136
0.213591
0.267176
0.164355
0.204516
0.157539
0.294839
0.173726
0.251906
0.218352
0.196952
0.158726
0.212961
0.216173
0.264918
0.213732
0.234116
0.172623
0.213482
0.236176
0.152725
0.199968
0.194862
0.197985
0.227164
0.181429
0.153345
0.182425
0.247009
0.135052
0.165054
0.239965
0.201393
0.192750
0.231368
0.233860
0.317015
0.261578
0.179309
0.207228
0.210006
0.279110
0.201985
0.219080
0.227842
0.233652
0.212195
0.183902
0.239342
0.225817
0.125940
0.153275
0.209601
0.133488
0.157305
0.163336
0.241510
0.229286
0.239099
0.144619
0.183495
0.196736
0.178573
0.194837
0.184191
0.202598
0.196270
0.203049
0.150565
0.236505
0.181973
0.163753
0.306752
0.235501
0.244481
0.174671
0.279564
0.212026
0.183896
0.175313
0.178080
0.227398
0.212368
0.116760
0.148314
0.225577
0.203040
0.223686
0.236974
0.205057
0.271784
0.170337
0.190589
0.175823
0.182326
0.253161
0.142956
0.175278
0.190886
0.212519
0.205194
0.184303
0.156523
0.173044
0.162464
0.304281
0.280307
0.147334
0.188087
0.240574
0.162223
0.234158
0.223239
0.252108
0.115312
0.166449
0.193935
0.181810
0.249506
0.218230
0.217743
0.191664
0.144314
0.187854
0.243338
0.208785
0.128870
0.193051
0.316717
0.202144
0.169564
0.192091
0.122388
0.191604
0.202393
0.205128
0.203810
0.313598
0.181839
0.229695
0.166640
0.169774
0.191867
0.171431
0.162294
0.199892
0.173641
0.188640
0.260917
0.182439
0.204624
0.151166
0.174214
0.146589
0.149399
0.181509
0.234243
0.228540
0.211115
0.161383
0.154488
0.129648
0.199296
0.137534
0.193714
0.173435
0.183357
0.138312
0.197583
0.247192
0.229325
0.206956
0.232392
0.164201
0.250532
0.262644
0.275243
0.214888
0.188340
0.168285
0.190283
0.213381
0.203913
0.179979
0.239139
0.222784
0.203071
0.138283
0.157066
0.210193
0.183026
0.166611
0.214543
0.233591
0.206261
0.181793
0.188476
0.149033
0.212493
0.222141
0.199011
0.194636
0.141965
0.207516
0.157673
0.165732
0.209703
0.171168
0.228189
0.177940
0.192694
0.149329
0.233495
0.136351
0.195231
0.245680
0.118692
0.250735
0.137973
0.261812
0.197128
0.180369
0.216205
0.190572
0.172718
0.218065
0.141385
0.193119
0.187168
0.207100
0.172811
0.164141
0.187534
0.204719
0.141938
0.195010
0.217201
0.206975
0.170392
0.192771
0.138693
0.186071
0.206506
0.245914
0.157733
0.168147
0.104232
0.259473
0.169223
0.215885
0.225907
0.170829
0.200422
0.166364
0.156523
0.334796
0.223977
0.227696
0.179939
0.219918
0.232908
0.291112
0.303327
0.259471
0.153449
0.218781
0.271933
0.189475
0.209213
0.172942
0.175480
0.192670
0.183279
0.163976
0.234264
0.247152
0.210208
0.202096
0.188528
0.256828
0.203738
0.178847
0.209115
0.213101
0.161167
0.163734
0.202858
0.205470
0.215646
0.265476
0.227232
0.222740
0.199887
0.199478
0.149472
0.113171
0.167588
0.189851
0.207305
0.232438
0.212010
0.146975
0.182493
0.151743
0.212771
0.129170
0.159983
0.187689
0.139099
0.204014
0.192252
0.237429
0.205860
0.211203
0.193082
0.201030
0.178070
0.202174
0.169541
0.202677
0.121070
0.227776
0.169311
0.201995
0.208310
0.120372
0.161498
0.119157
0.148376
0.227351
0.094003
0.210257
0.215458
0.094244
0.250256
0.148914
0.220581
0.137103
0.174798
0.132054
0.156401
0.203478
0.174487
0.183017
0.132966
0.213553
0.183016
0.136451
0.230552
0.147715
0.201005
0.222718
0.188502
0.220976
0.191352
0.159107
0.154362
0.239631
0.151236
0.157353
0.106780
0.151673
0.174672
0.157360
0.173565
0.214752
0.165707
0.186202
0.183925
0.154448
0.225691
0.246076
0.189151
0.175345
0.248712
0.152523
0.207018
0.187694
0.124946
0.152255
0.149457
0.209455
0.220945
0.208641
0.157271
0.196397
0.219909
0.178778
0.218787
0.174869
0.178292
0.188734
0.235904
0.152524
0.196067
0.168979
0.211548
0.178274
0.141833
0.158826
0.163870
0.193614
0.283673
0.122110
0.175181
0.147806
0.155436
0.147362
0.165675
0.225367
0.182243
0.134286
0.213905
0.210421
0.135932
0.232917
0.222380
0.139350
0.143175
0.189814
0.187350
0.186680
0.183583
0.119580
0.220151
0.145564
0.103610
0.197539
0.200434
0.178260
0.170271
0.189045
0.146056
0.164475
0.229626
0.093619
0.167166
0.142352
0.144956
0.157174
0.206977
0.183165
0.185457
0.243289
0.208240
0.233031
0.178101
0.212090
0.169945
0.239470
0.192294
0.193258
0.174482
0.249417
0.168734
0.154119
0.273357
0.209067
0.158439
0.248582
0.302600
0.215574
0.182850
0.200585
0.200212
0.168122
0.218100
0.208879
0.229971
0.201825
0.183783
0.128847
0.207775
0.244618
0.155889
0.136853
0.254241
0.238030
0.130968
0.168603
0.198185
0.286501
0.289086
0.137231
0.249620
0.153761
0.147638
0.187053
0.199590
0.178158
0.163407
0.165615
0.165642
0.172049
0.222463
0.157315
0.148810
0.138827
0.116689
0.135522
0.191762
0.133551
0.190445
0.168847
0.130042
0.177400
0.117807
0.234579
0.113672
0.090661
0.203655
0.139887
0.191462
0.128507
0.089657
0.163633
0.174552
0.133570
0.182984
0.171822
0.147273
0.154411
0.190456
0.190495
0.163252
0.171367
0.202139
0.115129
0.163047
0.232475
0.205386
0.190100
0.158182
0.130022
0.262160
0.190866
0.251405
0.156941
0.118259
0.168224
0.116210
0.244562
0.156292
0.174190
0.168827
0.188750
0.120267
0.127801
0.145706
0.178940
0.299027
0.115055
0.162913
0.185824
0.240186
0.141384
0.169848
0.251143
0.118831
0.166839
0.211492
0.191132
0.124179
0.155982
0.212576
0.189945
0.169095
0.191736
0.157305
0.205045
0.222941
0.158267
0.253512
0.153951
0.247360
0.152756
0.150354
0.181073
0.186840
0.190468
0.163422
0.183313
0.196384
0.186882
0.155066
0.175173
0.187695
0.217976
0.137177
0.168475
0.165340
0.152113
0.145408
0.163604
0.201501
0.199834
0.186947
0.176849
0.138027
0.149280
0.207950
0.205822
0.198067
0.180625
0.208929
0.171393
0.148111
0.185774
0.177960
0.132362
0.254059
0.180094
0.153817
0.191701
0.131910
0.132907
0.253402
0.201637
0.222888
0.237812
0.143036
0.143787
0.216055
0.190981
0.233960
0.252786
0.165328
0.114096
0.107839
0.189437
0.165174
0.149623
0.175373
0.205713
0.151128
0.158181
0.126745
0.217450
0.299866
0.128676
0.179888
0.077558
0.204130
0.109991
0.137748
0.073921
0.150232
0.183261
0.167296
0.148981
0.136946
0.097695
0.126654
0.227578
0.168902
0.157761
0.151953
0.275850
0.145426
0.120498
0.166401
0.218840
0.176749
0.244775
0.121756
0.145390
0.157236
0.123400
0.142061
0.227945
0.162851
0.178064
0.136472
0.108177
0.118048
0.120848
0.112909
0.092181
0.117604
0.201277
0.212936
0.099220
0.145545
0.171532
0.128758
0.101725
0.131831
0.115408
0.172399
0.206642
0.169243
0.116689
0.121473
0.159654
0.124121
0.163391
0.152879
0.174903
0.182792
0.143691
0.164457
0.146646
0.149802
0.134473
0.154201
0.262519
0.141910
0.180344
0.170524
0.119227
0.170167
0.154236
0.094964
0.146733
0.178913
0.079699
0.136855
0.173525
0.193309
0.191262
0.138032
0.201653
0.157795
0.151063
0.228089
0.174499
0.163701
0.207355
0.167743
0.194233
0.230829
0.086086
0.158222
0.171072
0.122948
0.189246
0.208554
0.153261
0.119431
0.204079
0.192296
0.122961
0.165397
0.087415
0.111195
0.190299
0.186088
0.166628
0.185199
0.219374
0.146692
0.195993
0.136301
0.113943
0.143693
0.118128
0.172248
0.242392
0.149249
0.108167
0.220764
0.256926
0.116439
0.126915
0.162110
0.143051
0.136349
0.186253
0.169213
0.113954
0.155022
0.135854
0.157665
0.190944
0.118226
0.129175
0.151086
0.144850
0.155387
0.190293
0.191802
0.221201
0.191738
0.149867
0.123480
0.145498
0.170160
0.235630
0.109972
0.117394
0.167516
0.167330
0.117603
0.203299
0.271120
0.119314
0.176011
0.225218
0.169514
0.247677
0.165311
0.160230
0.122516
0.302848
0.156574
0.120772
0.178132
0.174316
0.203198
0.204658
0.149036
0.187695
0.161329
0.207549
0.114086
0.235059
0.122872
0.210788
0.129497
0.151487
0.209189
0.181120
0.239079
0.203213
0.189418
0.196243
0.211060
0.132070
0.162513
0.140502
0.139317
0.175590
0.177535
0.208016
0.107879
0.208937
0.142604
0.166969
0.288465
0.240086
