2.302583
2.302471
2.302032
2.303537
2.300818
2.298291
2.297035
2.287560
2.301606
2.296673
2.294379
2.296817
2.289859
2.291736
2.271772
2.276776
2.260567
2.242711
2.237567
2.265057
2.258819
2.234580
2.313835
2.249036
2.266716
2.278999
2.284479
2.286206
2.285592
2.259669
2.256809
2.236078
2.206725
2.160388
2.099452
2.183216
2.204597
2.181055
2.156991
2.134470
2.166202
2.143578
2.136447
2.095757
2.149757
2.101926
2.151026
2.147091
2.067615
2.113871
2.098530
2.109135
2.120092
2.102066
2.064854
2.051405
2.090661
2.057028
2.149882
2.038927
2.052479
2.120306
2.081972
2.077418
2.092635
2.058088
2.030487
2.024098
1.957643
2.039389
2.052759
2.041167
2.032080
2.045238
2.014374
2.052738
2.031528
2.019916
2.016839
2.012293
2.001626
2.028472
1.942120
1.968764
1.973023
2.002035
2.081346
1.956291
1.953228
1.904334
1.944018
1.954396
1.932039
1.920940
1.993533
1.945987
1.958052
1.962895
1.944950
1.991632
1.956426
1.908057
1.970166
1.963583
2.005082
1.935467
1.981081
1.942641
1.925536
2.026397
1.896748
1.890912
1.995759
1.981026
1.917507
1.936171
1.910481
1.979995
1.949669
1.888944
1.868263
1.984757
1.895383
1.946386
1.928869
1.904738
1.831403
1.946869
1.910786
1.961212
1.873578
1.959341
1.912553
1.855418
1.857960
1.945532
1.832245
1.833591
1.961334
1.853683
1.897112
1.897375
1.894644
1.883310
1.837101
1.844891
1.931048
1.815840
1.788013
1.940715
1.968275
1.846344
1.846839
1.878479
1.828037
1.819530
1.832572
1.968655
1.943066
1.948777
1.862857
1.911445
1.881152
1.857631
1.886881
1.860079
1.877989
1.851566
1.879568
1.833990
1.887148
1.827123
1.831364
1.835857
1.870908
1.851421
1.848997
1.910995
1.865923
1.839393
1.818375
1.812396
1.803992
1.841855
1.799299
1.835070
1.845829
1.807752
1.953233
1.864683
1.833275
1.810982
1.917972
1.836879
1.809087
1.900171
1.736632
1.838954
1.709124
1.751541
1.723784
1.685800
1.880395
1.877077
1.817063
1.760854
1.786052
1.830541
1.853114
1.827817
1.769850
1.765287
1.869839
1.804406
1.834174
1.715521
1.730319
1.711212
1.654315
1.830553
1.718043
1.731908
1.764242
1.745856
1.753578
1.701369
1.739871
1.810953
1.768537
1.702213
1.579663
1.818382
1.757719
1.577440
1.835965
1.631851
1.761813
1.839164
1.698498
1.710502
1.679023
1.704726
1.709222
1.790936
1.680610
1.630769
1.673939
1.731607
1.703517
1.745620
1.647742
1.707664
1.803075
1.732236
1.648051
1.671292
1.668048
1.630331
1.625721
1.769970
1.745227
1.693620
1.747737
1.678190
1.621850
1.625374
1.613980
1.644978
1.665524
1.734302
1.662061
1.638357
1.571985
1.631186
1.607912
1.677824
1.653088
1.645958
1.589748
1.490984
1.481134
1.622133
1.616420
1.607235
1.675906
1.587305
1.740092
1.609624
1.660053
1.663651
1.664664
1.667961
1.627460
1.606419
1.609707
1.618687
1.676037
1.645650
1.596798
1.583068
1.700293
1.584252
1.497962
1.696838
1.629099
1.600891
1.614308
1.557247
1.608881
1.608886
1.622483
1.563767
1.570184
1.627517
1.627845
1.600618
1.583406
1.537871
1.620046
1.515001
1.496391
1.630581
1.573304
1.527696
1.504001
1.682691
1.485440
1.522185
1.467735
1.491640
1.533744
1.494963
1.461812
1.569308
1.508236
1.556742
1.642221
1.563665
1.602050
1.593669
1.450950
1.667350
1.631516
1.558070
1.584592
1.596593
1.513229
1.745914
1.595940
1.563329
1.488555
1.564283
1.594254
1.569869
1.604661
1.534381
1.490141
1.626477
1.525574
1.558485
1.561784
1.660318
1.569019
1.588583
1.515340
1.538261
1.599773
1.421240
1.520526
1.383440
1.539456
1.545430
1.516561
1.446097
1.431974
1.458645
1.440137
1.424412
1.479880
1.509915
1.523005
1.409718
1.546832
1.437186
1.513466
1.551565
1.526574
1.371118
1.513252
1.542863
1.350246
1.379424
1.446445
1.493573
1.522101
1.492046
1.472291
1.370628
1.411556
1.369178
1.403986
1.338752
1.366280
1.423968
1.388987
1.640848
1.348043
1.420617
1.417410
1.430627
1.450490
1.420113
1.433832
1.380040
1.334374
1.454898
1.392605
1.529469
1.511517
1.322688
1.437053
1.376550
1.418730
1.464946
1.494081
1.416908
1.463233
1.390810
1.406279
1.404451
1.466106
1.503627
1.425545
1.469763
1.436427
1.494799
1.405085
1.412661
1.348340
1.419442
1.430577
1.457489
1.357348
1.433773
1.324796
1.451942
1.567966
1.423422
1.420729
1.479190
1.290118
1.227513
1.380668
1.320722
1.415972
1.258210
1.353093
1.250165
1.428753
1.320823
1.377097
1.345083
1.465809
1.304502
1.408829
1.400368
1.386005
1.308748
1.341249
1.409955
1.354568
1.492274
1.439525
1.461557
1.330176
1.433977
1.327758
1.328449
1.339730
1.341698
1.221139
1.227648
1.296601
1.355864
1.551845
1.436217
1.203023
1.481542
1.256397
1.255223
1.302046
1.298774
1.272859
1.317836
1.389178
1.284626
1.441324
1.293663
1.267906
1.365321
1.361029
1.391309
1.303230
1.406758
1.331417
1.266570
1.291110
1.203652
1.214702
1.239743
1.279647
1.369619
1.253815
1.361591
1.349894
1.327372
1.264673
1.285350
1.304343
1.078520
1.433002
1.233702
1.333795
1.264975
1.298368
1.241764
1.256787
1.282345
1.347945
1.171136
1.243209
1.309913
1.294556
1.320829
1.299445
1.349249
1.340541
1.239297
1.282632
1.400272
1.339671
1.167288
1.313096
1.290548
1.168389
1.176514
1.252540
1.344868
1.240797
1.179739
1.292929
1.387975
1.411888
1.341287
1.154596
1.365102
1.372764
1.278380
1.221369
1.212872
1.203011
1.351528
1.340155
1.306394
1.337169
1.330932
1.184211
1.317499
1.365585
1.292268
1.366781
1.196470
1.147825
1.226202
1.339415
1.237357
1.159679
1.266579
1.324646
1.251553
1.281518
1.225260
1.194309
1.277464
1.164118
1.146528
1.181855
1.158736
1.313419
1.261976
1.111720
1.390130
1.297482
1.331014
1.276161
1.191182
1.252029
1.221415
1.059152
1.081999
1.195711
1.100774
1.247825
1.136861
1.264127
1.234987
1.117431
1.083722
1.112060
1.238965
1.178171
1.115675
1.088194
1.245292
1.003571
1.018482
1.114525
1.067860
1.161880
0.969569
1.096699
1.156988
1.159353
1.131903
1.115464
1.145687
0.972102
1.101840
1.151807
1.211547
1.237648
1.003779
1.196149
1.188005
1.219199
1.031034
1.255412
1.212395
1.048325
1.174666
1.260383
1.168448
1.199969
1.116692
1.210799
1.082743
1.317850
1.334977
1.160460
1.251972
1.230507
1.063430
1.299105
1.229431
1.136967
1.058045
1.107701
1.074450
1.127228
1.066272
1.142557
1.093334
1.310465
1.093079
1.112628
1.124280
1.059104
1.267275
1.223595
1.254070
1.225926
1.158751
1.170725
1.147907
1.132683
1.171825
1.104945
1.059487
1.118207
1.082914
1.158644
0.934801
1.103864
1.151733
1.207133
1.130290
1.101597
1.020883
1.081746
1.083721
1.029924
1.106959
1.048656
1.111275
0.913215
1.041294
1.002410
1.036486
1.119167
1.115922
0.914949
1.000265
0.927096
1.043443
1.049812
1.098243
1.101009
1.167264
0.997703
0.908462
1.051915
1.055075
1.040596
1.029850
1.262744
1.108583
1.041077
1.059181
1.111387
1.037422
1.020845
1.111465
1.070864
1.163174
0.966097
1.146615
1.057149
0.946101
1.076683
1.014846
1.026815
1.028068
0.970074
1.053034
1.078064
1.067625
1.077652
0.888237
1.072697
1.091996
0.975533
1.037038
0.988517
1.053959
0.977933
0.952818
1.015586
1.035373
1.043547
1.017409
1.164800
0.984417
1.187928
0.980916
1.012907
0.990397
1.100554
0.993842
0.968797
1.009782
0.948003
0.984486
1.084767
0.914267
0.968380
1.016598
0.914720
0.842038
0.899719
1.082026
0.965166
0.951910
0.987236
0.972272
1.002857
1.057486
0.986636
0.973677
1.049103
1.008846
1.044144
0.912012
1.050827
0.985915
1.080467
0.956791
1.086882
1.034490
0.985881
0.990103
1.083503
1.044118
1.012260
0.944731
1.022271
0.915455
0.979977
1.018670
0.993759
1.053482
1.039897
0.940289
1.077007
1.025520
1.001202
1.048404
0.859505
0.967846
0.910244
1.102920
0.933689
1.082463
0.897395
0.957368
0.867432
0.912312
0.847190
0.965123
0.935857
0.856258
0.869918
0.906994
0.918531
1.012367
1.002366
0.990484
0.961167
0.958744
1.051082
0.911304
0.915640
0.957240
0.951411
0.974890
0.993524
0.986497
0.990918
0.961484
0.877714
1.121331
0.941254
1.073267
1.005701
0.896643
0.976462
1.059290
0.989853
0.912480
0.968022
0.938783
0.874432
0.978821
0.974082
0.915483
0.995625
0.961843
0.899398
0.819916
0.981890
0.861848
0.965706
0.900184
0.845674
1.148970
0.967522
0.863925
1.023239
1.003659
0.967295
1.061669
0.997672
0.849156
0.964367
0.934641
0.883018
0.888380
0.873221
0.945727
0.891127
0.773249
0.864377
1.036675
0.852796
0.831560
0.910437
0.951537
0.964392
0.925364
0.817890
0.833432
0.923252
0.925902
0.771762
0.816729
0.816965
0.926381
0.981608
0.886370
0.771927
0.938932
0.901401
0.997742
0.807077
0.918865
0.947578
1.003749
0.910723
0.973621
0.921025
0.840513
0.847312
0.966235
0.851391
0.806119
0.888339
0.863234
0.884231
0.889137
0.892703
0.888006
0.841270
0.789286
0.872778
0.796341
0.933705
1.037006
0.969797
0.937076
0.833178
0.810807
0.795942
0.840648
0.937181
0.824459
0.850228
0.865272
0.724685
0.858108
0.960130
0.911359
0.968822
0.824242
0.841794
0.899627
0.824605
0.852162
0.836781
0.953765
0.778691
0.780392
0.908262
0.853114
0.850580
0.754900
0.840766
0.870563
0.962619
1.009784
0.805420
0.832452
0.796651
1.033955
0.767854
0.877798
0.769541
0.824132
0.896210
0.883711
0.859839
0.824270
0.766601
0.948308
0.897340
0.756594
0.759912
0.821238
0.875283
0.804836
0.805808
0.952340
0.916614
0.857020
0.850028
0.773861
0.873303
0.905965
0.798838
0.937390
0.915016
0.834466
0.810226
0.881393
0.859816
0.774622
0.747276
0.861799
0.726230
0.894846
0.952996
0.915379
0.892177
0.826651
0.898430
0.884446
0.869548
0.851517
0.778274
0.949320
0.877173
0.838441
0.819974
0.796132
0.826132
0.884404
0.771693
0.946132
0.828961
0.839622
0.809127
0.863231
0.837038
0.952099
0.786521
0.787403
0.798063
0.838116
0.841437
0.932423
0.746521
0.874861
0.882523
0.754629
0.775739
0.835989
0.823520
0.721652
0.932361
0.757685
0.858086
0.801429
0.895088
0.788883
0.918865
0.850476
0.773359
0.860109
0.882346
0.804258
0.852690
0.803778
0.700459
0.838370
0.765674
0.739086
0.780173
0.728934
0.729649
0.738753
0.654547
0.848418
0.816000
0.895872
0.797828
0.676438
0.789948
0.875640
0.615982
0.720382
0.782786
0.762820
0.957590
0.687399
0.813079
0.831923
0.804035
0.883818
0.796180
0.885790
0.855643
0.848241
0.759293
0.844725
0.894398
0.781401
0.777618
0.769378
0.752873
0.783654
0.704322
0.766509
0.806482
0.863697
0.808687
0.934941
0.811059
0.835895
0.761250
0.682570
0.778012
0.843663
0.780134
0.872510
0.874666
0.947902
0.749270
0.839872
0.837670
0.821519
0.900522
0.877697
0.882706
0.758729
0.719902
0.873962
0.641740
0.722730
0.788235
0.830212
0.892006
0.929679
0.819081
0.619296
0.782975
0.724434
0.697746
0.813495
0.627265
0.771617
0.737321
0.921908
0.676707
0.793527
0.828666
0.717556
0.666048
0.626844
0.627291
0.848023
0.839816
0.716370
0.765680
0.820853
0.801928
0.798071
0.691633
0.745368
0.850837
0.872992
0.805747
0.770090
0.834448
0.721596
0.708844
0.662933
0.771325
0.812238
0.736724
0.687975
0.781054
0.882728
0.789593
0.779693
0.876440
0.711820
0.720214
0.694565
0.742450
0.658950
0.788639
0.768088
0.749291
0.596046
0.753912
0.755539
0.751857
0.763826
0.809180
0.757546
0.756527
0.815361
0.762474
0.802540
0.759908
0.731781
0.695588
0.741147
0.941277
0.731857
0.881566
0.756834
0.835127
0.909616
0.842007
0.726045
0.871948
0.899650
0.785185
0.782144
0.800153
0.813065
0.730401
0.810850
0.871215
0.629073
0.774880
0.756437
0.778325
0.620559
0.769712
0.744321
0.680489
0.843198
0.819082
0.876536
0.804315
0.746296
0.868251
0.877685
0.692684
0.637900
0.701261
0.724558
0.744362
0.694546
0.692689
0.723575
0.637102
0.889135
0.771709
0.682703
0.707010
0.777516
0.819501
0.733818
0.638394
0.846351
0.755551
0.787270
0.732209
0.726474
0.786789
0.826830
0.763936
0.706807
0.716646
0.741003
0.610555
0.728593
0.659399
0.729631
0.575571
0.679570
0.606100
0.689252
0.756795
0.672528
0.660915
0.702159
0.648669
0.722833
0.640188
0.676964
0.663918
0.668319
0.696256
0.905811
0.796950
0.681852
0.715266
0.692522
0.806511
0.711359
0.763495
0.705412
0.767701
0.738318
0.749476
0.718931
0.656169
0.692482
0.900652
0.740099
0.630906
0.694946
0.783458
0.692665
0.782536
0.739067
0.757230
0.749447
0.590708
0.827263
0.683553
0.713814
0.789461
0.731324
0.621995
0.714706
0.821536
0.643271
0.722354
0.745010
0.880113
0.671582
0.828159
0.701712
0.693375
0.668199
0.700137
0.830644
0.660685
0.840184
0.679005
0.591843
0.728137
0.818336
0.680633
0.734010
0.721673
0.712427
0.555169
0.714725
0.708632
0.754031
0.739706
0.783610
0.754514
0.728646
0.702393
0.739710
0.741022
0.726602
0.735736
0.731755
0.680491
0.705670
0.598678
0.617780
0.608996
0.717565
0.605902
0.730381
0.677153
0.658334
0.769479
0.722220
0.684668
0.691710
0.795600
0.703219
0.717324
0.687526
0.708031
0.654675
0.656517
0.655071
0.672844
0.636971
0.660255
0.625492
0.714739
0.775017
0.679391
0.663867
0.805589
0.704582
0.787288
0.653667
0.669217
0.781796
0.704238
0.754993
0.557302
0.710853
0.671583
0.727225
0.648699
0.666104
0.717358
0.791695
0.703015
0.664885
0.664302
0.773709
0.803804
0.693642
0.673633
0.662433
0.616960
0.712029
0.670564
0.703141
0.725882
0.695297
0.657471
0.710212
0.638588
0.650353
0.761882
0.676691
0.603560
0.550116
0.671007
0.606868
0.759205
0.638113
0.564068
0.538854
0.659083
0.661340
0.662434
0.759788
0.532789
0.591298
0.620619
0.682219
0.598818
0.695283
0.623469
0.642753
0.742599
0.598578
0.517221
0.569277
0.601908
0.656354
0.600468
0.623978
0.611511
0.633159
0.490240
0.564426
0.720625
0.757109
0.558605
0.602884
0.737743
0.655365
0.699517
0.672673
0.731960
0.590283
0.532227
0.601856
0.624769
0.611194
0.570051
0.614821
0.691313
0.547623
0.540866
0.641328
0.691064
0.659217
0.651972
0.484719
0.685409
0.708178
0.678699
0.689504
0.546760
0.726138
0.687049
0.664576
0.659592
0.550276
0.708562
0.556368
0.627219
0.648332
0.563071
0.641504
0.692991
0.563539
0.626718
0.562283
0.590073
0.651654
0.712597
0.724727
0.620164
0.564950
0.636229
0.721205
0.539787
0.593593
0.678192
0.665412
0.591416
0.549040
0.648515
0.680141
0.570781
0.590178
0.599722
0.687260
0.645820
0.666909
0.574414
0.753280
0.831809
0.692671
0.693949
0.712430
0.682577
0.528193
0.684221
0.651598
0.782139
0.609618
0.563690
0.716158
0.831681
0.599197
0.706831
0.698785
0.568836
0.635583
0.712645
0.717703
0.613428
0.619683
0.796751
0.603825
0.669107
0.661134
0.622893
0.747838
0.681236
0.569901
0.647576
0.614574
0.632353
0.615736
0.641777
0.671730
0.610509
0.617437
0.638698
0.696703
0.633776
0.586679
0.630191
0.705144
0.749961
0.515270
0.611054
0.723142
0.655433
0.622836
0.627363
0.655149
0.539805
0.612555
0.679878
0.613057
0.717117
0.684524
0.762255
0.619848
0.694930
0.641436
0.662421
0.769094
0.625144
0.613385
0.606651
0.683773
0.600159
0.777506
0.724128
0.599150
0.693706
0.681380
0.704706
0.674714
0.716280
0.633912
0.554340
0.731707
0.552800
0.641271
0.468861
0.489143
0.556462
0.672122
0.607870
0.568113
0.554464
0.690012
0.630424
0.634083
0.693168
0.600381
0.580292
0.650101
0.620684
0.691041
0.593586
0.436522
0.677097
0.564953
0.571418
0.602403
0.604732
0.637239
0.614724
0.627580
0.517906
0.621351
0.579815
0.461605
0.569025
0.582406
0.601014
0.512628
0.550063
0.583955
0.669317
0.595207
0.524292
0.562942
0.660850
0.621611
0.681171
0.625631
0.597248
0.632600
0.605318
0.531489
0.521975
0.613465
0.613110
0.540321
0.556992
0.722326
0.536999
0.655062
0.704284
0.632114
0.618042
0.641340
0.575625
0.634495
0.621857
0.597610
0.532207
0.656723
0.610058
0.553232
0.647956
0.544291
0.594646
0.615034
0.477700
0.602299
0.525895
0.525384
0.613667
0.572839
0.684183
0.581535
0.575046
0.638704
0.580446
0.568865
0.544016
0.461993
0.593246
0.666587
0.577381
0.588777
0.557486
0.453089
0.632757
0.576474
0.712309
0.498452
0.515408
0.622308
0.597833
0.710609
0.663318
0.552049
0.646958
0.560778
0.509333
0.561578
0.526528
0.621697
0.578262
0.658833
0.686186
0.647231
0.589648
0.527319
0.605051
0.565405
0.772365
0.600568
0.628374
0.486201
0.613880
0.525511
0.636274
0.689358
0.666010
0.545153
0.681911
0.508262
0.694994
0.456742
0.580512
0.634830
0.594435
0.523605
0.673375
0.627676
0.604719
0.697414
0.580065
0.471964
0.549918
0.633104
0.621241
0.556391
0.638935
0.646898
0.547118
0.664732
0.630195
0.737312
0.546265
0.524395
0.566465
0.447225
0.609944
0.582797
0.509430
0.533228
0.535584
0.632846
0.568858
0.580620
0.569308
0.534745
0.604239
0.602894
0.431881
0.650681
0.564533
0.655134
0.545166
0.512990
0.609170
0.598669
0.586073
0.492094
0.500352
0.583078
0.561773
0.494548
0.459499
0.656357
0.578310
0.501026
0.530198
0.499375
0.614753
0.558330
0.506993
0.613621
0.546387
0.672224
0.598985
0.486295
0.553693
0.481299
0.662467
0.692273
0.605237
0.612135
0.502526
0.576022
0.663218
0.633444
0.490864
0.595537
0.566427
0.579939
0.556836
0.496477
0.515036
0.615344
0.509623
0.503410
0.503277
0.461144
0.508147
0.531829
0.515668
0.550299
0.477292
0.438352
0.545291
0.477016
0.515272
0.578796
0.604531
0.477560
0.506868
0.492665
0.438018
0.530714
0.605700
0.630618
0.485733
0.539353
0.576805
0.616495
0.528452
0.560363
0.575257
0.598411
0.605696
0.570457
0.715462
0.665925
0.653616
0.553351
0.596073
0.542321
0.583470
0.582395
0.642768
0.591677
0.623142
0.569163
0.459828
0.522577
0.539996
0.616090
0.502392
0.761100
0.593552
0.745604
0.564341
0.592475
0.618705
0.467308
0.554949
0.505241
0.546895
0.443947
0.460445
0.494332
0.648473
0.542619
0.547850
0.583440
0.620220
0.559891
0.514932
0.555081
0.493352
0.476204
0.552417
0.567686
0.482351
0.510399
0.521522
0.568907
0.511974
0.570573
0.547789
0.570068
0.475599
0.473117
0.578987
0.571957
0.617113
0.501633
0.523021
0.649156
0.646796
0.624329
0.545848
0.633544
0.785882
0.614276
0.565725
0.578185
0.623000
0.558516
0.505540
0.583650
0.570148
0.494684
0.603062
0.505795
0.530229
0.517333
0.647892
0.635608
0.543733
0.601159
0.560716
0.599800
0.598272
0.559297
0.666555
0.527985
0.524977
0.594105
0.518015
0.582164
0.523724
0.528387
0.583695
0.520805
0.491202
0.586102
0.501972
0.525802
0.624140
0.576053
0.557027
0.478615
0.505305
0.578928
0.467281
0.476624
0.528681
0.442906
0.453230
0.543860
0.471676
0.480211
0.475060
0.601431
0.418405
0.452077
0.590397
0.488180
0.465320
0.514137
0.439303
0.444021
0.494308
0.534034
0.421699
0.601780
0.454733
0.566730
0.618594
0.512012
0.445409
0.586310
0.573883
0.488297
0.567723
0.487596
0.482159
0.563246
0.613840
0.568409
0.571135
0.450495
0.533983
0.525893
0.557382
0.566725
0.461176
0.558351
0.556564
0.505626
0.516274
0.467512
0.595401
0.530591
0.503906
0.724805
0.549608
0.582193
0.473518
0.541185
0.578787
0.532792
0.462911
0.558633
0.432375
0.547045
0.447423
0.464901
0.562988
0.527477
0.509192
0.374569
0.480470
0.460675
0.474668
0.525679
0.591521
0.653751
0.514578
0.651081
0.476307
0.453036
0.462764
0.573500
0.586422
0.487428
0.589117
0.528929
0.520095
0.597683
0.506111
0.460054
0.591722
0.456287
0.511361
0.577488
0.535531
0.543016
0.475127
0.497585
0.559659
0.506970
0.506895
0.485365
0.510918
0.457080
0.570992
0.619118
0.503969
0.451036
0.544857
0.541003
0.534604
0.477269
0.485688
0.452110
0.436780
0.614755
0.593340
0.443780
0.598226
0.631295
0.461378
0.597386
0.494817
0.524547
0.570373
0.489848
0.555674
0.402763
0.466446
0.554866
0.581600
0.514060
0.523931
0.491645
0.443862
0.452559
0.535787
0.527829
0.544509
0.504411
0.570571
0.574153
0.421504
0.585573
0.570784
0.447193
0.549313
0.567750
0.564744
0.507363
0.485609
0.560136
0.537536
0.488919
0.449544
0.596138
0.600816
0.528774
0.598988
0.645533
0.569278
0.446436
0.598512
0.521496
0.540337
0.510789
0.476162
0.420156
0.492641
0.461619
0.542608
0.485540
0.488555
0.481063
0.600711
0.584830
0.513405
0.568947
0.532905
0.443038
0.473078
0.512574
0.486010
0.441615
0.446496
0.377141
0.440601
0.480155
0.462638
0.467756
0.599871
0.528125
0.443182
0.492297
0.596618
0.559168
0.441964
0.500883
0.440942
0.447756
0.477546
0.514580
0.496202
0.496135
0.515621
0.407169
0.478614
0.456140
0.360144
0.435948
0.577978
0.352180
0.611058
0.493186
0.407448
0.495559
0.514465
0.456591
0.479242
0.409454
0.573417
0.420110
0.527146
0.443997
0.472752
0.502438
0.509659
0.422963
0.555016
0.456284
0.464098
0.626385
0.529733
0.540793
0.552467
0.514490
0.421621
0.607626
0.467229
0.458353
0.421626
0.451346
0.515195
0.503480
0.460064
0.455259
0.460087
0.457917
0.573586
0.610866
0.447431
0.405585
0.474415
0.456834
0.437440
0.488344
0.440483
0.580459
0.502944
0.552610
0.506847
0.357591
0.446825
0.504138
0.639671
0.540429
0.488403
0.410756
0.458706
0.448013
0.491649
0.461913
0.468168
0.449150
0.549685
0.540057
0.495796
0.516864
0.430906
0.541500
0.478231
0.420658
0.449776
0.506416
0.471678
0.471511
0.458693
0.477443
0.512733
0.469726
0.498768
0.438711
0.479209
0.396074
0.414310
0.482065
0.508305
0.456007
0.512525
0.477094
0.446862
0.530044
0.668949
0.464331
0.448788
0.508621
0.463279
0.479551
0.400387
0.474952
0.414685
0.528202
0.410163
0.512600
0.380543
0.518906
0.583235
0.583143
0.606172
0.469905
0.538045
0.428990
0.556765
0.480464
0.502214
0.450913
0.512835
0.588314
0.551226
0.490057
0.539028
0.378864
0.523978
0.540775
0.525766
0.474197
0.438868
0.617241
0.543084
0.521030
0.411245
0.549002
0.453162
0.594607
0.467196
0.555198
0.494195
0.521629
0.380633
0.435800
0.400550
0.407273
0.374509
0.397377
0.328737
0.451887
0.428998
0.410709
0.564025
0.473905
0.368705
0.441648
0.544190
0.370682
0.474612
0.440877
0.430623
0.415820
0.524371
0.390600
0.392604
0.321184
0.406734
0.427982
0.399479
0.454447
0.375133
0.542913
0.380062
0.444237
0.348835
0.413105
0.489717
0.405401
0.487073
0.404792
0.431782
0.389698
0.509033
0.443772
0.529133
0.377756
0.422750
0.413416
0.459084
0.374839
0.544921
0.455150
0.534250
0.449212
0.469485
0.392563
0.451491
0.377892
0.456237
0.432187
0.456962
0.358857
0.400390
0.462265
0.411233
0.387586
0.468607
0.449048
0.431751
0.519723
0.326952
0.497810
0.466600
0.507656
0.488972
0.477963
0.421605
0.413925
0.477984
0.537794
0.453267
0.451938
0.360900
0.333431
0.415980
0.443608
0.507459
0.496060
0.434047
0.479232
0.438080
0.479979
0.519857
0.596384
0.392114
0.477125
0.422148
0.436862
0.586083
0.509918
0.398035
0.528026
0.499349
0.413842
0.438662
0.388903
0.511642
0.459498
0.513670
0.435453
0.343806
0.463420
0.514349
0.414237
0.557196
0.476190
0.443343
0.488301
0.483022
0.473776
0.354147
0.396191
0.447390
0.557972
0.454699
0.539185
0.510703
0.449845
0.453754
0.499545
0.460625
0.618910
0.409033
0.551221
0.463083
0.504355
0.422375
0.478950
0.507142
0.555751
0.362524
0.510401
0.412307
0.493130
0.586008
0.482358
0.495295
0.476269
0.528020
0.416569
0.513168
0.445697
0.473109
0.428862
0.525583
0.445558
0.430711
0.385733
0.501432
0.464474
0.516212
0.463394
0.311502
0.467094
0.491754
0.482900
0.449398
0.433234
0.539800
0.446516
0.502827
0.459593
0.449677
0.469377
0.485756
0.436741
0.383408
0.456129
0.366970
0.387513
0.430371
0.398855
0.407262
0.455823
0.417481
0.415887
0.318945
0.426725
0.427621
0.341944
0.446303
0.401329
0.368925
0.433628
0.341919
0.402864
0.547761
0.429322
0.421333
0.436763
0.467987
0.350335
0.367724
0.328565
0.428525
0.393819
0.403551
0.471578
0.362417
0.503785
0.476972
0.374504
0.308450
0.393438
0.462871
0.370703
0.411299
0.421087
0.435950
0.343619
0.389642
0.402456
0.329472
0.375283
0.383418
0.427471
0.522027
0.454813
0.547970
0.468791
0.550524
0.524604
0.419614
0.434697
0.460836
0.455490
0.369017
0.473098
0.499217
0.486348
0.422825
0.439192
0.482621
0.341238
0.376819
0.388755
0.437028
0.410271
0.371699
0.392502
0.501470
0.455058
0.423888
0.415199
0.468447
0.417956
0.349303
0.450606
0.415621
0.347235
0.424953
0.398083
0.363341
0.354153
0.404551
0.487940
0.448226
0.388138
0.330918
0.367197
0.415716
0.350622
0.450275
0.423874
0.450387
0.360219
0.527588
0.444876
0.579918
0.395910
0.512021
0.440321
0.422216
0.439096
0.396386
0.447290
0.615435
0.514554
0.474650
0.450440
0.327715
0.424672
0.348934
0.484448
0.381223
0.482696
0.437765
0.517333
0.541171
0.463863
0.351462
0.453844
0.490760
0.455417
0.520224
0.359282
0.363518
0.435168
0.469216
0.407784
0.384931
0.467550
0.541790
0.516735
0.519261
0.394416
0.466248
0.357374
0.404109
0.419158
0.420813
0.422315
0.537871
0.479475
0.369537
0.495221
0.364408
0.479700
0.512618
0.392456
0.413042
0.445824
0.416523
0.504375
0.460650
0.442888
0.362842
0.598472
0.401409
0.442262
0.456040
0.438255
0.400428
0.539862
0.450663
0.377324
0.464240
0.395487
0.386642
0.555622
0.443396
0.407555
0.355431
0.304911
0.265153
0.315243
0.421352
0.380937
0.348935
0.326716
0.332601
0.433923
0.386038
0.297052
0.417292
0.438365
0.409400
0.381721
0.403122
0.376116
0.497186
0.386272
0.362011
0.331866
0.382269
0.420898
0.382593
0.405405
0.285791
0.374885
0.298911
0.437921
0.370570
0.426472
0.345748
0.377130
0.435841
0.418503
0.471518
0.595484
0.358638
0.415298
0.381619
0.572095
0.335461
0.422668
0.378668
0.480161
0.417301
0.390382
0.394379
0.502044
0.388482
0.446517
0.371684
0.320351
0.492408
0.386405
0.412445
0.448858
0.400849
0.423745
0.405840
0.426138
0.351842
0.393313
0.394497
0.424387
0.445577
0.397121
0.470099
0.419001
0.352869
0.361673
0.359104
0.444994
0.465480
0.444819
0.394294
0.354402
0.324816
0.376065
0.457965
0.458068
0.399493
0.386932
0.410101
0.397276
0.504918
0.446660
0.426172
0.444790
0.409969
0.470203
0.379329
0.428465
0.454957
0.439706
0.336732
0.390921
0.472164
0.392580
0.433603
0.472211
0.398709
0.408700
0.469428
0.452056
0.403597
0.459038
0.443450
0.403969
0.439963
0.336238
0.442821
0.360352
0.368009
0.369713
0.413290
0.472772
0.444385
0.386290
0.363981
0.378684
0.430842
0.465975
0.309970
0.399486
0.470489
0.372488
0.382587
0.381727
0.439003
0.395575
0.368253
0.368335
0.403631
0.352992
0.415808
0.489939
0.445199
0.332566
0.580756
0.441446
0.460567
0.364802
0.336797
0.511619
0.402051
0.380042
0.361921
0.337934
0.333618
0.523442
0.376164
0.409204
0.478571
0.332035
0.478505
0.366051
0.395336
0.380506
0.512487
0.501803
0.413529
0.397447
0.464019
0.446991
0.382944
0.350879
0.405345
0.455391
0.394318
0.404866
0.361329
0.430314
0.330724
0.357648
0.311078
0.331453
0.261692
0.395769
0.369359
0.323325
0.400196
0.348273
0.353587
0.330867
0.344029
0.316270
0.431829
0.289454
0.337519
0.310264
0.394380
0.451897
0.367353
0.322296
0.437232
0.395987
0.435101
0.428953
0.438160
0.367910
0.388006
0.331013
0.350304
0.387406
0.378395
0.336703
0.309084
0.445199
0.494137
0.451850
0.307232
0.390557
0.288439
0.310917
0.353673
0.344243
0.355280
0.324673
0.377588
0.481079
0.346308
0.301482
0.440048
0.308755
0.325685
0.328293
0.498832
0.315996
0.455694
0.407766
0.351228
0.393876
0.308398
0.392127
0.427312
0.428093
0.487034
0.362228
0.389687
0.403702
0.355597
0.407559
0.427088
0.359719
0.375042
0.310724
0.448441
0.350349
0.346711
0.342917
0.379054
0.368949
0.408566
0.277726
0.451721
0.342429
0.430639
0.356411
0.291032
0.374290
0.424659
0.359808
0.331009
0.404666
0.280743
0.504235
0.386586
0.382731
0.314845
0.455101
0.377282
0.367044
0.406370
0.325981
0.308184
0.325313
0.387603
0.477392
0.423726
0.504658
0.322266
0.431889
0.384889
0.325675
0.529397
0.471551
0.395570
0.273488
0.344371
0.371073
0.385107
0.336107
0.369001
0.470674
0.461367
0.368898
0.348210
0.401553
0.418059
0.466141
0.424168
0.412581
0.398247
0.316218
0.380754
0.397564
0.357168
0.371748
0.498304
0.429943
0.442439
0.412418
0.415219
0.296040
0.390014
0.408926
0.438313
0.389989
0.427062
0.373060
0.399865
0.412573
0.431928
0.439497
0.450618
0.410770
0.329307
0.434653
0.392438
0.397194
0.319386
0.393053
0.380622
0.335977
0.326823
0.381203
0.291596
0.360714
0.315602
0.302788
0.374672
0.453079
0.302649
0.497685
0.400431
0.349458
0.407358
0.327692
0.396043
0.371887
0.230248
0.329251
0.321767
0.367806
0.349265
0.332558
0.363200
0.285450
0.331710
0.312372
0.393166
0.364730
0.360942
0.329800
0.415767
0.255018
0.267745
0.383338
0.284956
0.372948
0.355786
0.308013
0.315316
0.419200
0.311317
0.386021
0.216376
0.466726
0.418594
0.298334
0.355170
0.344834
0.331393
0.382038
0.394857
0.266368
0.363692
0.303055
0.430397
0.358311
0.380935
0.393500
0.285053
0.332990
0.395799
0.432380
0.355467
0.275164
0.371270
0.316922
0.313228
0.398605
0.488809
0.376226
0.390679
0.380315
0.379606
0.408036
0.352208
0.286437
0.332623
0.278284
0.399047
0.367292
0.440572
0.373394
0.319478
0.378586
0.309715
0.312066
0.298301
0.295333
0.396945
0.360066
0.398379
0.371404
0.310767
0.373423
0.384886
0.416482
0.327939
0.372542
0.342861
0.382599
0.309809
0.411339
0.297921
0.316529
0.406749
0.374621
0.361292
0.315424
0.371731
0.396273
0.370520
0.335594
0.408717
0.411625
0.331161
0.322585
0.384351
0.446658
0.424005
0.339853
0.477521
0.385269
0.382914
0.332883
0.386737
0.469553
0.378834
0.311689
0.386204
0.393766
0.334044
0.314702
0.460979
0.388532
0.271814
0.254255
0.338782
0.421170
0.260271
0.316832
0.357397
0.298484
0.342431
0.297437
0.347362
0.303431
0.341216
0.292226
0.324831
0.351823
0.394605
0.313427
0.392104
0.396214
0.376010
0.346603
0.315571
0.365331
0.373003
0.281386
0.347492
0.438267
0.329076
0.384657
0.383408
0.446685
0.340100
0.364278
0.399988
0.348410
0.377154
0.398797
0.385928
0.333205
0.425720
0.299514
0.348534
0.395859
0.410619
0.344889
0.319715
0.419929
0.280136
0.305207
0.384628
0.342991
0.345315
0.320334
0.360290
0.291818
0.308835
0.285880
0.280444
0.332746
0.321603
0.408845
0.216089
0.307006
0.382902
0.312496
0.268238
0.283014
0.336413
0.334165
0.311480
0.389152
0.377784
0.382169
0.309729
0.356224
0.379961
0.360701
0.394033
0.302838
0.248110
0.336083
0.324099
0.353948
0.317353
0.279617
0.354333
0.319344
0.315206
0.364618
0.352116
0.380585
0.387314
0.332541
0.383240
0.340853
0.276899
0.350124
0.315010
0.227114
0.328145
0.332561
0.450397
0.407449
0.326484
0.362467
0.309276
0.360737
0.301074
0.338150
0.286310
0.296984
0.310789
0.305333
0.368203
0.196635
0.314730
0.340779
0.273057
0.311396
0.310639
0.306196
0.304723
0.327027
0.279377
0.325670
0.289593
0.264586
0.418013
0.282439
0.364302
0.393446
0.317989
0.369217
0.284783
0.380543
0.349137
0.311271
0.324464
0.348375
0.371993
0.376782
0.304505
0.351555
0.324542
0.417160
0.303856
0.325945
0.399030
0.409787
0.396933
0.379671
0.348271
0.316315
0.387120
0.450267
0.332411
0.342694
0.277285
0.307892
0.373834
0.275145
0.311356
0.225951
0.297174
0.380755
0.368930
0.317309
0.270737
0.334697
0.383624
0.456162
0.234795
0.315774
0.302532
0.362083
0.441193
0.358322
0.252117
0.374541
0.379081
0.274158
0.447425
0.354092
0.284924
0.349965
0.295209
0.390709
0.354871
0.355894
0.394338
0.372070
0.313019
0.352037
0.427413
0.325874
0.333099
0.372775
0.304945
0.375020
0.256253
0.388851
0.343331
0.389328
0.430400
0.254800
0.374305
0.296631
0.287077
0.394331
0.292080
0.346051
0.401998
0.302523
0.388987
0.289424
0.446151
0.288596
0.261556
0.404706
0.371034
0.405532
0.259284
0.344489
0.353678
0.301084
0.470092
0.400086
0.436233
0.229711
0.328826
0.361199
0.318362
0.336310
0.355042
0.303217
0.338205
0.264347
0.420277
0.378458
0.221418
0.247385
0.339312
0.236236
0.272148
0.333889
0.306939
0.261928
0.259435
0.288773
0.255856
0.325907
0.312098
0.318677
0.324475
0.319455
0.313331
0.270683
0.322743
0.332631
0.322427
0.341735
0.201176
0.377434
0.281121
0.276018
0.308135
0.373214
0.325162
0.334595
0.306937
0.270417
0.327280
0.510412
0.247238
0.296260
0.349302
0.465049
0.366062
0.288156
0.314571
0.270898
0.325652
0.288407
0.305590
0.311298
0.345980
0.246973
0.319302
0.251762
0.267536
0.436814
0.335431
0.347679
0.337183
0.297570
0.358737
0.331705
0.329801
0.308792
0.301066
0.446474
0.258264
0.262379
0.288459
0.266777
0.253755
0.323515
0.321099
0.378964
0.337465
0.362538
0.324469
0.323308
0.257635
0.285119
0.283207
0.337329
0.299916
0.444658
0.341131
0.241669
0.369005
0.339644
0.324253
0.301327
0.294103
0.352363
0.380968
0.323700
0.336895
0.307992
0.334189
0.285564
0.293845
0.505058
0.316779
0.328907
0.407556
0.365667
0.292530
0.286721
0.396664
0.313877
0.279007
0.212092
0.252920
0.309540
0.317590
0.255493
0.256140
0.346153
0.333822
0.347869
0.313736
0.381118
0.205182
0.335044
0.437362
0.281057
0.337206
0.334495
0.298061
0.393859
0.348986
0.263461
0.353744
0.314441
0.273234
0.313990
0.325335
0.339241
0.406992
0.397287
0.376041
0.319295
0.335329
0.288600
0.329681
0.361184
0.335506
0.304647
0.257781
0.212892
0.322335
0.329374
0.343475
0.283651
0.357622
0.303474
0.299749
0.315113
0.265278
0.375628
0.278459
0.281924
0.331761
0.362086
0.323998
0.343013
0.291538
0.368261
0.288223
0.361174
0.226892
0.219896
0.243883
0.304446
0.334678
0.287528
0.338967
0.293773
0.297272
0.246905
0.283605
0.317259
0.328257
0.301411
0.327986
0.242928
0.285721
0.435662
0.324629
0.290664
0.279746
0.324994
0.297377
0.281239
0.274794
0.389841
0.293469
0.298491
0.310857
0.340314
0.345613
0.284908
0.336419
0.282407
0.273699
0.393883
0.281306
0.321910
0.270368
0.315077
0.283087
0.301562
0.238628
0.264799
0.262859
0.249776
0.286542
0.285304
0.248222
0.272848
0.326510
0.288485
0.357691
0.310854
0.223394
0.292117
0.292729
0.380846
0.296920
0.270717
0.326721
0.296241
0.365683
0.384741
0.346565
0.298193
0.222712
0.296021
0.277304
0.320755
0.333537
0.310548
0.296934
0.245874
0.245087
0.300597
0.399708
0.261330
0.191124
0.318606
0.310399
0.364330
0.329568
0.313536
0.323884
0.335948
0.281437
0.294230
0.252492
0.252050
0.306791
0.326055
0.332185
0.262443
0.299502
0.236658
0.379849
0.312178
0.366857
0.269613
0.293222
0.348839
0.384794
0.224877
0.219863
0.368849
0.262403
0.273264
0.264396
0.393757
0.283195
0.275186
0.271745
0.249445
0.219778
0.352501
0.283469
0.260230
0.306139
0.301492
0.368368
0.271868
0.412061
0.215899
0.219990
0.297454
0.337249
0.336960
0.346850
0.348394
0.300178
0.374108
0.340441
0.351459
0.520683
0.369896
0.358156
0.199978
0.361356
0.255713
0.353428
0.297290
0.364758
0.340448
0.379374
0.267689
0.229537
0.343011
0.264558
0.367745
0.266025
0.322622
0.208524
0.354515
0.297783
0.299566
0.230801
0.260885
0.286027
0.311649
0.333090
0.292752
0.430545
0.307790
0.396365
0.297270
0.305878
0.291140
0.331404
0.291450
0.325178
0.264664
0.370426
0.279842
0.319130
0.261740
0.194148
0.313942
0.230871
0.219222
0.277431
0.214038
0.290981
0.246561
0.335540
0.217999
0.299458
0.245557
0.291665
0.238760
0.417271
0.265036
0.300978
0.225782
0.253069
0.218717
0.300779
0.293046
0.242020
0.317264
0.310756
0.267020
0.323864
0.275511
0.253475
0.251140
0.294240
0.256636
0.286929
0.259777
0.264547
0.298270
0.234327
0.291705
0.260707
0.299230
0.255357
0.381349
0.226307
0.429518
0.332974
0.343252
0.252531
0.367544
0.323895
0.333366
0.262130
0.238718
0.337754
0.296534
0.241515
0.241046
0.266631
0.266174
0.274654
0.288431
0.235192
0.241551
0.229890
0.270201
0.308242
0.273033
0.217541
0.241724
0.284762
0.309715
0.202574
0.286123
0.281625
0.269986
0.294022
0.327145
0.274855
0.303315
0.251882
0.237857
0.215674
0.318327
0.284537
0.208674
0.298192
0.397019
0.327840
0.235117
0.282049
0.258387
0.231706
0.341244
0.327978
0.254788
0.377346
0.210079
0.284742
0.319439
0.268472
0.251547
0.297667
0.260299
0.306798
0.201814
0.338303
0.220660
0.290061
0.236052
0.290873
0.257301
0.232698
0.366377
0.278048
0.257316
0.305839
0.235502
0.303221
0.297866
0.335236
0.366402
0.230641
0.300162
0.348002
0.218016
0.347411
0.303953
0.265235
0.340990
0.268510
0.373713
0.251749
0.244266
0.387562
0.309660
0.225369
0.235047
0.209618
0.243247
0.255028
0.319948
0.291433
0.199538
0.261556
0.246416
0.244979
0.311512
0.370948
0.273208
0.289436
0.268298
0.430266
0.364348
0.327134
0.235642
0.274162
0.248195
0.265398
0.285296
0.259767
0.278690
0.270939
0.355143
0.318933
0.316383
0.368339
0.218171
0.270355
0.323472
0.224582
0.320865
0.350639
0.332397
0.316640
0.226390
0.293173
0.268732
0.223961
0.189040
0.159029
0.189464
0.334569
0.264466
0.180256
0.296667
0.285179
0.164253
0.195735
0.242495
0.216676
0.291655
0.287664
0.293948
0.224180
0.207950
0.172512
0.218149
0.334470
0.265565
0.332123
0.322127
0.277274
0.233510
0.195504
0.318842
0.330722
0.228928
0.253075
0.253372
0.340341
0.180253
0.245403
0.239597
0.272192
0.202620
0.278609
0.327267
0.283632
0.228262
0.226745
0.220157
0.266562
0.264912
0.258384
0.234428
0.226394
0.246167
0.220790
0.230665
0.268511
0.171915
0.288810
0.376888
0.373155
0.318233
0.338958
0.386244
0.279718
0.337323
0.263706
0.339091
0.273399
0.299334
0.299307
0.235983
0.223956
0.292823
0.275507
0.354427
0.235692
0.277730
0.370564
0.266926
0.291480
0.287356
0.265603
0.327459
0.305586
0.244266
0.314118
0.321201
0.337048
0.232149
0.215100
0.221175
0.341779
0.179146
0.201529
0.267635
0.275569
0.248975
0.333918
0.341743
0.273212
0.248348
0.297478
0.461889
0.254503
0.274015
0.340275
0.266386
0.274132
0.285096
0.242997
0.331872
0.345820
0.295528
0.194800
0.243903
0.261533
0.346438
0.354049
0.296898
0.314578
0.336580
0.233485
0.359053
0.191572
0.203424
0.280860
0.213013
0.311041
0.357203
0.269278
0.230192
0.362076
0.371615
0.228169
0.291468
0.277973
0.357531
0.266458
0.195935
0.271481
0.260423
0.338355
0.265797
0.233521
0.269229
0.274088
0.234146
0.233299
0.261879
0.301221
0.266935
0.284280
0.234816
0.220886
0.299531
0.250328
0.279045
0.353272
0.283097
0.338467
0.266561
0.285018
0.284269
0.229086
0.230432
0.274695
0.257943
0.294558
0.296622
0.332063
0.221499
0.265623
0.341906
0.274226
0.262704
0.213129
0.287296
0.233469
0.267299
0.282503
0.267959
0.373654
0.311784
0.239239
0.314909
0.365897
0.225082
0.339397
0.174407
0.317527
0.270820
0.235476
0.224997
0.228185
0.162117
0.254480
0.195529
0.186944
0.171945
0.214865
0.196091
0.173019
0.263817
0.243106
0.228172
0.226768
0.285549
0.208273
0.290500
0.263005
0.231018
0.243077
0.214555
0.223531
0.253380
0.278955
0.252884
0.223950
0.195449
0.209255
0.299688
0.336711
0.187872
0.314648
0.198083
0.255050
0.228273
0.274379
0.278672
0.296803
0.238286
0.251323
0.376405
0.196867
0.299357
0.237423
0.234855
0.209918
0.344392
0.166936
0.269709
0.301224
0.193118
0.304759
0.229126
0.222277
0.226787
0.242280
0.234815
0.243158
0.231036
0.295440
0.200461
0.228427
0.241187
0.247233
0.326088
0.172950
0.194513
0.264194
0.292765
0.198036
0.260005
0.215938
0.321445
0.322911
0.231807
0.197625
0.455557
0.259812
0.246895
0.251854
0.298869
0.208741
0.228544
0.317090
0.143699
0.305491
0.321828
0.329678
0.249521
0.310224
0.267998
0.375731
0.252279
0.353639
0.284586
0.249830
0.292403
0.208660
0.213837
0.310362
0.226875
0.248058
0.215737
0.289072
0.196391
0.341366
0.341036
0.240504
0.315910
0.241516
0.297128
0.207803
0.274475
0.288097
0.247340
0.206424
0.328146
0.375170
0.215083
0.158474
0.275839
0.387179
0.289820
0.228755
0.260156
0.217026
0.313591
0.244504
0.196967
0.192383
0.265036
0.279074
0.228444
0.283780
0.232170
0.395500
0.289992
0.214358
0.189279
0.287626
0.389834
0.194304
0.243531
0.252503
0.193153
0.263203
0.285053
0.265426
0.199021
0.251738
0.284746
0.238684
0.246405
0.286511
0.287722
0.290992
0.219236
0.255476
0.270161
0.262884
0.158505
0.256775
0.256208
0.265690
0.269726
0.194855
0.243336
0.190454
0.275947
0.188232
0.206307
0.228215
0.209448
0.234853
0.208795
0.281824
0.230588
0.244848
0.249656
0.194478
0.162758
0.248922
0.262156
0.203243
0.165945
0.232874
0.201168
0.252122
0.229536
0.230934
0.238020
0.202992
0.171066
0.223594
0.240376
0.178084
0.208149
0.187518
0.200143
0.175702
0.204694
0.211513
0.323426
0.280586
0.211563
0.257480
0.228661
0.325713
0.191218
0.264180
0.297955
0.217764
0.253044
0.321370
0.219259
0.180391
0.264492
0.235037
0.288051
0.217945
0.169215
0.243960
0.270870
0.216369
0.227664
0.236909
0.203471
0.258089
0.252748
0.266554
0.156057
0.285804
0.259897
0.284272
0.275164
0.285057
0.239545
0.220379
0.274034
0.300016
0.294004
0.261911
0.229240
0.275355
0.205644
0.342093
0.226765
0.255047
0.264163
0.311515
0.304601
0.270309
0.280700
0.237942
0.293635
0.249713
0.329226
0.251380
0.273609
0.244430
0.270636
0.254446
0.268402
0.333707
0.317413
0.291387
0.246223
0.280133
0.251269
0.297447
0.178583
0.233572
0.251458
0.221787
0.203180
0.168177
0.390404
0.225412
0.193745
0.209022
0.231257
0.177374
0.242568
0.225192
0.271260
0.203552
0.237784
0.275628
0.163644
0.194225
0.169382
0.230904
0.245447
0.302890
0.225385
0.244735
0.212992
0.302355
0.293526
0.156676
0.274982
0.276174
0.237493
0.199080
0.250794
0.155903
0.254030
0.262038
0.241317
0.245998
0.235057
0.218629
0.230258
0.444057
0.318181
0.244769
0.258532
0.251156
0.219785
0.272759
0.373519
0.257079
0.307761
0.234578
0.262394
0.290275
0.196512
0.263128
0.271561
0.194025
0.285369
0.220767
0.352814
0.228211
0.210840
0.213002
0.338847
0.282096
0.237397
0.256479
0.238171
0.196023
0.205031
0.223189
0.214000
0.219506
0.228495
0.182060
0.186932
0.248520
0.201827
0.240455
0.233317
0.155567
0.174661
0.267183
0.211294
0.194283
0.316529
0.230688
0.180356
0.266526
0.190422
0.269668
0.196216
0.195967
0.158774
0.193381
0.149407
0.222742
0.228583
0.324872
0.241337
0.259127
0.168874
0.268744
0.177589
0.265199
0.302467
0.236850
0.174792
0.258938
0.319289
0.262932
0.185772
0.250763
0.263998
0.233407
0.290849
0.235865
0.286713
0.170759
0.257511
0.196080
0.210293
0.200441
0.197196
0.197060
0.224241
0.150478
0.199600
0.217820
0.283869
0.248958
0.238899
0.349745
0.231664
0.282265
0.305077
0.203338
0.256384
0.234661
0.197116
0.195633
0.289159
0.188200
0.183721
0.209830
0.291187
0.202865
0.205134
0.276865
0.166271
0.154912
0.256970
0.293094
0.230033
0.211565
0.187207
0.238124
0.263171
0.227278
0.205588
0.273891
0.243425
0.266354
0.179863
0.253947
0.250239
0.267041
0.202775
0.312847
0.289117
0.285887
0.254808
0.270468
0.270635
0.238174
0.200775
0.200821
0.237488
0.217024
0.264266
0.175291
0.194350
0.260664
0.176916
0.222725
0.221185
0.279429
0.211511
0.220956
0.179316
0.230549
0.302717
0.152929
0.246172
0.223081
0.207859
0.284791
0.249490
0.237371
0.184316
0.218555
0.370811
0.258786
0.193409
0.195094
0.240798
0.203338
0.276264
0.275863
0.207745
0.227910
0.211250
0.361751
0.224937
0.271757
0.205351
0.261694
0.233112
0.217012
0.286635
0.286700
0.287006
0.198144
0.157143
0.340536
0.229695
0.200129
0.243841
0.216708
0.227317
0.245604
0.255287
0.187968
0.240135
0.245500
0.248445
0.178059
0.149386
0.194108
0.138894
0.147654
0.244303
0.298854
0.147077
0.328481
0.217797
0.257142
0.254467
0.216718
0.202827
0.214953
0.217774
0.244927
0.236055
0.175234
0.194139
0.195487
0.169174
0.255325
0.182865
0.156587
0.241936
0.258698
0.240719
0.199188
0.269921
0.192742
0.186226
0.174513
0.157398
0.254212
0.328448
0.202438
0.240970
0.252849
0.223392
0.181885
0.157390
0.195915
0.188981
0.211393
0.162663
0.337116
0.195162
0.217225
0.201906
0.275036
0.291403
0.212090
0.206992
0.232846
0.195295
0.246311
0.201171
0.265848
0.187799
0.217240
0.189899
0.179858
0.252090
0.218379
0.258269
0.222991
0.221600
0.201449
0.189997
0.246590
0.132642
0.258623
0.162168
0.199527
0.275096
0.211704
0.205207
0.179238
0.297672
0.196190
0.216960
0.245843
0.232120
0.228530
0.236537
0.226002
0.277592
0.316665
0.270234
0.205877
0.271358
0.314139
0.301510
0.194195
0.216197
0.207195
0.216427
0.211130
0.218803
0.206549
0.233658
0.210908
0.234474
0.276822
0.244591
0.174338
0.291203
0.169229
0.237915
0.231791
0.253592
0.221366
0.232452
0.139084
0.244111
0.223494
0.197401
0.216779
0.172222
0.246578
0.357233
0.171146
0.172351
0.152244
0.242519
0.420376
0.243356
0.237271
0.204699
0.291400
0.266147
0.250220
0.231362
0.195534
0.253212
0.180953
0.233339
0.232040
0.216416
0.213915
0.259441
0.249195
0.164905
0.201813
0.161681
0.163141
0.225852
0.159199
0.285168
0.273238
0.182099
0.233479
0.261749
0.216981
0.161015
0.281363
0.268050
0.183734
0.275730
0.207929
0.143701
0.182246
0.195199
0.218807
0.171969
0.181539
0.295263
0.176165
0.206285
0.232698
0.229299
0.249568
0.262345
0.214936
0.180346
0.267000
0.323337
0.269499
0.225101
0.200483
0.223417
0.195953
0.214102
0.212114
0.197359
0.244420
0.195251
0.174041
0.218103
0.167340
0.207128
0.203538
0.126722
0.181996
0.169576
0.178882
0.171566
0.171487
0.207260
0.188385
0.294157
0.219985
0.194067
0.216117
0.223925
0.239637
0.110650
0.222283
0.218622
0.198471
0.166243
0.217652
0.276288
0.138511
0.192046
0.212145
0.216221
0.198151
0.224061
0.137218
0.191073
0.198354
0.135783
0.231813
0.249155
0.291254
0.221300
0.209015
0.296291
0.274748
0.235954
0.162854
0.212320
0.209356
0.190408
0.164742
0.223245
0.207155
0.158326
0.144663
0.234515
0.191843
0.193535
0.229497
0.299766
0.240394
0.252506
0.247885
0.197025
0.187105
0.317531
0.188367
0.202039
0.224641
0.243685
0.294439
0.219157
0.184851
0.217321
0.230017
0.198653
0.274083
0.109144
0.197172
0.207838
0.237894
0.193746
0.226336
0.219940
0.253851
0.259434
0.231596
0.205189
0.154626
0.207665
0.198221
0.117420
0.178061
0.224473
0.206259
0.196774
0.195654
0.164744
0.185939
0.181681
0.279481
0.254578
0.217429
0.250820
0.187285
0.259137
0.171670
0.188222
0.294353
0.214185
0.211032
0.163413
0.177528
0.156045
0.204148
0.280334
0.215580
0.266973
0.190987
0.234837
0.234870
0.163989
0.150352
0.254525
0.148476
0.161796
0.140074
0.209325
0.174561
0.122363
0.197749
0.234500
0.184371
0.253482
0.237516
0.205465
0.198344
0.267926
0.231987
0.198466
0.285647
0.341108
0.282876
0.205839
0.244101
0.194827
0.210404
0.270891
0.204285
0.259565
0.239626
0.208572
0.180160
0.233410
0.277782
0.315580
0.241452
0.215234
0.231704
0.208716
0.185364
0.274016
0.180621
0.212520
0.200817
0.179500
0.221856
0.192724
0.182135
0.117422
0.223281
0.206108
0.190881
0.136576
0.246462
0.158289
0.210718
0.293363
0.116800
0.138596
0.104893
0.262216
0.160303
0.130678
0.112091
0.139393
0.164311
0.174038
0.178432
0.139870
0.180706
0.163014
0.207537
0.153394
0.119622
0.198309
0.131819
0.169314
0.154921
0.145809
0.245265
0.132923
0.173993
0.095177
0.265229
0.251667
0.171511
0.160095
0.230776
0.176521
0.127420
0.186495
0.128468
0.167151
0.261633
0.204912
0.168521
0.182027
0.218998
0.161603
0.218010
0.195277
0.146716
0.177235
0.285462
0.211212
0.173114
0.227115
0.184172
0.202630
0.162955
0.231449
0.185129
0.171119
0.200482
0.183968
0.160917
0.184093
0.187108
0.185562
0.254475
0.269166
0.177744
0.240538
0.254463
0.168519
0.270096
0.215183
0.331714
0.223684
0.189631
0.151941
0.279938
0.243301
0.223632
0.158312
0.214331
0.219095
0.172945
0.272084
0.189514
0.196763
0.225469
0.203158
0.153469
0.189810
0.139270
0.183549
0.188358
0.178831
0.168520
0.163390
0.144145
0.148891
0.208906
0.225116
0.242763
0.183651
0.291853
0.166665
0.162789
0.299020
0.187464
0.160024
0.210277
0.237635
0.174829
0.257096
0.190300
0.256658
0.164895
0.253242
0.239449
0.284806
0.284670
0.179162
0.242305
0.207128
0.278240
0.270439
0.194480
0.221986
0.219339
0.240674
0.181546
0.225316
0.207512
0.169621
0.196154
0.209123
0.162356
0.185233
0.224612
0.158072
0.181667
0.167667
0.275264
0.168021
0.183622
0.097457
0.187828
0.216580
0.271324
0.110927
0.188725
0.195485
0.181378
0.240379
0.178654
0.231465
0.157295
0.336740
0.207906
0.128564
0.184687
0.174618
0.252451
0.241999
0.164321
0.215070
0.212606
0.112536
0.189570
0.213914
0.143869
0.291178
0.200407
0.168853
0.161033
0.171397
0.224828
0.174785
0.219413
0.135420
0.172949
0.143040
0.226878
0.187438
0.155160
0.134657
0.137742
0.132429
0.241414
0.183552
0.201437
0.164024
0.204345
0.151988
0.217413
0.209114
0.156036
0.125197
0.158904
0.204441
0.174581
0.201398
0.148932
0.248215
0.191461
0.198908
0.211234
0.181116
0.190709
0.150887
0.257785
0.259483
0.172207
0.136156
0.147767
0.162204
0.162451
0.191567
0.116251
0.147926
0.165206
0.173256
0.192412
0.176327
0.265117
0.279808
0.180598
0.282387
0.157331
0.178655
0.213328
0.160142
0.178791
0.212542
0.167477
0.197678
0.179936
0.206962
0.179180
0.185582
0.190497
0.243958
0.140996
0.135671
0.163822
0.206088
0.113975
0.144891
0.204273
0.267863
0.175919
0.158759
0.168761
0.165781
0.284877
0.136314
0.202433
0.185532
0.178860
0.183351
0.184579
0.232766
0.186400
0.213599
0.206868
0.196871
0.196893
0.150346
0.225210
0.210401
0.189126
0.247313
0.203186
0.207138
0.208777
0.181096
0.238974
0.194998
0.293469
0.203368
0.237595
0.194441
0.238172
0.143784
0.219184
0.121719
0.284226
0.296898
0.165638
0.145222
0.214714
0.233749
0.205497
0.191895
0.229152
0.159251
0.223452
0.170983
0.152783
0.215460
0.171048
0.163303
0.179573
0.160867
0.205013
0.170707
0.172688
0.215785
0.227178
0.237331
0.145953
0.282068
0.131917
0.218348
0.158674
0.187725
0.169221
0.223212
0.150286
0.180661
0.219409
0.194577
0.206730
0.239469
0.246447
0.168530
0.187840
0.123266
0.164552
0.228886
0.251367
0.237223
0.175181
0.198317
0.191300
0.250961
0.174475
0.268499
0.263545
0.208506
