2.302583
2.302876
2.301753
2.310375
2.301382
2.302509
2.302224
2.302758
2.302416
2.302701
2.300587
2.304409
2.299538
2.298355
2.285445
2.316022
2.287130
2.289387
2.293739
2.294800
2.289574
2.282107
2.266389
2.269733
2.263472
2.253229
2.258517
2.216257
2.169745
2.218645
2.160375
2.148713
2.196313
2.038704
2.108040
2.154142
2.139952
2.108238
2.163186
2.109490
2.088471
2.061031
2.076646
2.028215
2.093803
2.059451
2.080297
2.082753
2.028412
2.062236
2.004279
2.019337
2.047857
2.066485
2.027815
1.976154
1.968804
2.079561
2.238623
2.012344
2.036540
2.073948
2.076873
2.093606
2.075645
2.003350
1.969961
1.965686
1.936891
1.952993
1.946308
2.003449
1.980976
1.933337
1.971287
2.009878
1.965795
1.959925
2.011827
1.950279
1.984010
1.954310
1.877861
1.956907
1.957860
1.980316
2.035107
1.929283
1.930194
1.883401
1.921312
1.924273
1.889153
1.897670
1.966424
2.012295
1.899150
1.957444
1.998623
1.950922
1.966878
1.955655
1.968339
1.948873
2.037267
1.922145
1.983214
1.897132
1.904497
1.950951
1.859937
1.884604
1.933941
1.987884
1.860754
1.876885
1.925893
1.934901
1.947765
1.862968
1.849208
1.936060
1.874306
1.938424
1.898069
1.902718
1.857359
1.905849
1.879233
1.949873
1.900154
1.930485
1.860799
1.832056
1.875710
1.891345
1.854182
1.820838
1.915648
1.852434
1.946447
1.860696
1.974468
1.892141
1.837333
1.926516
2.026337
1.835635
1.916682
1.899290
1.971410
1.890664
1.876779
1.867720
1.839015
1.837649
1.865369
1.948169
1.956430
1.917891
1.881584
1.879704
1.881366
1.871884
1.912984
1.881613
1.880921
1.890788
1.875082
1.880118
1.868205
1.846802
1.898805
1.865546
1.854364
1.834030
1.899936
1.879435
1.902518
1.858109
1.909558
1.858471
1.861704
1.885156
1.858548
1.899381
1.854215
1.825807
1.864125
1.840919
1.872885
1.818323
1.965850
1.856851
1.852516
1.946691
1.846041
1.806187
1.846578
1.794825
1.833535
1.773967
1.938964
1.921090
1.830550
1.829478
1.843087
1.848535
1.835369
1.892858
1.858326
1.826808
1.886868
1.857439
1.873945
1.847562
1.817034
1.804444
1.797743
1.930806
1.832359
1.914477
1.889719
1.876277
1.871950
1.814254
1.805018
1.931068
1.931530
1.815398
1.768139
1.917847
1.867459
1.796436
1.876127
1.833436
1.834164
1.825702
1.799413
1.832846
1.838639
1.879084
1.825301
1.887721
1.835359
1.834487
1.828190
1.848964
1.843196
1.890965
1.846579
1.845914
1.869740
1.864954
1.770840
1.884016
1.807825
1.841325
1.833944
1.838002
1.822808
1.941130
1.792073
1.845876
1.798603
1.803437
1.840043
1.776080
1.873325
1.837334
1.853472
1.844970
1.841500
1.856204
1.831575
1.889943
1.885306
1.832508
1.861576
1.803305
1.784001
1.788925
1.847899
1.862494
1.882593
1.845899
1.955059
1.847862
1.837547
1.837456
1.808032
1.860948
1.830420
1.782767
1.817084
1.819223
1.889135
1.842965
1.842478
1.855131
1.799567
1.940069
1.760981
1.849096
1.864707
1.823715
1.820552
1.779727
1.860734
1.817727
1.793897
1.843081
1.870845
1.817025
1.830466
1.821363
1.854501
1.830300
1.815001
1.781716
1.832934
1.880991
1.827289
1.828953
1.777744
1.888604
1.752221
1.817318
1.764067
1.820847
1.810796
1.887079
1.797168
1.866991
1.829779
1.832416
1.940605
1.855207
1.891184
1.833626
1.777666
1.979200
1.865238
1.833982
1.839154
1.845937
1.766078
1.956340
1.800082
1.771229
1.751106
1.868557
1.830167
1.717496
1.947702
1.799585
1.810021
1.868577
1.919699
1.771705
1.829427
1.893974
1.894701
1.856195
1.799719
1.829101
1.874995
1.750063
1.840987
1.724371
1.798285
1.811900
1.843783
1.803869
1.803086
1.796577
1.780154
1.735299
1.754776
1.735207
1.845986
1.737850
1.785779
1.773463
1.748327
1.735544
1.768550
1.705005
1.786628
1.827317
1.762082
1.728317
1.664554
1.743732
1.858451
1.752233
1.870564
1.709943
1.724192
1.729146
1.700939
1.737993
1.657340
1.670834
1.702787
1.821089
1.660683
1.656182
1.751830
1.782650
1.738073
1.764919
1.753588
1.647890
1.680756
1.650987
1.707805
1.726790
1.794661
1.694341
1.705963
1.687296
1.680907
1.831813
1.728314
1.749196
1.672492
1.712113
1.712799
1.693331
1.656403
1.709371
1.730080
1.725916
1.764255
1.751222
1.747934
1.729555
1.630557
1.673767
1.706167
1.728112
1.516845
1.679336
1.679928
1.865572
1.649420
1.691309
1.681764
1.760198
1.649747
1.618397
1.632978
1.670285
1.685412
1.661477
1.710447
1.697522
1.699049
1.662315
1.728551
1.639290
1.802620
1.664391
1.675853
1.662323
1.712248
1.609408
1.554528
1.704180
1.780606
1.675082
1.684134
1.694681
1.653741
1.671497
1.600381
1.656329
1.659938
1.611940
1.548749
1.583110
1.588300
1.594821
1.682620
1.679662
1.465376
1.620697
1.486197
1.525322
1.548296
1.455176
1.502135
1.399597
1.568558
1.545219
1.642463
1.490668
1.535884
1.683834
1.506043
1.527750
1.544538
1.570442
1.551457
1.482110
1.523995
1.406507
1.424571
1.457970
1.584874
1.508066
1.489325
1.566617
1.497362
1.542508
1.478812
1.475761
1.499975
1.309780
1.562294
1.364454
1.504290
1.489622
1.524143
1.438567
1.448142
1.475753
1.521898
1.459222
1.418770
1.435899
1.418459
1.404022
1.466073
1.398360
1.411657
1.437606
1.440220
1.568458
1.441115
1.410607
1.429305
1.482130
1.395141
1.390771
1.512774
1.534760
1.462472
1.439646
1.405824
1.625816
1.582605
1.483550
1.395046
1.541898
1.616302
1.445333
1.439529
1.406441
1.426033
1.433697
1.509876
1.590258
1.454679
1.506883
1.492032
1.547803
1.532732
1.608556
1.543873
1.417548
1.464482
1.457597
1.513261
1.390833
1.516310
1.430567
1.440612
1.479062
1.300401
1.452875
1.307796
1.365717
1.410393
1.364618
1.327044
1.308572
1.460432
1.472836
1.280921
1.479173
1.525713
1.501391
1.338308
1.457025
1.409000
1.453766
1.365613
1.347604
1.474508
1.368474
1.540335
1.379128
1.521464
1.438998
1.317558
1.312085
1.305763
1.427739
1.365582
1.330698
1.292898
1.368602
1.255190
1.327494
1.409016
1.275883
1.369241
1.225494
1.355729
1.497947
1.456351
1.367279
1.395921
1.363555
1.201657
1.342327
1.253433
1.417440
1.382720
1.202839
1.286218
1.354040
1.543940
1.223774
1.377294
1.322193
1.278816
1.366030
1.461168
1.437477
1.304938
1.267760
1.278664
1.170380
1.428171
1.505513
1.222444
1.293076
1.358387
1.219891
1.356986
1.402956
1.221224
1.275249
1.280262
1.264851
1.236891
1.231999
1.221911
1.136784
1.331123
1.138112
1.289824
1.224785
1.203366
1.330599
1.340829
1.266256
1.385300
1.323317
1.231872
1.155554
1.319384
1.329349
1.183282
1.342858
1.430110
1.243341
1.269739
1.208482
1.252089
1.420847
1.360430
1.305552
1.216707
1.173626
1.216768
1.355781
1.259696
1.325592
1.292267
1.341085
1.169752
1.276352
1.092410
1.337786
1.276693
1.390948
1.119903
1.250486
1.229167
1.364660
1.369367
1.186952
1.270774
1.509608
1.256293
1.219168
1.345992
1.320893
1.323557
1.244878
1.270434
1.291928
1.235652
1.167004
1.234305
1.297150
1.148232
1.238529
1.182078
1.201504
1.189216
1.184368
1.166881
1.175131
1.281320
1.198775
1.166558
1.143205
1.187007
1.243351
1.139866
1.233317
1.179339
1.078092
1.172858
1.169287
1.131231
1.241454
1.067294
1.322829
1.146187
1.110114
1.134913
1.183353
1.219218
1.264708
1.225252
1.157405
1.201506
1.182994
1.143847
1.129262
1.132918
1.227919
1.159946
1.181160
1.180902
1.213512
1.127870
1.255462
1.171361
1.132873
1.267765
1.117659
1.079130
1.196194
1.113613
1.193050
1.132941
1.131373
1.080089
1.197246
1.177263
1.115380
1.260786
1.101079
1.217829
1.104761
1.237849
1.167722
1.204944
1.053808
1.285013
1.189480
1.165040
1.121686
1.230924
1.182071
1.149537
1.117488
1.169817
1.068344
1.131743
1.173024
1.118138
1.156933
1.224575
1.087415
1.156353
1.061424
1.108756
1.120219
1.028565
1.049733
1.082017
1.181996
1.087188
1.097628
1.102004
1.160154
1.029768
1.055278
1.068483
1.083020
0.973181
1.017516
1.168305
0.981542
1.006220
1.131618
1.134679
1.110895
1.040951
1.070652
1.096453
1.007581
0.981088
1.039574
0.994188
1.113869
1.091155
1.083978
1.031711
1.014923
0.983859
1.134370
0.978041
1.101298
1.054120
1.003664
1.067586
0.993711
1.056350
1.026146
1.026759
1.010075
1.022305
1.004323
1.088792
1.002878
1.042154
1.035313
1.070050
0.890363
1.146026
0.924824
0.938637
0.996908
0.989996
1.111267
1.063864
0.979855
1.043790
1.091501
1.078765
1.128175
1.080186
0.908984
1.102010
0.966487
1.073183
1.040743
0.907001
1.094948
1.088945
0.971765
0.939647
1.028160
0.894421
0.985777
0.973045
1.120260
0.983488
1.097991
1.054287
0.991533
1.056750
1.066107
0.985998
0.933223
1.028997
1.019081
1.080130
1.036970
0.976926
1.042819
1.096973
1.043093
1.055574
1.037347
1.091587
1.056058
0.999347
1.049582
0.992136
0.962677
0.971397
1.060474
0.920217
0.904918
0.897163
0.939099
1.129507
1.113624
1.026953
0.944462
0.968327
0.880901
1.060931
0.970321
0.965307
1.149889
1.047650
1.103608
0.899541
0.897182
0.916465
0.969621
0.963516
0.951065
0.980973
0.937322
0.822464
0.968579
1.052465
1.009236
1.080585
0.906985
1.049786
1.113236
0.950554
1.003803
0.889386
1.110989
0.945753
0.871819
0.983594
0.953607
0.982428
0.954312
1.007846
1.002659
0.959202
1.102400
1.005247
0.982332
0.865967
1.053889
0.993289
1.030739
0.883097
0.895792
0.994824
0.933018
0.923221
0.861720
0.855118
0.970510
1.038659
0.959015
0.835428
0.841478
0.892316
0.819707
0.881408
1.035322
0.952685
1.032146
0.939229
0.889786
0.967088
0.963939
0.921688
0.942887
0.961329
0.857602
0.939741
0.893978
0.883403
0.923361
0.875836
1.019678
0.977424
0.934917
1.024855
0.896028
0.931339
0.869520
0.916193
0.967248
0.898455
0.931458
0.845738
0.958103
0.888939
0.928174
0.886995
0.847456
0.959174
0.979229
0.790693
0.999069
0.968125
0.950126
0.928354
0.900588
0.925647
1.004839
0.852069
0.894952
0.952360
0.813012
0.890719
0.908369
0.767603
0.958981
1.000553
0.865510
0.813764
0.915241
0.896784
0.815895
1.094785
0.894753
0.858796
0.900895
0.928392
0.942638
1.035582
0.996210
0.825896
0.897376
0.923029
0.882397
0.922989
0.791376
0.833401
0.910065
0.824364
0.856125
0.914895
0.768500
0.749312
0.872853
0.788886
0.859391
0.925318
0.898364
0.888367
0.847758
0.825546
0.858386
0.742706
0.855014
0.870818
0.815934
0.988127
0.749852
0.908664
0.871234
0.806094
0.939247
0.923842
0.896828
0.839243
0.909212
0.886371
0.778341
0.891244
0.879884
0.793850
0.866407
0.814738
0.849662
0.792395
0.931404
0.883983
0.911118
0.750276
1.026678
0.802222
0.921130
0.744676
0.810516
0.872408
0.834053
0.791822
0.768142
0.928637
0.977372
0.727897
0.852205
0.863975
0.831943
0.968831
0.867582
0.954705
0.886458
0.778150
0.873794
0.701839
0.806708
0.833239
0.793446
0.878373
1.034375
0.846838
0.727591
0.891916
0.774462
0.855054
0.837533
0.725443
0.778733
0.807831
0.889493
0.759901
0.899335
0.871718
0.714500
0.692903
0.727951
0.688682
0.858216
0.844073
0.834876
0.898238
0.761397
0.771947
0.821609
0.721594
0.859485
0.835383
0.827239
0.892614
0.856488
0.922516
0.753171
0.746910
0.727137
0.864120
0.794533
0.846770
0.846641
0.865122
0.901951
0.817688
0.813763
0.929197
0.807583
0.759170
0.753796
0.808448
0.801780
0.890664
0.884526
0.768930
0.712836
0.784715
0.846264
0.865333
0.818713
0.794158
0.795131
0.821641
0.785936
0.772139
0.822435
0.789656
0.788793
0.764231
0.763499
0.932639
0.796822
0.944239
0.727909
0.855739
0.847471
0.880059
0.797889
0.813682
0.838446
0.890301
0.743850
0.715026
0.849740
0.818459
0.830369
0.782584
0.704336
0.840535
0.800526
0.702664
0.659498
0.872981
0.875114
0.747067
0.907553
0.848510
0.939937
0.848320
0.740507
0.797186
0.844452
0.765571
0.741317
0.761337
0.736004
0.797191
0.740580
0.810652
0.863626
0.635906
0.797890
0.838293
0.795828
0.745266
0.812189
0.843769
0.687626
0.693515
0.865862
0.789939
0.799912
0.779237
0.757690
0.783572
0.813364
0.803856
0.755436
0.734599
0.686758
0.677787
0.806254
0.788514
0.866905
0.684976
0.684912
0.670339
0.782259
0.741794
0.755044
0.696915
0.819236
0.627511
0.765172
0.681485
0.692154
0.725712
0.682820
0.861582
0.863593
0.861423
0.712308
0.720389
0.752377
0.795476
0.711132
0.769250
0.697969
0.830348
0.769142
0.846117
0.777902
0.641086
0.711159
0.896801
0.755411
0.728275
0.686313
0.698379
0.661982
0.810525
0.795763
0.767927
0.783508
0.618547
0.728365
0.681933
0.667418
0.845550
0.696894
0.632124
0.729768
0.816329
0.717170
0.698334
0.737793
0.771494
0.726930
0.830752
0.725673
0.793936
0.729417
0.641290
0.880656
0.721143
0.804305
0.797854
0.684462
0.709377
0.793521
0.700260
0.744987
0.823579
0.728117
0.565197
0.722429
0.756381
0.778490
0.771523
0.786579
0.744140
0.732184
0.758995
0.757620
0.771514
0.772003
0.780757
0.707357
0.727282
0.750632
0.635223
0.694066
0.657515
0.730316
0.568169
0.816308
0.764965
0.709451
0.808597
0.738808
0.831803
0.701356
0.826666
0.841147
0.786945
0.705711
0.817610
0.664177
0.718329
0.655203
0.674681
0.743464
0.726902
0.691999
0.729096
0.772515
0.797305
0.704192
0.841843
0.820337
0.796394
0.733314
0.733619
0.770695
0.697885
0.739053
0.661091
0.747413
0.694455
0.798583
0.824383
0.653078
0.749311
0.770388
0.619490
0.610568
0.708335
0.726529
0.763812
0.772482
0.666272
0.676844
0.641480
0.807379
0.693337
0.785924
0.735856
0.745362
0.654363
0.699631
0.730952
0.644482
0.746338
0.758112
0.758391
0.618836
0.676328
0.664791
0.739666
0.707655
0.622445
0.587640
0.718768
0.709786
0.716539
0.783347
0.656311
0.684598
0.604502
0.719898
0.654915
0.754109
0.663187
0.640791
0.805125
0.648833
0.608424
0.627414
0.704407
0.720768
0.695462
0.751610
0.660166
0.643295
0.606605
0.560559
0.756012
0.760736
0.557242
0.632853
0.780016
0.640294
0.682291
0.668698
0.801823
0.690996
0.584105
0.678677
0.791006
0.694497
0.602936
0.698817
0.825559
0.647848
0.622327
0.590993
0.766337
0.658640
0.683079
0.513867
0.726534
0.706563
0.780522
0.695588
0.615906
0.788075
0.673969
0.769994
0.742286
0.587228
0.719553
0.630578
0.699894
0.656322
0.576319
0.708689
0.765001
0.579627
0.688101
0.568945
0.720268
0.741972
0.694042
0.817760
0.680269
0.601857
0.725415
0.755904
0.608997
0.674842
0.735860
0.657540
0.684092
0.539367
0.735616
0.746213
0.585620
0.705409
0.675694
0.650183
0.787834
0.660172
0.629271
0.788231
0.736243
0.750347
0.693544
0.726841
0.572690
0.568366
0.764045
0.593917
0.769562
0.641795
0.505888
0.684389
0.723051
0.602371
0.694678
0.677791
0.578156
0.619232
0.691338
0.661972
0.646412
0.588989
0.861487
0.661265
0.617787
0.664825
0.694098
0.761704
0.687581
0.589658
0.657669
0.642821
0.666543
0.707893
0.681933
0.654712
0.654550
0.687241
0.658677
0.732080
0.629303
0.647288
0.706210
0.737263
0.788192
0.562787
0.641324
0.727168
0.613287
0.685643
0.595735
0.573079
0.563319
0.636488
0.654478
0.630412
0.791900
0.701759
0.723205
0.637627
0.744351
0.646893
0.668149
0.818708
0.631994
0.587355
0.668195
0.628990
0.635751
0.777571
0.773455
0.642276
0.635457
0.673822
0.652794
0.648998
0.732780
0.605086
0.511024
0.684351
0.561304
0.698555
0.515589
0.497666
0.565559
0.644848
0.580041
0.596136
0.649861
0.724235
0.748172
0.692065
0.757480
0.596931
0.684966
0.564507
0.661430
0.679504
0.626990
0.512576
0.690141
0.652173
0.674904
0.614282
0.691941
0.643667
0.678898
0.636588
0.597651
0.602518
0.546680
0.489453
0.597159
0.596882
0.675159
0.574962
0.629967
0.573965
0.650850
0.562308
0.555943
0.615015
0.731829
0.577869
0.641327
0.607046
0.541698
0.668255
0.575389
0.580006
0.591536
0.698350
0.599551
0.506943
0.626826
0.847100
0.565304
0.618760
0.698654
0.611108
0.615686
0.621172
0.528277
0.564103
0.645537
0.600793
0.561095
0.653282
0.615772
0.642260
0.718120
0.623806
0.587522
0.575677
0.560127
0.699110
0.575732
0.581682
0.681951
0.603254
0.749935
0.637958
0.676564
0.586094
0.603340
0.535208
0.561102
0.513593
0.589438
0.699697
0.675335
0.576551
0.601289
0.534006
0.736847
0.570420
0.786172
0.552619
0.572949
0.625516
0.590060
0.743091
0.673076
0.707688
0.666513
0.520574
0.513995
0.642714
0.566171
0.592839
0.564671
0.592718
0.718767
0.570999
0.621774
0.629007
0.590405
0.623362
0.764504
0.619547
0.667610
0.514269
0.713570
0.556970
0.704570
0.700240
0.720045
0.627047
0.556893
0.551549
0.736892
0.617195
0.558758
0.637658
0.606288
0.694010
0.664170
0.603222
0.627903
0.616851
0.549273
0.573259
0.597893
0.567188
0.616962
0.638125
0.604480
0.661659
0.617829
0.640074
0.693668
0.746299
0.578144
0.525248
0.636040
0.548362
0.604243
0.574588
0.505588
0.512837
0.601693
0.691529
0.637500
0.637461
0.575638
0.557370
0.639890
0.612984
0.525991
0.763335
0.721614
0.718533
0.704774
0.600543
0.603811
0.608059
0.614469
0.561126
0.609290
0.633599
0.592251
0.526463
0.580354
0.687029
0.575779
0.585687
0.640659
0.548156
0.671021
0.569503
0.549514
0.573734
0.555423
0.583133
0.614109
0.511369
0.571691
0.525896
0.675499
0.699511
0.682110
0.630987
0.435027
0.572533
0.662615
0.612332
0.544410
0.626934
0.622979
0.629503
0.542754
0.560703
0.508956
0.548746
0.517444
0.553965
0.559002
0.485985
0.595117
0.544356
0.465838
0.580257
0.500409
0.483228
0.513246
0.615571
0.561986
0.526216
0.641839
0.499965
0.596728
0.620020
0.418392
0.550416
0.550483
0.611089
0.540448
0.589389
0.612961
0.585020
0.513425
0.574735
0.583173
0.650225
0.625554
0.609579
0.673288
0.585959
0.602192
0.615391
0.700442
0.612803
0.546067
0.547928
0.638620
0.545601
0.542649
0.613502
0.457938
0.498923
0.584051
0.690355
0.569310
0.710424
0.637673
0.763849
0.580223
0.601528
0.576990
0.540246
0.544237
0.438663
0.503320
0.452636
0.571652
0.598367
0.635689
0.480508
0.566743
0.655174
0.643500
0.576630
0.500868
0.544672
0.610965
0.576721
0.618173
0.621938
0.586681
0.585667
0.553588
0.595683
0.542468
0.594938
0.584714
0.631340
0.486312
0.512038
0.562809
0.546185
0.629444
0.550191
0.595467
0.567418
0.626679
0.681750
0.616078
0.574268
0.728907
0.523587
0.631016
0.556331
0.598312
0.489714
0.542883
0.518950
0.578639
0.586938
0.553198
0.494342
0.576182
0.578037
0.647119
0.664423
0.599440
0.611378
0.564744
0.596507
0.661227
0.555687
0.623789
0.527165
0.587653
0.520679
0.520265
0.603534
0.603248
0.494019
0.602054
0.601801
0.486829
0.563573
0.521259
0.478307
0.578225
0.591343
0.611616
0.452937
0.574893
0.470174
0.448629
0.508714
0.527991
0.440404
0.514434
0.604432
0.504394
0.524620
0.508581
0.520585
0.460818
0.553733
0.627650
0.494019
0.431570
0.533331
0.490354
0.531395
0.523639
0.564047
0.454738
0.504302
0.478074
0.558577
0.575406
0.573855
0.512620
0.584378
0.603190
0.518748
0.587985
0.530575
0.482137
0.573830
0.523408
0.574328
0.560531
0.510541
0.595139
0.449413
0.561190
0.583603
0.510516
0.513120
0.526743
0.483050
0.640555
0.460368
0.572806
0.574290
0.516845
0.709605
0.542814
0.533173
0.521691
0.502703
0.541898
0.506582
0.516817
0.543760
0.530435
0.553602
0.508634
0.498123
0.608829
0.560889
0.455819
0.458428
0.409062
0.531596
0.473426
0.604189
0.516362
0.609100
0.551439
0.500445
0.543211
0.406741
0.456687
0.625023
0.628485
0.531326
0.568260
0.584885
0.601023
0.614947
0.493916
0.504758
0.561146
0.488256
0.623880
0.564783
0.583774
0.515915
0.505837
0.550788
0.572479
0.536073
0.518143
0.486521
0.500143
0.487928
0.562427
0.555740
0.469089
0.438466
0.709424
0.534372
0.576125
0.470738
0.472530
0.405951
0.490910
0.595172
0.524093
0.543143
0.519204
0.547023
0.478052
0.724996
0.447583
0.527192
0.556366
0.491639
0.616780
0.441653
0.520899
0.610218
0.545155
0.539443
0.574533
0.560442
0.518206
0.585341
0.533996
0.510268
0.505369
0.508087
0.581538
0.545696
0.480112
0.503662
0.585464
0.538240
0.629801
0.528045
0.565628
0.498210
0.416880
0.543536
0.493408
0.523818
0.436921
0.454503
0.579004
0.491327
0.539286
0.656965
0.599147
0.475974
0.623580
0.538818
0.503232
0.561438
0.503332
0.484411
0.486517
0.516894
0.486568
0.498570
0.498089
0.540774
0.607532
0.603326
0.492643
0.571000
0.590348
0.486892
0.515977
0.506833
0.590560
0.486400
0.422059
0.483225
0.447888
0.429684
0.500675
0.550914
0.574601
0.570635
0.550164
0.459761
0.590161
0.619068
0.529165
0.489514
0.495942
0.393479
0.573960
0.500724
0.516482
0.532079
0.553869
0.503145
0.493276
0.536647
0.426705
0.513269
0.478261
0.402747
0.547884
0.507169
0.462423
0.547497
0.522109
0.423070
0.421239
0.430387
0.566594
0.499092
0.539526
0.440818
0.538783
0.487067
0.509116
0.414747
0.575132
0.380989
0.413738
0.584002
0.516003
0.513827
0.509613
0.484295
0.467716
0.666549
0.459189
0.426025
0.451006
0.399210
0.500191
0.529524
0.502513
0.462564
0.426226
0.489784
0.523142
0.614289
0.500060
0.440507
0.487542
0.423824
0.502971
0.423268
0.492223
0.606896
0.462095
0.607076
0.512258
0.448423
0.480408
0.449362
0.577265
0.506656
0.509523
0.496292
0.462301
0.452249
0.478002
0.453380
0.598059
0.430842
0.549945
0.483813
0.644212
0.539788
0.495078
0.480843
0.420507
0.553817
0.502162
0.517633
0.389038
0.511350
0.485031
0.530011
0.438225
0.514172
0.505515
0.484215
0.444233
0.399304
0.440009
0.507612
0.530951
0.503579
0.474126
0.404314
0.478512
0.548957
0.534691
0.480890
0.469343
0.461782
0.513349
0.468979
0.365202
0.444546
0.394971
0.583071
0.455922
0.469115
0.411758
0.424362
0.465030
0.561711
0.647693
0.431290
0.565197
0.445275
0.535580
0.460454
0.447941
0.452981
0.602893
0.563391
0.564685
0.516301
0.496052
0.399326
0.592320
0.556182
0.550411
0.534784
0.441407
0.638914
0.464676
0.601669
0.448736
0.549881
0.418289
0.644030
0.512606
0.513138
0.463346
0.519454
0.447922
0.451801
0.491062
0.487744
0.466585
0.425730
0.344836
0.441405
0.395099
0.410811
0.509864
0.450483
0.475716
0.420415
0.537114
0.407677
0.459172
0.470486
0.402222
0.362789
0.501002
0.473792
0.467140
0.377729
0.423481
0.521197
0.487013
0.465000
0.374925
0.537372
0.457226
0.430274
0.386145
0.486032
0.450393
0.451642
0.431206
0.485825
0.441068
0.464517
0.455029
0.580077
0.539021
0.436815
0.525234
0.434489
0.469047
0.432058
0.544847
0.423700
0.579676
0.534667
0.500402
0.439162
0.512537
0.407282
0.537517
0.391201
0.458279
0.374102
0.414948
0.545328
0.401099
0.434298
0.499335
0.470755
0.391216
0.409440
0.314355
0.545413
0.418548
0.563753
0.409962
0.471807
0.472257
0.451315
0.411576
0.564233
0.506625
0.484097
0.467788
0.420467
0.468501
0.552686
0.593267
0.492221
0.401739
0.563207
0.497921
0.454723
0.454142
0.621812
0.458581
0.394850
0.406284
0.469429
0.621021
0.526168
0.418953
0.534017
0.543763
0.460319
0.517772
0.466875
0.460784
0.514712
0.413302
0.465890
0.392111
0.423728
0.525052
0.484543
0.601349
0.407031
0.459479
0.433307
0.520988
0.447122
0.360662
0.418537
0.524026
0.500968
0.458171
0.435124
0.456967
0.486621
0.501699
0.495108
0.474378
0.590223
0.429962
0.487521
0.423531
0.544644
0.504892
0.461684
0.471202
0.491564
0.398909
0.551691
0.448349
0.475634
0.602790
0.453244
0.523805
0.428930
0.492772
0.422725
0.450010
0.462972
0.530290
0.460677
0.512450
0.473764
0.431288
0.436298
0.557725
0.583353
0.532148
0.436468
0.434099
0.471877
0.456887
0.490829
0.534491
0.448611
0.503011
0.531795
0.542857
0.421362
0.431215
0.434282
0.510113
0.412168
0.404133
0.478165
0.463367
0.387012
0.465898
0.407555
0.421716
0.512441
0.470638
0.355701
0.373958
0.472488
0.448881
0.390498
0.440304
0.402532
0.378734
0.433266
0.312869
0.455732
0.529736
0.375273
0.457199
0.458001
0.430757
0.324621
0.419508
0.340322
0.362257
0.408114
0.341562
0.505225
0.366705
0.393332
0.505704
0.462746
0.340665
0.334118
0.522223
0.489953
0.450065
0.377378
0.459956
0.381589
0.354854
0.394174
0.343463
0.445075
0.487452
0.463672
0.532212
0.373057
0.504903
0.562765
0.495069
0.412685
0.432691
0.373881
0.561073
0.376680
0.420485
0.489864
0.520174
0.404413
0.406575
0.430793
0.454763
0.369862
0.367209
0.422707
0.463759
0.367384
0.370600
0.394969
0.475392
0.401021
0.449361
0.374150
0.442652
0.382130
0.372422
0.440415
0.472299
0.408827
0.403218
0.422971
0.461181
0.437463
0.353857
0.447068
0.467837
0.390146
0.339846
0.482801
0.467050
0.375167
0.508808
0.398779
0.454333
0.372561
0.456794
0.474146
0.421200
0.456487
0.620140
0.443390
0.455197
0.463057
0.409201
0.449740
0.595627
0.539304
0.456408
0.448648
0.336244
0.445338
0.404567
0.423915
0.373234
0.484392
0.485351
0.448242
0.525727
0.493391
0.359169
0.454733
0.474476
0.496540
0.481137
0.304323
0.326785
0.430979
0.497428
0.432557
0.416312
0.466180
0.579068
0.595003
0.552568
0.397475
0.460899
0.366405
0.445797
0.402180
0.396716
0.375617
0.509572
0.437371
0.482995
0.467020
0.345690
0.369963
0.503583
0.455716
0.474791
0.339341
0.357320
0.570354
0.451499
0.500559
0.388152
0.527522
0.370306
0.452460
0.576463
0.410569
0.407620
0.497971
0.518241
0.365910
0.476475
0.457511
0.332522
0.539998
0.436272
0.519386
0.370347
0.380963
0.331512
0.437042
0.418009
0.351631
0.453621
0.332541
0.296783
0.401009
0.395340
0.264949
0.368036
0.457482
0.400733
0.378851
0.414365
0.328588
0.464668
0.372636
0.342893
0.333878
0.351075
0.439707
0.437354
0.427616
0.338959
0.431119
0.335029
0.427517
0.419296
0.392807
0.380659
0.393732
0.418191
0.447554
0.383886
0.457976
0.376349
0.439852
0.382370
0.523771
0.324347
0.447613
0.491697
0.501263
0.377170
0.403381
0.460154
0.473258
0.364936
0.420344
0.332641
0.300709
0.404653
0.419442
0.409582
0.460224
0.420115
0.473822
0.391618
0.445369
0.416706
0.396067
0.373769
0.366125
0.433700
0.452997
0.474347
0.416532
0.462867
0.472418
0.392892
0.387658
0.391883
0.449168
0.383277
0.351229
0.371830
0.413173
0.445738
0.433695
0.418975
0.386259
0.476700
0.316103
0.392843
0.375237
0.432894
0.388058
0.429604
0.485405
0.394206
0.456994
0.423135
0.400574
0.317981
0.385810
0.470935
0.313940
0.409572
0.342743
0.356823
0.432094
0.409826
0.459453
0.322653
0.475188
0.531555
0.325226
0.465240
0.391437
0.490703
0.308405
0.431231
0.429801
0.449788
0.447685
0.432110
0.401251
0.382718
0.405888
0.459923
0.470004
0.370012
0.403524
0.464528
0.387268
0.389411
0.366687
0.424219
0.409817
0.417352
0.353018
0.396563
0.415524
0.427978
0.437112
0.421303
0.303576
0.469601
0.470945
0.513166
0.428107
0.327081
0.479024
0.413031
0.366375
0.366477
0.337325
0.337437
0.430365
0.386216
0.355001
0.454305
0.301635
0.422494
0.452248
0.393800
0.399249
0.369005
0.305898
0.331666
0.467547
0.446389
0.520784
0.398210
0.308286
0.412333
0.433173
0.402585
0.455577
0.284803
0.441882
0.331409
0.354551
0.364690
0.301186
0.355216
0.387186
0.437199
0.271908
0.426669
0.309492
0.326653
0.349224
0.376385
0.359978
0.446186
0.317822
0.290309
0.293693
0.333527
0.481833
0.350637
0.366803
0.402799
0.374397
0.344769
0.352551
0.440917
0.419533
0.371938
0.370633
0.346522
0.363595
0.376697
0.363995
0.368640
0.456045
0.380102
0.472510
0.330799
0.346802
0.263830
0.402145
0.414463
0.351709
0.309062
0.325428
0.371262
0.451852
0.374912
0.370863
0.376991
0.396201
0.323508
0.310996
0.514803
0.314034
0.384533
0.407437
0.350707
0.334520
0.376215
0.397353
0.368117
0.404871
0.457098
0.356027
0.456607
0.430904
0.337354
0.376450
0.418489
0.303964
0.370135
0.297590
0.437232
0.336062
0.377397
0.362149
0.335161
0.370141
0.372982
0.266798
0.441757
0.287175
0.323831
0.376773
0.275349
0.467467
0.351026
0.406397
0.331757
0.470944
0.313054
0.441637
0.409448
0.350967
0.318156
0.371643
0.338448
0.438783
0.395618
0.329107
0.320146
0.371922
0.340978
0.465520
0.367686
0.369450
0.382346
0.352915
0.367548
0.342318
0.453397
0.476745
0.424759
0.319245
0.339570
0.417419
0.377800
0.346406
0.345356
0.405687
0.460611
0.376783
0.419487
0.331657
0.435454
0.459789
0.419119
0.478791
0.407812
0.356346
0.363259
0.461730
0.296570
0.374624
0.453008
0.416283
0.472417
0.377395
0.363027
0.425380
0.364899
0.392574
0.450215
0.389620
0.423033
0.376585
0.439313
0.353979
0.409487
0.358263
0.399792
0.351881
0.319269
0.437226
0.397249
0.360468
0.272690
0.386180
0.392154
0.312887
0.356265
0.325295
0.268999
0.373725
0.347593
0.326658
0.388114
0.425394
0.388926
0.482908
0.441355
0.376022
0.446249
0.363453
0.413188
0.352112
0.285407
0.301761
0.369467
0.484510
0.299686
0.385182
0.350763
0.293151
0.352485
0.356028
0.381631
0.363123
0.303377
0.290417
0.411586
0.370862
0.305218
0.358078
0.317575
0.375721
0.304514
0.322338
0.365005
0.388611
0.299862
0.353010
0.266668
0.418512
0.363652
0.264889
0.378869
0.352576
0.326879
0.360456
0.387259
0.283632
0.350608
0.272557
0.403426
0.331067
0.414736
0.324790
0.328751
0.259687
0.343114
0.365671
0.301773
0.373077
0.314315
0.315058
0.245655
0.398182
0.503426
0.317066
0.416762
0.369194
0.359883
0.389559
0.318637
0.278709
0.369970
0.402616
0.336543
0.337565
0.496829
0.396972
0.320257
0.370700
0.404488
0.324529
0.293417
0.232060
0.398258
0.302787
0.393493
0.383790
0.283331
0.318147
0.419506
0.378549
0.305233
0.369940
0.292363
0.384324
0.257349
0.406773
0.273528
0.306554
0.339031
0.354930
0.319373
0.365606
0.359545
0.421411
0.325797
0.358136
0.378419
0.400816
0.321672
0.383624
0.430631
0.323761
0.358137
0.289635
0.386830
0.446501
0.405763
0.338027
0.317975
0.498082
0.359754
0.305125
0.324454
0.365813
0.386775
0.310883
0.456972
0.315496
0.226743
0.311581
0.328870
0.370656
0.304355
0.301632
0.394333
0.322826
0.302259
0.311149
0.345880
0.264155
0.276904
0.256572
0.321667
0.386689
0.383601
0.363741
0.399674
0.439540
0.308410
0.362801
0.288855
0.341967
0.353821
0.304115
0.311883
0.366049
0.251802
0.438230
0.445162
0.417125
0.318072
0.379809
0.369281
0.399921
0.515232
0.368465
0.349782
0.407923
0.396010
0.314851
0.316561
0.386640
0.402677
0.412371
0.383671
0.361307
0.386494
0.322746
0.337336
0.391532
0.388957
0.380037
0.350609
0.297741
0.369775
0.350805
0.365856
0.330114
0.318604
0.350772
0.332504
0.397607
0.404529
0.372595
0.297175
0.350210
0.273510
0.376057
0.319845
0.284119
0.244067
0.405097
0.277054
0.297033
0.308994
0.319898
0.428106
0.281568
0.246334
0.296204
0.302890
0.327366
0.305924
0.279301
0.328661
0.323481
0.290166
0.362092
0.366763
0.357940
0.317012
0.296598
0.365273
0.421367
0.296360
0.262480
0.351457
0.277210
0.305637
0.312752
0.406571
0.342573
0.322908
0.346343
0.255541
0.293964
0.380853
0.303588
0.327120
0.252082
0.283278
0.261200
0.355350
0.214691
0.351396
0.312199
0.317237
0.380632
0.339807
0.260084
0.311939
0.339869
0.330104
0.350840
0.367187
0.308458
0.463527
0.247772
0.305865
0.413623
0.315535
0.325339
0.272611
0.412204
0.396990
0.275639
0.334925
0.301767
0.310381
0.377835
0.316373
0.318836
0.372472
0.392425
0.265627
0.260095
0.382566
0.385911
0.358209
0.352882
0.326881
0.289717
0.386678
0.379491
0.327975
0.306117
0.356885
0.342670
0.400417
0.262121
0.405005
0.249671
0.331169
0.332457
0.314231
0.374988
0.361299
0.373373
0.434001
0.520822
0.262702
0.316962
0.323561
0.337387
0.394335
0.362771
0.312965
0.313966
0.350822
0.288999
0.407983
0.273604
0.274854
0.276575
0.364908
0.289867
0.324454
0.294391
0.364080
0.359477
0.269842
0.324549
0.367395
0.329974
0.361564
0.434000
0.302065
0.378056
0.341083
0.354886
0.320557
0.356218
0.372651
0.237084
0.310274
0.294378
0.282625
0.336255
0.272210
0.282105
0.385055
0.363429
0.426235
0.281251
0.312978
0.248621
0.235809
0.429239
0.383848
0.358869
0.239056
0.350847
0.382149
0.286901
0.380285
0.317413
0.423740
0.232424
0.279099
0.301909
0.361112
0.324227
0.350167
0.267728
0.258632
0.296245
0.388861
0.429212
0.293352
0.234942
0.330931
0.269905
0.258199
0.338748
0.350513
0.317039
0.321533
0.292319
0.293167
0.265162
0.251575
0.244749
0.294015
0.389886
0.269974
0.299299
0.324957
0.270656
0.301610
0.341896
0.268345
0.378418
0.305615
0.274955
0.272633
0.404449
0.255839
0.315304
0.380783
0.288603
0.234954
0.378740
0.309326
0.292393
0.322100
0.350832
0.324959
0.262504
0.350356
0.297881
0.368071
0.275284
0.275451
0.306821
0.348875
0.278571
0.383405
0.284994
0.299070
0.363294
0.388984
0.332093
0.282146
0.298679
0.343761
0.350633
0.320745
0.366616
0.303855
0.438756
0.289609
0.295082
0.254309
0.286324
0.314232
0.311921
0.293631
0.292801
0.297615
0.287404
0.358918
0.399537
0.245175
0.335770
0.317266
0.298066
0.267191
0.256046
0.460799
0.246708
0.350154
0.267731
0.316011
0.271993
0.272458
0.318045
0.325191
0.232267
0.346668
0.282734
0.257686
0.273871
0.246362
0.397897
0.267995
0.324494
0.391223
0.377474
0.340932
0.321422
0.316193
0.272418
0.344521
0.225070
0.233923
0.283318
0.320246
0.237664
0.225796
0.277189
0.249309
0.263946
0.315100
0.256638
0.267938
0.242995
0.333259
0.334492
0.336701
0.297154
0.240391
0.327564
0.304208
0.240893
0.256185
0.350627
0.260144
0.336790
0.273612
0.270638
0.369569
0.388246
0.284452
0.259761
0.323840
0.310682
0.296338
0.270562
0.276006
0.336333
0.225670
0.230869
0.295229
0.275971
0.372945
0.243838
0.335932
0.245094
0.310372
0.267483
0.261934
0.320400
0.290155
0.288597
0.358709
0.411344
0.274957
0.274311
0.302801
0.307758
0.357156
0.258443
0.253814
0.254634
0.216129
0.286745
0.297176
0.259445
0.365076
0.239478
0.280393
0.266260
0.293425
0.349238
0.336384
0.335821
0.368773
0.225647
0.275586
0.316741
0.230175
0.260469
0.317018
0.259228
0.245481
0.262704
0.186351
0.334240
0.258481
0.238750
0.299041
0.330566
0.286889
0.252342
0.343405
0.296255
0.211011
0.399572
0.292300
0.317800
0.246756
0.287774
0.324363
0.279555
0.329815
0.273683
0.275105
0.229860
0.319844
0.212031
0.293427
0.245810
0.318457
0.248396
0.446851
0.311907
0.215128
0.202614
0.317750
0.339127
0.320190
0.241179
0.227568
0.237230
0.209496
0.353231
0.276016
0.350317
0.273154
0.246790
0.257596
0.330017
0.284165
0.260911
0.220300
0.287391
0.217156
0.308046
0.305653
0.259027
0.208460
0.295442
0.305893
0.298316
0.340189
0.265547
0.237593
0.287482
0.264716
0.233561
0.266486
0.343694
0.257069
0.266086
0.237440
0.255004
0.283792
0.223988
0.359929
0.228247
0.306933
0.255560
0.197217
0.294444
0.349888
0.182576
0.245687
0.384219
0.252791
0.269185
0.256958
0.269965
0.306573
0.280895
0.321470
0.270575
0.258949
0.292713
0.229010
0.355782
0.224094
0.270991
0.320623
0.216289
0.489646
0.278590
0.313284
0.339373
0.313004
0.236516
0.349611
0.394294
0.264879
0.297914
0.358885
0.329177
0.289688
0.392706
0.310477
0.201295
0.250717
0.256432
0.343689
0.329822
0.261087
0.322119
0.328760
0.288806
0.280886
0.284802
0.240541
0.276657
0.230635
0.323350
0.263660
0.303526
0.246557
0.314264
0.316677
0.295388
0.255503
0.295292
0.320919
0.279533
0.307437
0.322696
0.342847
0.264784
0.245188
0.268540
0.293450
0.307639
0.259709
0.252041
0.380959
0.335497
0.323614
0.226168
0.248551
0.278301
0.213885
0.216704
0.237965
0.253340
0.241984
0.332356
0.326247
0.205228
0.321832
0.260565
0.334152
0.317120
0.334110
0.299195
0.266307
0.271951
0.199287
0.185462
0.215656
0.255100
0.244012
0.335611
0.349005
0.204266
0.292121
0.252816
0.243123
0.245935
0.300134
0.293607
0.367822
0.242477
0.217752
0.219076
0.262813
0.227112
0.278678
0.268161
0.199833
0.335683
0.252094
0.393761
0.271733
0.288290
0.286199
0.279226
0.300429
0.327084
0.232000
0.209575
0.347134
0.283836
0.154419
0.292148
0.308253
0.227056
0.272856
0.269077
0.220274
0.255687
0.247860
0.236285
0.307262
0.228103
0.249024
0.206212
0.320047
0.283376
0.253723
0.223657
0.266823
0.271864
0.263294
0.242100
0.244456
0.277150
0.292554
0.220113
0.258317
0.293594
0.322305
0.217963
0.349870
0.344001
0.309905
0.199253
0.289850
0.208605
0.202669
0.359346
0.269264
0.263227
0.361751
0.202492
0.298535
0.346040
0.308614
0.220811
0.302665
0.283227
0.268330
0.209131
0.335358
0.218976
0.187393
0.238560
0.290505
0.252514
0.250821
0.218890
0.290378
0.220295
0.245955
0.234268
0.258312
0.328079
0.241224
0.326541
0.234672
0.239177
0.226023
0.190565
0.251206
0.249565
0.260611
0.299766
0.205621
0.400634
0.274176
0.206572
0.298334
0.206154
0.264610
0.287634
0.207060
0.284202
0.210293
0.263646
0.236437
0.234177
0.196650
0.247792
0.242845
0.298723
0.303643
0.323533
0.263595
0.310611
0.337858
0.322731
0.341300
0.269005
0.241940
0.288319
0.252432
0.292438
0.357753
0.345090
0.240311
0.285791
0.248485
0.293209
0.365346
0.293191
0.279642
0.265772
0.281929
0.294049
0.296319
0.261145
0.295935
0.244165
0.263512
0.285822
0.239242
0.270163
0.161173
0.238962
0.287305
0.222860
0.224886
0.276653
0.232212
0.221501
0.208891
0.197790
0.214107
0.288335
0.273502
0.289478
0.274504
0.248454
0.179355
0.302093
0.322086
0.265747
0.347039
0.291931
0.222420
0.227372
0.185464
0.267148
0.292591
0.198105
0.239686
0.245629
0.255845
0.234225
0.232241
0.222682
0.300017
0.220612
0.279368
0.278347
0.290380
0.247755
0.227543
0.294844
0.255673
0.184209
0.285002
0.256201
0.219975
0.257088
0.226855
0.264524
0.273396
0.214710
0.205537
0.247749
0.367059
0.266537
0.328959
0.351323
0.215890
0.225498
0.211680
0.307260
0.233536
0.324048
0.201097
0.219662
0.192126
0.246442
0.268756
0.347828
0.188517
0.306971
0.348658
0.262650
0.225096
0.198464
0.268443
0.272491
0.236244
0.212490
0.225167
0.263167
0.397953
0.193969
0.194337
0.249482
0.267865
0.191051
0.192082
0.287791
0.265999
0.253066
0.227051
0.287591
0.249384
0.211458
0.221707
0.301088
0.203554
0.218890
0.292334
0.226374
0.209046
0.239258
0.260472
0.257209
0.295216
0.304983
0.214238
0.231834
0.209119
0.339671
0.364049
0.311894
0.267453
0.237251
0.206210
0.317220
0.133665
0.189980
0.309120
0.180870
0.216237
0.266050
0.290115
0.219424
0.283328
0.254131
0.247058
0.260216
0.295812
0.286563
0.244280
0.169784
0.253973
0.219558
0.274658
0.188770
0.246826
0.251251
0.252647
0.222018
0.289293
0.203919
0.355037
0.328537
0.240810
0.286396
0.204156
0.285358
0.261464
0.193521
0.341546
0.284867
0.283274
0.337635
0.296020
0.251113
0.251910
0.270723
0.172945
0.238981
0.241140
0.222409
0.211939
0.205955
0.234960
0.295762
0.305800
0.214744
0.236939
0.262473
0.261535
0.275347
0.254419
0.227037
0.279569
0.271961
0.238290
0.264727
0.351394
0.213155
0.313304
0.200134
0.264636
0.242527
0.223530
0.256445
0.202708
0.154470
0.227135
0.222904
0.265580
0.193338
0.224121
0.168142
0.159983
0.201197
0.241652
0.174761
0.203378
0.282848
0.254300
0.252591
0.258899
0.193907
0.198953
0.213099
0.217283
0.220929
0.186057
0.238191
0.186226
0.174642
0.221254
0.288745
0.238959
0.153833
0.237373
0.162225
0.316109
0.256076
0.252572
0.199439
0.247365
0.213570
0.232662
0.264492
0.221877
0.351489
0.273585
0.250611
0.226101
0.320580
0.197441
0.129483
0.190647
0.188804
0.321500
0.309340
0.241530
0.271450
0.221374
0.212602
0.236114
0.243513
0.256509
0.173117
0.247901
0.242587
0.244905
0.344263
0.214837
0.183811
0.200351
0.228922
0.224163
0.208556
0.146364
0.275957
0.187429
0.177066
0.261826
0.250656
0.237754
0.209988
0.280371
0.231617
0.230115
0.216723
0.280992
0.176397
0.302656
0.254323
0.298569
0.152232
0.169565
0.148032
0.318200
0.203653
0.275019
0.248818
0.258595
0.291695
0.203866
0.260226
0.307533
0.248553
0.232469
0.218295
0.324202
0.161336
0.193457
0.285507
0.214492
0.195361
0.257417
0.270914
0.230181
0.243872
0.166042
0.265523
0.204754
0.285957
0.320677
0.218270
0.197651
0.246454
0.225015
0.263372
0.215410
0.277854
0.262226
0.245531
0.242483
0.144493
0.190084
0.265560
0.257465
0.189554
0.216371
0.225138
0.330288
0.236259
0.167127
0.201018
0.323340
0.307179
0.208632
0.194971
0.228563
0.181839
0.201967
0.204901
0.210759
0.164874
0.183414
0.244585
0.310410
0.235381
0.218122
0.293597
0.277821
0.239554
0.213174
0.246829
0.251357
0.149501
0.185754
0.196436
0.216656
0.244053
0.250598
0.204533
0.148085
0.234910
0.208478
0.219913
0.214080
0.229897
0.235662
0.207070
0.261936
0.202069
0.180485
0.309916
0.231114
0.202220
0.219371
0.253048
0.236014
0.215270
0.196218
0.198107
0.269815
0.291137
0.266732
0.216989
0.230206
0.215782
0.237524
0.225584
0.160496
0.180141
0.239149
0.196989
0.251675
0.254630
0.204066
0.249402
0.236965
0.178823
0.325326
0.169897
0.313927
0.237092
0.230997
0.256370
0.190050
0.140950
0.276440
0.173207
0.191928
0.267986
0.150786
0.225828
0.180596
0.212242
0.178563
0.244928
0.220354
0.216166
0.230778
0.180952
0.214676
0.223691
0.242199
0.141761
0.234150
0.237732
0.167241
0.316881
0.220310
0.155662
0.193839
0.214271
0.291002
0.241778
0.241433
0.292117
0.201698
0.155662
0.256401
0.216286
0.295941
0.204102
0.205813
0.234505
0.242456
0.210178
0.262027
0.287829
0.201893
0.248483
0.233111
0.209844
0.205966
0.251327
0.259670
0.193845
0.218778
0.279828
0.214874
0.233047
0.187855
0.210899
0.209389
0.185938
0.201124
0.174179
0.193176
0.200457
0.186553
0.247706
0.302647
0.265133
0.199087
0.187695
0.262349
0.134265
0.228549
0.283489
0.235545
0.193571
0.268393
0.134852
0.284674
0.186153
0.238868
0.218438
0.242928
0.239163
0.220191
0.214853
0.343829
0.248087
0.186664
0.256554
0.231929
0.252464
0.169910
0.199865
0.237677
0.270319
0.228086
0.210662
0.283201
0.144686
0.284165
0.156128
0.349434
0.313449
0.203718
0.231348
0.240982
0.131536
0.255811
0.273737
0.177830
0.332920
0.250453
0.218611
0.214186
0.137989
0.223442
0.226159
0.208834
0.202653
0.200318
0.226385
0.192590
0.189582
0.165530
0.227280
0.317940
0.225020
0.177062
0.270761
0.189103
0.192281
0.178331
0.141729
0.242880
0.174917
0.202831
0.191583
0.280548
0.228664
0.229001
0.230298
0.257153
0.207598
0.211579
0.190514
0.190333
0.267457
0.207527
0.206400
0.291124
0.242022
0.249293
0.173929
0.187144
0.218385
0.161405
0.212516
0.205255
0.210143
0.220419
0.172212
0.197830
0.174980
0.241462
0.203378
0.268613
0.247717
0.176670
0.174056
0.241956
0.272083
0.200138
0.199431
0.206934
0.255521
0.243331
0.263072
0.216412
0.224598
0.158798
0.211116
0.162822
0.220419
0.173941
0.233839
0.206637
0.139000
0.188120
0.142243
0.157018
0.242084
0.276439
0.238810
0.269201
0.258278
0.216521
0.237531
0.202870
0.166022
0.205932
0.302686
0.193035
0.223532
0.179933
0.217304
0.230568
0.243810
0.213605
0.193258
0.189881
0.210921
0.129195
0.228770
0.183712
0.229636
0.260050
0.163363
0.172507
0.244918
0.222857
0.185731
0.205393
0.230908
0.286816
0.199253
0.219353
0.220450
0.208640
0.198248
0.236696
0.265765
0.289907
0.185252
0.270444
0.267511
0.151513
0.227340
0.207751
0.209466
0.223094
0.219518
0.156131
0.200398
0.254520
0.169052
0.237045
0.227650
0.301093
0.177911
0.119335
0.233869
0.188396
0.361611
0.125386
0.189039
0.252375
0.196677
0.203071
0.205952
0.176268
0.158875
0.219926
0.269949
0.216862
0.230638
0.231288
0.180317
0.197597
0.237657
0.236802
0.234946
0.184660
0.128538
0.275259
0.224251
0.250313
0.261062
0.237460
0.238192
0.224928
0.164283
0.266776
0.205940
0.216987
0.201387
0.289246
0.224551
0.229988
0.190653
0.176083
0.195646
0.257529
0.191985
0.222616
0.240894
0.183908
0.265287
0.226375
0.164659
0.200216
0.188406
0.193467
0.247510
0.213096
0.190789
0.306592
0.202695
0.182592
0.201391
0.195827
0.187270
0.152019
0.220063
0.202232
0.218062
0.170401
0.164489
0.188570
0.154478
0.246084
0.210006
0.226778
0.190381
0.202723
0.288958
0.230798
0.277938
0.158600
0.109602
0.148414
0.175010
0.255194
0.232865
0.219440
0.217959
0.249496
0.215525
0.216807
0.123798
0.207629
0.184120
0.165252
0.180082
0.189058
0.241299
0.211260
0.242037
0.234772
0.248579
0.205904
0.229446
0.269531
0.186485
0.193576
0.257711
0.195771
0.139186
0.211280
0.213601
0.206245
0.214216
0.185706
0.188207
0.214385
0.194090
0.217110
0.262250
0.246096
0.186235
0.253414
0.185273
0.184423
0.230467
0.203272
0.206068
0.171191
0.239839
0.220630
0.162015
0.227500
0.168255
0.207150
0.231155
0.178441
0.162919
0.240291
0.209277
0.169813
0.197551
0.312587
0.221031
0.170702
0.188692
0.229449
0.233062
0.208325
0.243092
0.170667
0.137545
0.198691
0.202282
0.222871
0.246490
0.208990
0.237069
0.195958
0.237749
0.194604
0.201669
0.188883
0.221556
0.168203
0.202684
0.206549
0.222892
0.162871
0.191966
0.195407
0.261033
0.177002
0.137743
0.166548
0.158610
0.295940
0.200880
0.182995
0.196775
0.145300
0.283793
0.210995
0.200933
0.169329
0.197405
0.193968
0.164018
0.251411
0.210500
0.162412
0.225576
0.161250
0.156145
0.179146
0.154026
0.182113
0.220295
0.193218
0.230246
0.218305
0.230946
0.212541
0.183776
0.133767
0.170092
0.183370
0.295322
0.223597
0.296665
0.236597
0.150755
0.184866
0.183555
0.172173
0.188160
0.185044
0.218887
0.129619
0.225900
0.208267
0.254981
0.243642
0.231330
0.159473
0.236248
0.206283
0.216262
0.218406
0.224765
0.132504
0.220624
0.183025
0.226444
0.242312
0.124081
0.216197
0.151241
0.225441
0.216816
0.192028
0.201846
0.234101
0.193507
0.295323
0.138340
0.187851
0.157333
0.272163
0.190416
0.154031
0.295879
0.193091
0.226551
0.192303
0.239313
0.234547
0.145666
0.243917
0.171567
0.170660
0.189838
0.208360
0.208978
0.199943
0.205648
0.196174
0.199135
0.182982
0.219917
0.202946
0.153535
0.178496
0.204917
0.203468
0.194481
0.180731
0.169734
0.198522
0.229102
0.198809
0.262082
0.196616
0.251236
0.191528
0.188821
0.128255
0.203217
0.180524
0.194521
0.148192
0.198036
0.233542
0.188643
0.117606
0.291977
0.203928
0.250623
0.199637
0.225432
0.141966
0.205177
0.189155
0.167308
0.151247
0.159872
0.184790
0.277368
0.181175
0.223407
0.200880
0.183641
0.237215
0.131391
0.173718
0.140508
0.190732
0.155485
0.188531
0.259664
0.217479
0.242194
0.223870
0.216643
0.206706
0.214722
0.236783
0.113222
0.160883
0.176759
0.208872
0.192693
0.229664
0.123939
0.228491
0.199389
0.152967
0.198345
0.274119
0.223567
0.199900
0.244814
0.163039
0.154463
0.285801
0.139365
0.203605
0.155510
0.134178
0.111520
0.161499
0.225983
0.218658
0.212833
0.181404
0.137766
0.241459
0.175008
0.156820
0.252776
0.115187
0.196054
0.141075
0.215702
0.199179
0.155787
0.212112
0.189515
0.186373
0.250544
0.241328
0.192452
0.193842
0.208168
0.208634
0.239189
0.260909
0.227535
0.255861
0.202610
0.168841
0.196359
0.188370
0.256299
0.211782
0.218013
0.274673
0.211086
0.146476
0.159535
0.223953
0.247916
0.266946
0.195790
0.272709
0.229900
0.177940
0.195884
0.221538
0.171266
0.188596
0.232445
0.232026
0.199063
0.165934
0.129703
0.225273
0.181971
0.153255
0.133383
0.281219
0.175670
0.215914
0.227546
0.139457
0.225237
0.152961
0.293795
0.144228
0.120453
0.150738
0.200459
0.222957
0.137613
0.121938
0.224844
0.177205
0.214650
0.216014
0.182997
0.168496
0.288502
0.123158
0.231145
0.166360
0.131761
0.190274
0.183697
0.248110
0.101681
0.204323
0.237566
0.168165
0.149307
0.263841
0.192147
0.125305
0.176075
0.209475
0.202893
0.179096
0.211963
0.195535
0.184625
0.253724
0.189193
0.161739
0.158193
0.197062
0.209741
0.240916
0.163925
0.188421
0.278431
0.174984
0.209178
0.133929
0.269071
0.128111
0.176474
0.256657
0.151270
0.117845
0.196816
0.196889
0.192657
0.199079
0.220097
0.174853
0.230741
0.165273
0.237953
0.274623
0.185944
0.219969
0.183965
0.164562
0.206101
0.233346
0.179997
0.166589
0.229795
0.199919
0.215463
0.208207
0.229789
0.175317
0.198268
0.197557
0.184596
0.188191
0.202188
0.248118
0.188476
0.188429
0.218065
0.199640
0.155792
0.140783
0.189527
0.138796
0.151820
0.199469
0.182436
0.273475
0.190882
0.159263
0.248690
0.181782
0.167533
0.184225
0.237068
0.146919
0.185430
0.181824
0.202196
0.166060
0.212027
0.228208
0.214941
0.214049
0.156930
0.224969
0.187379
0.228049
0.163917
0.206794
0.156477
0.179307
0.243670
0.244068
0.169374
0.192360
0.150175
0.193957
0.232992
0.198262
0.205116
0.216526
0.189426
0.167852
0.159848
0.260390
0.199692
0.170666
0.143559
0.225976
0.212067
0.316596
0.166192
0.147837
0.111748
0.180260
0.207071
0.151628
0.157132
0.193217
0.280238
0.190409
0.182262
0.251711
0.210564
0.180703
0.258309
0.195892
0.123954
0.182140
0.144493
0.251568
0.261260
0.136293
0.264414
0.197408
0.220971
0.201819
0.145715
0.155106
0.173812
0.141644
0.187340
0.265800
0.139106
0.187913
0.194074
0.185508
0.128676
0.142512
0.150972
0.290490
0.207774
0.114514
0.194356
0.287185
0.217620
0.145537
0.261236
0.186032
0.163984
0.190848
0.224590
0.179476
0.224715
0.148852
0.255338
0.178799
0.234691
0.187872
0.136057
0.173442
0.166187
0.198362
0.187688
0.170612
0.113112
0.183982
0.166790
0.146531
0.200600
0.163586
0.160334
0.148717
0.176061
0.213159
0.211683
0.284123
0.225281
0.231708
0.271260
0.209209
0.217516
0.244413
0.216560
0.126167
0.269862
0.150447
0.124480
0.209453
0.176800
0.182414
0.186359
0.164144
0.248446
0.209089
0.177199
0.141131
0.260756
0.238258
0.196645
0.190544
0.185293
0.218962
0.222789
0.206071
0.166374
0.219132
0.181386
0.139187
0.178804
0.216996
0.185414
0.191038
0.249579
0.156495
0.225814
0.165169
0.166454
0.249140
0.195549
0.274543
0.149201
0.134569
0.206879
0.173519
0.210737
0.194293
0.188810
0.166722
0.140524
0.231061
0.227248
0.227364
0.202938
0.206520
0.206660
0.162236
0.168479
0.262157
0.238909
0.152148
0.101760
0.186133
0.123464
0.219998
0.214259
0.195880
0.146067
0.133069
0.162911
0.156715
0.225986
0.173578
0.241565
0.203319
0.193734
0.158393
0.162040
0.202573
0.216577
0.216085
0.266216
0.130122
0.229221
0.142593
0.159137
0.145064
0.149325
0.173401
0.192943
0.204409
0.179669
0.185389
0.200591
0.194374
0.225710
0.178790
0.203844
0.191314
0.200308
0.187167
0.216782
0.178573
0.306477
0.149225
0.208132
0.178922
0.235668
0.174898
0.187598
0.214131
0.191570
