4.830384
4.860644
4.829055
4.758300
4.915210
4.797209
4.748765
4.631288
4.927658
4.754346
4.682610
4.669252
4.818799
4.658986
4.652660
4.597990
4.759743
4.734006
4.660433
4.568769
4.507158
4.664155
4.649004
4.655801
4.506080
4.536784
4.610239
4.581195
4.512056
4.548429
4.653537
4.597736
4.673359
4.549156
4.585707
4.517245
4.458498
4.481232
4.368431
4.354242
4.579924
4.622426
4.517752
4.523861
4.461201
4.440980
4.403330
4.488902
4.544468
4.534231
4.365154
4.345594
4.339506
4.461512
4.474919
4.437992
4.513022
4.420151
4.462790
4.270254
4.428132
4.527230
4.561902
4.495351
4.511039
4.435555
4.378827
4.437934
4.457543
4.292625
4.332897
4.310476
4.237681
4.397609
4.265702
4.283312
4.202492
4.385896
4.330978
4.394950
4.214510
4.435406
4.306182
4.332364
4.462969
4.233131
4.224833
4.297782
4.486418
4.286002
4.265924
4.347876
4.281600
4.206177
4.277044
4.257330
4.091910
4.227740
4.181831
4.104433
4.263988
4.141289
4.230610
4.231698
4.107663
4.293002
4.214406
4.254561
4.274622
4.302415
4.100294
4.180640
4.143554
3.982703
4.134250
4.111940
4.252602
4.289503
4.107119
4.033002
3.966781
4.349410
4.319974
4.268557
4.160372
4.052196
4.234560
4.138184
4.218863
4.128387
4.273787
4.187016
4.087853
4.028401
3.968669
3.964711
3.953533
4.088373
4.041348
4.227052
4.267772
4.255465
4.147683
3.996720
4.014175
4.167074
4.270948
4.179525
4.020993
4.101800
3.996846
4.184896
4.074468
4.105406
4.035310
4.248166
4.003510
3.926209
3.999341
4.101778
4.157296
3.977314
4.067138
4.150907
3.985103
4.068983
4.002841
3.994474
4.040097
3.910978
4.286719
4.121840
3.951018
3.992885
3.927047
3.988277
4.013597
3.873369
3.941959
4.111721
4.141593
4.144504
4.057520
3.917528
3.871676
3.690255
3.921053
4.139819
4.011915
4.037286
3.951122
3.960339
3.962966
3.879868
3.822386
3.909875
3.950415
3.952737
3.859125
3.879243
3.974012
3.905242
3.887578
4.002611
3.923570
4.045214
3.883665
3.874051
3.877799
3.989521
3.989974
3.904078
3.715632
3.860737
3.862255
4.062516
3.805542
3.927314
3.842769
3.838206
3.780796
3.811289
3.777364
3.980108
4.221817
4.168221
3.989587
3.787731
3.818696
3.782201
3.765310
3.953992
3.775811
3.850418
3.883155
3.914521
3.801997
3.899137
3.626357
3.669781
3.890210
3.805624
3.771159
3.714331
3.825221
3.887231
3.847706
3.716834
3.856974
3.818417
3.627157
3.854059
3.869460
3.753852
3.794115
3.808908
3.708631
3.859588
3.960006
3.837111
3.722698
3.696448
3.767643
3.638544
3.765516
4.036068
3.768296
4.007235
3.701515
3.714976
3.768047
3.606007
3.536600
3.940661
3.812973
3.859977
3.734952
3.730758
3.754255
3.764868
3.737239
3.566231
3.658069
3.687961
3.645936
3.800951
3.845280
3.779985
3.753588
3.900250
3.776787
3.653048
3.773398
3.756476
3.717580
3.764006
3.573173
3.600967
3.719970
3.700305
3.825874
3.727817
3.638452
3.682588
3.613632
3.676097
3.644557
3.722224
3.799809
3.592867
3.634966
3.749692
3.863162
3.682575
3.448724
3.656924
3.403624
3.616480
3.801433
3.526092
3.442031
3.670680
3.663538
3.678430
3.538903
3.470660
3.732205
3.509469
3.561978
3.471733
3.739722
3.674207
3.659856
3.700669
3.504872
3.632535
3.511669
3.493360
3.635149
3.521245
3.529616
3.539163
3.375039
3.621676
3.692877
3.591585
3.610815
3.417993
3.537095
3.537139
3.667239
3.426222
3.677317
3.484647
3.628640
3.538249
3.500211
3.375367
3.439672
3.489352
3.504246
3.479485
3.459140
3.613404
3.512432
3.577813
3.418678
3.605994
3.606524
3.414539
3.484555
3.483063
3.499459
3.447971
3.670559
3.558179
3.236028
3.467118
3.404428
3.399325
3.551302
3.525388
3.349539
3.349726
3.301485
3.480515
3.248628
3.464684
3.455172
3.303535
3.368267
3.314307
3.487161
3.445666
3.516301
3.373807
3.374288
3.257380
3.435186
3.538490
3.374759
3.457006
3.373597
3.326108
3.364346
3.453607
3.591442
3.453188
3.234324
3.281116
3.305734
3.447430
3.465504
3.302741
3.121747
3.230921
3.425226
3.318645
3.479364
3.377735
3.396321
3.367296
3.220558
3.170691
3.373097
3.430330
3.346671
3.217327
3.327499
3.343213
3.688040
3.202236
3.367636
3.355603
3.353456
3.227477
3.453080
3.458282
3.363517
3.463402
3.207702
3.132357
3.305264
3.277252
3.273552
3.408268
3.381257
3.376585
3.392258
3.296505
3.412967
3.319226
3.245284
3.304801
3.165212
3.361354
3.169741
3.501896
3.396780
3.178439
3.306842
3.276114
3.216942
3.222890
3.215105
3.275043
3.370466
3.428320
3.346650
3.442247
3.249584
3.214595
3.050380
3.197668
3.326262
3.242508
3.364748
3.376051
3.390933
3.266103
3.073729
3.124363
3.139767
3.497495
3.252893
3.289089
3.467883
3.096113
3.191039
3.211626
3.165290
3.183354
3.073268
3.387628
3.219851
3.286503
3.224114
3.236800
3.294613
3.324718
3.196386
3.336289
3.182881
3.387166
3.340259
3.248889
3.075748
3.126434
3.046832
3.236177
3.208721
3.454992
3.184953
3.318267
3.169659
3.131163
3.009481
3.154468
3.207529
3.068163
3.329058
3.179296
3.118326
3.306377
3.178224
3.109489
2.873725
3.218174
3.105772
3.261446
3.069721
3.189806
3.180163
3.130614
3.123765
3.118627
3.129522
2.964229
3.314065
3.226607
3.068826
3.268083
2.898914
3.000442
2.919530
3.227889
3.220876
3.068625
3.187456
3.233512
3.215769
2.976346
3.342371
2.967357
2.993405
3.237784
3.163076
3.111677
3.022845
3.105247
2.900692
3.351380
2.960664
3.023124
3.107316
3.050414
3.238016
3.238888
2.959368
2.985212
3.241692
2.960092
3.054093
2.966665
3.174983
3.118236
3.116514
3.096854
2.952170
3.044900
3.012122
3.102979
3.349772
3.127373
3.001175
3.018205
3.018418
2.902526
3.176305
2.854940
3.242119
3.023730
2.930840
2.930129
3.023812
2.929610
3.003266
2.981430
2.849687
2.977645
2.905669
3.050260
3.014051
3.041755
3.093071
3.062150
2.873141
2.897245
2.996720
2.969949
3.060546
3.259366
3.017834
3.089862
3.187651
3.181050
2.990710
2.965586
3.079328
2.925559
2.927756
2.964867
3.010616
2.812526
2.936579
2.851828
2.742009
2.796491
2.703750
2.810720
3.273261
3.084946
3.078105
2.863555
2.958359
3.116212
2.867672
2.959985
2.917713
2.961305
2.787099
2.935110
2.888791
2.956313
2.965523
2.922482
2.855249
2.741673
2.924767
3.027318
3.061769
2.779999
2.838010
2.867821
2.995080
3.141550
2.826351
2.837840
2.979522
2.976284
2.898979
2.857756
2.861537
2.867871
2.848954
3.043747
2.742139
2.894531
2.960656
2.826492
2.828397
2.752662
2.814329
2.978860
3.039376
2.778384
2.789430
2.866998
2.960294
2.992584
2.929845
2.961617
2.993773
2.822925
2.869987
2.728724
2.930291
2.901098
2.874822
2.823765
2.970570
2.965382
2.895075
2.829487
2.696475
3.096967
3.226418
2.937666
2.915667
2.826717
3.005516
2.759595
2.744586
2.971668
2.895739
2.853092
3.081476
3.011487
2.684422
2.631595
2.706425
2.763477
3.035492
2.737456
2.727085
2.770519
2.866965
2.968976
2.841061
2.755807
2.758091
2.796343
2.802914
2.650139
2.774392
2.720852
2.718070
2.813920
2.776275
2.569796
2.789488
2.853567
2.725808
2.740784
2.907280
2.809380
2.824971
2.977631
2.828467
2.745886
2.739172
2.718077
2.912038
2.658509
2.812336
2.818208
2.790759
2.652453
2.776310
2.648226
2.668248
2.735415
2.790611
2.656738
2.761042
2.840391
2.795846
3.033511
2.733800
2.622624
2.678082
2.785936
2.798634
2.712581
2.788341
2.678977
2.753318
2.780898
2.583904
2.544489
2.633080
2.729605
2.848131
2.694350
2.713088
2.673995
2.693124
2.810584
2.637383
2.802553
2.773632
2.828987
2.695539
2.883960
2.831968
2.634866
2.480988
2.605311
2.696600
2.692888
2.804258
2.928773
2.719461
2.603007
2.606867
2.681516
2.760829
2.985088
2.601404
2.862849
2.579117
2.840743
2.714053
2.675086
2.838964
2.663369
2.608318
2.607358
2.538684
2.680298
2.704783
2.811533
2.848427
2.695074
2.547653
2.575035
2.656138
2.673418
2.438274
2.668768
2.721495
2.843699
2.871850
2.906879
2.750388
2.473277
2.457418
2.466434
2.771872
2.629292
2.546537
2.588423
2.758168
2.522820
2.527679
2.718839
2.479569
2.623243
2.579808
2.842448
2.614098
2.578278
2.632229
2.500687
2.550705
2.919839
2.490544
2.501624
2.858848
2.553415
2.649023
2.811560
2.675798
2.503696
2.600791
2.655872
2.649722
2.723619
2.591739
2.696316
2.662009
2.689828
2.494324
2.620805
2.639201
2.761294
2.671498
2.805692
2.731469
2.512861
2.734383
2.405238
2.604997
2.467198
2.638700
2.507679
2.614646
2.607343
2.779882
2.738458
2.615181
2.459153
2.680857
2.612489
2.696462
2.531985
2.580683
2.679753
2.459342
2.444413
2.508756
2.596948
2.498302
2.643081
2.522661
2.575827
2.517221
2.428039
2.554190
2.576974
2.573462
2.455786
2.485141
2.384342
2.715453
2.467018
2.507864
2.532129
2.530074
2.461892
2.476651
2.585028
2.562904
2.352991
2.498542
2.516273
2.635372
2.599922
2.722519
2.566801
2.458019
2.749856
2.701546
2.498092
2.334028
2.593719
2.384559
2.390068
2.457504
2.395326
2.638417
2.566160
2.447403
2.409451
2.475117
2.376221
2.736117
2.525837
2.386571
2.501530
2.624760
2.585688
2.553998
2.432365
2.484915
2.503974
2.454797
2.299286
2.553632
2.561274
2.437896
2.368401
2.306646
2.613742
2.549071
2.462829
2.616965
2.404358
2.321524
2.410614
2.438974
2.407096
2.317324
2.530118
2.635087
2.688634
2.490507
2.435793
2.318675
2.530528
2.559800
2.419778
2.358610
2.403575
2.338181
2.750918
2.546844
2.614787
2.492720
2.377018
2.342999
2.543921
2.347204
2.587352
2.453885
2.338440
2.521938
2.373322
2.407528
2.366937
2.579686
2.387262
2.351531
2.483179
2.345074
2.360770
2.360607
2.282208
2.411718
2.578391
2.453549
2.497080
2.474454
2.365569
2.386296
2.671237
2.554095
2.375864
2.456599
2.504096
2.427617
2.378740
2.286635
2.474703
2.379506
2.318880
2.481180
2.401418
2.479926
2.407049
2.484105
2.484339
2.338193
2.511007
2.392832
2.396987
2.513160
2.377070
2.429461
2.405700
2.384557
2.321160
2.370563
2.180248
2.421418
2.581314
2.458198
2.419854
2.303551
2.249134
2.429790
2.245233
2.426865
2.294913
2.325179
2.448843
2.373470
2.295114
2.347070
2.285913
2.505440
2.593697
2.487802
2.233255
2.297689
2.359248
2.435721
2.396265
2.318995
2.277257
2.316595
2.276179
2.403778
2.327612
2.425627
2.430110
2.325291
2.360413
2.427296
2.322609
2.324984
2.344536
2.164778
2.599989
2.334558
2.295300
2.221505
2.239302
2.299370
2.145836
2.523979
2.271790
2.275370
2.110868
2.369546
2.346641
2.195234
2.163507
2.324959
2.255027
2.227849
2.513553
2.324293
2.147670
2.286634
2.136304
2.291736
2.127763
2.348848
2.276955
2.369874
2.332004
2.331352
2.297359
2.257784
2.465429
2.292647
2.188503
2.297042
2.210846
2.219546
2.242031
2.542384
2.374328
2.212240
2.446091
2.199966
2.304802
2.294497
2.460154
2.430889
2.246261
2.228846
2.400454
2.177020
2.340317
2.268448
2.148647
2.261063
2.280210
2.348670
2.285050
2.331849
2.485824
2.300716
2.337835
2.315099
2.368639
2.277341
2.165226
2.126632
2.094752
2.335739
2.414358
2.184361
2.147408
2.448379
2.270541
2.050311
2.196534
2.196730
2.236459
2.540473
2.073095
2.191530
2.163144
2.229133
2.098582
2.240251
2.132241
2.186126
2.147930
2.176649
2.278164
2.044961
2.272976
2.069589
2.199823
2.179206
2.186160
2.239387
2.325150
2.311623
2.278966
2.151379
2.232892
2.486087
2.278904
2.277903
2.262379
2.138341
2.060961
2.216819
2.056382
2.228313
2.248430
2.226947
2.134474
2.276926
2.207337
2.113892
2.115213
2.258501
2.234241
2.324192
2.116065
2.267168
2.317053
2.312638
2.190215
2.127057
2.130399
2.120564
2.165123
2.310342
2.454118
2.137023
2.211409
2.195329
2.029101
1.859346
2.206285
2.100150
2.312666
2.155531
2.000347
1.947170
2.032646
2.166976
2.083196
2.255703
2.325331
2.175323
2.319207
2.247372
2.194074
2.205309
2.198525
2.064518
2.066102
2.169483
1.944345
2.188661
2.039508
2.087151
2.142812
2.337649
2.216136
2.224875
2.160779
2.102651
2.154397
2.173886
2.041875
1.973122
2.329695
2.115320
2.131366
2.230170
2.114897
2.154849
2.074447
2.032941
2.242332
2.168185
2.121202
2.006679
2.025235
2.171771
2.024104
2.072471
1.962711
1.874344
2.111944
2.148818
2.094095
2.145478
2.133207
2.116415
2.140646
1.981022
2.159413
2.103732
2.147189
2.274107
2.130441
2.166311
2.253482
1.918888
2.082009
2.120875
2.139861
2.067884
1.906237
2.127708
2.294661
2.115801
2.349272
2.245867
2.018347
2.098727
2.239596
2.134761
2.107669
2.008682
2.121697
2.104447
1.940203
1.960925
2.155728
2.121054
2.091418
2.111161
2.149256
2.225631
2.246836
2.026701
2.011582
2.031733
1.977637
2.098907
2.104597
2.026501
2.035437
1.943798
2.144305
1.992242
2.227015
2.106396
2.042006
2.271799
2.027796
2.051713
1.981136
2.125525
2.081465
2.271070
2.020528
2.034020
2.004214
2.195441
2.215652
2.076994
2.083244
1.972672
1.936653
2.154630
1.972848
2.047569
2.207827
2.117640
2.050540
2.090856
2.080194
2.049071
2.098864
2.249044
2.084061
2.085917
1.887684
1.961111
2.056685
1.973694
2.051787
2.060276
2.128930
2.095594
2.126104
1.993501
2.074959
2.218015
1.911222
2.022108
2.096296
2.100942
2.007532
2.384837
2.017883
1.963188
2.155681
2.010029
1.917304
1.907902
2.033768
2.021306
1.844287
2.070230
2.056696
2.081921
1.856052
1.955002
1.932708
2.228004
2.046406
2.046836
1.873339
2.036902
2.222598
2.032441
1.936419
2.078177
1.991944
2.082000
2.053370
2.027097
2.023322
2.203032
2.107307
1.942697
2.051402
2.210151
2.082155
1.976722
1.953073
2.177460
2.134410
1.933446
1.927202
1.990733
2.023527
1.941268
1.949172
2.113282
1.919151
1.964843
2.045719
2.023500
1.979681
1.930356
1.824973
1.884748
1.986590
1.950217
2.049857
2.075746
2.148762
1.988271
1.982875
1.907348
2.075819
1.903294
1.933956
1.940849
1.975486
2.097072
1.902377
1.959076
1.924557
1.787168
2.029626
1.891050
1.988687
1.914968
1.931000
1.834615
1.828611
2.129707
1.948601
1.917137
2.022086
2.058839
1.909536
2.055300
1.971888
2.081865
2.084528
1.820922
1.971529
1.901767
1.758717
1.817718
1.800972
2.175028
1.953925
1.783610
1.927025
1.998617
1.897390
2.079452
2.084855
1.988620
1.896304
2.017254
2.096607
1.981517
1.917847
1.932840
1.866188
1.838644
1.803350
1.824835
1.851731
2.077099
1.862067
2.169418
2.025874
1.856390
1.785867
2.024987
1.790238
1.882685
1.868630
1.818300
1.727835
2.058190
1.826079
1.768516
1.954085
2.053511
1.961469
1.932646
2.040589
1.882877
1.987963
1.960342
1.880133
1.931458
1.805840
1.750460
1.973710
1.783847
1.811231
1.883392
1.957606
1.901543
1.917866
1.878670
1.903636
1.780905
1.888102
1.868263
1.936170
1.828268
2.067686
2.014902
1.896645
1.926690
1.886882
1.763630
1.802835
1.869595
1.851389
1.891481
1.970068
2.061321
1.933041
2.010952
1.897269
1.791016
1.785546
1.802114
1.829774
1.845926
1.707551
1.853417
1.770942
1.923209
1.884184
2.071269
1.986001
1.998675
1.885569
2.036195
2.190087
1.924259
1.827277
1.867075
1.840240
1.822944
1.823665
1.874905
1.872237
1.852048
1.909169
1.861809
1.862405
1.713615
1.847596
1.912163
2.123446
1.846598
1.871814
1.864666
1.987239
1.829209
2.002990
1.797027
1.814597
1.759122
1.908018
1.880672
2.004838
1.856134
1.753250
1.846631
1.770821
1.811925
2.129667
1.946029
1.947322
1.798049
1.733784
1.825176
1.839362
1.992630
1.854168
1.891634
1.896746
1.672340
1.865545
1.724402
1.825156
1.859833
1.851341
1.770742
1.880391
1.871238
1.997565
1.875923
1.795375
1.760430
1.870398
1.828111
1.748121
1.923251
1.767641
1.600029
1.882001
1.859516
1.833185
1.846303
1.764702
1.666886
1.705866
1.717191
1.814972
1.890007
1.787438
2.068999
1.990899
2.191419
1.690342
1.835914
1.837282
1.645765
1.939949
1.890268
2.044707
1.799443
1.980732
1.840272
1.846393
1.849291
1.905269
1.671379
1.781439
1.910958
1.970771
1.860835
1.796878
1.880046
1.894234
1.766041
1.803619
1.627806
1.572729
1.805649
1.893196
1.989088
1.935833
1.743374
1.691340
1.758314
1.898746
1.761497
1.835725
1.902389
1.787791
1.714331
2.052847
1.750138
1.710892
1.781220
1.895089
1.966032
1.894372
1.777855
1.690902
1.672909
1.914680
1.826174
1.620828
1.775327
1.762608
1.713415
1.733913
1.800484
1.625828
1.824814
1.781018
1.843888
1.832938
1.763339
1.835060
1.887527
1.820529
1.696867
1.774121
1.991428
1.695564
1.852094
1.786215
1.585537
1.716150
1.767974
1.675006
1.681707
1.768644
1.571326
1.825103
1.892698
1.891651
1.682111
1.671564
1.694434
1.765167
1.731851
1.665578
1.912561
1.736424
1.802809
1.761940
1.793384
1.874791
1.735135
1.641709
1.767023
1.822492
1.711467
1.832405
1.715610
1.730139
1.768880
1.729748
1.744704
1.736910
1.799887
1.773530
1.770184
1.762802
1.707527
1.926315
1.656504
1.833834
1.748316
1.792417
1.693305
1.732441
1.691197
1.827334
1.752067
1.745371
1.736535
1.704596
1.760700
1.888396
1.725320
1.765263
1.675135
1.870009
1.909643
1.789719
1.705859
1.581316
1.649824
1.718119
1.855344
1.892962
1.695621
1.786702
1.666864
1.619155
1.569741
1.629246
2.000845
1.592580
1.677105
1.672134
1.968376
1.785291
1.727784
1.699212
1.657996
1.777646
1.765009
1.674765
1.694054
1.634111
1.729794
1.696897
1.794229
1.678819
1.682733
1.556309
1.652574
1.640050
1.753670
1.743811
1.714380
1.723325
1.725600
1.644556
1.563839
1.490876
1.661669
1.698994
1.618259
1.573594
1.586309
1.743248
1.722918
1.640811
1.583965
1.632123
1.577460
1.764957
1.648129
1.717871
1.742348
1.845907
1.863730
1.609922
1.653995
1.504648
1.694814
1.875772
1.594332
1.559255
1.646822
1.639520
1.675312
1.662239
1.801623
1.487713
1.637134
1.854535
1.604913
1.677721
2.012691
1.756687
1.564958
1.719064
1.732647
1.606012
1.557792
1.593132
1.740463
1.658086
1.730208
1.678087
1.644247
1.825424
1.496414
1.619582
1.576660
1.649843
1.777980
1.740038
1.756827
1.709962
1.646127
1.633372
1.734793
1.802000
1.837292
1.576083
1.807488
1.708251
1.727668
1.625090
1.646814
1.725623
1.590509
1.626472
1.531855
1.603533
1.688949
1.638313
1.544543
1.482515
1.573115
1.449176
1.593866
1.671350
1.695154
1.530972
1.779159
1.690233
1.837173
1.544731
1.788729
1.552259
1.485309
1.627206
1.694327
1.859340
1.788572
1.668039
1.619646
1.759836
1.806675
1.725372
1.531230
1.679935
1.537169
1.590551
1.489272
1.612760
1.616611
1.604459
1.470153
1.761627
1.662110
1.555432
1.468235
1.681455
1.548208
1.708453
1.574624
1.689898
1.655325
1.455977
1.554492
1.739963
1.680530
1.608119
1.592683
1.617765
1.633818
1.621344
1.785368
1.855614
1.664829
1.541334
1.637144
1.688425
1.531581
1.555656
1.572939
1.615949
1.673062
1.619993
1.602323
1.589172
1.614197
1.509707
1.467629
1.601398
1.654311
1.651393
1.798992
1.658489
1.610540
1.702928
1.686382
1.604761
1.666665
1.536399
1.743425
1.562218
1.707870
1.491536
1.496002
1.590676
1.612532
1.597549
1.676785
1.479642
1.567397
1.643003
1.642783
1.569124
1.516294
1.715872
1.572063
1.653461
1.629805
1.648313
1.572029
1.501944
1.623595
1.596525
1.608783
1.608624
1.622304
1.487258
1.730324
1.534371
1.571333
1.484726
1.509324
1.666276
1.632990
1.837484
1.611597
1.633918
1.560578
1.734407
1.462184
1.584334
1.629390
1.568506
1.667602
1.458941
1.526847
1.674443
1.572263
1.716907
1.688957
1.467723
1.638081
1.614622
1.416749
1.515676
1.400657
1.441480
1.604612
1.475763
1.467730
1.660998
1.526688
1.476520
1.800068
1.544741
1.725244
1.558917
1.615012
1.520998
1.575437
1.538557
1.617468
1.454229
1.547019
1.497632
1.613628
1.596825
1.509399
1.715903
1.570702
1.813589
1.826077
1.478389
1.394007
1.507987
1.581411
1.542536
1.573405
1.550743
1.530362
1.614291
1.544650
1.561337
1.611883
1.525628
1.512664
1.407786
1.607148
1.649971
1.530310
1.759688
1.630239
1.653312
1.500120
1.557870
1.620245
1.549367
1.521225
1.576334
1.481014
1.645954
1.490829
1.648644
1.420576
1.616311
1.558728
1.484636
1.535813
1.502839
1.719322
1.597971
1.549478
1.502646
1.522809
1.428193
1.572066
1.452105
1.593583
1.480605
1.643275
1.682824
1.591854
1.534161
1.471301
1.345278
1.630465
1.481799
1.566381
1.294236
1.697614
1.571559
1.674759
1.676046
1.446129
1.487208
1.550237
1.292689
1.455023
1.541972
1.538474
1.440698
1.457823
1.549701
1.637005
1.420089
1.439447
1.623256
1.501015
1.522754
1.479393
1.442817
1.500740
1.450072
1.431504
1.462168
1.419492
1.555558
1.587078
1.360803
1.493205
1.446929
1.434259
1.508101
1.678104
1.526861
1.671270
1.541479
1.465901
1.525248
1.585464
1.606916
1.476573
1.394854
1.388849
1.390460
1.448638
1.495770
1.448860
1.645511
1.617696
1.591580
1.364149
1.396054
1.407395
1.521398
1.594530
1.362406
1.368086
1.541878
1.371946
1.436519
1.559647
1.385678
1.505379
1.490603
1.397250
1.469278
1.389395
1.588468
1.608069
1.481933
1.528855
1.631000
1.527199
1.561343
1.696129
1.600244
1.560687
1.520520
1.446791
1.428268
1.441335
1.487721
1.351148
1.545736
1.262019
1.383722
1.368132
1.510145
1.637509
1.483449
1.565191
1.442576
1.413139
1.415222
1.417905
1.572288
1.491973
1.471541
1.466522
1.442914
1.345527
1.626969
1.371912
1.434823
1.506056
1.430653
1.479086
1.707881
1.472088
1.507642
1.541634
1.517923
1.420308
1.406995
1.377775
1.465651
1.574750
1.525514
1.655715
1.440114
1.400726
1.405126
1.458890
1.525987
1.381785
1.407090
1.344082
1.352272
1.301629
1.275357
1.448987
1.369726
1.499262
1.444560
1.578361
1.673950
1.673934
1.496297
1.438309
1.541788
1.474619
1.473244
1.366325
1.362432
1.386091
1.378319
1.350813
1.345376
1.454042
1.490541
1.577280
1.605494
1.390947
1.511325
1.317789
1.495628
1.371302
1.422936
1.372272
1.434891
1.528903
1.652741
1.665841
1.450563
1.280212
1.326959
1.438739
1.278191
1.454101
1.419277
1.579357
1.454622
1.378079
1.436553
1.545174
1.426888
1.379722
1.416281
1.298235
1.382526
1.427580
1.291191
1.441328
1.541629
1.385407
1.472091
1.490887
1.473157
1.408726
1.548078
1.579976
1.283758
1.361314
1.353183
1.355928
1.603905
1.456683
1.498339
1.488974
1.326801
1.332888
1.481526
1.458180
1.396937
1.572761
1.419065
1.361844
1.323480
1.448913
1.406412
1.700335
1.481733
1.504970
1.581339
1.400517
1.598616
1.527745
1.398108
1.467988
1.386061
1.583885
1.468475
1.419845
1.472965
1.434939
1.545692
1.396242
1.419629
1.397229
1.247074
1.403842
1.384965
1.363321
1.435791
1.475083
1.433438
1.366075
1.541265
1.517281
1.404038
1.407660
1.665335
1.395075
1.193993
1.280268
1.503721
1.562508
1.483506
1.553765
1.454471
1.379820
1.417037
1.478168
1.397249
1.476742
1.456425
1.328462
1.491572
1.444790
1.379073
1.375559
1.307168
1.235861
1.383531
1.409170
1.362229
1.500767
1.455599
1.480652
1.363726
1.409505
1.354614
1.508938
1.207910
1.359854
1.488016
1.294879
1.387842
1.500644
1.371427
1.238691
1.378010
1.326341
1.235722
1.335034
1.569007
1.408494
1.339050
1.334275
1.222834
1.421685
1.322694
1.498108
1.444079
1.422033
1.496763
1.232379
1.361215
1.464220
1.417923
1.277861
1.385586
1.309749
1.442931
1.305138
1.557753
1.420696
1.475579
1.349310
1.287352
1.413623
1.263550
1.298477
1.403486
1.342222
1.391864
1.422686
1.425843
1.337304
1.411734
1.427673
1.301972
1.339876
1.509012
1.284522
1.364711
1.310659
1.486773
1.352056
1.401174
1.306325
1.174833
1.274232
1.317431
1.429438
1.348189
1.395796
1.413108
1.501567
1.514856
1.423303
1.419369
1.453833
1.290843
1.512835
1.346678
1.362932
1.432977
1.322313
1.359821
1.621169
1.386212
1.241735
1.330961
1.255035
1.529378
1.501772
1.242782
1.434928
1.393702
1.498207
1.414073
1.280276
1.294733
1.335467
1.375292
1.422208
1.264176
1.473549
1.259834
1.301094
1.271621
1.352015
1.423802
1.252333
1.377212
1.416262
1.397683
1.360978
1.317529
1.439369
1.207601
1.295733
1.181581
1.230935
1.368926
1.292210
1.337080
1.365793
1.349962
1.445848
1.361046
1.279667
1.543079
1.463381
1.196387
1.294317
1.299586
1.321254
1.170871
1.247594
1.316124
1.257411
1.334683
1.402622
1.367463
1.292826
1.286708
1.405867
1.362046
1.355094
1.248080
1.430542
1.330701
1.293544
1.302816
1.365669
1.349159
1.295113
1.350848
1.425010
1.392058
1.437477
1.421439
1.364097
1.604025
1.491293
1.495382
1.338411
1.298051
1.225531
1.198636
1.232821
1.180938
1.391541
1.242924
1.305679
1.415554
1.281930
1.317554
1.611034
1.467571
1.324722
1.303174
1.409999
1.322320
1.355011
1.339716
1.287293
1.162487
1.290994
1.207555
1.314237
1.543516
1.306286
1.238560
1.367654
1.277682
1.319610
1.311183
1.329605
1.398944
1.195384
1.375602
1.288190
1.485548
1.314988
1.345969
1.227979
1.244629
1.246471
1.262745
1.343726
1.284411
1.430374
1.312418
1.360972
1.349142
1.419409
1.389422
1.397564
1.321271
1.296711
1.398549
1.358438
1.228798
1.320589
1.398933
1.231265
1.222002
1.268660
1.258226
1.249401
1.266351
1.248331
1.232378
1.285474
1.382116
1.256865
1.517160
1.436800
1.257039
1.334476
1.208287
1.243563
1.292784
1.458931
1.386329
1.171451
1.327904
1.212161
1.268792
1.333610
1.463835
1.237892
1.290492
1.267353
1.366183
1.252451
1.412208
1.280655
1.245110
1.137563
1.216841
1.173058
1.353207
1.241241
1.193493
1.164500
1.498568
1.260105
1.269450
1.303197
1.257371
1.213804
1.305676
1.443575
1.296190
1.206771
1.449270
1.201859
1.382406
1.478623
1.293323
1.391576
1.207694
1.362185
1.155700
1.244452
1.192779
1.308917
1.209811
1.219609
1.375263
1.269816
1.119294
1.255124
1.088407
1.268845
1.241536
1.352220
1.270595
1.451733
1.254451
1.399715
1.255840
1.185998
1.181005
1.114944
1.258505
1.174182
1.394328
1.200463
1.223699
1.262067
1.293381
1.202556
1.302063
1.365970
1.179064
1.291916
1.460532
1.253680
1.351790
1.456897
1.231305
1.252683
1.357895
1.318723
1.273928
1.387875
1.382247
1.229492
1.228940
1.240807
1.359824
1.295984
1.304886
1.371804
1.246166
1.230743
1.294751
1.160657
1.204359
1.310096
1.227383
1.255332
1.223352
1.436164
1.185887
1.377399
1.151548
1.339833
1.286904
1.380656
1.263850
1.290339
1.185602
1.182144
1.448573
1.179493
1.282858
1.338448
1.459922
1.192147
1.268052
1.343636
1.264221
1.302150
1.408778
1.212291
1.239127
1.397178
1.197242
1.197973
1.072045
1.127517
1.270337
1.323967
1.352947
1.443124
1.136860
1.208068
1.259552
1.192248
1.276587
1.425022
1.242098
1.213924
1.226355
1.373200
1.184704
1.140930
1.247318
1.165334
1.213177
1.351920
1.147149
1.374664
1.140066
1.383655
1.364433
1.363034
1.178427
1.223248
1.190263
1.227508
1.238285
1.095084
1.335620
1.225261
1.270573
1.303574
1.191519
1.180239
1.200602
1.429836
1.185615
1.216152
1.255517
1.157751
1.153005
1.269765
1.232920
1.474807
1.465637
1.219751
1.253885
1.324333
1.497603
1.375932
1.228603
1.169366
1.079814
1.328964
1.193854
1.122675
1.254987
1.226156
1.507015
1.316965
1.179378
1.262168
1.186489
1.260697
1.270137
1.129100
1.211874
1.223604
1.010340
1.316844
1.197914
1.151531
1.214240
1.219039
1.155703
1.346251
1.343472
1.356836
1.420260
1.331454
1.333093
1.208162
1.347899
1.132704
1.143549
1.164704
1.158137
1.373441
1.268880
1.188917
1.238941
1.065963
1.110617
1.417743
1.302817
1.258814
1.183274
1.351797
1.310103
1.209526
1.148913
1.314520
1.132694
1.168118
1.170818
1.201996
1.286472
1.082803
1.265484
1.160181
1.003054
1.249917
1.224372
1.280761
1.171299
1.231104
1.229071
1.158400
1.154569
1.167480
1.216457
1.146862
1.260816
1.173606
1.150268
1.204521
1.197487
1.237899
1.269170
1.235074
1.218394
1.379683
1.123480
1.342124
1.286628
1.204937
1.110755
1.152174
1.174681
1.166285
1.133579
1.251854
1.329411
1.186103
1.170674
1.216926
1.216132
1.175734
1.248140
1.399834
1.188953
1.224850
1.188123
1.167029
1.208987
1.069690
1.235197
1.297277
1.247973
1.265491
1.155629
1.173799
1.119718
1.246758
1.176453
1.317648
1.315515
1.147550
1.254481
1.125627
1.277137
1.188794
1.343180
1.080373
1.196092
1.051887
1.145834
1.075867
1.054041
0.978218
1.205101
1.245891
1.222717
1.281138
1.222466
1.140069
1.222049
1.252905
1.227864
1.269575
1.141850
1.033003
1.263597
1.138462
1.119910
1.241563
1.166305
1.152079
1.235863
1.333152
1.104267
1.128450
1.033521
1.186451
1.298869
1.126930
1.087664
1.186677
1.194245
1.137786
1.201502
1.278200
1.210484
1.120763
1.331422
1.328459
1.349163
1.205055
1.108739
1.055520
1.139717
1.182263
1.194398
1.034666
1.203757
1.082407
1.074694
1.294999
1.082972
1.172528
1.276694
1.255365
1.236859
1.184252
1.140262
1.132488
1.032346
1.064024
0.993275
1.016389
1.072666
1.024700
1.216548
1.139845
1.121341
1.124737
1.204719
1.405397
1.180323
1.145638
1.032036
1.196758
1.087691
1.124870
1.030576
1.191175
1.194437
1.091493
1.212743
1.238459
1.230762
1.200897
1.049472
1.247504
1.141261
1.104137
0.991384
1.144535
1.032096
1.206502
1.247433
1.211761
1.289138
1.091556
1.160916
1.180253
1.212080
1.317129
1.085292
1.085735
1.083345
1.162562
1.128653
1.127068
1.206880
1.162789
1.222956
1.051341
1.277274
1.116885
1.239673
1.174769
1.041477
1.324324
1.264260
1.108915
1.307191
1.134380
1.209607
1.198023
1.015469
1.178972
1.254782
1.230741
1.036914
1.083112
1.138184
1.275026
1.184401
1.221414
1.092491
1.208490
1.219790
1.134592
1.069866
1.138504
1.103957
1.022915
1.029771
1.184576
1.171416
1.047049
1.257262
1.230250
1.177855
1.121536
1.191929
1.154504
1.132932
1.122020
1.087551
1.216537
1.247207
1.249592
1.287428
1.150538
1.142768
1.042869
1.211185
1.103096
1.119025
1.124483
1.062302
1.157912
1.123212
1.127786
1.244516
1.092066
1.359675
1.085570
1.177732
1.181193
1.228508
1.133775
1.183111
1.389237
1.164798
1.275647
1.158629
1.274316
1.147308
1.174160
1.032771
1.195175
1.061359
1.176501
1.212455
1.043394
1.024059
0.959376
1.281666
1.079750
1.024780
1.213038
1.110433
1.123533
1.151150
1.116586
1.027839
1.107288
1.126600
1.142789
1.180902
1.138902
1.139547
1.199866
1.043441
1.064894
1.112595
1.199993
1.251970
1.016219
1.037961
1.041302
1.179600
1.218418
1.195738
1.152842
0.963504
0.934262
1.049966
1.111341
1.137774
1.185346
1.132133
1.068404
1.111827
1.028109
1.063812
1.157529
1.260531
1.154431
1.135228
1.036424
1.018073
1.149510
1.162172
1.092540
1.135043
1.108155
1.207551
1.249481
1.153908
1.089839
1.078652
1.053159
0.993673
1.185109
1.204485
1.063651
1.156761
1.028740
1.079267
1.018884
1.078796
1.143589
1.112569
1.236532
1.082111
1.060525
1.227720
0.974294
1.077060
1.017693
1.045250
0.960711
1.064933
1.120076
1.198809
1.058387
1.171953
1.153843
1.363106
1.033411
1.046976
1.183591
1.022903
1.175593
1.100362
1.090909
1.112881
1.073346
1.223719
1.111017
1.027591
1.098517
1.048427
1.089507
1.113729
1.139685
1.068074
1.153882
1.125639
1.176951
1.038856
0.979686
1.021033
1.083238
1.080096
1.094170
1.261521
1.212231
1.180195
1.050746
1.264602
0.935989
1.238465
1.120262
1.046830
1.158068
1.202058
1.111853
1.123040
0.995835
0.972384
1.083821
1.121658
1.143440
1.079212
0.929476
1.086057
1.103416
0.998909
1.004822
1.012341
1.063157
1.124257
1.229641
1.140213
1.057541
1.008425
1.089446
1.071829
0.978108
1.011483
1.045185
1.109590
1.042607
1.012568
1.154359
1.137195
0.986435
1.053884
1.071453
1.008811
0.967296
1.052671
1.057563
1.246418
1.242457
1.242300
1.161449
1.189809
0.956841
1.185394
1.035154
1.122764
0.978922
1.087655
1.179459
1.050302
1.277973
1.155442
1.225716
1.037020
1.154979
1.122115
1.053115
1.197783
1.240635
1.149040
1.213218
1.197060
1.131987
1.126464
1.113264
1.116574
1.004289
1.096592
1.128273
1.137547
1.414708
0.990193
0.932325
0.886854
0.972412
1.074677
0.946839
1.057036
1.131066
1.053395
1.092939
1.047916
1.104520
1.144339
1.140512
1.102178
1.007717
1.094174
1.003439
1.174913
0.984470
1.102975
1.298965
1.168739
1.188213
1.043191
1.253167
1.166360
1.035383
1.040931
1.050181
0.952306
0.976775
1.100069
1.004516
1.040679
1.103412
1.072125
0.959711
1.038439
1.008732
1.107295
1.130657
0.997442
1.004200
1.062613
0.986359
1.080734
1.115714
0.993656
0.933608
1.033484
1.080686
1.054020
0.992540
1.062326
0.954964
1.114932
1.052261
1.074679
1.241518
0.991300
1.057507
1.010832
1.060704
0.974524
1.150777
0.958231
1.091904
1.043659
0.989859
1.007677
1.137794
1.056491
0.932163
1.104944
1.017068
1.072147
1.025873
1.242384
1.030433
1.161609
1.057479
1.038741
1.180687
1.073216
1.086497
0.944860
1.173111
1.088040
1.017583
1.182631
1.046203
1.037996
1.110334
1.028838
0.902319
1.099268
1.100957
1.062389
1.013862
1.031626
1.106719
1.110061
1.020658
0.978722
1.147698
1.060496
1.179994
1.270224
1.033715
0.971748
1.053755
0.988310
1.011754
1.022981
1.100604
1.231914
1.081844
0.979310
1.075116
1.024303
0.996124
1.076660
1.023824
0.864867
1.015758
0.972196
1.036367
0.994074
1.139139
1.025171
1.061738
1.001208
0.995689
0.992120
1.060355
1.032538
1.043191
0.959347
1.186519
1.009407
0.947701
1.046227
1.001842
1.117886
1.082145
0.911181
0.933537
1.071466
1.036004
1.042999
1.033154
1.212290
1.058606
0.879438
1.078861
1.004711
1.051511
0.853039
0.895423
1.038369
1.229050
1.019429
0.989678
1.125667
1.116617
1.149314
1.076194
1.056927
1.050373
1.100675
1.165797
1.171989
0.934437
1.023143
0.961129
1.048809
1.014305
1.186648
0.962837
0.942784
1.135038
0.984888
1.074930
1.086512
0.884452
1.178577
1.068667
1.023553
1.115480
1.131474
1.050302
1.070977
1.030157
1.116112
1.114043
1.171342
1.025319
0.994581
1.102531
1.009278
1.032100
1.076716
1.050443
1.071523
1.092474
1.292897
0.875755
1.036613
1.071889
0.913563
0.981768
1.066848
1.002967
0.945688
1.043181
1.065439
1.083382
1.025238
0.997922
0.947241
0.994056
0.959480
0.935332
1.047000
1.144444
1.098238
1.056865
1.006890
0.844490
1.141185
1.003427
1.007711
1.207835
0.963828
1.054836
1.000608
0.996020
0.997947
1.164403
0.903057
1.008479
0.989125
1.116111
1.118750
1.024306
1.056163
0.968918
0.870549
1.064517
0.972952
1.060054
1.187089
0.983509
1.067869
0.992484
1.065192
0.963363
0.931820
1.198852
1.177079
0.936178
1.101765
1.076430
1.092124
0.964802
0.939707
0.904550
1.050077
0.993435
0.962865
0.996082
0.909058
0.910951
0.896755
1.201331
1.126080
0.926546
1.005669
1.055569
0.992609
0.907670
0.910503
0.931204
1.131742
1.004433
0.960181
0.907343
1.151832
1.156495
1.064117
0.949384
0.996314
0.981488
1.150995
1.013492
1.003891
1.028790
0.940332
1.142949
0.904754
1.036117
0.849190
0.964769
1.021909
0.993695
1.050088
1.079928
0.933179
0.978752
1.150765
0.989406
0.960030
0.997481
1.115726
1.036039
1.110799
0.927126
0.889139
0.956120
0.913476
1.190472
1.037474
0.922463
1.040466
0.849760
0.991249
1.100183
1.085196
1.081917
1.067358
1.038365
0.997794
0.996367
1.041983
0.925402
0.893329
0.909610
0.868078
1.008200
1.112115
0.851596
0.839791
0.901926
1.035736
1.044004
1.035906
0.958773
0.884966
1.045965
0.923918
0.906908
1.095494
0.952697
0.962563
0.895628
1.062600
0.953175
0.958369
0.957359
0.986597
0.994307
0.855963
1.040389
1.032219
0.972917
0.947413
1.031002
0.992528
0.862113
0.946540
0.896014
1.117795
0.978855
1.004653
1.240115
1.051214
1.001500
1.083207
1.041696
1.044000
1.076128
1.085720
0.906242
0.932845
0.997334
0.974729
1.026301
1.172229
0.912719
1.169008
0.937952
1.024514
0.923821
0.929465
0.968717
1.099194
1.111395
1.202347
0.980174
0.996545
1.002693
1.023116
1.076301
1.010326
1.133906
0.879024
0.957771
1.001060
0.864239
1.029691
0.962465
1.035967
0.873904
0.858582
1.085990
0.845608
1.110892
1.031891
0.969431
1.141511
0.939552
1.006988
0.863836
1.074151
0.939093
0.910725
0.995315
0.930692
0.913473
0.854338
0.998233
1.116117
1.141284
1.074663
1.122170
0.991506
0.876622
0.880006
0.899221
0.964398
0.973497
1.034513
1.027964
1.091470
1.058792
1.009752
0.987107
0.845508
0.942869
0.849269
1.069210
0.968745
0.985729
0.921039
1.038825
1.024980
1.075111
0.929692
1.172180
1.139693
0.939281
0.937102
0.918592
0.969995
1.041398
1.069798
0.939014
0.989829
0.856094
0.987984
1.080545
0.875899
1.070726
0.911770
0.920827
0.998851
0.994933
1.028490
0.979205
0.997550
0.965886
1.068777
0.983420
0.824290
1.040825
1.004323
1.073332
1.048078
1.267731
1.175900
0.991490
1.163302
0.916816
1.048507
0.972912
0.928293
0.909999
0.984025
1.025618
0.947609
0.876594
0.793585
1.047725
1.017973
0.888133
0.956363
0.970034
0.966773
0.929978
0.871733
0.872984
0.935523
0.921257
0.930818
0.955866
0.939045
0.892766
1.080822
0.994656
0.936606
1.108387
1.049328
1.033424
0.853918
0.992143
0.948045
0.914609
0.928912
1.016613
0.957556
0.974405
0.929053
0.997212
0.986591
0.860157
0.961439
1.093816
0.885442
0.980939
1.012907
1.094761
0.975289
0.894363
0.930986
0.957830
0.881229
0.910193
0.987867
0.914631
1.047880
0.997164
0.927731
0.938785
0.915312
0.996225
0.955163
1.001309
0.981454
1.009800
0.883051
0.998330
0.819535
0.899989
1.213472
0.992244
0.927882
0.992218
1.143591
1.095651
1.054969
0.878487
0.937770
0.776468
0.766956
0.913233
0.944091
1.009161
1.056949
0.947809
0.803089
0.841919
0.911754
0.969516
1.045130
0.888435
0.979817
1.008617
0.932514
0.940979
0.910255
0.884667
0.875780
0.917449
0.879339
0.830157
0.847628
0.851017
0.834163
0.973548
0.902526
0.823639
0.758173
0.942982
0.896617
1.000425
0.987078
0.867422
0.957838
0.920288
0.823627
0.825226
0.898707
0.878116
0.987777
0.948837
0.959296
0.873220
0.946324
0.846760
1.090453
0.893520
1.041056
0.883765
0.915389
0.948855
1.081245
0.944604
1.055376
0.993350
0.911685
0.917343
0.968746
0.817834
0.855355
1.202973
0.880449
0.913993
0.855798
1.004616
1.138838
1.075374
0.837508
0.950922
0.929099
0.896879
0.761143
0.890027
1.014930
1.039817
1.055767
0.843559
0.884637
0.991098
0.917503
0.933008
0.904559
0.990316
0.961817
0.940090
1.026161
0.965821
0.898033
0.972713
0.895472
0.997251
1.005690
0.916128
0.903363
0.957938
0.911087
0.900966
0.992204
0.831148
0.935161
0.872336
0.906100
0.865828
0.993602
1.143826
0.909416
0.937498
1.045751
0.984990
1.037287
0.884020
0.867154
0.848688
0.864594
0.976315
0.851282
0.800956
0.940871
0.814687
0.978186
0.888323
0.925730
0.902434
0.840357
0.878783
0.962608
0.997948
0.983585
0.905041
0.965866
0.810973
1.045314
0.884019
0.935854
0.960095
0.908279
0.948652
0.929489
0.953189
1.050748
0.951355
0.958403
1.010556
0.989909
0.802471
1.009354
0.903370
1.055447
0.996235
0.886665
0.909936
0.863708
0.823092
0.992892
0.913400
1.049457
0.897202
0.902971
0.866316
0.862622
1.047078
0.856289
0.876897
0.955092
0.939129
1.070257
0.863571
0.879503
0.903230
0.958206
0.966747
0.942714
1.037188
1.003291
0.876099
0.994854
0.851455
0.888085
0.883917
0.855957
0.896908
0.939374
0.899724
0.807533
0.967581
1.008117
0.902223
0.870322
1.054008
0.873988
0.948493
0.961133
0.958544
0.965163
0.898847
0.827518
0.867787
0.849748
1.024950
0.829109
0.945520
0.877414
0.781494
0.789096
0.894107
1.032668
0.917223
0.911690
1.071882
1.006728
0.911168
0.875683
0.858500
0.898237
0.919154
0.846857
1.065455
0.877708
0.972414
1.016695
0.787942
0.775380
0.821359
0.933390
0.974006
0.894962
0.964586
0.929218
0.889923
1.001074
0.948590
0.849127
0.799892
0.968647
0.853809
0.960358
0.970367
0.948394
0.892591
1.117875
0.866556
0.936908
0.908749
0.958698
0.902059
0.963273
1.084351
0.877425
0.776589
0.898166
0.974763
0.839019
0.877774
1.011103
0.846591
0.947827
0.829556
0.935234
0.864660
0.894196
0.848186
0.884460
0.820370
0.913806
0.912978
1.060379
0.820043
1.000861
0.983955
0.946457
0.879853
0.883823
0.977789
0.882920
1.006991
0.931765
0.920013
0.977730
0.995528
0.875793
0.896830
0.734860
0.945409
0.872084
0.862162
0.854215
0.850845
0.829992
0.910377
1.020191
0.968771
0.919498
0.845436
0.811248
0.869595
1.021191
0.929791
1.027225
0.927511
0.911334
1.013178
0.918417
0.955797
0.940414
0.953358
0.925958
0.844783
0.880089
0.923214
0.917023
0.881334
0.910633
0.940171
0.922607
1.051757
1.023436
0.841293
0.910498
0.780019
1.030644
0.847338
1.028746
0.937725
0.896666
0.913428
1.082360
1.029082
0.901420
0.862176
0.919691
0.930205
0.825221
0.887959
0.968650
0.928649
1.019678
1.000000
0.838037
0.985563
0.864637
0.794599
0.840321
0.915896
0.909809
0.922528
0.847662
0.938909
0.836166
0.836858
0.883930
0.764377
0.801708
0.880984
0.947014
0.940163
0.809943
1.007987
0.871051
0.771322
0.779895
0.871530
0.840904
0.846481
0.975187
0.870354
0.961401
0.933075
0.840657
1.014264
0.948247
0.925858
0.958359
0.956953
0.893859
0.931753
0.972749
0.874004
0.828495
0.916334
0.906351
0.996017
0.768430
0.845792
0.865563
0.757872
0.796129
0.812839
1.010220
0.759956
0.883641
0.702507
0.834290
0.840322
1.033248
0.951063
0.943608
0.774996
0.809921
0.716431
0.737218
0.710989
0.797072
0.911101
0.890653
0.886033
0.786458
0.824079
0.937031
0.890421
0.906573
0.862004
0.870395
0.702671
0.863854
0.926493
0.930158
1.024682
0.924910
0.903804
0.808730
1.000905
0.965336
0.777948
0.820711
0.761255
0.883665
0.945073
0.756095
0.760115
0.853021
1.099842
0.833540
0.955457
0.823693
1.022543
1.045495
0.784835
0.897061
0.884225
0.722005
0.844756
0.873584
0.775035
0.751831
0.949335
0.757517
0.806873
0.757988
0.884249
0.897576
0.922480
0.933778
0.978635
0.854842
0.951125
0.836146
0.979329
0.807496
0.872707
0.915675
0.819288
0.819598
0.802840
0.919265
0.824230
0.876171
0.840362
0.696363
0.748660
0.806546
0.983112
0.862674
0.755366
0.861441
0.887585
0.840506
0.814430
0.837524
0.794271
0.857353
0.814410
0.899913
0.871775
0.775264
0.858932
0.862109
0.979057
0.866123
0.867376
0.727284
0.946396
0.836938
0.862150
0.912640
0.909231
0.833094
0.811773
0.870522
0.990724
0.831026
0.761636
0.920183
0.785990
1.036258
1.008311
0.791612
1.011785
0.911002
0.886478
0.868838
0.886151
0.867063
0.908338
0.848258
0.861785
0.874326
0.802131
0.799528
0.829946
0.949571
0.885870
0.910378
0.922647
1.084512
0.752100
0.847266
0.776555
0.825321
0.906061
0.892995
0.777755
0.830779
0.922559
0.900422
1.053565
0.956843
0.918432
0.934231
0.964959
0.891572
0.779809
0.820977
0.809761
0.785709
0.802148
0.932531
0.931880
0.920632
0.770529
0.701553
0.712797
1.105154
1.032152
0.844293
0.909452
0.838406
0.853495
0.828704
0.779997
0.823998
0.797517
0.788333
0.798803
0.896674
0.804994
0.770261
1.023438
0.715752
0.933129
0.880086
0.781001
0.916438
0.804553
0.840820
0.746091
0.848828
0.950928
0.783611
0.853495
0.970523
0.858641
0.818728
0.883878
0.883103
0.914756
0.831292
0.695848
0.736600
0.851711
0.812281
0.739759
0.953457
0.882573
0.830472
0.914745
0.961903
1.039375
0.786214
0.764372
1.017398
0.849100
0.795688
0.863984
0.914543
0.735788
0.767357
0.826822
0.754338
0.750927
0.733214
0.810299
0.782913
0.810112
0.868702
0.970481
0.970592
0.853346
0.838858
0.848315
0.879129
0.843132
0.990200
0.891728
0.985694
0.779463
0.811005
0.883280
0.741406
0.822447
0.838126
0.764626
0.785557
0.930811
0.949532
1.057842
0.940960
0.843443
0.906194
0.949735
0.896386
0.707184
0.853257
0.802833
0.812489
0.821758
0.871487
0.778382
0.752716
0.961258
0.765162
0.990042
0.850067
0.756835
0.826626
0.888085
0.822338
0.937473
0.936011
0.848746
0.766469
0.862732
0.846580
0.766099
0.879618
0.895674
0.995245
0.794184
0.982067
0.771978
0.887690
0.875426
0.874797
0.721059
0.896430
0.742316
0.874704
0.784334
0.804802
0.785111
0.756801
0.914867
0.817757
0.901194
0.816364
0.762340
0.734390
0.862809
0.804672
0.986617
0.884164
0.672392
0.767984
0.744071
0.879490
0.794655
0.897445
1.044833
0.718696
0.864672
0.878233
0.796545
0.793087
0.796203
1.093572
0.825580
0.791492
0.797733
0.746892
0.888747
0.730685
0.819512
0.821581
0.942199
0.803326
0.799931
0.794545
0.828215
0.840499
0.813551
0.639629
0.807461
0.761396
0.840070
0.761883
0.790227
0.867261
0.912309
0.783814
0.816406
0.852966
0.679960
0.823560
0.901315
0.713803
0.882006
0.778728
0.762537
0.746720
0.809639
0.819959
0.802257
0.919441
0.874956
0.856195
0.765350
0.885434
0.867960
0.783452
0.857346
0.840149
0.791519
0.870374
0.957515
0.985221
0.847457
0.903538
0.840216
0.852077
0.992536
0.835425
0.879218
0.877354
0.931789
0.861366
0.737278
0.713825
0.790323
0.739570
0.881360
0.841397
0.778923
0.731213
0.806486
0.725078
0.923649
0.854728
0.947708
0.797718
0.912864
0.721069
0.848894
0.885035
0.856278
0.762645
0.807829
0.677699
0.801841
0.867953
0.745160
0.827715
0.815417
0.666535
0.850055
0.977720
0.965347
0.809190
0.893628
0.729247
0.725621
0.831342
0.810648
0.833286
0.813126
0.819533
0.860318
0.836337
0.798233
0.735332
0.778507
0.738205
0.915768
0.761145
0.812168
0.782047
0.917658
0.732130
0.847071
0.904225
0.720263
0.856103
0.766594
0.914147
0.863784
0.809747
0.868713
0.861758
0.882703
0.918923
0.802791
0.709012
0.789704
0.845808
0.834655
0.776943
0.810162
0.904815
0.790042
0.901066
0.849219
0.858079
0.907506
0.766898
0.789291
0.757015
0.842671
0.684214
0.789660
0.945749
0.900537
0.855398
0.800278
0.793347
0.741645
0.901893
0.825957
0.624852
0.842548
0.824967
0.769597
0.697624
1.048704
0.828718
0.926903
0.881358
0.814018
0.825406
0.981005
0.747454
0.886577
0.794229
0.739704
0.749342
0.814091
0.769988
0.795958
0.853256
0.843683
0.807206
0.968227
0.817498
0.756114
0.749397
0.791564
0.745863
0.857325
0.790900
0.744449
0.745598
0.911004
0.873626
0.918463
0.888423
0.875483
0.926377
0.836216
0.881580
0.777546
0.760574
0.762928
0.720409
0.892883
0.875504
0.738212
0.746917
0.903101
1.008398
0.731015
0.828235
0.768189
0.686512
0.725553
0.768646
0.774184
0.764788
0.752922
0.814429
0.744140
0.842624
0.736455
0.790019
0.899751
0.799881
0.875686
0.930646
0.901960
0.725222
0.913714
0.846783
0.708209
0.903643
0.832169
0.900323
0.808137
0.767268
0.773770
0.790408
0.640286
0.914280
0.931071
0.758980
0.721045
0.773884
0.867442
0.796526
0.894270
0.892785
0.789489
0.806799
0.799734
0.695474
0.747044
0.880675
0.643663
0.841142
0.747339
0.733929
0.938368
0.892373
0.833722
0.799300
0.788715
0.744868
0.780237
0.825006
0.777402
0.805971
0.873397
0.718267
0.859790
0.840251
0.854604
0.907006
0.801022
0.723108
0.796175
0.741823
0.819566
0.886682
0.762407
0.859898
0.897223
0.968750
0.827308
0.765371
0.737693
0.732589
0.910130
0.638557
0.611311
0.922961
0.797575
0.735946
0.851198
0.868841
0.895334
0.853860
0.825405
0.733125
0.796736
0.807364
0.845513
0.886754
0.681718
0.833702
0.763305
0.773657
0.921586
0.789465
0.785935
0.856503
0.813910
0.729514
0.810895
0.678414
0.784621
0.797449
0.946124
0.891937
0.700652
0.817622
0.748957
0.725875
0.875167
0.681427
0.749551
0.841341
0.829364
0.814165
0.730174
0.872649
0.685138
0.775791
0.894888
0.774226
0.900009
0.929625
0.940743
0.929750
0.733167
0.860682
0.789848
0.819549
0.881178
0.821107
0.822809
0.967265
0.680338
0.909547
0.792100
0.651896
0.836438
0.752794
0.791193
0.787678
0.781477
0.712845
0.756014
0.638026
0.758500
0.817984
0.737454
0.856583
0.689924
0.767764
0.782225
0.838896
0.808141
0.759515
0.672959
0.727752
0.795290
0.694988
0.819821
0.773512
0.766531
0.950958
0.785671
0.767924
0.724232
0.848705
0.657460
0.708561
0.734822
0.667308
0.791243
0.805173
0.734979
0.710866
0.590931
0.694570
0.949697
0.847730
0.758784
0.914386
0.614102
0.708859
0.771331
0.886719
0.720501
0.723606
0.686358
0.736491
0.736632
0.699813
0.891522
0.618921
0.753475
0.903723
0.838691
0.811922
0.764379
0.738040
0.744252
0.698375
0.787566
0.730540
0.674304
0.807507
0.639203
0.796338
0.781681
0.724043
0.758077
0.778978
0.760871
0.789687
0.741079
0.867386
0.800744
0.647742
0.857450
0.697364
0.718017
0.822275
0.716507
0.676635
0.786805
0.815282
0.768512
0.817872
0.702467
0.751862
0.833722
0.732952
0.626558
0.812633
0.655707
0.907560
0.887449
0.718382
0.759163
0.705615
0.647999
0.756062
0.769111
0.712129
0.786931
0.705894
0.750694
0.670677
0.717446
0.848030
0.964566
0.911865
0.899697
0.736763
0.776657
0.847656
0.632225
0.781726
0.745968
0.864354
0.892819
0.795485
0.724070
0.871206
0.723668
0.597423
0.761364
0.915045
0.847155
0.755334
0.659023
0.740367
0.771076
0.794189
0.807763
0.795337
0.749039
0.829298
0.654238
0.715167
0.872301
0.672188
0.729690
0.727213
0.735547
0.880713
0.810079
0.747140
0.685687
0.817894
0.783025
0.706150
0.700696
0.743065
0.707361
0.641345
0.781156
0.852367
0.890008
0.818130
0.762559
0.841981
0.858526
0.885917
0.696701
0.820894
0.955522
0.816997
1.096660
0.739008
0.784081
0.809531
0.633089
0.841232
0.733007
0.754693
0.676636
0.641310
0.647794
0.676893
0.755848
0.773268
0.762758
0.748467
0.700259
0.690186
0.832613
0.785919
0.779286
0.733600
0.860464
0.822823
0.846428
0.940014
0.860529
0.829309
0.779663
0.732136
0.872522
0.840766
0.710258
0.771176
0.791664
0.728142
0.692434
0.787479
0.721671
0.883567
0.703706
0.665795
0.805645
0.848720
0.759872
0.850932
0.887641
0.738529
0.815509
0.630912
0.694713
0.752528
0.653312
0.871278
0.834329
0.825410
0.895632
0.654331
0.694580
0.816364
0.712248
0.649460
0.877326
0.738513
0.816260
0.771646
0.873992
0.783442
0.722362
0.710525
0.754350
0.817314
0.713135
0.685110
0.681664
0.756453
0.686780
0.743753
0.729059
0.732322
0.677765
0.775061
0.752696
0.670247
0.707540
0.756168
0.756269
0.729723
0.730321
0.834621
0.732135
0.681904
0.748522
0.773206
0.843141
0.799368
0.910981
0.806212
0.740321
0.664469
0.824406
0.792321
0.749797
0.709110
0.603842
0.759530
0.766124
0.741149
0.728807
0.762874
0.724406
0.773371
0.831051
0.671749
0.710596
0.746537
0.905220
0.789050
0.685389
0.657227
0.797268
0.858743
0.784808
0.696670
0.713711
0.716954
0.644933
0.791639
0.809279
0.642068
0.872283
0.720539
0.757316
0.753911
0.719689
0.842842
0.701880
0.623266
0.669456
0.646274
0.795907
0.757156
0.711358
0.728397
0.821831
0.798875
0.908940
0.685331
0.631789
0.940080
0.843604
0.849575
0.851923
0.814379
0.771058
0.734913
0.609320
0.761380
0.688383
0.657120
0.735543
0.703427
0.831503
0.778147
0.802700
0.724511
0.788931
0.700774
0.834638
0.727978
0.780796
0.876324
0.807400
0.709153
0.658405
0.741250
0.802483
0.871658
0.669381
0.815603
0.747712
0.779374
0.675834
0.764709
0.603593
0.717132
0.729443
0.802932
0.694005
0.568241
0.772849
0.677458
0.670748
0.731347
0.758986
0.568287
0.708035
0.698417
0.744308
0.711367
0.742979
0.716403
0.698804
0.755104
0.701898
0.771389
0.839917
0.627697
0.679681
0.795687
0.667881
0.842210
0.704175
0.663416
0.744965
0.808123
0.796306
0.760377
0.619560
0.768678
0.684100
0.756319
0.827434
0.658542
0.753681
0.667276
0.739017
0.690477
0.821457
0.598850
0.827566
0.705970
0.722414
0.792950
0.938259
0.762609
0.710791
0.675841
0.803395
0.849771
0.729223
0.613440
0.744339
0.722076
0.829796
0.613134
0.784268
0.649482
0.945463
0.758021
0.668807
0.747362
0.700828
0.566059
0.682240
0.678070
0.843287
0.677222
0.738034
0.689792
0.754407
0.732765
0.844875
0.847683
0.710417
0.754616
0.696817
0.703742
0.666052
0.640665
0.787054
0.797656
0.865949
0.717741
0.741798
0.859813
0.812378
0.794806
0.690794
0.695956
0.806256
0.672629
0.898623
0.803694
0.767195
0.894660
0.769284
0.700892
0.664894
0.685342
0.766169
0.637329
0.759163
0.599013
0.661442
0.867973
0.851301
0.724631
0.633263
0.710568
0.622855
0.785987
0.714703
0.602149
0.662275
0.754157
0.660793
0.655997
0.678474
0.744833
0.643390
0.763434
0.883055
0.675050
0.646433
0.754015
0.743711
0.739820
0.672675
0.650916
0.729189
0.726609
0.710417
0.778275
0.734445
0.750625
0.662823
0.685784
0.830032
0.743471
0.665341
0.861607
0.802169
0.717004
0.660653
0.745406
0.738420
0.791514
0.699015
0.694900
0.727141
0.752953
0.712388
0.862418
0.675677
0.792923
0.721306
0.864441
0.662731
0.715107
0.816879
0.745808
0.649312
0.775980
0.648012
0.759417
0.839687
0.659049
0.750169
0.719357
0.820430
0.764150
0.639001
0.747445
0.869102
0.714087
0.692852
0.646371
0.938031
0.629899
0.763480
0.687344
0.908202
0.610372
0.724732
0.736377
0.643632
0.645657
0.776879
0.757314
0.694173
0.729563
0.743726
0.713219
0.642274
0.736756
0.705879
0.693848
0.638350
0.657335
0.915392
0.651038
0.736556
0.656353
0.765561
0.804767
0.627758
0.722741
0.688912
0.725111
0.712701
0.797223
0.705964
0.654978
0.739757
0.701444
0.739451
0.685932
0.842335
0.917113
0.716350
0.790868
0.754797
0.667738
0.596291
0.667091
0.621718
0.652089
0.803165
0.867796
0.572256
0.824615
0.640601
0.808538
0.760386
0.877057
0.662350
0.678174
0.782191
0.643565
0.757197
0.572425
0.739819
0.693003
0.676763
0.777672
0.648250
0.695543
0.740685
0.710212
0.750049
0.745843
0.617357
0.805705
0.643016
0.661871
0.801816
0.795264
0.710154
0.734057
0.826170
0.679307
0.777278
0.689722
0.749455
0.694686
0.851502
0.669051
0.772740
0.681312
0.673011
0.803517
0.674979
0.690261
0.678777
0.811835
0.724259
0.806214
0.637061
0.681171
0.671839
0.793614
0.682075
0.604528
0.718753
0.785905
0.740774
0.759728
0.715392
0.716725
0.891677
0.687502
0.783942
0.653731
0.820570
0.727754
0.623949
0.655800
0.641876
0.714295
0.624940
0.769673
0.700732
0.752045
0.802595
0.615701
0.675193
0.764137
0.914795
0.754741
0.751890
0.656014
0.684350
0.831396
0.642458
0.768231
0.749865
0.649263
0.683657
0.804186
0.650625
0.655674
0.610855
0.699309
0.653887
0.702386
0.658260
0.628945
0.764982
0.666438
0.679107
0.707932
0.765626
0.608578
0.677677
0.714815
0.664812
0.609203
0.747646
0.724241
0.657449
0.680868
0.656315
0.769656
0.732321
0.657359
0.807009
0.706540
0.889121
0.592193
0.725532
0.574307
0.738637
0.710668
0.716440
0.724087
0.597489
0.641236
0.829023
0.687579
0.699424
0.747533
0.590125
0.657341
0.560990
0.743377
0.669770
0.699697
0.650048
0.685813
0.716041
0.647603
0.733097
0.559697
0.644238
0.706596
0.645256
0.562923
0.584419
0.618191
0.669211
0.675964
0.768725
0.647223
0.556111
0.575560
0.628565
0.636867
0.716366
0.654565
0.660797
0.753082
0.793364
0.896278
0.793525
0.884186
0.796066
0.695378
0.718493
0.663289
0.725170
0.638528
0.717181
0.525144
0.747262
0.600213
0.569006
0.782525
0.744778
0.605415
0.688870
0.593167
0.547960
0.669325
0.800074
0.738569
0.678764
0.686119
0.795992
0.746392
0.719433
0.498674
0.621722
0.650350
0.683424
0.741014
0.627793
0.692051
0.790613
0.777707
0.787538
0.696682
0.682828
0.615831
0.722279
0.679080
0.669668
0.696041
0.656134
0.615975
0.596222
0.646015
0.699255
0.879931
0.636508
0.645082
0.621295
0.688281
0.675767
0.690406
0.758466
0.690863
0.673068
0.609978
0.712233
0.625364
0.607001
0.664738
0.684099
0.640595
0.743934
0.582421
0.722088
0.767096
0.610639
0.575476
0.796857
0.672296
0.644904
0.694860
0.652969
0.725551
0.643716
0.791965
0.708654
0.723969
0.622840
0.743959
0.675969
0.693994
0.615954
0.674656
0.572666
0.800046
0.642585
0.723832
0.595972
0.739417
0.643191
0.710372
0.583040
0.815225
0.761894
0.639684
0.683608
0.630100
0.676777
0.736334
0.656641
0.614626
0.745443
0.853614
0.632907
0.663456
0.697140
0.714973
0.699101
0.652549
0.498785
0.722282
0.630249
0.722968
0.594933
0.576547
0.567051
0.664100
0.591822
0.537525
0.676752
0.661043
0.600315
0.641482
0.667453
0.637074
0.706365
0.677171
0.661816
0.681969
0.687675
0.618647
0.587499
0.665925
0.667724
0.558052
0.641865
0.679494
0.645803
0.776900
0.675508
0.648801
0.679960
0.656988
0.711708
0.755485
0.676647
0.699597
0.618823
0.752184
0.589254
0.644465
0.681659
0.702657
0.653475
0.768924
0.636373
0.688766
0.620950
0.658480
0.687691
0.642829
0.726472
0.871314
0.712673
0.782286
0.631265
0.623779
0.708740
0.674338
0.510418
0.642274
0.784735
0.733358
0.751752
0.606771
0.604040
0.630227
0.660315
0.727652
0.600147
0.717784
0.674402
0.784012
0.705086
0.727231
0.717726
0.602398
0.652241
0.776897
0.664484
0.655479
0.622617
0.594601
0.589501
0.783506
0.682769
0.721969
0.614112
0.654879
0.664351
0.743479
0.568456
0.764404
0.620261
0.631624
0.660902
0.602064
0.708412
0.710332
0.597108
0.715258
0.681358
0.628999
0.641577
0.673154
0.554033
0.638116
0.750106
0.615743
0.624862
0.590902
0.596213
0.674149
0.735189
0.776393
0.733495
0.806249
0.636751
0.618558
0.683416
0.699712
0.749464
0.666841
0.760019
0.714110
0.677222
0.594158
0.634856
0.583348
0.677639
0.652356
0.698363
0.733365
0.618040
0.673136
0.779293
0.715519
0.693595
0.648075
0.645644
0.633123
0.736282
0.672205
0.653913
0.667927
0.665713
0.591648
0.532157
0.749112
0.721703
0.595071
0.649448
0.695338
0.835284
0.756641
0.629043
0.612711
0.701264
0.674265
0.736161
0.615927
0.677318
0.699895
0.656979
0.803687
0.694179
0.615847
0.603132
0.626219
0.771157
0.828573
0.667429
0.678986
0.749312
0.776388
0.758451
0.610133
0.619919
0.586884
0.693018
0.617438
0.740324
0.708775
0.701475
0.615947
0.565679
0.768404
0.629458
0.861613
0.783032
0.530891
0.661783
0.595313
0.594535
0.626591
0.639057
0.685957
0.551043
0.532293
0.783891
0.686595
0.601530
0.581263
0.554687
0.605715
0.604040
0.541352
0.711547
0.636535
0.695924
0.558992
0.723299
0.647752
0.612910
0.680834
0.583007
0.684491
0.673710
0.649289
0.602701
0.601494
0.693938
0.694414
0.714165
0.615735
0.758462
0.634675
0.678819
0.715883
0.650427
0.617183
0.594053
0.558434
0.600401
0.603788
0.689799
0.561248
0.553730
0.685523
0.604740
0.703385
0.828814
0.622306
0.645270
0.611121
0.598460
0.746372
0.582114
0.614930
0.575123
0.633226
0.614478
0.499577
0.598215
0.594059
0.658599
0.666958
0.582559
0.657565
0.633932
0.661065
0.660190
0.679258
0.629307
0.492261
0.727031
0.568392
0.753037
0.580965
0.614542
0.747442
0.718139
0.681387
0.706887
0.577190
0.628096
0.549421
0.702292
0.525669
0.620835
0.649623
0.625761
0.705258
0.556356
0.643983
0.741996
0.799874
0.699133
0.749642
0.685520
0.773967
0.671427
0.712908
0.739469
0.737973
0.692676
0.622137
0.717139
0.728001
0.617989
0.620395
0.652660
0.585231
0.620221
0.631152
0.654551
0.545568
0.611683
0.547706
0.590002
0.675365
0.622589
0.713835
0.610654
0.710109
0.671002
0.602800
0.653814
0.715769
0.634802
0.538344
0.587499
0.628851
0.667338
0.754643
0.612291
0.738473
0.711565
0.611969
0.665323
0.704217
0.788760
0.610296
0.646460
0.550076
0.571475
0.769255
0.581932
0.725268
0.839933
0.587999
0.712731
0.580381
0.659873
0.599539
0.523358
0.645500
0.651783
0.640741
0.747035
0.707816
0.688313
0.593023
0.783057
0.549469
0.628452
0.647074
0.684605
0.547345
0.620372
0.572761
0.694040
0.708865
0.750550
0.581734
0.575684
0.593424
0.667938
0.594843
0.572310
0.675649
0.749866
0.885323
0.784158
0.723261
0.686490
0.666229
0.745932
0.672453
0.585725
0.597977
0.707560
0.708099
0.743423
0.709180
0.763038
0.671525
0.688791
0.650052
0.626966
0.546567
0.598379
0.536012
0.629359
0.554179
0.672730
0.693137
0.567061
0.647754
0.702916
0.590320
0.739962
0.697908
0.569543
0.704844
0.611851
0.617670
0.748653
0.652406
0.733492
0.540928
0.676252
0.684805
0.600767
0.588120
0.570475
0.592964
0.669925
0.687764
0.675558
0.734731
0.738075
0.529168
0.601643
0.585203
0.606243
0.586095
0.638631
0.543628
0.793236
0.640765
0.618900
0.612765
0.684882
0.571557
0.671688
0.608229
0.824284
0.584888
0.658359
0.754251
0.631178
0.696118
0.609298
0.728387
0.667851
0.809820
0.608523
0.612146
0.699781
0.613423
0.695910
0.617206
0.672080
0.695099
0.565252
0.651967
0.760693
0.632992
0.566131
0.643401
0.526134
0.691278
0.638212
0.602273
0.595695
0.591534
0.700895
0.758095
0.550105
0.661767
0.642046
0.671775
0.596238
0.697174
0.587612
0.709005
0.648517
0.624277
0.530456
0.644025
0.561639
0.571952
0.712819
0.576591
0.655423
0.693386
0.605725
0.569988
0.721611
0.726732
0.646990
0.755581
0.558980
0.612680
0.686659
0.593930
0.564270
0.722727
0.515515
0.619032
0.501310
0.645710
0.697195
0.572810
0.583173
0.706280
0.533617
0.770138
0.644926
0.730616
0.681004
0.634498
0.872281
0.606159
0.660281
0.656772
0.703316
0.663623
0.643701
0.650471
0.634340
0.626578
0.728681
0.602657
0.558459
0.619166
0.558893
0.618704
0.625805
0.548756
0.587250
0.673169
0.589091
0.606663
0.604794
0.569653
0.558473
0.728976
0.545140
0.623814
0.594288
0.627083
0.611173
0.697092
0.576796
0.763597
0.615317
0.556999
0.636421
0.627111
0.681876
0.804637
0.554082
0.623132
0.677212
0.619942
0.606815
0.577501
0.545452
0.641868
0.590625
0.709223
0.820610
0.611982
0.652346
0.545225
0.509812
0.561926
0.613382
0.521256
0.482618
0.703351
0.631009
0.637785
0.669239
0.579884
0.573213
0.537480
0.662987
0.611166
0.625187
0.611193
0.603580
0.589493
0.473452
0.706908
0.716947
0.649528
0.565332
0.462603
0.538432
0.630793
0.579151
0.603893
0.570096
0.574609
0.587085
0.674422
0.533424
0.713038
0.566910
0.538722
0.667602
0.607934
0.677322
0.569486
0.531263
0.604119
0.645109
0.653285
0.545621
0.556248
0.619880
0.608037
0.528656
0.663596
0.777203
0.655100
0.591434
0.666575
0.618178
0.634483
0.638896
0.612261
0.590941
0.676554
0.580811
0.562149
0.745664
0.659600
0.564824
0.552271
0.671213
0.598052
0.597583
0.626534
0.579952
0.560425
0.650245
0.658974
0.637914
0.604605
0.665705
0.611538
0.487192
0.586432
0.661195
0.555589
0.650062
0.709073
0.680136
0.671831
0.574822
0.631623
0.523862
0.545249
0.645437
0.595758
0.547495
0.518849
0.646776
0.670277
0.583061
0.486318
0.676584
0.596891
0.566262
0.540542
0.626798
0.696689
0.593636
0.525772
0.606276
0.695512
0.714460
0.585036
0.538382
0.616175
0.518902
0.549995
0.597688
0.523705
0.546295
0.566996
0.602130
0.533444
0.599967
0.607489
0.533656
0.520246
0.582672
0.610553
0.579395
0.497683
0.611484
0.636488
0.672549
0.577836
0.627188
0.675539
0.606512
0.619747
0.562959
0.561546
0.591649
0.627506
0.522506
0.685138
0.549275
0.685736
0.604319
0.564739
0.660900
0.617110
0.618407
0.603643
0.622056
0.616650
0.719228
0.618655
0.604621
0.477809
0.656867
0.586457
0.589759
0.547010
0.614984
0.632636
0.561360
0.651122
0.641077
0.640043
0.748825
0.653095
0.547722
0.666563
0.519754
0.693624
0.552273
0.607829
0.605318
0.558781
0.548923
0.500874
0.654374
0.591390
0.622821
0.576827
0.662717
0.676870
0.499551
0.646506
0.566933
0.687126
0.524469
0.660150
0.654434
0.776437
0.510245
0.586590
0.502767
0.682550
0.628357
0.622914
0.525962
0.575901
0.574370
0.666300
0.678761
0.474345
0.630183
0.669851
0.579896
0.606930
0.580526
0.659979
0.756179
0.680046
0.616348
0.579505
0.587821
0.564309
0.552756
0.609177
0.580422
0.656917
0.665729
0.561080
0.585014
0.599590
0.605882
0.612312
0.679515
0.587261
0.576503
0.633877
0.541246
0.631278
0.565699
0.604147
0.606385
0.525350
0.598287
0.607883
0.703195
0.661258
0.479538
0.504906
0.715556
0.631851
0.552873
0.649006
0.683364
0.616049
0.658032
0.543194
0.721850
0.576616
0.580455
0.549794
0.627996
0.676021
0.675125
0.624148
0.635953
0.581627
0.559305
0.773584
0.615801
0.627876
0.620345
0.586764
0.593904
0.724250
0.604662
0.625414
0.623425
0.643876
0.730943
0.550376
0.598833
0.743049
0.680194
0.576298
0.684598
0.563999
0.577430
0.567621
0.657203
0.573996
0.556136
0.579812
0.608717
0.576583
0.625367
0.680909
0.595259
0.720465
0.689019
0.527543
0.621492
0.523809
0.642795
0.720292
0.638143
0.632333
0.521766
0.547725
0.707017
0.567542
0.584284
0.570107
0.611223
0.536972
0.738372
0.700137
0.607276
0.573019
0.600145
0.694115
0.601061
0.591853
0.681917
0.629638
0.576901
0.586906
0.605301
0.499106
0.528205
0.570472
0.611395
0.590220
0.568023
0.539577
0.527112
0.602066
0.565583
0.501284
0.643069
0.603836
0.461708
0.468311
0.631888
0.578670
0.551599
0.514294
0.645842
0.544006
0.565251
0.472125
0.511131
0.592513
0.522678
0.520795
0.506368
0.557983
0.575609
0.545641
0.663082
0.782664
0.591189
0.458030
0.696172
0.564989
0.621482
0.707734
0.591468
0.592533
0.647891
0.580146
0.515839
0.546726
0.729108
0.638573
0.606203
0.558073
0.657755
0.532085
0.577260
0.714987
0.642265
0.532349
0.483153
0.519121
0.542102
0.543812
0.598322
0.647017
0.605836
0.544356
0.522752
0.615906
0.496544
0.504679
0.665041
0.597000
0.525579
0.605641
0.639102
0.589247
0.477000
0.653075
0.587038
0.568734
0.501331
0.629994
0.546316
0.541848
0.601984
0.561549
0.512108
0.661341
0.596018
0.552804
0.555883
0.605210
0.507464
0.674484
0.599570
0.572702
0.556185
0.564580
0.585145
0.547204
0.500597
0.527921
0.543824
0.605197
0.585807
0.507217
0.771211
0.745961
0.590982
0.550365
0.616139
0.647906
0.636293
0.631674
0.562790
0.589398
0.524592
0.693672
0.506534
0.508201
0.534532
0.597462
0.524241
0.616000
0.649714
0.588942
0.558992
0.628474
0.617256
0.430340
0.588580
0.527964
0.481356
0.714544
0.581504
0.623717
0.630646
0.543278
0.538044
0.518382
0.515932
0.594650
0.728812
0.562853
0.540136
0.625463
0.615562
0.556958
0.672149
0.640688
0.603590
0.570975
0.578418
0.568427
0.607623
0.508443
0.566233
0.498762
0.594602
0.545075
0.519139
0.638975
0.581353
0.564310
0.641623
0.503405
0.575325
0.559579
0.528073
0.587742
0.646605
0.528564
0.522955
0.547654
0.520826
0.560757
0.462256
0.575117
0.523372
0.546457
0.569734
0.524945
0.577968
0.653462
0.599169
0.586888
0.721393
0.623342
0.474396
0.562879
0.581686
0.454636
0.599321
0.620081
0.609133
0.559129
0.552041
0.632012
0.659735
0.713477
0.539452
0.544049
0.545636
0.560768
0.624296
0.717273
0.606596
0.564772
0.531042
0.505984
0.490344
0.560409
0.665356
0.660073
0.657487
0.638014
0.646557
0.565901
0.514435
0.655977
0.482062
0.500205
0.678584
0.560192
0.609840
0.668492
0.531466
0.641081
0.581114
0.464670
0.609333
0.769730
0.691585
0.511143
0.576932
0.579753
0.505792
0.657202
0.527157
0.541824
0.515354
0.587606
0.575339
0.702413
0.598463
0.666201
0.711992
0.532082
0.562835
0.461423
0.732799
0.578407
0.568380
0.540386
0.612110
0.596851
0.522798
0.666973
0.652307
0.537138
0.589208
0.668030
0.529796
0.585231
0.549471
0.581631
0.596297
0.496160
0.558293
0.571347
0.614194
0.513511
0.498580
0.533539
0.584034
0.562843
0.656128
0.566042
0.616684
0.463022
0.543695
0.464510
0.612091
0.580372
0.492381
0.617522
0.534244
0.687469
0.538671
0.647560
0.711139
0.590192
0.516195
0.489954
0.525884
0.603248
0.669367
0.553536
0.517305
0.507503
0.657208
0.551056
0.572028
0.532879
0.624806
0.646507
0.570905
0.552884
0.550913
0.488391
0.545214
0.567194
0.594545
0.577920
0.576638
0.579256
0.705124
0.646071
0.607172
0.499122
0.603544
0.623248
0.555076
0.717682
0.551709
0.662143
0.494837
0.547304
0.524958
0.602515
0.471469
0.478038
0.608218
0.575921
0.590834
0.514511
0.547363
0.590972
0.590908
0.464748
0.550980
0.531892
0.543821
0.585434
0.622908
0.660416
0.572176
0.485153
0.613860
0.554395
0.599995
0.543260
0.532756
0.531412
0.560265
0.493795
0.502806
0.630101
0.589977
0.474410
0.624974
0.516990
0.695091
0.492222
0.574986
0.629632
0.503724
0.566584
0.461865
0.609718
0.622592
0.565657
0.501419
0.605561
0.565997
0.556224
0.535675
0.675964
0.612900
0.574093
0.497894
0.560521
0.457402
0.547640
0.508315
0.483315
0.574098
0.522320
0.516676
0.482285
0.493848
0.643697
0.676037
0.494920
0.567611
0.517780
0.500818
0.512603
0.516605
0.581340
0.551385
0.590570
0.494426
0.495727
0.508143
0.662485
0.532768
0.579296
0.440432
0.522140
0.431775
0.461861
0.556428
0.675517
0.573000
0.518607
0.483831
0.522462
0.595183
0.512855
0.614462
0.520042
0.506616
0.516832
0.574762
0.405114
0.523652
0.580258
0.634647
0.525323
0.500640
0.519574
0.564978
0.510875
0.590461
0.603114
0.543494
0.423124
0.559242
0.496832
0.553770
0.500983
0.638479
0.494303
0.419674
0.568139
0.492309
0.703735
0.462058
0.506277
0.488953
0.549634
0.538581
0.524022
0.574756
0.455615
0.451270
0.584419
0.567927
0.477633
0.518140
0.641501
0.606090
0.649663
0.631891
0.468633
0.523957
0.613470
0.544846
0.602267
0.594942
0.586126
0.523642
0.634769
0.570248
0.580781
0.491277
0.541379
0.508011
0.610329
0.537040
0.468866
0.518906
0.480356
0.515249
0.494198
0.587187
0.546426
0.471203
0.578099
0.553578
0.648378
0.578035
0.491968
0.547661
0.541491
0.600141
0.517896
0.556467
0.506904
0.527562
0.656165
0.556049
0.592683
0.553093
0.508286
0.741294
0.432917
0.464190
0.516214
0.496145
0.490086
0.668925
0.518262
0.528823
0.471170
0.498690
0.559098
0.507443
0.496468
0.500632
0.547123
0.510364
0.502318
0.596186
0.657492
0.487539
0.631634
0.496143
0.623050
0.579844
0.514892
0.656627
0.525160
0.580528
0.524265
0.552620
0.462985
0.418388
0.611277
0.599884
0.515634
0.611827
0.454997
0.509230
0.540610
0.459813
0.492067
0.459401
0.591104
0.678402
0.490643
0.521576
0.571278
0.624504
0.578518
0.495236
0.487327
0.688181
0.453890
0.587196
0.615333
0.625199
0.514373
0.587922
0.618161
0.505861
0.538844
0.471273
0.617471
0.627724
0.626895
0.541336
0.555548
0.534660
0.521825
0.493648
0.527990
0.541531
0.684928
0.615996
0.493908
0.472455
0.590125
0.484188
0.483946
0.585944
0.504048
0.606822
0.515639
0.556892
0.623648
0.628445
0.475980
0.523399
0.510068
0.649743
0.474545
0.550935
0.516244
0.671949
0.598464
0.554051
0.470531
0.595850
0.673811
0.589377
0.597868
0.465491
0.540137
0.503940
0.517208
0.493421
0.549663
0.640665
0.472356
0.491455
0.452121
0.544734
0.493453
0.510639
0.518601
0.515004
0.477611
0.556313
0.603754
0.587850
0.609013
0.527635
0.565071
0.521064
0.534998
0.463611
0.613389
0.575187
0.563343
0.541796
0.577637
0.575991
0.576131
0.629637
0.552838
0.586097
0.534927
0.541040
0.591118
0.499123
0.543078
0.568282
0.634638
0.498288
0.569097
0.550713
0.519762
0.538176
0.494940
0.638590
0.523829
0.543854
0.605887
0.676779
0.447372
0.567222
0.542218
0.583688
0.428807
0.635544
0.552168
0.600586
0.508428
0.570420
0.518428
0.537148
0.638193
0.543980
0.563284
0.517170
0.713669
0.612595
0.509118
0.469755
0.601375
0.511809
0.482146
0.523541
0.489570
0.431051
0.583013
0.546243
0.541521
0.528738
0.446121
0.520921
0.581956
0.549637
0.453094
0.556754
0.583342
0.677451
0.485770
0.508861
0.604465
0.457561
0.448262
0.450304
0.515590
0.497691
0.579588
0.547436
0.434026
0.464842
0.531811
0.433432
0.439010
0.560857
0.463585
0.529063
0.548451
0.517609
0.494505
0.471538
0.451216
0.465298
0.614640
0.441052
0.494723
0.490895
0.514074
0.453159
0.518588
0.570238
0.465896
0.556395
0.443609
0.470455
0.459782
0.467924
0.462763
0.495105
0.516760
0.515305
0.504194
0.481925
0.564927
0.530427
0.478899
0.438735
0.501364
0.506848
0.477032
0.692592
0.474495
0.425755
0.552228
0.515152
0.599754
0.521433
0.603358
0.510129
0.514128
0.604924
0.556590
0.564267
0.507238
0.535728
0.652425
0.522707
0.593521
0.496373
0.557309
0.481903
0.551072
0.478663
0.390421
0.533670
0.517000
0.570570
0.511578
0.509499
0.521891
0.589871
0.504934
0.584242
0.458706
0.535529
0.545995
0.435279
0.532704
0.485421
0.511372
0.490415
0.512346
0.499916
0.561629
0.564577
0.447889
0.469566
0.466324
0.421496
0.535999
0.583090
0.588812
0.540527
0.522058
0.534914
0.537047
0.527733
0.486576
0.432657
0.522462
0.470137
0.543371
0.481609
0.525148
0.611971
0.584005
0.485201
0.505795
0.504472
0.466514
0.457213
0.559616
0.511139
0.430449
0.434897
0.505362
0.569034
0.485390
0.493710
0.489751
0.510487
0.577419
0.521007
0.482981
0.471221
0.517957
0.534036
0.489881
0.598009
0.558695
0.525737
0.518771
0.462417
0.472980
0.556318
0.507877
0.592555
0.750989
0.476583
0.460197
0.557618
0.501351
0.510854
0.493751
0.472025
0.558965
0.454404
0.620903
0.417343
0.557261
0.524813
0.523598
0.463592
0.512636
0.576509
0.524632
0.641524
0.528901
0.648673
0.573904
0.644882
0.501822
0.445560
0.490809
0.514576
0.473936
0.451554
0.463381
0.481613
0.544253
0.669881
0.531294
0.520760
0.517659
0.552125
0.437013
0.630499
0.526166
0.502728
0.490256
0.601956
0.544959
0.473061
0.568817
0.503412
0.481771
0.611386
0.438116
0.523187
0.571703
0.524416
0.552599
0.646413
0.513154
0.532343
0.563743
0.484075
0.429501
0.465379
0.442492
0.524807
0.540259
0.548946
0.472366
0.601745
0.500518
0.519562
0.564760
0.388249
0.580598
0.518802
0.534746
0.560440
0.608564
0.459198
0.589849
0.460835
0.507049
0.476161
0.446499
0.501408
0.510892
0.448616
0.405949
0.520676
0.423230
0.492316
0.422130
0.478044
0.464312
0.483048
0.490673
0.445516
0.510906
0.411366
0.554992
0.534960
0.476735
0.518424
0.565187
0.499687
0.527618
0.599509
0.612160
0.513271
0.482334
0.551209
0.563243
0.453826
0.506764
0.438364
0.545930
0.570205
0.390817
0.493548
0.578363
0.608276
0.457710
0.567008
0.682073
0.555202
0.524155
0.472011
0.456821
0.583022
0.475877
0.446672
0.558033
0.401794
0.539317
0.594176
0.577023
0.553534
0.514283
0.457936
0.496462
0.490483
0.452179
0.528480
0.514484
0.537843
0.408507
0.417607
0.579203
0.481421
0.530917
0.405986
0.479629
0.545902
0.569147
0.478927
0.539883
0.441420
0.498769
0.486615
0.543914
0.496534
0.489137
0.425303
0.557194
0.429020
0.584463
0.508988
0.511766
0.541739
0.571169
0.511595
0.448620
0.574244
0.627044
0.541067
0.554612
0.528886
0.578559
0.478300
0.644244
0.472894
0.537518
0.556514
0.510810
0.552674
0.415001
0.603319
0.481516
0.551071
0.500121
0.594703
0.487975
0.512232
0.436704
0.513702
0.567229
0.511136
0.527781
0.575989
0.505673
0.502800
0.585665
0.565580
0.571430
0.559818
0.656860
0.593962
0.512023
0.478476
0.457345
0.450614
0.460539
0.508526
0.554785
0.468023
0.486599
0.476044
0.544695
0.563489
0.503602
0.480213
0.522470
0.522598
0.491902
0.432705
0.425170
0.500844
0.491835
0.436985
0.493366
0.515733
0.507552
0.633891
0.374169
0.480774
0.443866
0.453318
0.540187
0.448311
0.496927
0.472003
0.451491
0.486603
0.418027
0.485353
0.517830
0.438985
0.438159
0.537010
0.552856
0.373457
0.421677
0.520578
0.621156
0.468667
0.444226
0.414979
0.486947
0.424499
0.555363
0.495119
0.541030
0.450240
0.510482
0.456923
0.457134
0.531325
0.494269
0.451221
0.486346
0.661676
0.565941
0.429556
0.513139
0.508808
0.518457
0.475626
0.559448
0.523435
0.392819
0.472814
0.510211
0.501313
0.495634
0.517248
0.424780
0.427099
0.427300
0.471421
0.525166
0.502360
0.462360
0.519135
0.483337
0.634927
0.398416
0.476661
0.435987
0.516153
0.503184
0.404758
0.446479
0.458236
0.456905
0.494048
0.465374
0.440534
0.445588
0.481717
0.541757
0.425121
0.466014
0.479096
0.682562
0.448308
0.530037
0.547872
0.553082
0.518484
0.510315
0.487391
0.476027
0.432769
0.422286
0.575642
0.521931
0.491802
0.395130
0.455935
0.444842
0.447809
0.585112
0.439880
0.490630
0.485640
0.572936
0.513564
0.554448
0.391757
0.468993
0.438983
0.437095
0.483077
0.484287
0.491279
0.479331
0.518198
0.429435
0.528546
0.410350
0.521944
0.447699
0.421411
0.528943
0.426825
0.478322
0.486347
0.473975
0.400529
0.535314
0.369640
0.457377
0.530298
0.503854
0.432331
0.472169
0.426412
0.444979
0.530824
0.462868
0.643232
0.403841
0.507457
0.487265
0.544741
0.574080
0.591965
0.528024
0.431451
0.482363
0.498242
0.500144
0.436793
0.452235
0.451758
0.485967
0.477333
0.601457
0.585538
0.559544
0.506876
0.554805
0.486201
0.427751
0.460810
0.447032
0.437010
0.508191
0.586042
0.409946
0.589232
0.491452
0.600798
0.476960
0.595838
0.543488
0.563228
0.555554
0.583943
0.382293
0.445149
0.581356
0.520491
0.414127
0.444029
0.494345
0.510135
0.420165
0.435401
0.458426
0.542971
0.527431
0.537029
0.474591
0.639439
0.483749
0.486349
0.496890
0.505258
0.488293
0.454140
0.565770
0.438998
0.424270
0.448275
0.451809
0.507859
0.546431
0.493570
0.458641
0.463196
0.551803
0.501680
0.526398
0.539343
0.409550
0.631630
0.520509
0.385410
0.496993
0.436686
0.478098
0.607783
0.540986
0.481348
0.514765
0.596625
0.484060
0.588156
0.427159
0.445988
0.451675
0.462029
0.487432
0.443067
0.416378
0.520633
0.519384
0.398130
0.491679
0.544887
0.527393
0.519736
0.476980
0.432031
0.522298
0.582509
0.538142
0.479446
0.562164
0.468408
0.448956
0.444343
0.571754
0.466650
0.403909
0.507009
0.472568
0.568343
0.431863
0.460787
0.444367
0.520076
0.509748
0.424915
0.499855
0.560680
0.472059
0.539263
0.419314
0.457115
0.407908
0.543957
0.453847
0.518814
0.427758
0.419612
0.408654
0.384059
0.475082
0.667073
0.506335
0.544201
0.436814
0.408575
0.421783
0.524644
0.538129
0.402500
0.526595
0.426840
0.436981
0.445521
0.508748
0.470068
0.433246
0.479786
0.457732
0.630890
0.481939
0.460943
0.532373
0.465713
0.530253
0.481455
0.543407
0.567948
0.431129
0.493234
0.518973
0.485494
0.600315
0.474697
0.443363
0.491354
0.487044
0.643394
0.561976
0.530890
0.408503
0.627353
0.587305
0.451693
0.522280
0.537741
0.483186
0.473683
0.570374
0.506909
0.484187
0.486205
0.587768
0.417498
0.458570
0.420496
0.493610
0.407343
0.577883
0.410574
0.381561
0.465166
0.492861
0.556484
0.490576
0.489701
0.495085
0.408251
0.428566
0.495937
0.499819
0.412625
0.361884
0.453228
0.408066
0.414722
0.377095
0.416350
0.472685
0.507269
0.429738
0.438439
0.488610
0.432183
0.422558
0.488640
0.404835
0.434421
0.474972
0.463347
0.459098
0.550875
0.537117
0.435566
0.497678
0.481065
0.464852
0.415497
0.446183
0.469242
0.535018
0.498506
0.566931
0.523531
0.506497
0.536641
0.457037
0.364123
0.384121
0.449907
0.503100
0.417530
0.438026
0.431340
0.451345
0.492643
0.478891
0.457400
0.453210
0.388299
0.472848
0.499711
0.411788
0.459573
0.479050
0.470428
0.551820
0.458584
0.434050
0.428629
0.434508
0.438787
0.426983
0.448153
0.455327
0.482396
0.388864
0.484130
0.422860
0.549518
0.423314
0.380870
0.414126
0.464105
0.422987
0.409151
0.447222
0.519352
0.479378
0.376662
0.535221
0.588063
0.515275
0.473860
0.472730
0.526999
0.393894
0.500497
0.478737
0.443716
0.410048
0.443804
0.523853
0.364001
0.442330
0.454015
0.409261
0.496213
0.515542
0.406468
0.462328
0.453963
0.538945
0.486894
0.521820
0.519463
0.386048
0.405970
0.495077
0.435848
0.421995
0.518091
0.483303
0.467486
0.455560
0.504667
0.444451
0.494827
0.461892
0.504875
0.449793
0.383904
0.472526
0.448185
0.457046
0.484506
0.421934
0.623435
0.483196
0.489668
0.475804
0.447303
0.420229
0.517516
0.361066
0.630269
0.458429
0.457621
0.401795
0.459442
0.515443
0.433563
0.514094
0.493284
0.374375
0.421792
0.464639
0.449017
0.432207
0.417754
0.355443
0.462513
0.468028
0.396437
0.478541
0.369192
0.408311
0.438028
0.483315
0.405755
0.498613
0.414447
0.576637
0.423953
0.505691
0.511945
0.544849
0.497566
0.555328
0.443860
0.471287
0.474736
0.482749
0.463673
0.417021
0.568189
0.429403
0.489235
0.399959
0.479688
0.530388
0.395370
0.476758
0.424852
0.576968
0.516779
0.470067
0.499018
0.538391
0.453073
0.460052
0.435224
0.542127
0.443096
0.474611
0.488848
0.466985
0.514558
0.495613
0.508387
0.537234
0.524897
0.497160
0.458302
0.431601
0.445997
0.439124
0.443183
0.440219
0.433344
0.448296
0.388664
0.477481
0.473333
0.533031
0.559014
0.538558
0.532021
0.490402
0.447988
0.460383
0.552300
0.461819
0.493584
0.428200
0.404174
0.490280
0.449862
0.480725
0.431391
0.490113
0.414724
0.422188
0.416044
0.411845
0.422438
0.443086
0.517048
0.426212
0.425442
0.439480
0.469823
0.454988
0.405336
0.429035
0.420070
0.540752
0.394413
0.404240
0.446480
0.510385
0.389524
0.442878
0.400612
0.463618
0.535302
0.587014
0.416251
0.490615
0.472142
0.418384
0.466379
0.486955
0.466677
0.449018
0.489920
0.488785
0.499426
0.519956
0.446760
0.408933
0.456584
0.433632
0.450428
0.436220
0.430068
0.396245
0.361976
0.399447
0.480780
0.380253
0.416596
0.530002
0.446530
0.522260
0.469708
0.452795
0.409640
0.376411
0.479511
0.420124
0.473274
0.439408
0.424480
0.443642
0.467421
0.458846
0.430993
0.417568
0.409056
0.396688
0.489592
0.453431
0.486433
0.472110
0.449928
0.457265
0.531726
0.447562
0.411466
0.383505
0.518228
0.448110
0.422040
0.423684
0.411162
0.416073
0.456697
0.567997
0.473359
0.428388
0.428165
0.422047
0.474095
0.427274
0.516357
0.375699
0.497873
0.401221
0.433798
0.400697
0.577226
0.455468
0.428773
0.385155
0.531607
0.404483
0.420513
0.479615
0.451389
0.420812
0.433119
0.416183
0.559621
0.412492
0.442198
0.457032
0.427466
0.424712
0.443158
0.379952
0.413418
0.458897
0.388283
0.475004
0.428905
0.376432
0.431063
0.350434
0.359674
0.389300
0.492162
0.436181
0.460081
0.520986
0.431851
0.415625
0.425570
0.442629
0.409324
0.417456
0.429608
0.447513
0.486342
0.423503
0.448850
0.380710
0.373752
0.359416
0.452742
0.490867
0.406149
0.452789
0.367615
0.425982
0.495730
0.533530
0.349145
0.508519
0.426916
0.444854
0.401126
0.427507
0.426740
0.420538
0.456854
0.367884
0.444397
0.433997
0.417885
0.452689
0.446473
0.396852
0.499235
0.358047
0.484221
0.435111
0.479973
0.392018
0.399912
0.579426
0.493742
0.459179
0.481165
0.414156
0.429210
0.507415
0.365953
0.421452
0.428830
0.412521
0.489771
0.371452
0.403383
0.446158
0.414001
0.433548
0.462603
0.463289
0.426871
0.424551
0.408767
0.425621
0.419603
0.396621
0.442388
0.404837
0.406573
0.379012
0.494469
0.413091
0.396068
0.378825
0.425817
0.350558
0.428886
0.536520
0.360787
0.409704
0.427141
0.376817
0.363975
0.449819
0.414222
0.363733
0.453342
0.462418
0.423752
0.376087
0.431402
0.454635
0.406175
0.440377
0.345176
0.443521
0.412901
0.426916
0.461832
0.449365
0.496507
0.494465
0.400072
0.459455
0.429413
0.441418
0.400483
0.372039
0.477019
0.419441
0.514346
0.420508
0.468824
0.373209
0.561789
0.411198
0.414037
0.358332
0.443341
0.440959
0.426381
0.403635
0.434545
0.458011
0.382496
0.525912
0.508256
0.441308
0.490117
0.433930
0.420325
0.569239
0.502319
0.422597
0.428518
0.364290
0.402701
0.314214
0.387735
0.531106
0.531235
0.357054
0.414013
0.454138
0.426636
0.452523
0.383237
0.467757
0.443031
0.511775
0.393178
0.452786
0.419437
0.578552
0.448554
0.373389
0.514044
0.440731
0.323739
0.543427
0.356828
0.357449
0.396991
0.411526
0.451141
0.460557
0.547386
0.377802
0.452854
0.482423
0.396500
0.395348
0.365983
0.447566
0.452207
0.402908
0.447737
0.493513
0.462524
0.456958
0.437256
0.434809
0.462933
0.502565
0.405993
0.517055
0.510197
0.458404
0.456029
0.453866
0.491749
0.403163
0.374696
0.512174
0.453754
0.435265
0.440349
0.549047
0.477680
0.484852
0.430207
0.354221
0.439573
0.433312
0.409603
0.507717
0.399024
0.549872
0.377125
0.431564
0.395285
0.454395
0.435259
0.353299
0.445456
0.424137
0.413202
0.461793
0.438929
0.439876
0.524692
0.471593
0.393420
0.401479
0.444004
0.412584
0.493280
0.405336
0.399388
0.395105
0.372834
0.417463
0.429284
0.435283
0.448564
0.471557
0.383669
0.397351
0.379579
0.436656
0.554348
0.395572
0.451728
0.573030
0.418774
0.425002
0.393435
0.412487
0.429533
0.446825
0.411055
0.406248
0.411970
0.403064
0.491557
0.512965
0.408664
0.448643
0.393789
0.535373
0.460796
0.401772
0.424130
0.531795
0.416006
0.456968
0.359096
0.425065
0.459963
0.430737
0.393632
0.441465
0.413865
0.432179
0.422212
0.424162
0.485210
0.410080
0.470340
0.494084
0.413691
0.395115
0.480465
0.520400
0.434552
0.398089
0.447601
0.552742
0.414562
0.469628
0.411878
0.420352
0.444450
0.452326
0.400878
0.404152
0.417130
0.408262
0.485762
0.452810
0.449308
0.375487
0.450240
0.508462
0.399714
0.379905
0.426098
0.414370
0.451717
0.499587
0.481089
0.418411
0.441509
0.420868
0.395299
0.354121
0.435168
0.386313
0.483557
0.434628
0.425787
0.453807
0.554356
0.413444
0.445834
0.370230
0.521107
0.418001
0.484872
0.456379
0.359408
0.467403
0.480773
0.394279
0.465672
0.427267
0.404652
0.405635
0.427675
0.390695
0.469080
0.450459
0.387882
0.421169
0.392149
0.486058
0.427221
0.455864
0.511084
0.422290
0.440455
0.411558
0.470353
0.373158
0.432603
0.419871
0.452246
0.438305
0.500697
0.349494
0.458369
0.338168
0.478855
0.466067
0.436310
0.369616
0.374889
0.383013
0.435971
0.462421
0.486211
0.386852
0.455402
0.403455
0.407714
0.416013
0.371956
0.489774
0.492233
0.375908
0.347517
0.379325
0.408271
0.416735
0.438536
0.401096
0.418713
0.424560
0.520194
0.397936
0.387018
0.409194
0.395083
0.453441
0.344578
0.474424
0.384439
0.442319
0.393921
0.372484
0.532379
0.486627
0.357126
0.348786
0.385758
0.437234
0.467206
0.414188
0.414764
0.506308
0.449019
0.443482
0.397152
0.456722
0.325109
0.430795
0.393787
0.441011
0.451118
0.375171
0.430410
0.428578
0.387093
0.392725
0.368070
0.425379
0.366184
0.426322
0.430899
0.392379
0.367267
0.368590
0.369144
0.335275
0.400872
0.378218
0.389243
0.433881
0.390023
0.456743
0.321747
0.521882
0.416618
0.355267
0.353017
0.428101
0.411022
0.467277
0.406053
0.412098
0.418271
0.377109
0.470344
0.447304
0.402682
0.464310
0.477037
0.443201
0.449382
0.435914
0.491187
0.369412
0.343796
0.417007
0.348091
0.425020
0.452202
0.468635
0.390937
0.415008
0.381667
0.388061
0.404894
0.397301
0.439329
0.355215
0.465145
0.340393
0.479382
0.408330
0.403397
0.417121
0.396336
0.449318
0.428606
0.345933
0.426446
0.427361
0.415574
0.451520
0.336953
0.358583
0.382668
0.592446
0.408667
0.499800
0.446264
0.503974
0.401807
0.406641
0.379676
0.391448
0.364472
0.443709
0.475382
0.428886
0.470884
0.424356
0.424769
0.370816
0.411573
0.402071
0.404209
0.382131
0.376676
0.485309
0.431159
0.428235
0.423434
0.471975
0.352045
0.473330
0.404482
0.362102
0.402884
0.407445
0.482607
0.451133
0.480311
0.420009
0.454375
0.377567
0.416583
0.340180
0.414684
0.455086
0.470678
0.390109
0.408961
0.387384
0.400208
0.467861
0.330234
0.413078
0.425663
0.405046
0.439031
0.381278
0.482520
0.406217
0.414706
0.393204
0.417929
0.411337
0.402949
0.383919
0.433858
0.463596
0.388198
0.406383
0.388169
0.475550
0.435031
0.449057
0.435904
0.426833
0.394383
0.420686
0.427397
0.422688
0.379885
0.447191
0.436468
0.415873
0.512660
0.454543
0.402774
0.478909
0.442575
0.481140
0.507696
0.402793
0.426358
0.413622
0.383367
0.402822
0.397413
0.422761
0.412892
0.411663
0.412226
0.387874
0.394678
0.384184
0.475020
0.344089
0.419399
0.346377
0.393457
0.463499
0.472485
0.430166
0.441853
0.403761
0.364913
0.438230
0.405191
0.451855
0.439471
0.405158
0.459761
0.336021
0.521533
0.401327
0.351272
0.493284
0.378776
0.451967
0.481813
0.440140
0.438889
0.459757
0.398908
0.365889
0.434144
0.412918
0.416053
0.402365
0.443179
0.414637
0.446911
0.460215
0.403851
0.427209
0.493674
0.513338
0.408783
0.404748
0.490504
0.361144
0.389994
0.376554
0.486316
0.456315
0.337313
0.463730
0.424434
0.421330
0.469119
0.445824
0.390296
0.347172
0.405239
0.425030
0.444906
0.451570
0.399489
0.432656
0.452647
0.397666
0.521474
0.412806
0.388370
0.405204
0.470274
0.439283
0.383825
0.451724
0.441334
0.410749
0.374335
0.432363
0.429062
0.429472
0.368097
0.423045
0.416981
0.456638
0.381922
0.411889
0.388814
0.371702
0.513732
0.393171
0.439599
0.420309
0.514117
0.342023
0.381527
0.376809
0.369142
0.411289
0.443037
0.394686
0.395493
0.357758
0.471441
0.387262
0.374521
0.350555
0.398033
0.414182
0.396355
0.373229
0.326791
0.409895
0.375470
0.441207
0.396560
0.400739
0.454780
0.402561
0.348410
0.366515
0.357446
0.384907
0.417061
0.365233
0.359291
0.422230
0.397083
0.391925
0.399898
0.342617
0.347294
0.420257
0.389059
0.331649
0.439358
0.412029
0.422775
0.450333
0.457052
0.456068
0.333304
0.443328
0.412619
0.383557
0.408069
0.449858
0.392500
0.431791
0.399308
0.401264
0.419088
0.413385
0.415919
0.368228
0.339338
0.510767
0.418872
0.432550
0.463883
0.399830
0.379950
0.450052
0.489157
0.371149
0.424919
0.397125
0.346630
0.398960
0.423204
0.402075
0.424587
0.396328
0.370652
0.388191
0.364187
0.404862
0.443780
0.407074
0.376858
0.415176
0.432297
0.396335
0.407136
0.445985
0.419203
0.430953
0.483930
0.350854
0.346509
0.376135
0.414609
0.403864
0.403560
0.360134
0.363391
0.443955
0.369487
0.379066
0.417323
0.517339
0.350980
0.431728
0.398935
0.383975
0.425542
0.379481
0.509749
0.364509
0.398687
0.479754
0.326142
0.441187
0.372134
0.392406
0.396493
0.340193
0.371605
0.401181
0.362968
0.413614
0.358161
0.409615
0.361662
0.393312
0.482648
0.456139
0.391458
0.460369
0.348847
0.347653
0.323461
0.404258
0.415927
0.407711
0.357812
0.344434
0.504780
0.420891
0.349786
0.407553
0.411819
0.382486
0.382611
0.369770
0.364005
0.439476
0.354481
0.443167
0.337969
0.373241
0.362465
0.385984
0.428045
0.383239
0.469319
0.504696
0.422326
0.379569
0.387812
0.411006
0.423206
0.404614
0.336216
0.367047
0.381221
0.456697
0.389019
0.385394
0.472037
0.343228
0.396782
0.414853
0.418751
0.421027
0.430582
0.370915
0.410314
0.501187
0.407234
0.376086
0.390903
0.396801
0.373661
0.463367
0.330261
0.427905
0.444522
0.360065
0.377527
0.401002
0.371220
0.346727
0.354666
0.386082
0.406335
0.374115
0.475840
0.429898
0.374399
0.408213
0.384525
0.427224
0.420681
0.388953
0.373053
0.408757
0.436974
0.377710
0.362575
0.367520
0.351074
0.433730
0.406328
0.324976
0.371554
0.356468
0.384566
0.478793
0.365683
0.419234
0.415085
0.327944
0.377698
0.363102
0.435357
0.357318
0.455986
0.347259
0.411983
0.361730
0.380705
0.371438
0.454364
0.418672
0.370202
0.420095
0.354728
0.470722
0.407187
0.425682
0.458572
0.402425
0.364562
0.420498
0.416433
0.449570
0.413655
0.389363
0.404150
0.368358
0.490163
0.435440
0.384832
0.442933
0.420313
0.442836
0.380346
0.433130
0.387104
0.411481
0.406934
0.392132
0.346956
0.404462
0.359320
0.412445
0.365284
0.423678
0.431127
0.374558
0.424948
0.439689
0.429424
0.460253
0.390538
0.478669
0.381750
0.404176
0.353374
0.347125
0.395726
0.359063
0.415727
0.431549
0.429585
0.382250
0.327922
0.447661
0.470304
0.412646
0.333872
0.378903
0.354439
0.392391
0.425185
0.350449
0.360154
0.351090
0.345474
0.433040
0.355928
0.474165
0.361255
0.423123
0.341205
0.508197
0.431123
0.422032
0.388246
0.384893
0.364388
0.426349
0.409086
0.357791
0.318729
0.368601
0.344219
0.409733
0.460892
0.404823
0.362760
0.469162
0.360370
0.360703
0.371370
0.399985
0.396258
0.447510
0.437530
0.411100
0.424554
0.401562
0.422606
0.414282
0.354045
0.451821
0.347244
0.347605
0.392734
0.370216
0.400599
0.406635
0.368906
0.376386
0.399837
0.483297
0.355159
0.358071
0.386114
0.369556
0.460772
0.376991
0.426213
0.348241
0.395979
0.361705
0.394360
0.384775
0.402746
0.389441
0.425718
0.399735
0.429869
0.376903
0.500673
0.387727
0.357407
0.454526
0.365548
0.366232
0.358193
0.339382
0.423457
0.468017
0.351803
0.363620
0.454440
0.374578
0.434392
0.352735
0.400914
0.379811
0.337887
0.342935
0.373397
0.434566
0.361322
0.360452
0.432619
0.416433
0.384089
0.424767
0.403957
0.389492
0.404180
0.388579
0.464153
0.399185
0.366363
0.381236
0.373569
0.391725
0.399880
0.404364
0.403004
0.351739
0.481021
0.331362
0.380922
0.346140
0.542338
0.359252
0.371601
0.432113
0.327966
0.482515
0.365634
0.417988
0.332015
0.337379
0.364434
0.371875
0.357525
0.375479
0.337975
0.355552
0.359886
0.362138
0.455779
0.409500
0.362948
0.400984
0.373710
0.379474
0.395653
0.399569
0.337051
0.341586
0.409897
0.448380
0.420390
0.407477
0.369778
0.387834
0.401607
0.431045
0.354153
0.395300
0.425931
0.358944
0.361775
0.391644
0.450745
0.364106
0.450469
0.382673
0.463255
0.362746
0.355675
0.405418
0.478157
0.401840
0.429992
0.374854
0.392374
0.408253
0.375947
0.378837
0.372552
0.452247
0.389308
0.350315
0.401371
0.356504
0.419005
0.454428
0.471777
0.349631
0.382926
0.391514
0.355690
0.479468
0.447958
0.420807
0.387512
0.369291
0.406145
0.348778
0.435972
0.376385
0.350538
0.429810
0.382694
0.389098
0.334332
0.380505
0.361119
0.364609
0.381284
0.349062
0.384459
0.450858
0.498319
0.367992
0.428400
0.358152
0.359127
0.412805
0.386748
0.377799
0.433906
0.406173
0.452029
0.430178
0.335821
0.350544
0.322420
0.408577
0.325804
0.416358
0.383473
0.495710
0.409199
0.428819
0.339567
0.356509
0.350029
0.403956
0.373916
0.416346
0.379893
0.305129
0.388680
0.376209
0.426664
0.408298
0.345642
0.325689
0.445100
0.380490
0.456193
0.397274
0.359799
0.386417
0.376923
0.344583
0.403292
0.379966
0.350696
0.430989
0.341730
0.372464
0.434863
0.318443
0.349308
0.503515
0.362441
0.386614
0.415148
0.420958
0.348203
0.426734
0.468197
0.464369
0.377469
0.405134
0.381878
0.449657
0.383125
0.415550
0.354604
0.415496
0.346872
0.365556
0.325191
0.349028
0.384303
0.355414
0.334484
0.422517
0.434268
0.412298
0.376116
0.393357
0.387974
0.368611
0.385971
0.378546
0.365344
0.439161
0.408577
0.378162
0.369739
0.440212
0.398984
0.402268
0.441420
0.386874
0.356938
0.411928
0.340374
0.393836
0.418789
0.396254
0.332661
0.388447
0.395915
0.393669
0.394769
0.364014
0.451529
0.320303
0.374514
0.332795
0.386685
0.436167
0.441575
0.384163
0.378184
0.358331
0.374486
0.379955
0.351483
0.409173
0.386616
0.354485
0.414913
0.462087
0.403012
0.354993
0.379050
0.389192
0.417777
0.371210
0.459463
0.415705
0.443154
0.380906
0.443726
0.361111
0.363147
0.357062
0.340584
0.364519
0.428249
0.383971
0.348832
0.443564
0.388751
0.343665
0.464755
0.389028
0.408961
0.391314
0.344065
0.485131
0.401355
0.367024
0.394451
0.369291
0.427863
0.426647
0.329616
0.414744
0.369375
0.330219
0.335593
0.376497
0.437643
0.410919
0.373774
0.403644
0.393132
0.404681
0.377610
0.382123
0.441064
0.436026
0.428595
0.402883
0.425534
0.479481
0.341743
0.414335
0.389084
0.446199
0.403719
0.358469
0.340609
0.391509
0.344626
0.450440
0.466007
0.374875
0.383403
0.413324
0.343391
0.417114
0.465218
0.392202
0.324476
0.426306
0.395665
0.393996
0.374040
0.374237
0.452027
0.367885
0.376699
0.368320
0.336809
0.375450
0.396503
0.312383
0.327776
0.380558
0.328629
0.344588
0.346041
0.403796
0.336481
0.441773
0.348118
0.416966
0.432832
0.318095
0.354712
0.419385
0.397834
0.413583
0.456018
0.382283
0.375569
0.374630
0.346343
0.438816
0.392817
0.368473
0.332349
0.347995
0.407773
0.459031
0.437241
0.359922
0.434506
0.346367
0.356907
0.389649
0.380977
0.407148
0.362538
0.368292
0.363818
0.358917
0.428147
0.338582
0.398887
0.422064
0.351812
0.414316
0.374786
0.479615
0.370325
0.359680
0.327752
0.386954
0.361339
0.393490
0.381641
0.370641
0.399165
0.316736
0.400347
0.422221
0.346778
0.368108
0.432074
0.407471
0.404782
0.345083
0.342267
0.347997
0.457293
0.414168
0.346113
0.416237
0.339547
0.379253
0.358982
0.453724
0.452617
0.388082
0.407288
0.373504
0.452026
0.366988
0.343587
0.394531
0.365930
0.394874
0.338849
0.404828
0.408233
0.364379
0.357710
0.346903
0.370254
0.371729
0.393869
0.396400
0.370997
0.343480
0.383397
0.331930
0.438267
0.337905
0.374438
0.340618
0.349881
0.330646
0.402311
0.390945
0.372325
0.323589
0.329124
0.368311
0.349653
0.350967
0.365835
0.366924
0.393545
0.363496
0.349788
0.416955
0.380352
0.352128
0.350115
0.327528
0.359468
0.361181
0.404534
0.353434
0.366294
0.366204
0.467998
0.444377
0.394390
0.412772
0.427379
0.365097
0.350006
0.437344
0.381666
0.352039
0.409696
0.371247
0.408080
0.445937
0.419506
0.340911
0.466122
0.364537
0.362089
0.332036
0.407019
0.364379
0.401841
0.354456
0.386158
0.381776
0.443089
0.424965
0.337823
0.365762
0.422182
0.337506
0.418102
0.382144
0.394584
0.441381
0.390147
0.359024
0.419344
0.363587
0.323047
0.333241
0.373822
0.376358
0.359271
0.382779
0.422496
0.431894
0.360742
0.435957
0.357323
0.403411
0.362800
0.379779
0.382540
0.371341
0.394315
0.342798
0.394180
0.352174
0.345286
0.349708
0.393679
0.354747
0.368483
0.366480
0.394320
0.403051
0.347660
0.398746
0.358538
0.349711
0.428900
0.433432
0.345917
0.381080
0.369489
0.372191
0.394510
0.381792
0.488278
0.357003
0.392362
0.390808
0.355292
0.378789
0.347815
0.359577
0.369470
0.383822
0.336624
0.366138
0.366542
0.335420
0.383992
0.367314
0.367624
0.393594
0.400463
0.324383
0.390328
0.360362
0.361183
0.348971
0.494946
0.384170
0.411241
0.409456
0.341127
0.432112
0.380025
0.358789
0.428885
0.422759
0.432737
0.410775
0.341433
0.398525
0.345246
0.347524
0.351543
0.417396
0.407347
0.346969
0.379500
0.342168
0.417186
0.337539
0.439912
0.430482
0.376510
0.353973
0.466445
0.373355
0.403258
0.401519
0.399468
0.365567
0.425314
0.313366
0.377492
0.395839
0.438470
0.391718
0.394455
0.384244
0.391429
0.364126
0.354672
0.387504
0.408392
0.497768
0.327978
0.374538
0.413745
0.356454
0.383898
0.431422
0.367132
0.366915
0.366922
0.395378
0.379757
0.382782
0.358721
0.388395
0.378325
0.379977
0.383014
0.371288
0.407295
0.359224
0.423370
0.440624
0.356008
0.446066
0.324865
0.382105
0.399592
0.455237
0.439222
0.371259
0.390462
0.400598
0.342138
0.407349
0.384779
0.419030
0.364030
0.354261
0.395993
0.334059
0.433987
0.400908
0.361577
0.334615
0.381447
0.351114
0.388956
0.395659
0.402319
0.419686
0.317644
0.357979
0.350357
0.404286
0.417448
0.409045
0.373764
0.362614
0.374277
0.375076
0.329087
0.410151
0.395987
0.364073
0.422599
0.348398
0.368239
0.353300
0.359097
0.330840
0.350140
0.358016
0.330145
0.357811
0.437344
0.358275
0.314682
0.354652
0.399095
0.345082
0.354840
0.404442
0.413462
0.395953
0.371570
0.386590
0.366439
0.381678
0.335540
0.378284
0.369837
0.357154
0.402506
0.382994
0.365152
0.366683
0.349273
0.346353
0.364074
0.375939
0.355568
0.370671
0.333986
0.402777
0.370533
0.423899
0.424749
0.345762
0.372525
0.360866
0.335457
0.384582
0.368042
0.335147
0.397336
0.417277
0.346437
0.351679
0.368212
0.327747
0.387461
0.342661
0.371845
0.458487
0.337456
0.384778
0.411879
0.417820
0.375232
0.354710
0.350884
0.336132
0.405084
0.417975
0.370202
0.356919
0.353026
0.405850
0.404558
0.428082
0.388459
0.393864
0.376246
0.391450
0.365701
0.363482
0.312873
0.381679
0.381550
0.305600
0.374118
0.388217
0.395961
0.384088
0.342889
0.323809
0.352529
0.402058
0.366987
0.355483
0.428755
0.396443
0.386412
0.377358
0.313560
0.452693
0.388361
0.374047
0.370743
0.382851
0.402968
0.411327
0.333415
0.372211
0.370304
0.329114
0.383193
0.335930
0.365240
0.411331
0.424135
0.388829
0.367929
0.319858
0.336431
0.409312
0.370346
0.424612
0.385857
0.408121
0.380750
0.355943
0.409501
0.335671
0.419625
0.414222
0.370213
0.425093
0.394312
0.390129
0.389218
0.376525
0.319113
0.409601
0.447511
0.380697
0.358676
0.476723
0.333996
0.339288
0.397490
0.305340
0.415160
0.307992
0.462386
0.363675
0.366279
0.359091
0.431676
0.341528
0.495751
0.337685
0.336717
0.408629
0.346154
0.356933
0.407635
0.401467
0.386671
0.342829
0.379891
0.350035
0.349166
0.333630
0.355867
0.375059
0.345923
0.411356
0.443614
0.409446
0.392997
0.371218
0.357905
0.376365
0.349457
0.380450
0.382234
0.365536
0.328028
0.396642
0.382462
0.321860
0.372618
0.356169
0.380323
0.343802
0.378702
0.403381
0.367033
0.357621
0.393445
0.350761
0.431664
0.372326
0.330513
0.320043
0.371681
0.398003
0.350982
0.383230
0.404535
0.352196
0.369695
0.349627
0.306187
0.395827
0.353919
0.350371
0.354397
0.307006
0.370617
0.371464
0.342295
0.350832
0.355738
0.340803
0.345115
0.365420
0.356956
0.432380
0.459314
0.354506
0.370295
0.390492
0.412094
0.343847
0.386096
0.313551
0.365632
0.377822
0.355184
0.461233
0.427094
0.360851
0.348933
0.375235
0.491009
0.369430
0.347799
0.388418
0.362422
0.437325
0.307446
0.369759
0.445067
0.340385
0.366119
0.426347
0.365224
0.365558
0.352743
0.459615
0.346319
0.339065
0.343600
0.426602
0.411368
0.382544
0.396507
0.339966
0.385861
0.385948
0.371175
0.426422
0.390005
0.340394
0.353600
0.340811
0.455613
0.354197
0.408601
0.367743
0.480277
0.389985
0.343690
0.321478
0.354546
0.355759
0.344838
0.378169
0.369550
0.361982
0.327749
0.367706
0.348279
0.363677
0.340169
0.333949
0.323295
0.372491
0.385345
0.367350
0.347017
0.429454
0.365208
0.376764
0.382429
0.380187
0.429447
0.398862
0.378432
0.345535
0.406717
0.402527
0.380138
0.384344
0.367884
0.363529
0.448107
0.341427
0.334928
0.410530
0.361664
0.389602
0.443105
0.396514
0.533266
0.371103
0.364685
0.351540
0.370666
0.425148
0.466569
0.304145
