4.839422
4.941597
4.809718
4.678216
4.794057
4.712891
4.621230
4.601377
4.552231
4.529864
4.530821
4.457454
4.446697
4.483637
4.298726
4.262847
4.278712
4.310209
4.229169
4.111732
4.099413
4.240824
4.043719
4.089379
3.983909
3.986563
4.035490
3.918129
4.138283
3.905567
3.854421
3.793904
3.851705
3.850089
3.741667
3.753715
3.776371
3.691207
3.559303
3.631488
3.560161
3.628441
3.487525
3.568065
3.525750
3.621151
3.466170
3.484141
3.469927
3.486874
3.384682
3.469141
3.373599
3.416544
3.255307
3.270631
3.450225
3.329780
3.422376
3.247345
3.230892
3.406705
3.296937
3.263880
3.432500
3.312855
3.146499
3.324234
3.415344
3.269681
3.191972
3.121154
3.088959
3.168281
3.037171
3.185577
3.014309
3.271433
2.990439
3.304857
3.102916
3.083842
3.234792
3.100446
3.116272
2.985301
3.019954
3.046347
3.205269
3.065117
2.974330
3.070021
2.914506
3.060967
3.011122
2.993215
2.967068
2.837678
2.960341
2.905485
3.012658
2.992179
3.030517
2.957999
2.962569
3.065674
2.931075
2.930828
3.042726
2.862409
2.846517
2.989681
2.882861
2.813947
2.894721
2.940531
2.870385
2.991057
2.849815
2.775392
2.790432
2.954872
2.869728
2.886055
2.874430
2.769915
2.858897
2.794803
2.969403
2.835952
3.011387
2.917918
2.733007
2.830445
2.770821
2.716124
2.699411
2.689328
2.855023
2.985835
2.870957
2.778041
2.811715
2.660957
2.728479
2.775521
2.931312
2.878537
2.676044
2.890475
2.726191
2.697692
2.758523
2.906711
2.764246
2.844799
2.653682
2.610383
2.774381
2.747185
2.857917
2.663325
2.858649
2.788556
2.608600
2.727919
2.786445
2.771574
2.815179
2.698211
2.812908
2.729981
2.640859
2.677678
2.727029
2.599192
2.605721
2.543692
2.598968
2.804153
2.710391
2.640771
2.659686
2.601544
2.467813
2.531998
2.789400
2.587662
2.507296
2.726673
2.524827
2.617418
2.634592
2.581061
2.601740
2.646571
2.554596
2.565091
2.581382
2.594478
2.603752
2.561673
2.595567
2.613160
2.494944
2.617996
2.506887
2.649414
2.694516
2.503894
2.524400
2.511462
2.373350
2.614435
2.590502
2.620189
2.452714
2.590549
2.417881
2.489120
2.490222
2.592885
2.418359
2.441312
2.660127
2.588886
2.503212
2.475632
2.450536
2.422654
2.485543
2.488618
2.412743
2.441223
2.592619
2.579602
2.434703
2.524704
2.387401
2.490551
2.529680
2.322859
2.452932
2.556826
2.383728
2.651300
2.474227
2.440947
2.582129
2.457033
2.366078
2.329910
2.461988
2.444677
2.668633
2.351797
2.419713
2.415571
2.251340
2.507047
2.572779
2.343293
2.555592
2.312893
2.467709
2.383547
2.479254
2.470830
2.481153
2.441253
2.454677
2.348923
2.288049
2.360121
2.403901
2.633488
2.431367
2.417589
2.444585
2.293581
2.549330
2.339735
2.425000
2.349055
2.312064
2.450582
2.441351
2.520172
2.389116
2.495940
2.403790
2.299930
2.480155
2.340252
2.284430
2.392812
2.277048
2.360327
2.355670
2.260038
2.340058
2.359806
2.331345
2.319699
2.330002
2.436059
2.384072
2.319092
2.451311
2.296964
2.477103
2.381201
2.410478
2.324929
2.185844
2.368821
2.246079
2.406520
2.356504
2.197435
2.236487
2.273918
2.257457
2.236838
2.296310
2.243044
2.335227
2.253967
2.266032
2.223554
2.260339
2.276452
2.296803
2.282142
2.176012
2.247470
2.158412
2.233570
2.165603
2.217957
2.265426
2.207908
2.037823
2.189521
2.321689
2.141197
2.247535
2.173510
2.260686
2.201915
2.320008
2.255999
2.261466
2.117368
2.321388
2.400419
2.268642
2.210620
2.236901
2.184457
2.202850
2.219088
2.203534
2.258597
2.146947
2.316477
2.077972
2.398414
2.327119
2.159715
2.116587
2.340147
2.272086
2.040815
2.254216
2.277325
2.048054
2.117771
2.068405
2.167730
2.080883
2.117315
2.082310
2.146586
2.100531
2.196996
1.863403
2.200588
2.123682
1.933578
2.140644
2.080907
2.250510
2.180803
2.188962
2.242995
2.159933
2.062169
2.129538
2.144762
2.170328
2.175309
2.003482
2.025147
2.220198
2.143211
2.127220
2.050899
1.945073
2.027609
1.908831
2.073656
2.105682
1.981220
1.964460
2.048487
1.962063
2.014121
2.214652
2.032756
2.084481
2.057554
1.944589
2.015361
2.106064
2.198151
2.117456
2.013664
2.034155
2.033585
2.279427
2.016068
1.973795
2.030005
2.134580
2.154483
2.196606
2.091082
2.140720
2.181707
1.976498
2.066865
2.206122
2.098643
2.093393
2.046239
2.064193
2.009559
2.193711
1.972977
2.107354
2.042633
1.966622
2.086698
1.981152
2.090603
1.890557
2.171314
2.072713
1.976256
2.008658
2.007920
1.997314
2.063982
1.910348
2.020082
2.215083
2.041332
2.090824
1.951881
1.983092
1.944185
1.947479
2.005611
2.004294
1.889361
1.999029
2.156186
2.011127
1.978227
1.801095
2.068680
2.047679
2.017817
1.906900
1.983398
1.979881
1.923383
2.029394
1.996482
1.927800
2.038494
1.915504
1.972937
2.070341
2.051032
1.943562
2.059133
1.988314
2.046088
2.077122
1.966718
1.941880
2.076671
2.138919
1.941129
1.894963
1.991310
1.870279
1.926680
1.794053
2.064144
1.957333
2.038720
1.894183
1.849064
1.847846
1.947164
2.069543
1.988844
2.036262
1.873375
1.921931
2.140394
2.118410
1.954483
1.700260
2.115119
1.901263
1.989918
1.903012
1.970545
1.976585
1.856668
1.962298
1.859278
1.991613
1.730803
2.134183
1.909510
1.848684
2.104600
1.741461
1.820224
1.830199
1.899349
1.902565
1.774508
1.966563
2.052370
1.953462
1.862919
2.143954
1.791439
1.927532
1.928738
1.976668
1.857970
1.827859
1.813758
1.780786
1.956232
1.752474
1.851218
1.826891
1.779428
2.153660
1.866725
1.858857
1.828463
1.926246
1.691774
1.725046
1.764356
1.900565
1.842341
1.856649
1.848927
1.682892
1.882606
1.735931
1.944523
2.051315
1.642929
1.832538
1.921264
1.850685
1.793980
1.956267
1.859196
1.942318
1.780884
1.850970
1.683087
1.719555
1.739167
1.873039
1.955128
1.778399
1.841150
1.934222
1.955529
1.883894
1.834497
1.972547
1.882746
1.915983
1.842689
1.826992
1.890234
1.979405
2.093698
1.830781
1.918358
1.965580
1.974241
1.812423
1.814292
2.025834
1.788731
1.854402
1.760655
1.872372
1.780645
1.728652
1.791016
1.617264
1.744443
1.619565
1.691180
1.817517
1.595905
1.742117
1.825039
1.673082
1.975365
1.833002
1.837513
1.822782
1.887181
1.801265
1.710209
1.757248
1.918531
1.839762
1.834803
1.771019
1.743150
1.903275
1.874975
1.998645
1.605058
1.801346
1.772225
1.829458
1.941391
1.737878
1.778797
1.810953
1.858185
1.791026
1.854342
1.735594
1.779887
1.720811
1.772333
1.666587
1.701862
1.828725
1.698176
1.774738
1.671652
1.715488
1.791962
1.795863
1.731110
1.778535
1.842147
1.924576
1.822947
1.826661
1.713475
1.746952
1.762917
1.701951
1.733861
1.778936
1.823373
1.757543
1.804263
1.868103
1.757548
1.785793
1.758448
1.651028
1.920351
1.951190
1.831481
1.957586
1.767123
2.032619
1.730211
1.702352
1.819384
1.711861
1.844600
1.847843
1.935104
1.711396
1.714421
1.794213
1.761183
1.773216
1.739805
1.695538
1.783304
1.832920
1.870132
1.844484
1.861569
1.730688
1.537036
1.672707
1.494883
1.796219
1.771481
1.691974
1.694659
1.799890
1.700164
1.739180
1.729896
1.714390
1.720712
1.787460
1.763936
1.600513
1.744097
1.656142
1.770267
1.771224
1.839129
1.825018
1.656092
1.887447
1.730861
1.692542
1.678868
1.747612
1.591060
1.721708
1.707421
1.754816
1.720558
1.568818
1.659021
1.695178
2.018016
1.725226
1.553704
1.586558
1.693945
1.631669
1.743235
1.813325
1.479557
1.744744
1.805195
1.706514
1.693539
1.539868
1.773669
1.839619
1.687451
1.695890
1.495717
1.642756
1.842440
1.568202
1.591695
1.699646
1.886809
1.675625
1.708305
1.701465
1.724392
1.549291
1.731103
1.909630
1.633314
1.677777
1.901345
1.695553
1.714214
1.700269
1.706776
1.726878
1.683178
1.654629
1.743131
1.621683
1.712561
1.716838
1.752333
1.828304
1.723308
1.692433
1.581625
1.567363
1.720900
1.730011
1.928732
1.657059
1.663933
1.659703
1.699653
1.696366
1.688548
1.600990
1.600161
1.596456
1.819860
1.819394
1.942205
1.511048
1.592062
1.567891
1.577136
1.690146
1.668988
1.579468
1.644529
1.718937
1.509579
1.763702
1.593886
1.543271
1.654529
1.658359
1.975754
1.590145
1.703328
1.664029
1.666865
1.650105
1.800983
1.600698
1.543406
1.825438
1.772117
1.604865
1.757682
1.737942
1.533021
1.679668
1.621091
1.666305
1.750916
1.739328
1.737555
1.608427
1.668635
1.474674
1.660201
1.580600
1.631127
1.594318
1.730285
1.690997
1.453345
1.622674
1.630675
1.773215
1.519994
1.641057
1.727950
1.795302
1.624831
1.630826
1.599564
1.662147
1.545346
1.638561
1.621732
1.668729
1.495698
1.646234
1.724248
1.546563
1.604320
1.589731
1.545208
1.694054
1.633927
1.809262
1.646918
1.606739
1.634341
1.679901
1.736485
1.670660
1.567356
1.603234
1.673841
1.794204
1.618308
1.652889
1.590123
1.555043
1.552497
1.430283
1.643063
1.566476
1.553306
1.471257
1.692015
1.592160
1.576233
1.577101
1.536509
1.540365
1.715830
1.600399
1.542048
1.555670
1.581150
1.618072
1.456628
1.568819
1.627007
1.495841
1.651132
1.465436
1.446801
1.603882
1.442461
1.871470
1.613678
1.379610
1.547127
1.488160
1.659182
1.678280
1.553193
1.479209
1.558063
1.510151
1.502535
1.717079
1.396754
1.583479
1.538370
1.417452
1.595018
1.686818
1.571378
1.655654
1.401049
1.470009
1.541629
1.526062
1.417743
1.412322
1.637186
1.647709
1.736791
1.473663
1.507171
1.490294
1.621797
1.655165
1.535862
1.617497
1.432365
1.596220
1.795923
1.667890
1.730465
1.475842
1.447794
1.510027
1.729070
1.521483
1.649195
1.564867
1.437506
1.561117
1.395932
1.473735
1.500656
1.595133
1.528080
1.497153
1.649139
1.721516
1.518543
1.652073
1.503774
1.542111
1.745575
1.517913
1.667508
1.752357
1.424421
1.715460
1.625250
1.595241
1.445894
1.522004
1.629788
1.566351
1.549437
1.503867
1.523351
1.587626
1.450062
1.565761
1.417801
1.570384
1.671175
1.524854
1.555656
1.428238
1.568975
1.596833
1.569647
1.706902
1.310929
1.371930
1.352908
1.469428
1.522421
1.509557
1.324167
1.643539
1.561940
1.744177
1.498114
1.498372
1.422005
1.393189
1.442691
1.587629
1.597802
1.513806
1.659400
1.367248
1.544203
1.531678
1.448011
1.583055
1.623557
1.701859
1.423744
1.501892
1.425362
1.614952
1.615164
1.590389
1.471616
1.470505
1.431527
1.470199
1.555148
1.652680
1.596215
1.497664
1.381056
1.620821
1.531908
1.592818
1.593122
1.394125
1.687919
1.521968
1.297069
1.464564
1.392962
1.599839
1.325930
1.852679
1.346546
1.409816
1.273694
1.505311
1.481136
1.231718
1.391007
1.721224
1.382022
1.536073
1.454755
1.497512
1.510587
1.358033
1.362576
1.397479
1.411720
1.627665
1.465822
1.542374
1.547746
1.465260
1.586919
1.590252
1.524993
1.393379
1.323690
1.405287
1.412064
1.529053
1.425091
1.598837
1.562553
1.462777
1.561545
1.314817
1.564924
1.566849
1.613625
1.549560
1.471776
1.488696
1.545685
1.472948
1.617758
1.507369
1.466014
1.503526
1.501095
1.545922
1.454718
1.569186
1.574318
1.491801
1.451663
1.509266
1.550093
1.642605
1.429232
1.419086
1.297883
1.554194
1.541563
1.300833
1.292314
1.582480
1.551966
1.297539
1.329773
1.471353
1.438866
1.646628
1.336619
1.307580
1.342231
1.340651
1.349863
1.450377
1.409625
1.342217
1.453539
1.401121
1.365144
1.252083
1.447977
1.324062
1.440844
1.317349
1.387223
1.412633
1.433272
1.425977
1.485027
1.507920
1.456895
1.657715
1.385183
1.492116
1.454846
1.387912
1.305522
1.494886
1.457743
1.291464
1.562019
1.668956
1.456221
1.552904
1.410384
1.382411
1.411109
1.518745
1.497505
1.362393
1.475494
1.484016
1.581071
1.487859
1.287434
1.334741
1.455115
1.446295
1.499297
1.579104
1.431592
1.409421
1.484730
1.552319
1.370505
1.252729
1.480808
1.429932
1.640439
1.444747
1.397763
1.281440
1.294021
1.476232
1.337495
1.445681
1.534434
1.379791
1.668294
1.347518
1.502462
1.403188
1.329763
1.424129
1.432371
1.435920
1.283642
1.427461
1.317404
1.350806
1.452690
1.518568
1.449870
1.421089
1.622304
1.378107
1.359929
1.511804
1.336833
1.360286
1.569104
1.405847
1.466819
1.487662
1.304381
1.406316
1.469413
1.378294
1.430017
1.298556
1.449002
1.434887
1.365520
1.348775
1.318275
1.215839
1.259137
1.181144
1.423568
1.404008
1.330254
1.372699
1.429266
1.355599
1.445031
1.172229
1.544831
1.351827
1.437270
1.432597
1.391859
1.492949
1.613163
1.274215
1.494520
1.539521
1.363405
1.449009
1.322365
1.355612
1.477476
1.374198
1.558549
1.380860
1.373707
1.488040
1.640566
1.373872
1.498589
1.413386
1.412531
1.361152
1.255761
1.330286
1.362569
1.361330
1.418821
1.385304
1.510772
1.468382
1.299567
1.230493
1.353016
1.484568
1.396199
1.590612
1.454983
1.359450
1.342312
1.232352
1.611637
1.255080
1.469819
1.305418
1.408620
1.556127
1.328954
1.390344
1.583428
1.427332
1.336915
1.439591
1.364926
1.265024
1.384271
1.410355
1.489692
1.300759
1.529303
1.356947
1.424565
1.327405
1.229768
1.546389
1.464521
1.623796
1.351940
1.431209
1.412315
1.395864
1.399910
1.615859
1.439155
1.332092
1.192348
1.297847
1.383616
1.318803
1.279710
1.402593
1.545864
1.399328
1.430685
1.389807
1.426055
1.471282
1.303302
1.386848
1.419876
1.378941
1.301411
1.589156
1.415629
1.375335
1.455523
1.333566
1.277355
1.371519
1.483255
1.324580
1.270864
1.282604
1.365445
1.551941
1.423440
1.295716
1.275941
1.465111
1.397392
1.301234
1.125927
1.270109
1.499376
1.340888
1.368100
1.359399
1.309619
1.524357
1.414912
1.352035
1.341383
1.375744
1.400486
1.204543
1.369664
1.492150
1.363900
1.405306
1.239141
1.331768
1.471328
1.415898
1.422504
1.397207
1.498473
1.454198
1.235875
1.422587
1.411238
1.277338
1.492554
1.494190
1.369596
1.290832
1.403554
1.350153
1.366920
1.297407
1.317954
1.438371
1.574193
1.371040
1.708266
1.297539
1.388599
1.428126
1.405670
1.313757
1.470577
1.436449
1.335068
1.369033
1.318797
1.335364
1.398578
1.201560
1.368241
1.377277
1.250776
1.226896
1.263538
1.468344
1.307496
1.352147
1.400061
1.382067
1.343654
1.470426
1.312964
1.429652
1.459767
1.264069
1.446211
1.234034
1.203366
1.299911
1.179525
1.388848
1.263218
1.158019
1.260471
1.277865
1.186348
1.446857
1.347765
1.373984
1.205895
1.266096
1.385733
1.382409
1.291890
1.190929
1.273329
1.237249
1.314664
1.303852
1.314106
1.352553
1.172880
1.333844
1.365149
1.252575
1.329222
1.406920
1.266667
1.227223
1.408561
1.245085
1.222633
1.430040
1.278626
1.149919
1.282357
1.320762
1.331309
1.458328
1.239373
1.218742
1.206201
1.316329
1.288910
1.428020
1.134535
1.148786
1.339361
1.325531
1.269592
1.351765
1.328470
1.439688
1.298145
1.352538
1.317793
1.248234
1.264377
1.301770
1.383615
1.168862
1.311685
1.361945
1.347494
1.346311
1.259989
1.326085
1.308378
1.496880
1.324738
1.326602
1.320428
1.362793
1.457286
1.302695
1.339793
1.296414
1.237756
1.283164
1.227658
1.336265
1.298817
1.292766
1.257667
1.240765
1.312921
1.415220
1.447403
1.338903
1.322614
1.463976
1.537022
1.218053
1.170242
1.231407
1.229337
1.259451
1.231255
1.448920
1.330334
1.235991
1.448420
1.238423
1.317959
1.169402
1.185447
1.503388
1.499894
1.152696
1.173733
1.305579
1.433417
1.350172
1.375992
1.264227
1.249991
1.245486
1.276258
1.310673
1.341918
1.252207
1.305986
1.221125
1.211497
1.408527
1.260931
1.197560
1.397815
1.254189
1.234213
1.246559
1.199657
1.343551
1.295396
1.443688
1.272631
1.165321
1.335115
1.498150
1.256916
1.358079
1.373277
1.148082
1.265035
1.375373
1.471236
1.337013
1.271389
1.389317
1.262039
1.247004
1.182094
1.262471
1.157343
1.089381
1.487988
1.342161
1.323684
1.344082
1.309965
1.106254
1.173415
1.324234
1.335393
1.293065
1.239244
1.338387
1.292200
1.451507
1.064224
1.282189
1.211478
1.242216
1.278466
1.308217
1.473371
1.203756
1.444868
1.302987
1.322735
1.316212
1.313930
1.167687
1.212645
1.196284
1.313771
1.298813
1.238473
1.310107
1.274688
1.249922
1.283626
0.967368
1.203122
1.277364
1.370970
1.362428
1.410556
1.207545
1.143106
1.353148
1.293891
1.234361
1.296762
1.517830
1.308834
1.203380
1.373927
1.172678
1.262182
1.135254
1.244045
1.334169
1.304028
1.376100
1.224795
1.243012
1.491959
1.137304
1.050910
1.254380
1.223251
1.226024
1.089281
1.152941
1.155447
1.161432
1.260959
1.278508
1.140108
1.145495
1.232464
1.257971
1.323968
1.136241
1.280546
1.377854
1.060634
1.270676
1.127214
1.205173
1.173903
1.189455
1.102948
1.212695
1.156181
1.198668
1.173209
1.320609
1.359271
1.267525
1.299458
1.272592
1.162643
1.273565
1.088877
1.252429
1.321988
1.320007
1.268064
1.262283
1.280341
1.099889
1.111301
1.162339
1.252088
1.100740
1.264461
1.326869
1.230145
1.233826
1.156698
1.204297
1.260641
1.411813
1.342548
1.233603
1.240849
1.202603
1.326911
1.146874
1.320943
1.357976
1.250576
1.217771
1.150267
1.155985
1.249959
1.238667
1.098975
1.229340
1.268537
1.394839
1.388749
1.202055
1.223929
1.231644
1.442971
1.242171
1.310806
1.309736
1.053378
1.225390
1.308210
1.228255
1.290291
1.265608
1.333611
1.303349
1.106981
1.224754
1.263891
1.469864
1.132567
1.175592
1.192485
1.377339
1.303587
1.266403
1.317245
1.268213
1.242793
1.302536
1.192296
1.202795
1.159386
1.121764
1.179019
1.160332
1.192697
1.297278
1.133675
1.099267
1.147802
1.262905
1.360047
1.204953
1.200795
1.110029
1.170027
1.017723
0.994424
1.346632
1.171791
1.202976
1.109534
1.077897
1.206601
1.261831
0.973305
1.175562
1.175452
1.084950
1.193524
1.245873
1.307768
1.217133
1.191500
1.319756
0.998773
1.282161
1.123214
1.184394
1.482845
1.161609
1.130602
1.116601
1.203178
1.094628
1.152830
1.255754
1.047141
1.185678
1.283916
1.150742
1.331207
1.333304
1.320572
1.218723
1.207634
1.158610
1.179408
1.304351
1.139885
1.282902
1.192298
1.182812
1.064891
1.229841
1.322907
1.066358
1.056048
1.212450
1.092105
1.153548
1.327655
1.248077
1.216624
1.096483
1.069892
1.068724
1.355435
1.212362
1.138252
1.370040
1.284537
1.195168
1.178333
1.151515
1.109213
1.066863
1.346177
1.241766
1.195916
1.243997
1.145656
1.230166
1.087313
1.102058
1.082661
1.197838
1.185598
1.107931
1.034527
1.269065
1.241584
1.282104
1.137066
1.328338
1.137313
1.140312
1.214206
1.246175
1.410064
1.297681
1.111196
1.227426
1.148973
1.302577
1.217341
1.083272
1.199132
1.116600
1.224440
1.158658
1.217029
1.138589
1.158121
0.995988
1.443102
1.331840
1.179591
1.030697
1.177154
1.062416
1.178999
1.293462
1.184440
1.309644
1.057613
1.224612
1.159552
1.290023
1.136009
1.200459
1.147673
1.268613
1.053615
1.312015
1.305806
1.100795
1.096668
1.209815
1.320665
1.190435
1.127531
1.148471
1.066144
1.306752
1.257224
1.277803
1.116956
1.177426
1.081870
1.145161
1.016362
1.215143
1.367962
1.317507
1.194747
1.116262
1.233548
1.141988
1.104232
1.158730
1.220427
1.333555
1.067713
1.153016
1.103367
1.163826
1.225125
1.117179
1.152476
1.210240
1.039016
1.087678
1.147826
1.220099
1.084089
1.102573
1.210981
0.999119
1.177311
1.106736
1.258471
1.134548
1.096749
1.138443
1.016925
1.108867
1.207555
1.256702
1.107020
1.170035
1.211527
1.120123
1.174324
1.104031
1.242587
1.165984
1.408201
1.206807
1.216686
1.016138
1.288611
0.981600
1.067049
1.160022
1.069091
1.110195
1.167491
1.125147
1.183698
1.171485
1.310932
1.295960
1.065467
1.183991
1.139740
1.095383
1.179832
0.992111
1.031454
1.191792
1.028579
0.988550
1.173432
1.161967
1.056231
1.257345
1.096367
1.104964
1.156178
1.150497
1.013543
1.282892
1.167912
1.243036
0.995925
1.056984
1.107746
1.264029
1.044884
1.105946
1.307132
1.182048
1.477924
1.371330
1.058022
1.020065
1.113850
1.117381
1.262991
1.122531
1.176718
1.213431
1.014528
1.056907
1.161090
1.163642
1.095152
1.078643
1.130997
1.343391
1.245842
1.152121
1.330620
1.061854
1.174375
1.058335
1.181356
1.241918
1.229354
1.125683
1.039277
1.096319
1.126982
1.045706
1.231501
0.929064
1.120912
1.276917
1.059600
1.257021
1.079753
1.279047
1.161909
1.154483
0.999372
1.085397
1.160719
1.148814
1.170044
1.269840
1.109018
1.152727
1.298961
1.180309
1.097326
1.024275
0.831826
1.179964
0.968138
1.216314
0.893851
1.129446
1.186228
1.215854
1.315969
1.128581
1.084374
0.994935
0.839774
1.168992
1.204076
1.021217
1.004361
1.030860
1.062549
1.204649
1.066993
1.171748
0.974940
1.058386
1.048205
1.072942
1.011399
1.138457
1.026569
0.980788
1.260838
1.043456
1.163555
1.255548
1.027622
1.076508
1.029174
1.088469
1.054293
1.270623
1.247705
1.078895
1.343170
1.027683
0.928178
1.103953
1.131530
1.124765
1.095057
1.018789
0.958043
1.072473
1.114916
1.119374
1.233315
1.206675
1.158085
1.014188
1.003251
0.958346
1.044619
1.258629
1.017078
1.075192
1.056405
0.993944
1.102083
1.044519
1.078336
1.224171
1.091877
0.975189
1.062160
0.998072
1.138209
1.322644
1.131491
1.112612
1.166591
0.995258
1.265134
1.465503
1.072591
1.132118
1.085356
1.140210
1.120726
1.266080
1.218111
1.007328
1.124671
1.033639
1.205950
0.996014
1.206957
1.116247
1.275166
1.179145
1.009759
1.016559
1.020362
0.961019
1.130232
1.180162
1.112662
1.221073
1.022521
1.149674
1.155213
0.877965
1.024209
1.260269
1.098025
1.141021
1.302113
0.875760
1.256657
1.070799
1.298589
1.029376
1.006777
1.086718
1.097626
1.188114
1.190643
1.222689
1.119203
1.135192
1.034824
1.124575
1.161110
0.914034
0.969086
1.082031
0.966170
1.034474
0.994888
0.904224
1.093690
1.111900
0.998662
1.150647
1.146401
1.094591
1.047586
1.095176
1.187385
1.176617
1.012493
0.973083
1.014756
1.047982
1.171250
0.857375
0.963054
1.064412
1.015520
1.114212
1.097678
0.865297
1.057124
0.956543
1.173582
1.047212
1.068640
1.026013
1.044038
1.194258
1.266978
1.330638
0.975165
1.011996
1.011841
1.125965
0.999043
1.319030
1.179252
1.175969
0.953968
1.105372
1.186673
1.298533
1.185226
1.101397
1.082994
0.908256
0.998939
0.992303
1.118407
1.159765
1.159177
0.950276
1.052252
1.057395
1.086360
1.147287
1.293569
1.065071
0.971002
1.144560
1.079178
0.938312
1.201015
1.011942
1.044708
1.058433
1.036509
1.035792
1.034350
1.176706
0.917213
1.082485
1.069815
1.028288
0.896631
1.104131
0.994013
1.274471
1.092565
1.248931
1.196336
0.911200
1.292097
1.136684
1.140647
1.005930
1.072726
1.172414
1.090244
0.986885
1.107781
1.252668
1.093997
1.047732
1.038414
1.115301
0.943220
1.203957
1.106904
1.008912
1.056760
1.089175
0.989198
1.028670
1.104999
1.015972
1.154468
1.015270
1.178139
1.064700
0.985303
0.956548
1.116178
1.202308
1.076592
1.108668
1.069453
1.069518
1.077205
1.105668
0.984145
1.078706
1.119654
1.034043
1.222691
0.950811
1.079145
1.147327
0.894710
0.888735
0.986983
1.129818
1.028242
1.123165
1.159684
1.095010
1.022413
1.014755
1.056059
1.076806
0.986887
0.992276
1.029112
0.984265
1.126281
1.184080
1.015284
0.951129
1.020698
1.001951
1.043878
0.985708
1.174226
1.044209
0.824390
1.068169
0.995161
1.041368
1.014684
1.031595
0.975964
1.241820
1.068950
1.029752
1.077661
1.157333
1.003052
1.111027
0.984406
1.008999
1.057739
0.958773
1.135823
1.015330
1.234736
0.939706
1.040767
0.998379
0.954477
1.028383
0.934947
1.023036
1.133848
0.985716
1.070569
0.977689
1.009227
1.106912
1.029180
1.018042
1.067242
0.996936
0.885177
0.947117
1.233314
1.002086
1.028459
1.058644
0.860355
1.080418
0.955096
1.198446
0.880190
0.987631
1.094341
1.210957
1.057046
1.140728
1.161191
1.040505
1.046091
1.062457
0.976087
1.009403
1.022555
1.115842
1.057913
1.102559
0.922981
1.028087
0.906472
0.878660
0.974892
1.127218
0.920984
1.108263
1.097192
1.200445
1.134160
0.983220
0.930123
0.781902
1.000156
1.025596
0.929663
1.139418
1.014365
1.012546
1.026167
0.945547
1.187626
0.975476
1.009833
1.159272
1.121152
0.982654
0.952774
1.128876
0.880381
0.875604
0.813101
1.029748
1.114492
0.877780
1.011554
0.870865
1.088316
1.061403
1.033693
0.915834
1.106774
1.123535
0.790547
0.961612
0.986404
1.013157
0.896134
0.895374
1.142175
0.916019
1.006675
1.047869
0.955656
1.009440
1.100712
1.068611
1.048573
0.993616
0.975294
1.049521
1.055112
0.985196
1.025854
1.045844
1.035800
0.889328
1.025552
1.086143
1.088747
0.961630
1.131080
0.850161
1.111732
1.100878
1.111841
0.910684
0.952265
0.910924
0.946257
0.836541
0.901160
1.036827
1.094720
0.933830
1.148885
0.890529
1.021379
1.232642
1.094198
0.935473
0.898956
1.041685
0.990113
1.015199
1.001461
0.959659
0.888443
0.983288
0.981297
1.025004
1.124722
1.045832
1.014045
0.957090
0.979819
0.971343
0.980924
1.037190
1.042885
0.928308
1.112937
0.973512
1.196477
1.108784
1.058959
1.047567
0.962781
0.983054
1.024948
1.112703
1.002682
1.175782
1.011534
1.047624
0.927763
1.052969
1.041741
0.998777
0.910797
0.917405
1.021921
1.091361
0.968887
1.079736
0.985976
0.993372
0.794206
0.970001
0.856261
0.979920
1.093652
0.948126
1.015838
0.887059
1.282315
0.966386
1.103758
1.080053
0.961069
0.954071
1.026261
0.998598
0.939452
1.220712
1.029709
0.908609
0.955734
0.876545
0.980779
0.996767
1.049876
0.866188
0.970703
0.792217
0.937046
0.821538
1.042193
0.983827
0.905947
0.849694
1.048047
1.049531
1.131581
0.892374
0.855037
0.808414
1.179093
0.945096
0.914636
1.078320
0.916197
0.910297
1.101721
0.943186
0.977737
0.987331
1.045565
0.906340
0.895293
1.209447
1.091673
1.066993
0.985404
1.004827
0.870879
1.050146
1.011828
1.025596
1.074749
0.843875
1.067382
0.960876
0.859704
1.065876
0.903627
0.980076
1.056306
1.053611
0.927052
1.134276
0.960600
1.060712
0.907870
1.004280
0.811698
0.893250
1.164312
0.842464
0.978403
0.979102
1.051432
0.915332
0.977714
0.891536
1.006239
0.985699
0.882269
0.963180
1.125351
1.028203
1.104279
1.035267
1.040823
1.102124
1.037105
0.890240
0.930726
1.051405
1.013681
0.851781
1.025621
0.958298
1.040944
0.975279
0.958376
1.031173
0.920129
0.981060
1.078211
0.934755
0.793803
0.992506
0.936236
0.872345
1.019121
1.069164
1.083113
1.088930
0.903505
0.972358
0.995171
1.002135
0.901066
0.860797
0.942227
0.903249
1.216778
0.985032
1.117223
1.171660
1.172310
0.914371
1.063300
1.060109
1.055656
0.890714
1.098283
0.999697
0.944140
1.015759
0.923513
1.070457
0.802244
0.833644
1.027851
0.894399
0.892511
0.967607
1.004921
1.020829
0.943027
0.894245
0.939011
1.056509
0.908847
0.890320
0.853980
1.137713
0.770659
0.869130
0.895614
0.948384
0.983871
1.086918
0.940055
1.007051
0.721899
0.933082
1.101042
1.009724
0.961165
1.034182
0.864655
0.971529
0.983306
0.803562
0.985415
0.868550
0.913293
1.078997
0.910436
0.837265
0.936968
1.134852
0.868900
0.907994
1.188084
0.811291
0.871471
0.908724
0.911210
1.127680
1.169501
0.879434
0.956864
1.076046
1.119736
1.094701
0.915301
1.057256
0.881825
1.027155
1.016309
0.948343
0.832990
0.818365
1.124306
1.049146
1.006424
1.004028
0.982707
1.016293
1.004811
0.942695
0.839695
0.885401
0.825460
1.041928
0.827678
0.888607
0.881834
0.955897
0.835678
1.041307
1.038734
1.032881
1.068076
1.084959
0.982232
0.922064
1.018156
0.879138
1.002560
0.834194
0.926229
1.123411
0.851061
0.873532
0.924178
0.691227
0.976355
1.133798
1.048895
0.918521
0.922783
0.852752
0.987468
0.916532
0.958204
1.172858
0.820296
0.906592
0.765468
0.949856
0.941741
0.752666
0.986716
0.831119
0.866144
0.909701
0.910167
0.929780
0.768247
0.828677
1.016342
0.893729
0.931035
0.956281
0.952114
0.782569
0.969036
0.890069
0.907516
0.954038
0.996065
0.882174
0.959490
0.908807
0.824238
1.045127
0.833480
0.921171
0.924287
0.810661
0.844562
0.861068
0.935809
0.815787
0.843369
0.945291
1.044466
0.896139
0.763499
0.929933
1.009454
0.771059
1.008953
0.971313
0.855849
1.000127
0.853426
0.910008
0.934934
0.959915
1.054606
1.027433
0.802453
0.988638
0.937520
0.918926
0.777589
0.961337
0.766562
1.037614
1.096606
0.861945
1.075509
0.870439
0.964820
0.912453
0.878868
0.752439
1.030299
0.859626
0.834251
0.813813
0.756235
0.704485
0.905755
0.955201
0.844769
0.952462
1.046320
0.806320
0.853385
0.949774
0.966860
1.037839
0.914923
0.775972
1.043967
0.963827
0.926105
0.977978
0.951777
0.761676
0.995325
1.077459
0.946643
1.029208
0.883645
0.913120
1.000328
0.812009
0.903945
0.922323
0.942692
1.013318
0.951711
1.038165
1.088151
0.940647
1.031093
1.059379
0.832417
0.938901
0.796756
0.895535
0.862695
0.898310
0.929598
0.721107
0.892170
0.905420
0.892485
0.864478
0.866622
0.798533
1.052791
1.036527
0.901470
0.956172
0.881021
0.904502
0.737926
0.751934
0.825534
0.772563
0.708111
0.722403
0.958829
0.832998
0.867827
0.806368
0.974270
0.885830
0.785095
0.847607
0.722715
0.876900
0.912493
0.914785
0.853642
0.808528
0.795258
1.028657
0.909168
0.909376
0.910222
0.828126
0.813258
0.927194
0.973295
0.918778
0.850734
0.844222
0.788564
0.823960
0.897761
0.956297
1.145440
0.839077
0.975642
0.827063
0.901054
1.082552
0.721826
0.835063
0.832999
0.953708
0.826660
0.849213
0.746989
0.773476
1.093129
0.763933
0.975093
0.952083
0.948567
0.936131
0.804221
1.003038
1.033933
0.914670
1.148152
0.889634
1.001514
0.826424
0.815651
0.989814
1.064968
0.919337
0.819151
0.870881
1.047458
1.073654
0.787497
0.776909
0.905442
0.987287
0.942301
0.882119
0.937650
0.859586
0.775429
0.720834
0.834402
0.935830
0.861152
0.869227
0.881317
1.021263
0.877348
0.798515
0.870909
0.878164
0.989834
0.959157
0.759410
1.080335
0.913368
1.080622
1.093039
0.727051
0.856474
0.817512
1.018391
0.787488
0.969303
0.943828
0.888439
0.958441
0.927267
0.830815
0.897289
0.726269
1.077451
0.950454
0.913910
0.965568
0.935858
0.891510
0.884121
1.053302
0.831920
0.940667
0.773106
0.992421
0.934294
0.818343
0.827160
1.047311
0.840118
0.961664
0.998473
0.822995
0.784391
0.813712
0.853198
0.930964
0.765042
1.118290
0.892309
0.769601
0.833888
0.797337
0.925934
1.024988
1.040629
0.909688
1.104277
0.887835
0.927591
0.999518
0.789805
0.845581
0.921804
0.913927
1.044943
0.880384
0.805140
0.844754
0.951565
0.864569
0.846464
0.903232
0.783823
0.700249
0.878367
0.776098
0.908599
0.910310
0.853557
0.817636
0.701810
0.736540
0.826262
0.802919
0.969536
0.865461
0.822212
0.684957
0.809350
0.824936
0.936545
0.924560
1.051813
0.850474
0.912646
1.007018
0.892175
0.836720
0.863341
0.782395
0.929096
0.848882
0.817581
0.754879
0.887849
0.904769
0.827217
0.973115
0.922062
0.909688
0.859789
0.956994
0.811755
0.802809
0.903934
0.769450
0.765303
0.797149
0.735263
0.902864
0.829122
0.871080
0.901697
0.814153
0.841284
0.895693
0.974479
0.848292
0.808743
1.004732
0.864478
0.866471
0.800832
0.720634
0.903681
1.040237
0.953719
0.902576
0.710780
0.926701
0.837247
0.950888
0.717099
0.936607
0.915035
0.830995
0.966279
1.078210
0.886017
0.907984
0.912000
0.754561
0.903586
0.848877
0.927772
0.850904
0.986552
0.721577
1.031314
0.691478
1.080434
1.046176
0.820345
0.897453
0.855767
0.882164
0.863828
0.845794
0.794933
0.846565
0.900486
0.922982
0.773613
0.743320
0.740284
0.871463
0.936229
0.865789
0.663713
0.805358
0.787823
1.013141
0.796928
0.951749
0.788726
0.848733
0.863809
0.718491
0.755748
0.811506
0.785044
0.865329
0.856121
0.832377
0.775591
0.826891
0.837166
0.900211
0.761677
0.780376
0.780504
0.779456
1.062238
1.039944
0.919533
0.933635
0.979309
0.794846
0.947663
0.787355
1.011631
0.853547
0.841033
1.119390
0.848554
0.970813
1.013517
0.945100
0.763893
0.974507
0.884394
0.807461
0.987703
0.971004
0.945771
0.905754
0.968891
0.880314
0.888515
0.861145
0.830535
0.753108
0.933437
0.895464
0.883444
1.099239
0.768607
0.743485
0.653476
0.818507
0.963226
0.754534
0.843219
0.869241
0.858580
0.871686
0.860142
0.993026
0.902754
0.869521
0.886419
0.810821
0.906301
0.909875
1.057616
0.765738
0.862373
1.122827
0.851153
0.921957
0.878639
1.006939
0.910125
0.863115
0.831261
0.752114
0.731422
0.737604
0.817926
0.855777
0.810927
0.808341
0.804123
0.699435
0.815825
0.817337
0.810387
0.878107
0.775289
0.842155
0.818494
0.756315
0.881480
0.877461
0.895888
0.792518
0.733073
0.957583
0.912253
0.788797
0.832927
0.745257
0.841824
0.769933
0.858858
0.915754
0.724800
0.787344
0.941712
0.829411
0.770001
0.892437
0.817461
0.866197
0.814933
0.770816
0.924898
0.906861
0.852042
0.776240
0.950864
0.877361
0.870219
0.771495
0.979401
0.804039
0.930192
0.813781
0.876415
0.938211
0.691005
0.738519
0.776529
0.955744
0.878077
0.710050
0.984804
0.748905
0.843883
0.899017
0.893149
0.857095
0.948972
0.897723
0.888578
0.771241
0.759784
0.889160
0.915394
0.858331
0.755333
0.938782
0.713445
1.106571
0.981120
0.817805
0.837496
0.919264
0.735882
0.825613
0.860879
0.799969
0.914826
0.802915
0.792667
0.841841
0.818994
0.778195
0.859836
0.859443
0.654954
0.770758
0.726320
0.839918
0.860381
1.000735
0.896957
0.874721
0.703053
0.803849
0.736848
0.881144
0.833556
0.890573
0.929215
1.092703
0.804936
0.755577
0.852655
0.713559
0.996679
0.919732
0.727151
0.740041
0.848412
0.840646
0.903806
0.782281
1.045946
0.854302
0.642874
0.839316
0.832820
0.738275
0.786440
0.704926
0.997328
1.091663
0.923537
0.828193
0.906649
0.959617
1.003020
0.836679
0.931711
0.798754
0.828074
0.925851
0.900797
0.735577
0.878230
0.871841
0.777195
0.828678
0.867319
0.698988
0.772019
0.961566
0.893580
0.848037
0.890788
0.716062
0.918277
0.848038
0.875775
0.958920
0.862578
0.849550
0.826246
0.843646
0.875082
0.852996
0.836008
0.884562
0.768147
0.936968
0.794681
0.719187
0.809506
0.751202
0.851574
0.884693
0.938408
0.741885
0.879499
0.818216
0.841713
0.783013
0.883470
0.825912
0.844669
0.829290
0.729500
0.828525
0.770174
0.897836
0.876554
0.764140
0.740148
0.848194
0.845424
0.934893
0.961690
0.777476
0.778339
0.663238
0.869387
0.840575
0.802658
0.920653
0.659307
0.801338
0.892233
0.818892
0.774404
0.978647
0.732918
0.836511
0.756873
0.777320
0.896219
0.809795
0.860531
0.815024
0.692479
0.788746
0.781907
0.762967
0.934811
0.808462
0.843430
0.778656
0.864311
0.644586
0.867719
0.957790
0.966548
0.669610
0.818167
0.814666
0.885868
0.785970
0.763050
0.703434
0.839529
0.828169
0.804619
0.829415
0.739354
0.761295
0.629807
0.929110
0.893835
0.812744
0.838595
0.856286
0.659699
0.699348
0.708903
0.703519
0.843639
0.871791
0.833772
0.681848
0.806120
0.900158
0.759541
0.658383
0.755112
0.975258
0.830810
0.791874
0.766563
0.750632
0.720851
0.844599
0.721683
0.872853
0.741105
0.830222
0.749387
0.762400
0.917093
0.768122
0.794906
0.679572
0.913176
0.863685
0.751978
0.734528
0.948438
0.846322
0.760570
0.791162
0.666982
0.760122
0.737254
0.771474
0.851216
0.790277
0.719586
0.665572
0.762703
0.832308
0.755708
0.795585
1.010382
0.811042
0.854870
1.142862
0.958279
0.700334
0.709200
0.819173
0.678159
1.042976
0.876429
0.695203
0.702364
0.661930
0.802189
0.912072
0.763093
0.832155
0.688972
0.827115
0.735209
0.810428
0.813588
0.791416
0.760159
0.701137
0.957128
0.832958
0.731353
0.730799
0.856669
0.698494
0.675953
0.992232
0.694262
0.882634
0.800842
0.849838
0.739895
0.599687
0.736832
0.697534
0.972432
0.869797
0.742745
0.836002
0.875304
0.741709
0.794992
0.845441
0.901366
0.792693
0.860607
0.669494
0.707612
0.843830
0.804850
0.909215
0.837600
0.761500
0.996003
0.866984
0.838095
0.595727
0.782836
0.782696
0.860760
0.992016
1.023630
0.753647
0.758854
0.776216
0.786857
0.999896
0.858544
0.963596
0.750626
0.774092
0.906981
0.766120
0.970502
0.787835
0.865410
0.736381
0.737188
0.964347
0.679438
0.991123
0.774520
0.797240
0.822296
0.828912
0.779654
0.680783
0.865652
0.765054
0.766608
0.773612
0.812363
0.830009
0.737301
0.939260
0.970527
0.801619
0.771937
0.830190
0.854310
0.733416
0.655794
0.795884
0.839651
0.885713
0.862938
0.808535
0.833694
0.959392
0.740745
0.857410
0.689061
0.715454
0.733504
0.941106
0.875089
0.801890
0.720892
0.848897
0.772733
0.826054
0.805480
1.004019
0.921582
0.796138
0.805279
0.773596
0.800286
0.785994
0.815187
0.851359
0.821735
0.737768
0.822859
0.896749
0.672938
0.964018
0.765531
0.679667
0.753585
0.760893
0.827434
0.804588
0.740911
0.801444
0.893971
0.791294
0.604653
0.877742
0.679853
0.766971
0.750321
1.026599
0.795443
0.831926
1.021468
0.687358
0.870268
0.762464
0.736718
0.821130
0.711348
0.819679
0.626437
0.755736
0.714543
0.832223
0.818452
0.666675
0.781372
0.793702
0.724766
0.807974
0.716635
0.686347
0.782231
0.759659
0.620482
0.700902
0.779242
0.745313
0.894170
0.756972
0.779632
0.856305
0.802966
0.856089
0.691052
0.725006
0.770196
0.714468
0.743370
0.854000
0.766184
0.784097
0.706632
0.740731
0.742504
0.786906
0.805969
0.975558
0.741507
0.877354
0.896717
0.927828
0.790796
0.665872
0.849808
0.810703
0.669099
0.770124
0.830681
0.805671
0.861742
0.835635
0.690636
0.713200
0.747270
0.918426
0.851193
0.927944
0.734066
0.825698
0.805520
0.905325
0.710256
0.652632
0.970500
0.702091
0.655890
0.789134
0.884607
0.828383
0.843737
0.676475
0.752176
0.628470
0.683719
0.803032
0.743585
0.759796
0.788761
0.754275
0.664640
0.675926
0.732641
0.697716
0.963863
0.724423
0.650493
0.873741
0.730736
0.817276
0.687700
0.649174
0.626280
0.748527
0.801199
0.685573
0.631745
0.730325
0.723414
0.709678
0.640567
0.575754
0.717950
0.941697
0.801102
0.774474
0.616932
0.623017
0.669916
0.921483
0.573254
0.630367
0.648292
0.794920
0.781650
0.710937
0.852493
0.856170
0.758081
0.651765
0.809049
0.722415
0.669336
0.568371
0.741357
0.700237
0.939496
0.772834
0.771542
0.697393
0.819536
0.842534
0.746338
0.719272
0.691793
0.995885
0.726570
0.787067
0.678571
0.894743
0.928753
0.890507
0.670856
0.794620
0.868322
0.839387
0.660779
0.811148
0.858223
1.022313
0.838748
0.647201
0.670305
0.868624
0.771659
0.829231
0.730155
0.725494
0.785448
0.774095
0.791957
0.801193
0.735852
0.808267
0.712583
0.827999
0.816015
0.698315
0.810925
0.903968
0.769907
0.915220
0.719973
0.709737
0.742140
0.698743
0.782054
0.593346
0.773728
0.817009
0.717680
0.676990
0.808123
0.922789
0.840268
0.698985
0.668508
0.716679
0.756509
0.927547
0.785436
0.662918
0.771962
0.760516
0.637844
0.688046
0.779769
0.697917
0.700468
0.705757
0.679729
0.721721
0.782699
0.718629
0.743763
0.767822
0.856757
0.613859
0.636474
0.845522
0.727782
0.783058
0.733790
0.691027
0.798273
0.719297
0.773826
0.753915
0.783444
0.563270
0.840711
0.755322
0.799320
0.889465
0.777284
0.703308
0.661746
0.634178
0.787835
0.675428
0.848820
0.757719
0.745141
0.714936
0.715345
0.818852
0.638841
0.803539
0.815207
0.790210
0.801109
0.814090
0.701703
0.732773
0.728886
0.663838
0.812629
0.873397
0.788423
0.853218
0.810806
0.753127
0.697817
0.740374
0.815635
0.818970
0.746772
0.729379
0.642562
0.707222
0.848026
0.739227
0.698491
0.881090
0.642008
0.689301
0.651712
0.822169
0.932331
0.747946
0.790522
0.735437
0.713891
0.801208
0.657117
0.822827
0.796437
0.630433
0.704878
0.848602
0.813243
0.684173
0.802924
0.908687
0.757414
0.676424
0.731591
0.700421
0.759684
0.708006
0.600552
0.816674
0.713000
0.909870
0.797236
0.703636
0.713244
0.734711
0.831481
0.885547
0.693053
0.815244
0.687017
0.714747
0.704998
0.664200
0.664733
0.683378
0.729723
0.748792
0.849657
0.636686
0.879021
0.701129
0.871747
0.668268
0.764688
0.833392
0.749437
0.692904
0.675840
0.704665
0.884825
0.675046
0.715735
0.793653
0.711703
0.730686
0.784800
0.689613
0.824519
0.751294
0.732802
0.669349
0.689036
0.741268
0.637218
0.746817
0.757353
0.693407
0.923874
0.641549
0.966772
0.908105
0.832723
0.732814
0.742603
0.743721
0.808360
0.883370
0.662323
0.786501
0.812790
0.838888
0.672516
0.808740
0.605025
0.703181
0.765049
0.775045
0.695793
0.693183
0.641071
0.756722
0.870634
0.804334
0.668218
0.696712
0.738806
0.831054
0.742293
0.630346
0.757024
0.694621
0.694297
0.844957
0.813589
0.767366
0.711511
0.756971
0.847227
0.693316
0.741817
0.679561
0.751681
0.752530
0.801405
0.880951
0.718362
0.786893
0.746334
0.600823
0.638893
0.636679
0.782534
0.673581
0.976465
0.642086
0.727258
0.665531
0.795557
0.734386
0.723129
0.722621
0.597854
0.795128
0.683780
0.717744
0.734027
0.743365
0.905572
0.865524
0.678557
0.835386
0.666885
0.665851
0.654961
0.795114
0.881532
0.759414
0.829997
0.718498
0.611840
0.771599
0.624424
0.633461
0.756375
0.732843
0.759875
0.678843
0.744957
0.742399
0.640597
0.716276
0.665226
0.684999
0.809364
0.727680
0.817261
0.791379
0.892942
0.757854
0.812691
0.966573
0.753851
0.707654
0.768476
0.774337
0.724322
0.843026
0.909160
0.765133
0.666212
0.770525
0.676121
0.836536
0.731542
0.636251
0.756706
0.644401
0.675805
0.597445
0.770102
0.584077
0.606227
0.691350
0.658279
0.739404
0.739461
0.760206
0.796729
0.694224
0.617961
0.635196
0.545357
0.582523
0.567712
0.759236
0.641052
0.728506
0.618048
0.626620
0.734604
0.760384
0.753331
0.691746
0.772974
0.652806
0.875778
0.810368
0.754871
0.923738
0.719166
0.700248
0.709939
0.672211
0.738365
0.633347
0.728245
0.592886
0.677154
0.782810
0.694461
0.777638
0.800403
0.933094
0.604868
0.792377
0.648393
0.819607
0.868923
0.752947
0.628281
0.721932
0.613315
0.619307
0.705343
0.723033
0.735276
0.723698
0.699635
0.764902
0.632509
0.721421
0.729342
0.858541
0.735383
0.800063
0.568521
0.800536
0.728418
0.860992
0.657856
0.674340
0.773007
0.727016
0.590950
0.641712
0.752152
0.619675
0.650708
0.663993
0.591098
0.617464
0.625397
0.795196
0.730086
0.703271
0.703428
0.703845
0.787539
0.589790
0.722265
0.675326
0.695314
0.602196
0.837602
0.731298
0.566591
0.756864
0.698163
0.755810
0.605295
0.647391
0.548900
0.691965
0.698532
0.746102
0.769798
0.765730
0.778394
0.680189
0.772862
0.788799
0.804316
0.677520
0.792757
0.622116
0.788765
0.798345
0.660390
0.797515
0.755918
0.753404
0.780214
0.703888
0.689246
0.808381
0.751827
0.655957
0.765063
0.627742
0.628392
0.688616
0.798634
0.726961
0.715114
0.804404
0.766927
0.655675
0.675219
0.664020
0.622304
0.707879
0.647354
0.759839
0.751531
0.725535
0.728660
0.806629
0.843013
0.745435
0.734666
0.758805
0.728777
0.698546
0.602499
0.592749
0.706605
0.632380
0.775520
0.745258
0.755656
0.545702
0.523571
0.648908
0.922628
0.893979
0.680536
0.768724
0.766017
0.715419
0.707820
0.703298
0.637412
0.648319
0.727274
0.623352
0.712811
0.631208
0.717454
0.914943
0.556963
0.739490
0.695132
0.633725
0.725786
0.746465
0.678672
0.586318
0.672807
0.800812
0.668038
0.724641
0.840123
0.723080
0.707520
0.620614
0.827362
0.783234
0.664270
0.587929
0.608581
0.680381
0.720849
0.609270
0.696933
0.760267
0.765088
0.806747
0.757179
0.734451
0.702545
0.626387
0.878685
0.611691
0.666937
0.648993
0.897656
0.483405
0.699687
0.758246
0.569663
0.563538
0.682611
0.699065
0.718958
0.581715
0.676462
0.741959
0.665722
0.550178
0.784794
0.698106
0.731061
0.617761
0.774413
0.676947
0.787156
0.629570
0.620265
0.724684
0.625576
0.566398
0.727254
0.546099
0.705239
0.889876
0.730916
0.861501
0.838406
0.667912
0.750571
0.686528
0.782457
0.523153
0.657308
0.700148
0.673069
0.705083
0.688073
0.635392
0.617420
0.829351
0.628614
0.911385
0.732398
0.576623
0.746065
0.629817
0.595537
0.620358
0.781829
0.579762
0.711109
0.672076
0.654537
0.627707
0.728017
0.703035
0.830817
0.654240
0.965173
0.587808
0.699367
0.699355
0.646770
0.646492
0.583581
0.690538
0.626996
0.597331
0.576889
0.644802
0.582940
0.748875
0.663114
0.725794
0.738000
0.743860
0.612685
0.606898
0.706467
0.762691
0.718456
0.598127
0.605208
0.629718
0.888156
0.596029
0.776532
0.829958
0.562748
0.799829
0.749836
0.578501
0.757640
0.737488
0.806151
0.712777
0.687503
0.638544
0.650693
0.694912
0.605138
0.619914
0.624014
0.613543
0.655059
0.680401
0.656104
0.668845
0.706151
0.594230
0.539167
0.617144
0.739778
0.664886
0.621809
0.613353
0.720357
0.718549
0.618969
0.631109
0.792422
0.562762
0.609364
0.687256
0.589793
0.650637
0.633536
0.581385
0.782357
0.761672
0.685363
0.597438
0.716338
0.659604
0.645498
0.614512
0.753848
0.673034
0.623290
0.739261
0.740404
0.583489
0.699851
0.710525
0.761957
0.817782
0.688292
0.755254
0.796818
0.810007
0.793879
0.782724
0.718520
0.807821
0.601332
0.638724
0.716567
0.686699
0.655896
0.912837
0.638591
0.615847
0.672555
0.607713
0.621791
0.635634
0.823178
0.792973
0.656946
0.664277
0.589322
0.779409
0.748988
0.658141
0.575023
0.683471
0.572249
0.582403
0.691542
0.604677
0.792277
0.745007
0.642637
0.724320
0.869679
0.781449
0.607579
0.683742
0.653413
0.607093
0.691573
0.654763
0.630524
0.644033
0.630720
0.783630
0.601444
0.805648
0.715076
0.611242
0.672801
0.790576
0.587442
0.724919
0.694740
0.774155
0.645595
0.711226
0.799466
0.649870
0.741577
0.604341
0.832631
0.615707
0.720696
0.903946
0.728927
0.617193
0.782949
0.731735
0.579902
0.665801
0.747740
0.696964
0.623981
0.762776
0.685469
0.662547
0.677874
0.756328
0.697850
0.718014
0.712820
0.704062
0.651641
0.776847
0.576522
0.724349
0.785926
0.741021
0.748431
0.666567
0.569134
0.543475
0.698093
0.698068
0.546043
0.645141
0.670695
0.599163
0.561293
0.866919
0.772872
0.770015
0.700793
0.605109
0.651534
0.765524
0.577413
0.746147
0.672278
0.593692
0.570949
0.667653
0.566182
0.695642
0.792854
0.637419
0.680999
0.847263
0.676875
0.635442
0.572945
0.608573
0.691978
0.651900
0.651531
0.615486
0.624342
0.804192
0.708559
0.741181
0.602816
0.786804
0.633875
0.744098
0.749211
0.605095
0.578997
0.665168
0.680487
0.761671
0.779108
0.630797
0.693813
0.650116
0.775401
0.539840
0.729503
0.645866
0.592178
0.520115
0.628546
0.672721
0.716845
0.581184
0.825554
0.610421
0.696338
0.652143
0.629290
0.768347
0.691971
0.710425
0.847522
0.633382
0.604659
0.721187
0.700973
0.563813
0.600865
0.626741
0.679647
0.670489
0.604057
0.598518
0.671845
0.556661
0.691300
0.703505
0.643286
0.674982
0.688539
0.890807
0.716012
0.823854
0.802100
0.611871
0.602185
0.721563
0.579034
0.709356
0.786573
0.601766
0.782227
0.636487
0.609010
0.640186
0.779575
0.620661
0.714978
0.697089
0.726131
0.689346
0.654938
0.704123
0.646788
0.854819
0.593666
0.675670
0.670473
0.935669
0.647143
0.717752
0.684554
0.677851
0.550311
0.731942
0.906418
0.644764
0.692158
0.629542
0.874381
0.661344
0.659649
0.647375
0.598643
0.818733
0.457699
0.478852
0.792614
0.623705
0.634737
0.808363
0.753107
0.745093
0.737071
0.647446
0.654074
0.664057
0.671559
0.649989
0.637528
0.579676
0.612248
0.577627
0.727183
0.841095
0.676645
0.555762
0.646620
0.665548
0.557344
0.646111
0.526351
0.603472
0.666058
0.654576
0.662605
0.624450
0.618625
0.590747
0.601776
0.787056
0.538467
0.660041
0.596326
0.615832
0.631594
0.510572
0.682699
0.576921
0.676728
0.853420
0.686956
0.744716
0.742146
0.733997
0.799850
0.646669
0.771353
0.753938
0.630551
0.635511
0.751875
0.721520
0.941461
0.567567
0.737044
0.577649
0.557916
0.797874
0.601492
0.752914
0.559621
0.554051
0.649765
0.568437
0.562047
0.665582
0.667775
0.578021
0.687373
0.614723
0.586871
0.585572
0.685044
0.804136
0.551584
0.509092
0.591237
0.659368
0.627484
0.717297
0.636042
0.619365
0.734417
0.663873
0.578461
0.614771
0.571328
0.582853
0.644841
0.623667
0.544773
0.643653
0.737350
0.564630
0.631003
0.473115
0.664843
0.673493
0.722615
0.548381
0.751559
0.545888
0.551377
0.603453
0.719814
0.701944
0.699026
0.613424
0.570211
0.631164
0.554328
0.680571
0.566388
0.729479
0.779099
0.618592
0.611979
0.610746
0.646053
0.605207
0.659177
0.699992
0.587798
0.666899
0.825716
0.524814
0.605284
0.676265
0.614330
0.705689
0.666587
0.636826
0.741924
0.523805
0.781966
0.736278
0.540172
0.737854
0.592949
0.608138
0.684395
0.532182
0.567481
0.740596
0.665516
0.617188
0.633163
0.615766
0.578179
0.611733
0.662888
0.556574
0.747001
0.637868
0.758319
0.713040
0.559186
0.670422
0.634824
0.532328
0.598326
0.635579
0.638294
0.609473
0.682667
0.623096
0.561906
0.501706
0.739559
0.752677
0.815311
0.740267
0.613156
0.598824
0.677858
0.513156
0.626155
0.644568
0.723792
0.652068
0.674092
0.681901
0.715857
0.667480
0.491407
0.725595
0.719868
0.664867
0.653671
0.513155
0.576238
0.688746
0.687447
0.631155
0.671943
0.607892
0.642529
0.503994
0.682177
0.786548
0.560180
0.576839
0.548965
0.544359
0.703833
0.606427
0.568914
0.553362
0.551153
0.614635
0.636678
0.626632
0.505390
0.559023
0.597065
0.642788
0.698264
0.777273
0.690175
0.669941
0.626883
0.640843
0.624234
0.579989
0.727260
0.814304
0.735951
0.870610
0.658899
0.491697
0.696709
0.558792
0.592455
0.665235
0.567675
0.583087
0.524892
0.569568
0.530574
0.624088
0.616597
0.612384
0.647844
0.579794
0.508515
0.698410
0.646181
0.644781
0.632286
0.722685
0.835601
0.700416
0.708762
0.665098
0.680164
0.729393
0.664505
0.734453
0.675013
0.645135
0.722533
0.689441
0.702221
0.533865
0.613103
0.662763
0.786893
0.632580
0.612573
0.776369
0.813030
0.727882
0.642940
0.766944
0.659140
0.697755
0.528636
0.641050
0.715930
0.601217
0.729102
0.667797
0.638275
0.879799
0.567569
0.544866
0.637017
0.618617
0.546696
0.743825
0.636835
0.707763
0.702367
0.820038
0.611864
0.596332
0.607677
0.662552
0.680674
0.702592
0.515560
0.585460
0.621895
0.592796
0.632748
0.669242
0.649504
0.640207
0.678883
0.644703
0.576929
0.616003
0.638832
0.680540
0.618399
0.652359
0.705309
0.621449
0.611849
0.610526
0.627515
0.753730
0.655608
0.683664
0.578368
0.715085
0.464285
0.674016
0.700882
0.651842
0.536238
0.443381
0.662426
0.634466
0.554115
0.567205
0.658333
0.559962
0.717569
0.656148
0.463317
0.666573
0.576871
0.604696
0.616732
0.578045
0.579698
0.816954
0.797200
0.706024
0.730563
0.581067
0.687132
0.495004
0.638778
0.687036
0.597352
0.682570
0.460840
0.621505
0.590500
0.591636
0.713170
0.605465
0.459079
0.605976
0.603385
0.642924
0.594563
0.616200
0.573902
0.743612
0.628179
0.775018
0.607657
0.569676
0.733465
0.650950
0.692408
0.746025
0.587808
0.714607
0.538223
0.514965
0.581295
0.605439
0.514580
0.524037
0.562870
0.809534
0.574429
0.648238
0.625936
0.613994
0.487549
0.712680
0.622156
0.621776
0.792908
0.622924
0.676427
0.684335
0.777854
0.697407
0.705424
0.589127
0.696425
0.645175
0.737649
0.557229
0.594782
0.509695
0.629311
0.535012
0.623797
0.544914
0.471854
0.692583
0.517651
0.579218
0.522061
0.622650
0.475351
0.602738
0.501528
0.582577
0.691097
0.600826
0.590605
0.465373
0.697497
0.537055
0.606994
0.690879
0.555850
0.557750
0.745095
0.526956
0.679700
0.717020
0.617081
0.573440
0.724605
0.641477
0.655803
0.507651
0.701045
0.568410
0.643447
0.673426
0.659274
0.644622
0.545581
0.631323
0.537192
0.735667
0.498980
0.627400
0.615241
0.533879
0.616759
0.729009
0.674645
0.587330
0.512402
0.648007
0.668682
0.603253
0.511187
0.614104
0.564700
0.716710
0.551188
0.673419
0.563543
0.759796
0.620795
0.451812
0.598951
0.570330
0.597881
0.676058
0.560100
0.757990
0.610346
0.549447
0.504499
0.589420
0.621172
0.661703
0.662543
0.594904
0.566999
0.673239
0.524659
0.558399
0.558835
0.593402
0.687896
0.632410
0.594443
0.686001
0.641815
0.639719
0.655247
0.500638
0.667157
0.608187
0.534475
0.602789
0.715613
0.625221
0.872303
0.676265
0.534245
0.574712
0.602440
0.542608
0.608997
0.721784
0.481778
0.447310
0.619777
0.647125
0.554005
0.616192
0.617876
0.476212
0.635479
0.608573
0.483642
0.559752
0.592163
0.507818
0.595016
0.651137
0.620654
0.573700
0.623613
0.619731
0.561333
0.572296
0.618384
0.489775
0.684373
0.478675
0.500778
0.451089
0.530092
0.588430
0.733353
0.578230
0.502154
0.685306
0.598950
0.768798
0.582410
0.513815
0.652093
0.666060
0.552979
0.555428
0.534706
0.613612
0.748755
0.542086
0.593245
0.582431
0.621975
0.551584
0.614240
0.619389
0.684595
0.572937
0.627973
0.650822
0.630112
0.654562
0.641413
0.564642
0.689691
0.630820
0.685507
0.742804
0.552845
0.645701
0.661706
0.705860
0.650038
0.547257
0.611075
0.751015
0.592642
0.548952
0.571018
0.785153
0.444965
0.628425
0.630299
0.844314
0.492283
0.570085
0.624977
0.542827
0.615355
0.555519
0.618975
0.629027
0.660257
0.670294
0.595237
0.597403
0.682960
0.541485
0.522529
0.527654
0.586298
0.737441
0.543090
0.640564
0.719763
0.759261
0.782823
0.468666
0.580806
0.529379
0.621393
0.607639
0.626348
0.653054
0.540891
0.614229
0.692369
0.601224
0.583902
0.582737
0.828345
0.602277
0.584350
0.603965
0.598741
0.524670
0.618958
0.441449
0.585741
0.627122
0.808874
0.530452
0.657276
0.575904
0.783096
0.524148
0.746492
0.610417
0.661049
0.696809
0.590496
0.647619
0.446647
0.678889
0.641864
0.617471
0.635500
0.536599
0.590146
0.521410
0.561446
0.608308
0.536449
0.546240
0.663040
0.548063
0.592883
0.666225
0.748946
0.568507
0.670944
0.641156
0.571875
0.549239
0.549089
0.647306
0.631379
0.668190
0.650201
0.570137
0.600724
0.570229
0.719866
0.634835
0.556667
0.606445
0.707572
0.581124
0.822295
0.523001
0.486654
0.558442
0.665412
0.660897
0.502802
0.577863
0.554025
0.725477
0.574860
0.626290
0.586952
0.711210
0.659250
0.683753
0.500342
0.623234
0.594755
0.442335
0.523531
0.513436
0.613130
0.472127
0.649521
0.482752
0.575163
0.635796
0.499815
0.505340
0.704340
0.841033
0.573302
0.613214
0.479420
0.576265
0.681922
0.553163
0.719274
0.541268
0.562076
0.676198
0.661732
0.502181
0.515198
0.579768
0.617894
0.477679
0.637973
0.620907
0.425278
0.744874
0.519180
0.483238
0.677547
0.679227
0.503231
0.609274
0.585807
0.476407
0.594544
0.543935
0.684551
0.490035
0.577201
0.540351
0.614924
0.556139
0.614492
0.752388
0.715133
0.664166
0.543063
0.646531
0.477498
0.648607
0.640114
0.541944
0.631747
0.507574
0.572536
0.683702
0.532990
0.550210
0.721571
0.461036
0.595282
0.468737
0.608232
0.530248
0.578996
0.570773
0.637261
0.580482
0.542696
0.683985
0.437739
0.535832
0.519439
0.559307
0.433174
0.489806
0.538843
0.528404
0.539995
0.604643
0.501053
0.509823
0.481940
0.618200
0.476284
0.643753
0.477502
0.560908
0.628075
0.618135
0.803809
0.653588
0.801136
0.697262
0.586440
0.633573
0.589026
0.669908
0.580230
0.612965
0.421743
0.586011
0.497787
0.445757
0.668998
0.628185
0.575774
0.551165
0.562490
0.490041
0.571588
0.648204
0.556986
0.595547
0.516427
0.669375
0.579923
0.548450
0.437785
0.642362
0.478354
0.555470
0.546751
0.587866
0.718900
0.667169
0.724769
0.670078
0.573088
0.675213
0.436269
0.580982
0.563350
0.552308
0.596076
0.538494
0.510017
0.451551
0.595068
0.583079
0.668372
0.590610
0.577821
0.482828
0.623188
0.641529
0.452853
0.736868
0.611123
0.633137
0.515601
0.668453
0.612031
0.446648
0.544738
0.511137
0.488016
0.662833
0.449629
0.626177
0.637290
0.591515
0.535953
0.692176
0.534606
0.522248
0.475777
0.565434
0.701168
0.497315
0.742984
0.589564
0.589914
0.463811
0.713103
0.638210
0.671812
0.535286
0.558803
0.485102
0.623135
0.541245
0.620500
0.497094
0.490078
0.470834
0.544882
0.503824
0.577058
0.654687
0.520321
0.555540
0.538280
0.568869
0.586539
0.568713
0.586725
0.596986
0.591416
0.535253
0.611896
0.511353
0.576175
0.641987
0.555932
0.368872
0.601761
0.575499
0.536525
0.407522
0.478555
0.500156
0.553234
0.439890
0.493542
0.413803
0.560893
0.555745
0.545484
0.652281
0.525319
0.592900
0.548355
0.542844
0.547262
0.670126
0.496917
0.431100
0.464705
0.587267
0.466492
0.585013
0.627773
0.575919
0.651875
0.604845
0.536053
0.638030
0.511750
0.601531
0.674707
0.667371
0.510709
0.489313
0.637097
0.531625
0.477456
0.504804
0.605426
0.546193
0.685704
0.601813
0.694447
0.498199
0.630344
0.529420
0.439060
0.541022
0.716235
0.529164
0.598799
0.531337
0.545557
0.608193
0.511112
0.418845
0.574958
0.707571
0.497219
0.571162
0.525079
0.487351
0.515815
0.531597
0.595869
0.488364
0.556670
0.483802
0.679527
0.534091
0.624291
0.578826
0.415205
0.574285
0.776187
0.466515
0.600526
0.588123
0.606285
0.486257
0.530479
0.568654
0.598457
0.537161
0.539514
0.571423
0.695080
0.489456
0.644717
0.461538
0.537297
0.487374
0.432758
0.605253
0.542827
0.541954
0.567466
0.552393
0.586581
0.482186
0.548217
0.443878
0.581571
0.643738
0.547184
0.501743
0.426535
0.537651
0.681480
0.617473
0.625539
0.660866
0.623403
0.497377
0.534209
0.597633
0.570483
0.643420
0.518913
0.628954
0.483007
0.629338
0.552720
0.627377
0.441764
0.605025
0.619043
0.670641
0.568855
0.456828
0.559199
0.668962
0.629885
0.599504
0.516071
0.593713
0.473847
0.586147
0.508774
0.500201
0.632767
0.509741
0.549947
0.467960
0.603950
0.701109
0.482541
0.571772
0.470491
0.645243
0.651902
0.557975
0.539931
0.740764
0.626771
0.633209
0.607467
0.536062
0.606882
0.574354
0.601834
0.623563
0.605580
0.510513
0.631058
0.645517
0.760934
0.579242
0.557582
0.593812
0.706913
0.584301
0.488200
0.498555
0.518656
0.574493
0.504257
0.606962
0.662211
0.583961
0.631256
0.487321
0.647090
0.531608
0.661815
0.650763
0.405595
0.558566
0.496896
0.493321
0.491573
0.540243
0.610570
0.443715
0.363433
0.683286
0.514044
0.466247
0.492758
0.512471
0.531072
0.422980
0.467005
0.633207
0.483834
0.541918
0.510978
0.576590
0.507155
0.437242
0.562897
0.421175
0.573575
0.546566
0.478131
0.512913
0.482211
0.500520
0.595961
0.610444
0.557844
0.649261
0.617626
0.563729
0.590809
0.479719
0.550741
0.536290
0.531008
0.429510
0.516318
0.540242
0.439923
0.528268
0.606748
0.445440
0.644501
0.690867
0.501928
0.497797
0.467063
0.531979
0.676710
0.448188
0.499413
0.450054
0.469892
0.523590
0.394740
0.521068
0.576694
0.593458
0.515546
0.538774
0.504894
0.507333
0.601692
0.478820
0.561092
0.598160
0.478400
0.613130
0.505082
0.627253
0.413871
0.490535
0.634830
0.762772
0.547885
0.520306
0.561870
0.462511
0.586736
0.571387
0.436628
0.517218
0.539282
0.488471
0.528306
0.451308
0.547671
0.585753
0.645704
0.593909
0.589225
0.432669
0.666861
0.545340
0.514654
0.663657
0.658070
0.582563
0.446498
0.527719
0.652622
0.616672
0.579015
0.567532
0.530546
0.550060
0.533318
0.603514
0.469755
0.540645
0.428466
0.453162
0.546765
0.568937
0.564994
0.442766
0.457889
0.484713
0.529984
0.532935
0.542406
0.501638
0.394577
0.474717
0.463387
0.532019
0.524595
0.506493
0.615766
0.560800
0.470167
0.551667
0.595919
0.732060
0.478743
0.646487
0.540329
0.486495
0.680595
0.537010
0.745809
0.727560
0.480799
0.597430
0.438250
0.605950
0.458838
0.449754
0.611260
0.596296
0.561254
0.550650
0.582508
0.546880
0.499153
0.708382
0.412042
0.476842
0.596782
0.604419
0.466677
0.573588
0.528020
0.572773
0.548403
0.586019
0.477173
0.446904
0.549962
0.517292
0.485574
0.474074
0.527059
0.563495
0.779257
0.551856
0.615018
0.596818
0.549711
0.612504
0.550723
0.594150
0.485209
0.562781
0.540051
0.676570
0.560134
0.628287
0.614040
0.544414
0.548135
0.461883
0.436270
0.559462
0.430240
0.539130
0.462505
0.480342
0.563169
0.536576
0.528544
0.550344
0.465322
0.646503
0.515985
0.406756
0.614013
0.512438
0.535484
0.613775
0.523243
0.595736
0.391263
0.798033
0.540821
0.458388
0.465614
0.492766
0.443450
0.517804
0.629667
0.635819
0.661335
0.569679
0.456112
0.570007
0.567318
0.541020
0.498425
0.503012
0.469218
0.687156
0.525065
0.627338
0.483154
0.648726
0.568013
0.678410
0.507031
0.480764
0.546282
0.578638
0.556731
0.432687
0.600728
0.603237
0.473762
0.614916
0.595675
0.497321
0.462055
0.637936
0.564305
0.467082
0.506555
0.555195
0.563628
0.465075
0.565217
0.736591
0.436840
0.477772
0.470081
0.409469
0.628305
0.509566
0.479351
0.515772
0.424843
0.517766
0.706505
0.405512
0.515840
0.478194
0.687588
0.487698
0.586803
0.545435
0.583440
0.462737
0.529553
0.506195
0.571850
0.511506
0.412607
0.627503
0.380183
0.582943
0.548984
0.494898
0.491587
0.542731
0.533771
0.594838
0.674955
0.408477
0.558898
0.644680
0.447447
0.371459
0.600422
0.474001
0.506905
0.478731
0.552922
0.526806
0.481107
0.472148
0.569015
0.431346
0.713158
0.556010
0.608064
0.711164
0.549609
0.772608
0.535984
0.567091
0.611172
0.566380
0.641093
0.602632
0.610566
0.548028
0.587152
0.634040
0.574066
0.506398
0.555498
0.477144
0.500827
0.518333
0.455115
0.507346
0.636520
0.498441
0.554741
0.512274
0.440970
0.501006
0.643535
0.419922
0.522124
0.515689
0.487844
0.605677
0.526485
0.469847
0.710819
0.423338
0.460848
0.519112
0.534542
0.527982
0.665939
0.489817
0.497295
0.564094
0.552856
0.479480
0.542598
0.504813
0.538944
0.508876
0.549951
0.709479
0.529373
0.573174
0.419122
0.438253
0.503695
0.573579
0.565253
0.474199
0.515670
0.567530
0.425527
0.492320
0.560942
0.480089
0.459877
0.508578
0.594692
0.531513
0.487457
0.512209
0.486560
0.311838
0.586369
0.509495
0.565782
0.448644
0.351068
0.416668
0.493537
0.548133
0.534502
0.477339
0.399086
0.577724
0.556401
0.457367
0.638122
0.572291
0.414756
0.490000
0.571284
0.634330
0.492959
0.493930
0.538806
0.519303
0.499931
0.419044
0.436584
0.469204
0.497877
0.495197
0.562746
0.580730
0.534438
0.505383
0.534644
0.491969
0.450596
0.537021
0.533084
0.527129
0.602059
0.526142
0.456476
0.541761
0.545123
0.446655
0.522048
0.593452
0.490736
0.502784
0.658288
0.494014
0.483049
0.519403
0.556798
0.448262
0.499329
0.526205
0.563015
0.495167
0.553955
0.608779
0.403839
0.668841
0.591758
0.524682
0.631274
0.434168
0.457174
0.497623
0.462184
0.591898
0.457887
0.490567
0.428750
0.533097
0.576098
0.466946
0.435576
0.550499
0.520875
0.525016
0.537540
0.463354
0.604402
0.493567
0.382968
0.536997
0.566210
0.541814
0.416093
0.425539
0.474314
0.453473
0.488042
0.493400
0.502874
0.480584
0.445907
0.517415
0.515482
0.528934
0.535049
0.449393
0.425967
0.513198
0.471465
0.499621
0.431163
0.580625
0.585396
0.604241
0.465913
0.453238
0.539414
0.444450
0.552523
0.482986
0.451740
0.480322
0.558064
0.499273
0.572565
0.453120
0.462865
0.525951
0.522648
0.584124
0.435055
0.483770
0.572702
0.506349
0.481070
0.593884
0.515526
0.457929
0.435851
0.524564
0.487566
0.519302
0.387533
0.493905
0.400510
0.489455
0.511590
0.590056
0.578212
0.745562
0.413608
0.440686
0.559775
0.473232
0.605175
0.465075
0.469233
0.468393
0.471221
0.399718
0.434500
0.570332
0.590815
0.535064
0.438981
0.496797
0.603565
0.400062
0.503707
0.460317
0.665558
0.436868
0.583404
0.555916
0.663067
0.422647
0.504938
0.411314
0.447596
0.517116
0.631969
0.453467
0.553892
0.388923
0.645147
0.502474
0.455960
0.540317
0.596004
0.442480
0.501567
0.456778
0.500911
0.634458
0.530016
0.483968
0.469275
0.471352
0.511520
0.513095
0.494884
0.461771
0.515434
0.577289
0.552755
0.542266
0.553354
0.560511
0.427109
0.569639
0.474615
0.469570
0.539878
0.591324
0.520612
0.498490
0.521791
0.550048
0.401573
0.550302
0.530056
0.731238
0.655566
0.379252
0.428426
0.575539
0.561207
0.429600
0.608006
0.591459
0.590445
0.493742
0.404380
0.762998
0.480185
0.506816
0.670659
0.456840
0.639683
0.457069
0.453450
0.575845
0.535817
0.491409
0.672755
0.625040
0.516158
0.535614
0.509088
0.488792
0.600490
0.501616
0.519022
0.474074
0.468179
0.667386
0.459614
0.501792
0.481751
0.601579
0.448442
0.629533
0.440760
0.493780
0.465635
0.621226
0.486056
0.434313
0.511368
0.492722
0.544090
0.546024
0.553795
0.496010
0.599181
0.626244
0.413985
0.511422
0.413703
0.509069
0.621387
0.446806
0.513413
0.419574
0.483455
0.639316
0.538497
0.503943
0.496952
0.549376
0.440818
0.720827
0.675615
0.474256
0.474325
0.528782
0.500400
0.519271
0.637632
0.620417
0.546293
0.499043
0.411910
0.517778
0.388170
0.435724
0.582477
0.469725
0.463106
0.529088
0.415888
0.443818
0.458344
0.490217
0.481015
0.511835
0.586354
0.402282
0.423348
0.579022
0.558549
0.431226
0.420192
0.511065
0.439778
0.632701
0.395276
0.390741
0.461128
0.409509
0.377991
0.458653
0.614762
0.462699
0.399560
0.767419
0.511103
0.569469
0.487776
0.525061
0.430562
0.624557
0.619123
0.454018
0.476987
0.526143
0.479282
0.485286
0.447980
0.610554
0.538174
0.548850
0.414873
0.560029
0.483064
0.431927
0.587659
0.526534
0.403655
0.309972
0.403056
0.466987
0.426264
0.462202
0.482513
0.500737
0.525814
0.437925
0.484893
0.461406
0.423252
0.603286
0.499171
0.432095
0.614293
0.451726
0.478331
0.381024
0.515833
0.555693
0.464716
0.424018
0.591963
0.510227
0.406500
0.452702
0.517957
0.477767
0.610152
0.524008
0.478625
0.461420
0.545213
0.550369
0.511926
0.529356
0.432606
0.494847
0.486234
0.496880
0.438576
0.335375
0.616894
0.532115
0.501127
0.401730
0.409237
0.634525
0.526282
0.469765
0.513222
0.488738
0.460064
0.560260
0.510249
0.448952
0.485017
0.488206
0.561151
0.406566
0.455627
0.492082
0.469999
0.505347
0.541364
0.606522
0.495589
0.647860
0.541178
0.557658
0.425924
0.474254
0.412273
0.470316
0.539201
0.455258
0.614178
0.439602
0.446472
0.392552
0.507858
0.462540
0.518675
0.599700
0.452546
0.456090
0.526034
0.447614
0.438907
0.611980
0.584028
0.533066
0.553045
0.473894
0.478383
0.472478
0.406024
0.410942
0.485523
0.537480
0.509002
0.447925
0.505578
0.502262
0.533862
0.556139
0.423103
0.563269
0.472036
0.515919
0.497788
0.494990
0.414776
0.414856
0.506248
0.386931
0.513805
0.351328
0.460571
0.411875
0.446691
0.516915
0.406235
0.455887
0.562061
0.421436
0.465948
0.540012
0.536528
0.440873
0.483923
0.470513
0.337984
0.508403
0.463169
0.456745
0.432274
0.461099
0.523183
0.614901
0.594546
0.507455
0.495335
0.568352
0.540853
0.584343
0.573754
0.468905
0.482985
0.526665
0.392770
0.362783
0.514125
0.531249
0.535015
0.416752
0.542778
0.498464
0.388669
0.402231
0.585136
0.406645
0.360320
0.518136
0.457167
0.571931
0.647465
0.385966
0.601817
0.442022
0.380834
0.524408
0.670575
0.491896
0.419147
0.459168
0.490766
0.460098
0.543538
0.493302
0.367639
0.443385
0.574661
0.448304
0.578148
0.427886
0.563432
0.568133
0.415069
0.442982
0.330002
0.639233
0.406381
0.493944
0.422875
0.462253
0.508500
0.441619
0.581915
0.585340
0.446228
0.487963
0.529530
0.497235
0.465459
0.483875
0.539900
0.498210
0.442093
0.431313
0.470674
0.547525
0.398013
0.429543
0.475655
0.533428
0.415250
0.542516
0.432359
0.559813
0.294496
0.567127
0.408654
0.482468
0.521117
0.425981
0.475444
0.471079
0.497031
0.441063
0.506855
0.546953
0.487673
0.342404
0.425063
0.383444
0.417239
0.567935
0.477705
0.379276
0.419270
0.655801
0.485378
0.518790
0.553598
0.562969
0.494764
0.433078
0.594584
0.400186
0.374677
0.454370
0.440332
0.437991
0.421087
0.480026
0.497175
0.563704
0.540652
0.491278
0.403029
0.442249
0.537217
0.468804
0.592604
0.425802
0.599832
0.461564
0.456405
0.373443
0.514033
0.331947
0.400588
0.567196
0.444077
0.487545
0.457783
0.565557
0.402100
0.564629
0.428406
0.417485
0.452087
0.454998
0.525251
0.546584
0.506493
0.457447
0.441741
0.490813
0.359620
0.461797
0.415518
0.484081
0.502522
0.546107
0.404796
0.455441
0.520658
0.406804
0.412016
0.487952
0.455476
0.595385
0.460638
0.376053
0.535599
0.408266
0.462582
0.361141
0.459691
0.430012
0.518064
0.450504
0.545155
0.586257
0.508541
0.498293
0.522184
0.522664
0.445846
0.462111
0.438291
0.384836
0.456815
0.467611
0.445873
0.509079
0.368025
0.573952
0.373928
0.376242
0.595386
0.530779
0.455401
0.547737
0.419866
0.394530
0.407639
0.412656
0.473721
0.501647
0.529676
0.430996
0.442463
0.456751
0.508256
0.430801
0.434729
0.369193
0.429932
0.396587
0.311026
0.418109
0.523333
0.436961
0.454153
0.437275
0.392224
0.461699
0.521057
0.543603
0.435099
0.473823
0.351141
0.409839
0.362159
0.466791
0.536993
0.566831
0.440037
0.357245
0.446247
0.436770
0.440218
0.475681
0.560298
0.502895
0.377342
0.442434
0.393923
0.444968
0.451857
0.549031
0.399434
0.329454
0.583719
0.433110
0.619659
0.395645
0.348636
0.367674
0.397440
0.404037
0.436894
0.475923
0.368832
0.317310
0.468460
0.548541
0.463341
0.425488
0.471731
0.393473
0.514599
0.597793
0.371997
0.489893
0.548603
0.427458
0.488319
0.588713
0.419794
0.504344
0.581928
0.409424
0.448553
0.407275
0.566527
0.432496
0.540885
0.384508
0.333834
0.434821
0.389747
0.399677
0.368351
0.446603
0.419428
0.443739
0.468830
0.503616
0.621535
0.518075
0.358199
0.465424
0.406071
0.420408
0.464412
0.434563
0.393641
0.439899
0.498314
0.440543
0.497662
0.467265
0.450064
0.628895
0.370904
0.424332
0.495784
0.353342
0.397377
0.568240
0.467764
0.466531
0.366185
0.493267
0.442734
0.417430
0.516513
0.382969
0.431915
0.362153
0.436495
0.506264
0.566059
0.369560
0.506038
0.404136
0.455518
0.580430
0.432988
0.552500
0.567195
0.491437
0.455561
0.405820
0.361432
0.376464
0.605960
0.437826
0.464899
0.436107
0.411108
0.411318
0.452385
0.409900
0.499861
0.367159
0.499773
0.442028
0.407361
0.418927
0.510580
0.553928
0.507381
0.447391
0.356037
0.595611
0.396102
0.386208
0.608319
0.545913
0.410099
0.447727
0.494964
0.488638
0.469901
0.424934
0.437228
0.484190
0.566789
0.421433
0.449787
0.422364
0.446014
0.374975
0.470102
0.480835
0.621793
0.469298
0.399386
0.360079
0.435536
0.347351
0.465028
0.512715
0.407003
0.485299
0.382959
0.453897
0.482553
0.597151
0.440610
0.517675
0.404808
0.591549
0.447505
0.445837
0.426718
0.497675
0.542428
0.423371
0.290579
0.494765
0.625787
0.434468
0.478390
0.442041
0.374072
0.357126
0.366521
0.424725
0.425551
0.520140
0.303151
0.412959
0.404669
0.412092
0.455794
0.460501
0.424722
0.377076
0.426144
0.551280
0.525184
0.465835
0.507074
0.420493
0.527437
0.477516
0.511984
0.407169
0.626216
0.548876
0.400802
0.410106
0.572246
0.462059
0.524075
0.450079
0.550941
0.535176
0.417377
0.498628
0.450875
0.372522
0.437536
0.481267
0.535009
0.492603
0.368678
0.395080
0.454856
0.517766
0.483397
0.521316
0.430158
0.505191
0.574259
0.548789
0.449744
0.574195
0.536534
0.521440
0.355477
0.496986
0.491775
0.485690
0.415681
0.450344
0.491240
0.469469
0.477132
0.539752
0.447401
0.479666
0.593102
0.411667
0.434659
0.374383
0.524371
0.374994
0.418865
0.467618
0.336371
0.312163
0.457366
0.399448
0.401016
0.416833
0.419688
0.561012
0.441882
0.418208
0.395634
0.425633
0.449250
0.505870
0.470903
0.559038
0.575737
0.400159
0.422650
0.377817
0.460946
0.484683
0.503308
0.393803
0.397585
0.465887
0.475385
0.332445
0.375579
0.481220
0.370726
0.400889
0.371284
0.435822
0.423298
0.394071
0.357225
0.396586
0.377523
0.328199
0.468253
0.432759
0.461933
0.446515
0.427210
0.483461
0.369431
0.469938
0.427968
0.379976
0.352156
0.357369
0.404513
0.434655
0.389873
0.451587
0.345808
0.537923
0.442112
0.392555
0.367391
0.357070
0.493687
0.478053
0.403730
0.508545
0.397509
0.311740
0.555595
0.435609
0.582322
0.487035
0.471248
0.382694
0.420823
0.483914
0.434771
0.413301
0.399378
0.370418
0.566460
0.403154
0.441615
0.446311
0.557605
0.411480
0.506023
0.338690
0.319726
0.479081
0.440845
0.570789
0.402296
0.433002
0.420774
0.450402
0.497214
0.425450
0.417466
0.384606
0.437428
0.321603
0.404245
0.325364
0.453084
0.410034
0.410216
0.488568
0.402234
0.412390
0.368111
0.467328
0.426350
0.339451
0.428768
0.511436
0.435963
0.471132
0.446194
0.492482
0.454286
0.644004
0.446604
0.321422
0.395751
0.406787
0.594226
0.378722
0.486254
0.550719
0.496893
0.410291
0.380675
0.431905
0.378398
0.391473
0.457705
0.467626
0.352096
0.410758
0.419582
0.474742
0.415691
0.455131
0.327495
0.406718
0.461306
0.353680
0.399927
0.539632
0.363754
0.443901
0.469757
0.493968
0.458129
0.460121
0.469759
0.379844
0.433528
0.468172
0.444961
0.457987
0.665953
0.333239
0.421923
0.430703
0.387242
0.372460
0.411420
0.438931
0.517260
0.414435
0.537931
0.336350
0.398021
0.355656
0.417017
0.357101
0.442914
0.457343
0.450521
0.641106
0.421746
0.544844
0.582287
0.484163
0.404713
0.378519
0.444852
0.477812
0.334905
0.333410
0.430293
0.446906
0.450029
0.559488
0.406660
0.350656
0.461062
0.501908
0.357210
0.475741
0.394729
0.399920
0.480251
0.468994
0.497726
0.384615
0.360104
0.462487
0.426547
0.515058
0.333572
0.411782
0.378074
0.427284
0.426416
0.605443
0.416690
0.370413
0.422702
0.376911
0.415501
0.425398
0.334891
0.478540
0.468390
0.465113
0.337924
0.513629
0.431976
0.469219
0.421390
0.284496
0.398047
0.515012
0.362750
0.460831
0.518323
0.499889
0.518825
0.337374
0.416662
0.412038
0.314098
0.431849
0.450933
0.373973
0.390134
0.485999
0.309470
0.416401
0.376956
0.399461
0.372421
0.428188
0.420991
0.346383
0.446818
0.282478
0.494356
0.430463
0.439168
0.428880
0.485282
0.463737
0.422843
0.386398
0.440077
0.470234
0.396608
0.518082
0.507053
0.395487
0.515191
0.391657
0.461496
0.456204
0.285272
0.416411
0.495559
0.484524
0.332121
0.436949
0.503153
0.512669
0.413677
0.382723
0.411145
0.581000
0.424354
0.404272
0.472806
0.317893
0.431798
0.427409
0.432208
0.402492
0.417765
0.388457
0.338781
0.485244
0.378610
0.381611
0.480298
0.408694
0.358553
0.327374
0.534527
0.408437
0.494162
0.320809
0.390208
0.493684
0.470407
0.436714
0.309629
0.303281
0.381645
0.429614
0.507514
0.466733
0.402189
0.412645
0.438957
0.309680
0.455627
0.438868
0.420760
0.466465
0.489956
0.454067
0.382473
0.413949
0.527868
0.389020
0.468655
0.435190
0.488961
0.472136
0.475817
0.359129
0.454294
0.409863
0.479435
0.449320
0.340493
0.541004
0.372682
0.455730
0.481092
0.499543
0.375618
0.446946
0.344391
0.435020
0.460478
0.484713
0.475030
0.425718
0.516089
0.512110
0.469365
0.478714
0.412140
0.470415
0.558205
0.447846
0.471969
0.478123
0.380069
0.347414
0.342551
0.426961
0.477077
0.418667
0.418337
0.442848
0.420333
0.497446
0.510832
0.391736
0.450257
0.418052
0.455339
0.426348
0.389620
0.578974
0.415207
0.338454
0.439327
0.509955
0.441655
0.437239
0.279510
0.385673
0.370106
0.433928
0.396215
0.337296
0.433920
0.381602
0.390975
0.390916
0.319685
0.367643
0.491333
0.369110
0.355557
0.407135
0.430324
0.342023
0.351816
0.412334
0.496521
0.479304
0.359220
0.409039
0.387963
0.309515
0.417536
0.377373
0.437207
0.352907
0.372304
0.367206
0.369642
0.574830
0.424708
0.415921
0.417765
0.497457
0.513917
0.322787
0.367117
0.485545
0.383758
0.342725
0.446894
0.455916
0.306027
0.347509
0.428864
0.327464
0.430171
0.433200
0.351173
0.338201
0.342087
0.413490
0.450769
0.325402
0.310488
0.400645
0.339963
0.451519
0.303481
0.370460
0.458866
0.446792
0.356757
0.378658
0.436521
0.332261
0.371823
0.369128
0.361837
0.440234
0.424500
0.416307
0.389619
0.319743
0.398363
0.403458
0.724966
0.392401
0.381238
0.402517
0.393138
0.409788
0.459014
0.424276
0.404744
0.346319
0.412169
0.476923
0.371014
0.409016
0.303673
0.457330
0.413265
0.459123
0.465210
0.323161
0.365397
0.389381
0.363905
0.410149
0.495581
0.370564
0.468273
0.352727
0.337987
0.420395
0.365302
0.329632
0.406137
0.386718
0.343208
0.399621
0.330666
0.480544
0.422192
0.462037
0.470974
0.433445
0.365254
0.442992
0.400088
0.322263
0.462700
0.283919
0.390571
0.377754
0.425283
0.338605
0.399522
0.377559
0.396123
0.437080
0.386475
0.513399
0.378383
0.393031
0.404310
0.456642
0.475635
0.507714
0.389148
0.305687
0.375088
0.415760
0.290841
0.378948
0.446653
0.335480
0.408346
0.345068
0.420012
0.419906
0.480370
0.363411
0.443589
0.345930
0.353081
0.355225
0.334258
0.400173
0.492943
0.453303
0.393049
0.532400
0.308976
0.467255
0.359929
0.504822
0.426944
0.430213
0.391412
0.446746
0.382535
0.336819
0.433783
0.433569
0.273886
0.393279
0.354247
0.459465
0.363864
0.343604
0.308861
0.476292
0.416284
0.508617
0.299188
0.498194
0.378855
0.448686
0.408921
0.462654
0.376409
0.355099
0.490564
0.406842
0.307516
0.409160
0.390626
0.412228
0.485512
0.364336
0.340472
0.294071
0.454176
0.431846
0.444700
0.408001
0.339087
0.559283
0.385351
0.350347
0.363772
0.354945
0.334345
0.523131
0.413163
0.464415
0.455014
0.502170
0.402373
0.442738
0.356422
0.458879
0.372668
0.349953
0.333966
0.302293
0.378016
0.458955
0.464683
0.311931
0.413726
0.478854
0.368936
0.546395
0.446207
0.373666
0.464461
0.566624
0.485224
0.448148
0.483320
0.398723
0.323123
0.353165
0.559497
0.397088
0.304601
0.452319
0.426251
0.400506
0.354265
0.374847
0.393566
0.460830
0.453393
0.363000
0.399568
0.398797
0.369302
0.425219
0.350214
0.397511
0.404423
0.422645
0.307898
0.438683
0.324117
0.379832
0.302709
0.398554
0.367319
0.492202
0.407177
0.408375
0.335013
0.421405
0.338073
0.351947
0.398109
0.332414
0.409201
0.354644
0.338573
0.377542
0.366663
0.471435
0.399202
0.414249
0.316749
0.477984
0.494693
0.434854
0.362772
0.383636
0.379425
0.405881
0.457106
0.454891
0.344285
0.503233
0.386979
0.399770
0.498299
0.349944
0.447344
0.335067
0.401065
0.535945
0.464556
0.544361
0.362786
0.579953
0.559039
0.392600
0.442662
0.406215
0.441121
0.424271
0.478866
0.397462
0.382939
0.503840
0.428960
0.323899
0.399412
0.306118
0.371838
0.390483
0.466314
0.294854
0.312233
0.493772
0.408450
0.492173
0.425541
0.340032
0.386203
0.356255
0.369637
0.394014
0.408205
0.321688
0.336744
0.411740
0.395818
0.348072
0.334417
0.376090
0.391228
0.418564
0.299220
0.280172
0.412476
0.329170
0.351180
0.367544
0.321169
0.359591
0.382873
0.409280
0.417464
0.398233
0.439351
0.378831
0.457375
0.396800
0.376422
0.282157
0.289136
0.400320
0.515672
0.399205
0.511727
0.424295
0.560324
0.517959
0.307246
0.284123
0.275215
0.410503
0.470600
0.373355
0.392332
0.374196
0.362072
0.383785
0.416071
0.355535
0.491084
0.320194
0.362635
0.458198
0.279930
0.397495
0.363068
0.310836
0.473083
0.382652
0.364714
0.421471
0.296980
0.359513
0.375493
0.421414
0.396295
0.320742
0.352198
0.405306
0.361398
0.392036
0.352765
0.311340
0.333565
0.434416
0.430384
0.289502
0.359796
0.368098
0.445724
0.333500
0.455834
0.426736
0.382100
0.406413
0.377139
0.380521
0.366349
0.445750
0.391214
0.372600
0.237634
0.374566
0.428117
0.323583
0.362694
0.383029
0.291844
0.417529
0.368345
0.385606
0.364926
0.350221
0.424633
0.471812
0.447077
0.430289
0.385300
0.296722
0.387830
0.419359
0.334314
0.389530
0.302280
0.341669
0.385749
0.417405
0.383900
0.445420
0.363193
0.399279
0.407515
0.303928
0.355560
0.356660
0.408209
0.357824
0.393758
0.512222
0.393467
0.460185
0.385165
0.386395
0.393468
0.462511
0.281599
0.491564
0.338131
0.415748
0.320097
0.435036
0.479716
0.325802
0.328280
0.411848
0.297319
0.391139
0.420048
0.418655
0.360944
0.348170
0.294386
0.331219
0.326412
0.312813
0.449781
0.268470
0.351678
0.390039
0.357725
0.452321
0.417551
0.375891
0.485002
0.348611
0.446670
0.414209
0.445642
0.432396
0.470858
0.346036
0.406751
0.374537
0.380685
0.366065
0.389879
0.497379
0.318887
0.362205
0.288572
0.490788
0.453829
0.299138
0.374722
0.350205
0.540010
0.563146
0.387014
0.485325
0.430125
0.376999
0.359043
0.451518
0.445818
0.329941
0.429682
0.506077
0.382134
0.441223
0.399519
0.422630
0.425314
0.432899
0.387273
0.364941
0.429597
0.313868
0.397257
0.366196
0.330665
0.377027
0.324840
0.314297
0.452052
0.463470
0.427688
0.460708
0.383936
0.421973
0.397636
0.382303
0.378509
0.438586
0.381286
0.412652
0.313159
0.336678
0.446354
0.315063
0.401070
0.331913
0.423829
0.366870
0.373795
0.379847
0.323055
0.335159
0.315427
0.407493
0.340645
0.342504
0.393769
0.374430
0.367465
0.304307
0.377835
0.352118
0.479757
0.377731
0.338737
0.363720
0.474558
0.349482
0.372257
0.355522
0.335909
0.445284
0.610312
0.393991
0.438616
0.418550
0.321611
0.376839
0.424016
0.413902
0.374000
0.420756
0.389467
0.411474
0.415234
0.400285
0.329007
0.340850
0.327654
0.326444
0.353470
0.389732
0.329732
0.256727
0.338333
0.393552
0.315872
0.284999
0.458197
0.367403
0.494230
0.461529
0.448538
0.296289
0.327103
0.321247
0.349768
0.477849
0.315335
0.381175
0.327288
0.363634
0.374367
0.464201
0.331471
0.374187
0.307740
0.333748
0.398327
0.448628
0.413782
0.432399
0.438415
0.481840
0.334257
0.311749
0.270779
0.348460
0.326371
0.333503
0.343791
0.358525
0.347383
0.395164
0.521727
0.368212
0.382744
0.305263
0.263277
0.392370
0.293639
0.417645
0.305537
0.459039
0.381242
0.377039
0.326888
0.492076
0.387646
0.491445
0.402314
0.484450
0.363003
0.315827
0.420082
0.450260
0.360143
0.400597
0.264237
0.467398
0.283290
0.384598
0.372537
0.397602
0.352178
0.418834
0.341800
0.342509
0.409778
0.293922
0.484666
0.411766
0.290939
0.399858
0.315393
0.324760
0.281408
0.379389
0.351621
0.437322
0.500577
0.360290
0.319133
0.431642
0.367267
0.347460
0.364228
0.378998
0.464075
0.421992
0.306500
0.362076
0.341879
0.298478
0.307017
0.400257
0.448346
0.309266
0.370704
0.340417
0.311035
0.435155
0.423929
0.329804
0.459361
0.374839
0.344302
0.351263
0.334946
0.359802
0.315717
0.336210
0.282985
0.326631
0.340853
0.351642
0.343865
0.313076
0.348634
0.380964
0.332566
0.431456
0.435478
0.338556
0.365784
0.290924
0.571667
0.348074
0.382883
0.375213
0.348804
0.374776
0.412870
0.263846
0.371902
0.386347
0.358666
0.427483
0.265157
0.386007
0.286639
0.347411
0.288327
0.424946
0.347061
0.372350
0.263126
0.366999
0.357164
0.322966
0.294158
0.360438
0.407272
0.365889
0.326758
0.383038
0.302135
0.269785
0.360903
0.474346
0.273651
0.366940
0.447606
0.239128
0.346510
0.313400
0.266022
0.277642
0.306881
0.290571
0.325934
0.339814
0.395333
0.391393
0.316371
0.382574
0.347237
0.300662
0.315382
0.225596
0.410273
0.338934
0.371400
0.436093
0.394872
0.370112
0.505111
0.418373
0.333181
0.425485
0.316523
0.321309
0.300078
0.492451
0.319457
0.404988
0.319470
0.376280
0.322957
0.383868
0.314601
0.325976
0.310718
0.341385
0.421418
0.376572
0.386633
0.321822
0.314983
0.303987
0.436263
0.372421
0.365161
0.393699
0.400861
0.386795
0.439764
0.366805
0.264619
0.429397
0.326110
0.331500
0.229616
0.359750
0.503665
0.423032
0.296861
0.313654
0.349422
0.320528
0.242050
0.287149
0.379087
0.327235
0.430998
0.300927
0.328988
0.342767
0.459433
0.342649
0.282207
0.396831
0.325172
0.296965
0.449469
0.302490
0.335389
0.320800
0.306883
0.302314
0.409424
0.444449
0.332103
0.501793
0.343367
0.382117
0.369602
0.342584
0.345818
0.377559
0.384127
0.368069
0.373275
0.414303
0.432025
0.354948
0.405391
0.342749
0.438884
0.388603
0.407566
0.384391
0.386800
0.423597
0.326024
0.436382
0.292271
0.322486
0.414370
0.424410
0.448360
0.427935
0.409097
0.364412
0.403497
0.385511
0.299849
0.400067
0.281630
0.335667
0.427765
0.312925
0.374098
0.415241
0.318214
0.324052
0.355374
0.345895
0.293546
0.428393
0.288265
0.355120
0.339817
0.424724
0.424553
0.418394
0.462539
0.291412
0.342000
0.369426
0.324071
0.369719
0.375147
0.294755
0.376029
0.316283
0.400980
0.356962
0.352844
0.359186
0.429647
0.341769
0.348474
0.272390
0.391275
0.546242
0.305406
0.375208
0.483529
0.429585
0.452093
0.312033
0.387919
0.352034
0.410556
0.356691
0.354331
0.350666
0.310356
0.361066
0.372642
0.464210
0.388090
0.316256
0.515389
0.435112
0.384954
0.288458
0.408369
0.306427
0.436100
0.280868
0.352441
0.355504
0.385571
0.351024
0.398586
0.335904
0.415634
0.306575
0.295363
0.374547
0.394710
0.363515
0.440638
0.353120
0.332916
0.438126
0.423686
0.380952
0.324996
0.401547
0.468665
0.299141
0.393831
0.324038
0.333517
0.375216
0.337634
0.247584
0.385282
0.322686
0.394246
0.368861
0.331001
0.319416
0.352572
0.339873
0.395169
0.292479
0.319297
0.440581
0.310948
0.340528
0.381449
0.349486
0.289344
0.333944
0.319970
0.314873
0.319181
0.366953
0.289872
0.494345
0.394914
0.291414
0.384592
0.357422
0.429218
0.332049
0.361231
0.456082
0.380580
0.440551
0.393776
0.327287
0.426354
0.355865
0.343412
0.326887
0.364715
0.379705
0.319346
0.411837
0.279393
0.419718
0.383805
0.293487
0.320524
0.317543
0.389712
0.384283
0.373625
0.418100
0.339939
0.383574
0.377542
0.389451
0.289296
0.388007
0.396477
0.375779
0.308395
0.374431
0.269420
0.306756
0.266811
0.388790
0.333904
0.344526
0.268206
0.290834
0.231775
0.333277
0.418677
0.408288
0.368242
0.354292
0.387163
0.406433
0.312478
0.319521
0.409649
0.447193
0.376360
0.254394
0.274680
0.283992
0.299730
0.328073
0.423561
0.356019
0.382574
0.432928
0.320432
0.382862
0.314949
0.361258
0.385836
0.246539
0.503457
0.295115
0.345062
0.267269
0.294268
0.353092
0.352254
0.276681
0.307515
0.378378
0.399791
0.423595
0.373105
0.320478
0.359753
0.329888
0.332295
0.247584
0.402852
0.324677
0.378042
0.334540
0.384067
0.390614
0.359012
0.314948
0.376453
0.327997
0.271118
0.243590
0.393400
0.291786
0.391598
0.383892
0.315321
0.321849
0.306366
0.243129
0.227135
0.278815
0.284228
0.319268
0.399765
0.334473
0.346438
0.281701
0.326143
0.320783
0.279677
0.324200
0.301956
0.323801
0.361175
0.296910
0.350586
0.387460
0.260651
0.355552
0.331466
0.352332
0.408112
0.412595
0.429840
0.351829
0.377087
0.390209
0.310651
0.281785
0.360196
0.286451
0.300457
0.376427
0.421876
0.291108
0.362272
0.350370
0.334875
0.371948
0.339973
0.415765
0.250457
0.330908
0.267947
0.378100
0.333292
0.359237
0.269571
0.304660
0.325873
0.366460
0.265568
0.365689
0.385560
0.371439
0.359471
0.226935
0.308965
0.356130
0.442463
0.277506
0.451866
0.339282
0.395381
0.295299
0.351501
0.246003
0.378413
0.347785
0.352855
0.373652
0.420370
0.395472
0.308017
0.293547
0.226757
0.298078
0.282956
0.360003
0.323510
0.305418
0.393103
0.350827
0.333204
0.320732
0.317228
0.219640
0.381896
0.321898
0.292299
0.283024
0.323323
0.450299
0.433674
0.439827
0.373862
0.446403
0.296795
0.338994
0.289299
0.371889
0.398846
0.400736
0.367341
0.311091
0.330263
0.361126
0.358461
0.268201
0.366271
0.340488
0.377074
0.367222
0.277702
0.498873
0.292101
0.328965
0.380079
0.351125
0.304019
0.281349
0.293748
0.346936
0.482531
0.350915
0.368310
0.296462
0.387692
0.361114
0.339952
0.340826
0.300050
0.322526
0.304051
0.355522
0.402450
0.331369
0.405998
0.328681
0.379191
0.403095
0.326566
0.380826
0.397673
0.323493
0.378485
0.395463
0.286264
0.351553
0.307051
0.379553
0.331974
0.330268
0.307849
0.357518
0.354553
0.377719
0.380547
0.272956
0.350985
0.336975
0.340071
0.326153
0.294121
0.310223
0.414116
0.347554
0.368102
0.355666
0.283580
0.287513
0.389367
0.396218
0.392334
0.434069
0.386885
0.346807
0.249401
0.443698
0.320405
0.216652
0.364975
0.330962
0.444769
0.379018
0.370716
0.403188
0.371250
0.286201
0.286367
0.364969
0.281726
0.364694
0.377383
0.350941
0.292046
0.387460
0.402133
0.354124
0.359269
0.379666
0.444581
0.343665
0.275121
0.312609
0.274454
0.360711
0.327445
0.308648
0.392481
0.268997
0.363297
0.338613
0.285966
0.367481
0.342944
0.313969
0.317037
0.397444
0.449314
0.429110
0.416787
0.322670
0.324613
0.404528
0.348499
0.341680
0.371704
0.295994
0.300884
0.351752
0.414202
0.318943
0.402199
0.394650
0.370498
0.294425
0.320791
0.344272
0.364756
0.309324
0.328569
0.277292
0.419402
0.304761
0.381512
0.292766
0.271510
0.335061
0.288636
0.350189
0.316066
0.359481
0.251608
0.297098
0.269876
0.339848
0.291156
0.356684
0.341281
0.321727
0.271196
0.407750
0.336181
0.273424
0.264223
0.360362
0.346169
0.331235
0.387672
0.253718
0.311654
0.290687
0.407052
0.391773
0.262591
0.420634
0.351012
0.335155
0.311745
0.273361
0.341000
0.269622
0.286053
0.281051
0.307459
0.333755
0.312693
0.272474
0.290018
0.248079
0.365199
0.342056
0.234910
0.345048
0.400991
0.328641
0.398643
0.379684
0.471235
0.287947
0.349523
0.401316
0.328210
0.335682
0.418871
0.374920
0.346699
0.288665
0.333908
0.365432
0.381988
0.288423
0.290334
0.282294
0.418445
0.300062
0.344882
0.348409
0.346330
0.250997
0.440099
0.442683
0.273665
0.410730
0.358655
0.291018
0.400692
0.339314
0.277510
0.322239
0.348527
0.307660
0.329760
0.288827
0.303277
0.281781
0.343238
0.319822
0.311668
0.345100
0.319590
0.339061
0.381676
0.287448
0.294521
0.405900
0.273269
0.348899
0.379764
0.363961
0.325724
0.324077
0.293326
0.313415
0.324935
0.242771
0.301356
0.381092
0.449676
0.287154
0.379036
0.299365
0.278184
0.424804
0.306001
0.405076
0.269571
0.261647
0.426572
0.254692
0.276329
0.269803
0.359210
0.286192
0.258720
0.387689
0.393803
0.335953
0.269495
0.285788
0.292068
0.268450
0.335988
0.394783
0.339127
0.332147
0.440417
0.267976
0.288133
0.249745
0.370821
0.278740
0.389342
0.308524
0.274677
0.473600
0.385475
0.296861
0.261519
0.328510
0.277073
0.318813
0.334412
0.271883
0.396689
0.260685
0.420078
0.276812
0.277821
0.329672
0.300698
0.286752
0.263111
0.475105
0.575342
0.389596
0.382661
0.383739
0.389283
0.276954
0.354472
0.238444
0.285281
0.343454
0.364009
0.335214
0.381695
0.435105
0.335138
0.339623
0.297223
0.415550
0.359090
0.351008
0.342059
0.342144
0.456165
0.303195
0.316208
0.309935
0.324172
0.308511
0.349671
0.251559
0.374381
0.353287
0.381478
0.360582
0.388979
0.352150
0.257360
0.247519
0.319876
0.333373
0.278972
0.392917
0.372869
0.306322
0.269344
0.300484
0.330770
0.318502
0.295792
0.315167
0.279893
0.317864
0.379676
0.302742
0.317086
0.244745
0.284372
0.306538
0.267363
0.288159
0.372319
0.333932
0.398821
0.282341
0.338849
0.397223
0.277867
0.299666
0.271109
0.455681
0.250027
0.305211
0.297870
0.427435
0.354988
0.383732
0.266547
0.352539
0.373008
0.294232
0.430751
0.336143
0.444677
0.342845
0.319058
0.361772
0.439510
0.315392
0.371858
0.358141
0.414119
0.396217
0.313829
0.343880
0.323970
0.387573
0.356985
0.336772
0.380223
0.387790
0.439614
0.288864
0.345711
0.364184
0.414245
0.309052
0.337141
0.296659
0.336188
0.305893
0.336970
0.367567
0.309127
0.378587
0.285935
0.317325
0.288442
0.303068
0.428777
0.311856
0.378023
0.296779
0.309805
0.287679
0.263725
0.311207
0.249058
0.356713
0.368570
0.373563
0.282236
0.274361
0.358906
0.419260
0.362925
0.247674
0.382892
0.296253
0.276107
0.350596
0.318974
0.312225
0.286298
0.294962
0.355801
0.306881
0.426288
0.325657
0.334572
0.233446
0.429470
0.339008
0.385783
0.291432
0.280311
0.344100
0.348750
0.419143
0.345365
0.245358
0.260959
0.289855
0.281615
0.387969
0.289383
0.301996
0.331600
0.345407
0.255247
0.365120
0.290650
0.333517
0.357618
0.338513
0.292104
0.392216
0.269343
0.418290
0.390664
0.314133
0.433861
0.279474
0.308726
0.342611
0.301561
0.325987
0.296586
0.388476
0.285637
0.340210
0.492615
0.278152
0.243576
0.241886
0.388582
0.365082
0.338625
0.402567
0.256491
0.352102
0.334584
0.354132
0.260434
0.381112
0.292885
0.313068
0.278769
0.328908
0.326505
0.435868
0.371421
0.273539
0.368102
0.264095
0.329061
0.329599
0.273131
0.380434
0.390855
0.271710
0.273365
0.398417
0.338168
0.381134
0.280941
0.296342
0.283724
0.286324
0.285569
0.235714
0.462168
0.301163
0.255200
0.386855
0.391923
0.396720
0.377538
0.394860
0.247398
0.405584
0.281875
0.348048
0.294533
0.323680
0.347142
0.303809
0.335504
0.383740
0.360357
0.340219
0.369165
0.441040
0.317573
0.278764
0.340938
0.453240
0.241934
0.269761
0.361930
0.283369
0.450121
0.255615
0.331639
0.340149
0.257201
0.288109
0.257381
0.257876
0.354475
0.312296
0.313586
0.313359
0.283213
0.356806
0.325505
0.267005
0.335983
0.319138
0.315692
0.364451
0.333521
0.255857
0.247937
0.337168
0.322235
0.304291
0.284577
0.339446
0.268407
0.340509
0.355551
0.318180
0.303068
0.349922
0.286335
0.315941
0.349653
0.400100
0.278988
0.377865
0.339132
0.413234
0.240468
0.337819
0.285922
0.382734
0.331791
0.322494
0.264132
0.367482
0.316828
0.303529
0.288207
0.259140
0.327120
0.367004
0.328922
0.329489
0.290435
0.331049
0.412371
0.333507
0.284934
0.330722
0.301239
0.314015
0.376002
0.349086
0.301768
0.285783
0.252967
0.331498
0.231515
0.282722
0.378911
0.264352
0.413474
0.244701
0.302290
0.292180
0.364102
0.338705
0.322345
0.331732
0.272075
0.296587
0.373262
0.409421
0.266677
0.327335
0.289971
0.369711
0.387616
0.281483
0.285301
0.338649
0.410586
0.339792
0.328575
0.228514
0.306295
0.275309
0.306355
0.263606
0.372038
0.273880
0.336726
0.308916
0.425162
0.289426
0.321508
0.351017
0.304236
0.277540
0.297152
0.315424
0.207633
0.312908
0.317531
0.279584
0.303349
0.345613
0.223544
0.365598
0.333906
0.322688
0.347204
0.306345
0.336580
0.310744
0.317133
0.374249
0.325334
0.272433
0.335632
0.300634
0.338247
0.346041
0.224750
0.364211
0.398541
0.269401
0.294886
0.333824
0.348469
0.302834
0.384004
0.440660
0.346002
0.295669
0.307163
0.289684
0.369558
0.318617
0.420188
0.256257
0.373054
0.290886
0.281828
0.239169
0.308213
0.392600
0.248280
0.242302
0.347901
0.384060
0.303670
0.337094
0.318934
0.252020
0.337317
0.331455
0.301344
0.327729
0.374207
0.343458
0.274691
0.335496
0.374855
0.327082
0.369063
0.335596
0.292517
0.324936
0.382633
0.381758
0.317069
0.346950
0.279154
0.286620
0.317222
0.250104
0.282319
0.420122
0.338319
0.354975
0.237164
0.295174
0.274101
0.327693
0.379095
0.392585
0.313861
0.290657
0.276557
0.279694
0.252861
0.327445
0.310794
0.287623
0.271996
0.326073
0.344214
0.339168
0.286282
0.303985
0.264441
0.367696
0.304303
0.325824
0.366544
0.383080
0.289597
0.443854
0.269331
0.291422
0.257333
0.260249
0.310441
0.353562
0.349308
0.324831
0.349975
0.277569
0.325732
0.381280
0.316879
0.262315
0.346914
0.323112
0.373468
0.306002
0.309528
0.329065
0.327655
0.315418
0.414620
0.304341
0.424977
0.258848
0.296051
0.268246
0.354294
0.316931
0.334128
0.296378
0.269211
0.327415
0.324366
0.358394
0.298612
0.411945
0.331926
0.288744
0.299705
0.382567
0.445897
0.256136
0.332836
0.325093
0.411111
0.351161
0.221500
0.266964
0.330689
0.247469
0.346426
0.372896
0.306549
0.244608
0.407518
0.206988
0.326703
0.384066
0.318050
0.254439
0.287001
0.307759
0.329048
0.336994
0.300627
0.387311
0.311638
0.269498
0.299652
0.243364
0.356105
0.317658
0.258407
0.274525
0.324020
0.247945
0.320016
0.225169
0.297234
0.306791
0.379125
0.246960
0.352114
0.384071
0.213487
0.288251
0.335040
0.315236
0.343021
0.397807
0.302683
0.344620
0.311207
0.286638
0.280569
0.344118
0.361256
0.247680
0.333140
0.395233
0.324899
0.335148
0.326095
0.464000
0.305955
0.302940
0.345064
0.321177
0.340404
0.239183
0.273064
0.345099
0.316991
0.347883
0.289368
0.373044
0.307023
0.370166
0.399961
0.315869
0.342259
0.324717
0.336793
0.261251
0.315014
0.263672
0.337037
0.315341
0.346011
0.340563
0.225466
0.368190
0.268057
0.288614
0.319459
0.321027
0.305075
0.341047
0.323268
0.256749
0.282745
0.278746
0.298430
0.292543
0.363901
0.247284
0.285503
0.288956
0.301007
0.426197
0.249147
0.361251
0.393561
0.399977
0.310763
0.306294
0.328741
0.343498
0.317580
0.278046
0.392281
0.361028
0.359135
0.303387
0.279256
0.275779
0.344525
0.283365
0.338463
0.223781
0.329385
0.332964
0.282859
0.290714
0.279006
0.298819
0.353178
0.265731
0.257088
0.310670
0.404616
0.299586
0.269470
0.275715
0.263935
0.231254
0.273154
0.334407
0.296350
0.293355
0.272952
0.307611
0.304771
0.366170
0.267381
0.334895
0.230064
0.298685
0.386105
0.309770
0.290115
0.318135
0.321760
0.349320
0.431620
0.389431
0.375341
0.410008
0.265164
0.280885
0.368634
0.356769
0.244148
0.312033
0.239834
0.336159
0.302065
0.366318
0.378938
0.299585
0.347119
0.327554
0.246402
0.328122
0.258888
0.324181
0.291509
0.374661
0.306888
0.427677
0.305877
0.252229
0.332375
0.365225
0.311333
0.383834
0.296823
0.277478
0.299119
0.327398
0.266456
0.348572
0.295268
0.286278
0.295802
0.270506
0.346296
0.321911
0.307361
0.313566
0.320565
0.300778
0.339571
0.280949
0.342151
0.316205
0.322263
0.307244
0.387458
0.298964
0.282089
0.244178
0.305641
0.262874
0.277801
0.331455
0.312676
0.262282
0.301038
0.351189
0.324692
0.206456
0.316302
0.297184
0.262239
0.340433
0.381038
0.269886
0.378843
0.358039
0.301339
0.286457
0.325650
0.402241
0.342267
0.291649
0.241743
0.359179
0.309994
0.244555
0.315380
0.304325
0.366708
0.330131
0.328040
0.287325
0.272949
0.280234
0.368994
0.284412
0.309306
0.324390
0.329217
0.367260
0.362635
0.337268
0.295597
0.430346
0.365402
0.432234
0.301887
0.309090
0.301243
0.309039
0.350953
0.313601
0.314785
0.340598
0.371657
0.342954
0.347906
0.302794
0.306238
0.305443
0.366591
0.269956
0.288306
0.269863
0.286019
0.319064
0.262191
0.260827
0.379559
0.390644
0.340315
0.445142
0.310479
0.300986
0.343241
0.325109
0.268413
0.339490
0.299826
0.293926
0.318004
0.333304
0.327401
0.300133
0.266329
0.366843
0.291922
0.313871
0.292704
0.353740
0.404387
0.272042
0.304871
0.360889
0.341062
0.352998
0.415568
0.312557
0.278959
0.284225
0.300292
0.346004
0.304590
0.286373
0.322800
0.346221
0.337743
0.347664
0.380518
0.348256
0.243092
0.482408
0.327970
0.272466
0.402098
0.269727
0.371268
0.420770
0.359731
0.393547
0.301243
0.344361
0.303119
0.242604
0.337097
0.319837
0.347738
0.339801
0.318845
0.387951
0.293037
0.362758
0.283485
0.284576
0.280838
0.299794
0.278147
0.383137
0.306481
0.354033
0.361645
0.286714
0.344371
0.276742
0.307581
0.387538
0.335467
0.352112
0.328781
0.319500
0.332989
0.232009
0.341009
0.306685
0.283656
0.285796
0.265911
0.361422
0.291760
0.271367
0.249426
0.294519
0.297174
0.299012
0.294835
0.397459
0.393098
0.235496
0.278583
0.276740
0.242570
0.283931
0.325329
0.415748
0.397355
0.250795
0.294851
0.276918
0.334827
0.240991
0.314292
0.322468
0.271398
0.323271
0.350476
0.337299
0.312917
0.234081
0.297530
0.337824
0.335281
0.284728
0.278348
0.302687
0.290807
0.287881
0.361656
0.315111
0.302352
0.327465
0.349887
0.261813
0.324220
0.355470
0.242808
0.397922
0.400797
0.259783
0.239625
0.298615
0.250189
0.392481
0.292987
0.325654
0.381504
0.290323
0.329688
0.315148
0.369133
0.330947
0.266798
0.280082
0.248376
0.342512
0.342769
0.295379
0.322740
0.277874
0.310981
0.322732
0.367582
0.313525
0.383572
0.272432
0.287105
0.277359
0.312646
0.221705
0.413079
0.361085
0.269119
0.317952
0.355824
0.375566
0.290991
0.294094
0.344369
0.280780
0.277461
0.306722
0.271710
0.302779
0.302871
0.284751
0.283899
0.254270
0.377175
0.285630
0.294754
0.345760
0.294875
0.446108
0.322750
0.243235
0.285351
0.275446
0.319809
0.339545
0.258635
0.272876
0.346226
0.362948
0.301919
0.301516
0.262713
0.258760
0.313986
0.329631
0.360916
0.319669
0.351318
0.301036
0.311540
0.322580
0.273065
0.330712
0.417101
0.289179
0.361636
0.348680
0.371165
0.299570
0.347765
0.222950
0.397249
0.337349
0.309113
0.276335
0.401219
0.282620
0.307859
0.353730
0.211266
0.341431
0.297168
0.371986
0.319669
0.271869
0.250759
0.318956
0.344867
0.407931
0.226566
0.281744
0.340486
0.273103
0.321848
0.293322
0.339571
0.292440
0.300915
0.289978
0.251288
0.306004
0.222276
0.354399
0.313690
0.307529
0.354256
0.303415
0.335948
0.280061
0.299695
0.264661
0.307536
0.279820
0.346279
0.312068
0.226065
0.255556
0.325705
0.312196
0.271395
0.285294
0.311630
0.312200
0.266230
0.324490
0.328353
0.390071
0.298764
0.317871
0.289284
0.328476
0.334272
0.262516
0.261958
0.332413
0.311690
0.233521
0.328430
0.318111
0.242003
0.323813
0.265711
0.246221
0.261895
0.283424
0.263141
0.282695
0.231521
0.293987
0.318806
0.251334
0.288274
0.290336
0.238981
0.290415
0.299635
0.283680
0.361526
0.371172
0.313093
0.280926
0.301468
0.280837
0.248710
0.296700
0.230035
0.306470
0.280891
0.285885
0.355887
0.396246
0.302041
0.273833
0.337416
0.423660
0.269285
0.304091
0.226173
0.255243
0.319863
0.245399
0.239532
0.339493
0.280598
0.369004
0.317469
0.281435
0.346620
0.311056
0.411211
0.275505
0.237010
0.280702
0.269954
0.352830
0.316166
0.341041
0.281389
0.332027
0.328301
0.359291
0.300529
0.369754
0.260620
0.378597
0.326758
0.375250
0.330140
0.376828
0.234408
0.379671
0.368100
0.255529
0.297287
0.283412
0.262268
0.329265
0.349701
0.245150
0.271165
0.293890
0.345695
0.217031
0.267881
0.243407
0.244021
0.266200
0.331883
0.284549
0.291725
0.284534
0.364463
0.286273
0.335715
0.303252
0.358219
0.405489
0.300969
0.306651
0.304359
0.326227
0.327689
0.402346
0.287874
0.272570
0.267831
0.348106
0.246655
0.245406
0.327844
0.304812
0.349327
0.331809
0.360070
0.469751
0.315762
0.305605
0.340836
0.253242
0.427541
0.379672
0.290342
