3.598165
3.650733
3.492990
3.538641
3.432551
3.478654
3.477123
3.502985
3.334791
3.327353
3.366766
3.270660
3.314161
3.222392
3.253674
3.060926
3.218986
3.120232
3.218962
3.025576
3.242200
3.153402
2.933515
2.942788
3.025506
3.037470
2.981205
3.047859
3.096553
3.010482
3.018726
3.006505
2.929452
2.968893
3.122111
2.941360
3.094351
2.876280
2.907354
2.888886
2.842287
2.910226
2.870399
2.775818
2.932612
2.733109
2.748303
2.823338
2.819956
3.178088
2.759665
2.778981
2.901629
2.843578
2.833704
2.711044
2.906406
2.758464
2.708834
2.785671
2.619059
2.832547
2.714279
2.783089
2.746362
2.702328
2.732277
2.670934
2.564379
2.804026
2.753142
2.619907
2.643282
2.676733
2.620223
2.643930
2.708500
2.711026
2.674061
2.748254
2.727952
2.671897
2.471777
2.627013
2.579670
2.545666
2.478020
2.599482
2.675850
2.619231
2.624734
2.509955
2.573716
2.605608
2.591550
2.561746
2.689775
2.601000
2.525395
2.566154
2.588631
2.604047
2.426428
2.487704
2.452463
2.535649
2.627822
2.316911
2.472824
2.493256
2.343620
2.308461
2.614483
2.335052
2.503119
2.567628
2.416188
2.374756
2.311472
2.697378
2.370331
2.369627
2.427324
2.444283
2.487816
2.370332
2.553142
2.491813
2.404577
2.327737
2.617169
2.475205
2.460933
2.447951
2.269185
2.257149
2.345459
2.398858
2.427510
2.401351
2.294216
2.292107
2.345728
2.312123
2.411216
2.300416
2.224286
2.280859
2.280426
2.523957
2.358402
2.393713
2.549606
2.477450
2.305140
2.314426
2.310273
2.293099
2.361895
2.397485
2.448104
2.456865
2.318779
2.222489
2.377417
2.184619
2.215343
2.330681
2.209662
2.266052
2.194224
2.288648
2.160820
2.236593
2.273452
2.234504
2.319598
2.308072
2.279673
2.226295
2.205664
2.239918
2.199011
2.365135
2.135289
2.289326
2.198405
2.398623
2.160441
2.279613
2.109116
2.190468
2.273775
2.197602
2.211568
2.387701
2.076808
2.224629
2.142985
2.136899
2.162094
2.209242
2.276676
2.058242
2.097983
2.278685
2.164375
2.205565
2.216274
2.252189
2.094589
2.197226
2.210644
2.276186
2.111337
2.183923
2.289459
2.261349
2.162189
2.207428
2.169068
2.135845
2.037107
2.201217
1.947241
2.161688
2.025693
2.099477
2.056694
2.172731
2.049182
1.957924
2.114937
1.951090
1.959915
2.130211
2.038768
2.069895
2.009540
2.187871
2.154819
1.895905
2.130662
2.108143
2.137904
2.012269
1.975509
2.123550
1.989383
2.016573
2.147824
2.162611
2.052881
2.037096
2.062706
2.256831
2.179989
1.990711
1.883141
2.016010
2.125750
1.937405
2.001658
2.059336
2.012251
2.000338
2.092386
2.077507
2.045308
2.051534
1.965918
2.071307
2.126561
2.146781
1.997374
2.024306
1.985011
2.011151
1.912798
1.952835
2.179995
2.010342
1.886155
2.055884
2.075828
1.884863
2.070781
1.939702
2.078051
1.966572
1.871204
1.811128
1.999593
1.849796
1.736580
1.901581
1.825695
1.985388
2.040503
1.889232
2.011867
1.912573
2.077438
1.905083
1.947545
1.958824
2.112860
2.087289
1.989310
1.968377
2.143495
1.925434
1.915489
1.887888
2.048364
2.029691
1.928508
1.951563
2.000785
1.870620
1.926134
1.849698
1.937289
1.990388
1.869066
2.041425
1.939196
1.905340
1.891978
1.942400
1.976716
1.943662
1.967715
1.895838
2.156312
1.942437
2.067248
1.949917
1.908184
1.876166
1.773772
1.796996
1.848027
1.927416
1.962610
1.777344
1.748850
1.813256
1.971147
1.915550
1.892793
1.837565
2.089437
1.911779
2.167615
1.776220
1.974416
1.950883
1.859889
1.966408
1.720252
1.941445
1.713090
1.923382
1.902501
1.730991
1.707079
1.797880
1.918070
1.706234
1.915947
1.931771
1.885052
1.753377
1.762558
1.892264
1.742297
1.928949
1.912551
1.827749
1.935376
1.832771
1.716192
1.956164
1.867595
1.845254
1.768501
1.740548
1.825153
1.997059
1.881464
1.822426
1.808703
1.928234
1.794643
1.801223
1.893689
1.715132
1.806695
2.015281
2.072631
1.918110
1.775906
1.990974
1.878628
1.957934
1.956797
1.846275
1.873251
1.860561
2.034103
1.808118
1.697846
1.900444
1.872988
1.799744
1.818031
1.887339
2.060327
1.826321
1.745466
1.710828
1.878591
1.980607
1.841450
1.776415
1.672883
1.827671
1.678594
1.841671
1.743570
1.797007
1.946320
1.769694
1.754079
1.742682
1.741922
1.655055
1.648316
1.689452
1.751899
1.833677
1.928749
1.706397
1.910496
1.936792
1.679516
1.773410
1.786246
1.581189
1.757467
1.637899
1.897901
1.787220
1.704049
1.745369
1.760955
1.614105
1.680857
1.585817
1.818328
1.716568
1.676020
1.806273
1.590786
1.659863
1.661604
1.596580
1.787963
1.765924
1.897774
1.735563
1.842144
1.647606
1.734193
1.677929
1.773866
1.752059
1.899684
1.736794
1.828582
1.718656
1.772340
1.859723
1.811720
1.606275
1.696922
1.783321
1.728527
1.559607
1.742496
1.540450
1.767575
1.730214
1.711861
1.731090
1.756148
1.767927
1.905271
1.693023
1.733918
1.664630
1.691865
1.784944
1.848975
1.684885
1.695296
1.803606
1.739662
1.818110
1.734653
1.614421
1.652794
1.503657
1.636423
1.721817
1.736049
1.614402
1.656857
1.741440
1.723397
1.734751
1.809655
1.680325
1.752983
1.625148
1.661489
1.547624
1.828608
1.563556
1.597040
1.639555
1.752935
1.615001
1.708377
1.682601
1.686692
1.562328
1.545163
1.623776
1.560062
1.710021
1.618794
1.750267
1.748543
1.771388
1.671880
1.546559
1.717187
1.558165
1.687608
1.696282
1.770118
1.488785
1.599928
1.580595
1.616662
1.744073
1.486253
1.535513
1.516589
1.852870
1.719814
1.605452
1.584186
1.673030
1.761652
1.798444
1.856110
1.661987
1.513941
1.694052
1.620658
1.625430
1.720281
1.599801
1.832046
1.801999
1.543930
1.670711
1.692442
1.643701
1.707958
1.611772
1.676830
1.684637
1.484407
1.638720
1.729227
1.621178
1.704367
1.697806
1.738441
1.710957
1.641461
1.594423
1.517785
1.612787
1.666637
1.624188
1.717654
1.748756
1.845124
1.565693
1.845193
1.500320
1.670471
1.771622
1.755521
1.677951
1.556575
1.641251
1.595619
1.505214
1.637721
1.766080
1.793102
1.612593
1.593423
1.682878
1.531545
1.421134
1.575734
1.636402
1.627403
1.692740
1.666464
1.567079
1.486355
1.422654
1.528643
1.638230
1.884206
1.523579
1.516610
1.466631
1.672550
1.541431
1.635995
1.481231
1.707620
1.701579
1.529058
1.430639
1.634396
1.447326
1.744934
1.588944
1.749980
1.750422
1.790683
1.839099
1.553962
1.492663
1.553449
1.722234
1.569426
1.656950
1.647076
1.564757
1.658279
1.549875
1.515568
1.630220
1.566583
1.695828
1.585584
1.569964
1.473659
1.560326
1.490680
1.669300
1.415526
1.775697
1.549372
1.711777
1.693124
1.677763
1.505392
1.690001
1.578569
1.494308
1.637609
1.630146
1.602454
1.542456
1.645348
1.574722
1.513787
1.593195
1.600797
1.528122
1.534257
1.604505
1.687219
1.720949
1.655924
1.527926
1.512747
1.636914
1.584018
1.445639
1.558239
1.409016
1.455043
1.410182
1.514998
1.566239
1.435509
1.619976
1.623105
1.635862
1.450886
1.587976
1.565772
1.397750
1.651616
1.609778
1.545940
1.554351
1.491918
1.588178
1.554851
1.520063
1.609332
1.533771
1.463890
1.566951
1.521735
1.562100
1.575294
1.633185
1.448544
1.516095
1.263764
1.540040
1.719870
1.372870
1.522975
1.475454
1.495811
1.347399
1.427387
1.535031
1.388618
1.432857
1.564837
1.603602
1.569303
1.636916
1.417827
1.316999
1.421423
1.466395
1.413187
1.360780
1.540349
1.557217
1.550897
1.519177
1.551592
1.605205
1.667145
1.397060
1.567878
1.515867
1.522895
1.418877
1.316455
1.588864
1.356881
1.474351
1.676349
1.549670
1.522763
1.524466
1.322893
1.434184
1.604544
1.378885
1.460493
1.503082
1.635398
1.470850
1.449978
1.397853
1.499235
1.719227
1.574669
1.362368
1.416541
1.493246
1.613286
1.588351
1.459419
1.603716
1.591721
1.590092
1.526721
1.428333
1.381005
1.497326
1.586625
1.401539
1.414184
1.392381
1.302443
1.480772
1.509909
1.527197
1.371379
1.473117
1.633280
1.581706
1.460590
1.494009
1.459561
1.478362
1.566779
1.637013
1.553525
1.542136
1.591130
1.502683
1.545566
1.573516
1.483361
1.357360
1.334795
1.334094
1.454156
1.245818
1.377490
1.453377
1.446210
1.470920
1.533296
1.541994
1.459665
1.483121
1.543803
1.565378
1.465187
1.468396
1.436482
1.592819
1.628322
1.370436
1.392887
1.740972
1.384419
1.536566
1.407480
1.687616
1.425316
1.568985
1.501469
1.399318
1.506427
1.464632
1.378054
1.461342
1.451350
1.468728
1.338511
1.304914
1.317115
1.476401
1.453621
1.269117
1.420203
1.408731
1.444410
1.454689
1.523182
1.430831
1.332769
1.462775
1.511719
1.637689
1.420405
1.426247
1.420288
1.427497
1.523217
1.468631
1.536109
1.492036
1.405389
1.519222
1.403578
1.477507
1.580237
1.534906
1.532966
1.339611
1.343730
1.304741
1.402783
1.310736
1.405253
1.465040
1.381798
1.327463
1.350201
1.275331
1.258757
1.437182
1.620485
1.327670
1.396401
1.571155
1.420965
1.336554
1.568766
1.409993
1.385226
1.410577
1.532125
1.324765
1.367907
1.575214
1.303926
1.494920
1.461804
1.474268
1.446689
1.384467
1.467876
1.181766
1.418678
1.406474
1.368034
1.322911
1.412382
1.380459
1.354658
1.528327
1.365124
1.421165
1.254769
1.363110
1.481009
1.304191
1.464388
1.459545
1.275300
1.441540
1.299972
1.264238
1.347767
1.456474
1.318161
1.361418
1.366902
1.427555
1.338716
1.278471
1.437573
1.320256
1.420620
1.295381
1.303703
1.452814
1.322160
1.469019
1.552442
1.403041
1.331765
1.503057
1.450842
1.517228
1.347276
1.341973
1.656007
1.438514
1.343672
1.364879
1.453477
1.398178
1.438237
1.488506
1.404176
1.219504
1.363525
1.279791
1.398976
1.405675
1.408523
1.500255
1.364237
1.417433
1.444070
1.445592
1.385244
1.357090
1.534739
1.414066
1.157839
1.160037
1.324139
1.251847
1.372445
1.270179
1.320381
1.404486
1.331760
1.253842
1.385883
1.392588
1.423017
1.446511
1.349842
1.563789
1.533754
1.533341
1.254003
1.451592
1.385498
1.284996
1.423139
1.464717
1.386721
1.493584
1.218241
1.375006
1.671804
1.370274
1.301509
1.346454
1.215148
1.260021
1.499808
1.604893
1.429147
1.292928
1.392511
1.387292
1.439626
1.328460
1.369320
1.160986
1.337135
1.456863
1.269612
1.402089
1.520388
1.387146
1.412715
1.381801
1.255304
1.472768
1.337992
1.547199
1.444642
1.407423
1.293227
1.242214
1.400059
1.341795
1.318306
1.364363
1.250904
1.343193
1.502200
1.467534
1.220981
1.309498
1.321144
1.258262
1.292846
1.303114
1.465619
1.230826
1.147586
1.421977
1.431683
1.496207
1.420907
1.368723
1.297359
1.377566
1.237162
1.437397
1.314505
1.271198
1.485360
1.461808
1.410103
1.234678
1.150008
1.246689
1.251754
1.362492
1.235473
1.388912
1.302240
1.339601
1.208290
1.325030
1.434945
1.304344
1.363676
1.338349
1.129777
1.368224
1.416231
1.258402
1.332459
1.207489
1.121216
1.287310
1.204573
1.417168
1.039622
1.092016
1.260916
1.232617
1.226141
1.458877
1.332145
1.260661
1.088544
1.182648
1.282653
1.535709
1.212894
1.297801
1.131916
1.407756
1.369304
1.217181
1.382977
1.234916
1.229873
1.434776
1.085605
1.201010
1.304286
1.208444
1.528930
1.623061
1.286055
1.338903
1.411064
1.414248
1.309231
1.349110
1.075108
1.392496
1.323967
1.368274
1.377647
1.234607
1.344581
1.347608
1.305381
1.361441
1.233142
1.202056
1.648167
1.333116
1.238348
1.304246
1.257044
1.273845
1.180728
1.432679
1.381388
1.333602
1.198842
1.285831
1.270319
1.386386
1.293302
1.536377
1.307205
1.366759
1.399038
1.383940
1.198593
1.363692
1.346261
1.437345
1.291782
1.347622
1.503042
1.242793
1.253502
1.260015
1.392318
1.382873
1.329364
1.298545
1.167892
1.306253
1.233508
1.129589
1.299886
1.226667
1.408506
1.287775
1.257928
1.298120
1.319439
1.232030
1.185351
1.399455
1.435680
1.344415
1.429611
1.509893
1.541259
1.387279
1.306201
1.241838
1.281315
1.258498
1.390862
1.440359
1.350484
1.289665
1.297961
1.309348
1.305918
1.289759
1.181909
1.236013
1.297333
1.385970
1.120359
1.198120
1.374364
1.112973
1.256349
1.470690
1.141675
1.186643
1.467034
1.238946
1.165229
1.114618
1.147277
1.349433
1.365032
1.314113
1.293594
1.332123
1.075451
1.235239
1.304456
1.267692
1.256823
1.304345
1.191008
1.033527
1.312485
1.216025
1.300208
1.255408
1.125397
1.275819
1.208388
1.256294
1.183062
1.265715
1.578697
1.320843
1.252615
1.406868
1.416926
1.300858
1.191518
1.222376
1.392773
1.222371
1.291701
1.315607
1.080689
1.130651
1.268565
1.230665
1.180696
1.274209
1.170678
1.274155
1.159768
1.320817
1.231727
1.100074
1.192883
1.158498
1.237043
1.328137
1.161028
1.163702
1.093790
1.204144
1.229879
1.306921
1.390120
1.196729
1.141852
1.150687
1.417760
1.029936
1.333048
1.373273
1.361009
1.335633
1.298594
1.262457
1.232857
1.143989
1.279390
1.293427
1.321951
1.249037
1.219735
1.239472
1.215134
1.235870
1.392966
1.401511
1.244249
1.270878
1.300038
1.155115
1.291386
1.191399
1.249191
1.185676
1.368743
1.245443
1.231152
1.319472
1.258164
1.071859
1.064996
1.182894
1.382509
1.179883
1.324100
1.004415
1.319988
1.153006
1.002477
1.219563
1.421780
1.387489
1.057541
1.204328
1.133751
1.208349
1.319140
1.143163
1.482002
1.159048
1.334514
1.355200
1.257827
1.157039
1.228058
1.318792
1.425607
1.372636
1.387015
1.147337
1.103549
1.120498
1.351386
1.242903
1.132330
1.242482
1.265017
1.117554
1.210508
1.214944
1.212756
1.196336
1.371574
1.293918
1.255875
1.206722
1.186882
1.293490
1.182747
1.039542
1.191767
1.058583
1.224276
1.259591
1.452420
1.217818
1.301243
1.235008
1.267670
1.174469
1.231469
1.182983
1.172312
1.181634
1.268077
1.273216
1.270055
1.376604
1.151869
1.240269
1.382360
1.117380
1.273940
1.267274
1.084159
1.179538
1.369757
1.417938
1.276538
1.325008
1.162733
1.422280
1.445145
1.218243
1.301491
1.120678
1.258841
1.256404
1.346251
1.230770
1.057492
1.288196
1.329125
1.152822
1.074495
1.185936
1.281073
1.309839
1.258039
1.219222
1.423264
1.138510
1.145686
1.281586
1.136308
1.185957
1.201630
0.991061
1.305457
1.215037
1.135797
1.361099
1.273756
1.280442
1.286087
1.295872
1.181316
1.101284
1.172280
1.170226
1.026754
1.355170
1.156490
1.102352
1.150870
1.118918
1.138247
1.233397
1.348761
1.037519
1.102955
1.098028
1.085809
1.246854
1.176070
1.129647
1.137072
1.152288
1.380193
1.234599
1.035771
1.133230
1.285881
1.267881
1.241064
1.169929
1.141016
1.083392
1.097636
1.147656
1.186705
1.187290
1.224353
1.309826
1.190228
1.247420
1.050193
1.056244
1.178762
1.160657
1.095186
1.393672
1.089677
1.036743
0.998028
1.212781
1.357073
1.073109
1.158893
1.250070
1.206464
1.013965
1.181239
1.251937
1.136243
1.167494
1.189654
1.135457
1.137285
1.259393
1.030317
1.136816
1.152344
1.038685
1.167175
1.046106
1.316063
1.111832
1.269194
1.312719
1.079206
1.140117
1.269761
1.366442
1.390586
1.150813
1.194626
1.076707
1.230745
1.124442
1.030107
1.298336
1.348816
1.298529
1.149228
1.181481
1.119533
1.300495
1.072768
1.227731
1.010703
1.129936
1.121434
1.345658
1.135350
1.201878
1.072516
1.126814
1.178496
1.160157
1.172167
1.062572
1.120702
1.101524
1.158368
1.077272
1.275835
1.134876
1.216886
1.234210
1.104775
1.325535
1.212558
1.229730
1.130588
1.070241
1.201324
1.071514
1.139321
1.170956
1.155247
1.054877
0.958455
1.181554
1.084236
1.078462
1.229764
1.267654
1.308263
1.187716
1.350152
1.234953
1.017270
1.184588
1.340187
1.319377
1.121470
1.257888
1.254706
1.192030
1.088223
1.121003
1.127709
1.139852
1.134668
1.175650
1.156074
1.183343
1.286066
1.320727
1.244376
1.296828
1.259965
1.091799
1.081742
1.171430
1.235928
1.177987
0.996971
1.105939
1.155235
1.192167
1.065923
1.287190
1.109329
1.086408
1.159334
1.010692
1.340363
1.099641
1.034443
1.327507
1.148967
1.357724
1.081324
1.079938
1.187343
1.284336
1.050388
1.134271
1.172955
1.200132
1.327232
1.118743
1.183014
1.081096
1.054295
1.346234
1.143432
0.960809
1.337179
1.115637
1.075822
0.984272
1.068489
1.236129
1.110506
1.164943
1.125331
0.981747
1.020207
1.195463
1.125885
0.960007
1.119780
1.088843
1.211606
1.228913
1.273029
1.088853
0.907016
1.170485
1.204565
1.088242
1.062695
1.091165
1.175976
1.013309
1.189152
1.268215
1.147224
1.126687
1.089059
1.123661
1.173241
1.251315
1.236987
1.077917
1.339421
1.182674
1.145581
1.218729
1.127257
1.040291
1.026414
1.054934
1.149881
1.044866
1.167087
1.023630
1.226222
0.960651
1.229951
1.279461
1.068305
1.269426
1.133799
1.017748
1.109992
0.980822
1.047159
1.123275
1.104057
1.101182
1.112906
1.060296
1.284706
1.245252
0.989689
1.193060
1.232056
1.171383
1.299459
1.218921
1.075676
1.341612
1.060722
1.127655
1.119488
1.120099
1.247897
1.025133
1.321933
1.052067
1.004735
1.167835
1.108811
1.107170
1.066656
1.178920
1.074736
1.172122
1.100496
1.001498
1.147239
1.190413
0.921828
0.945840
1.171827
1.220440
1.316434
1.129967
1.073555
1.035076
0.994221
1.005742
1.099385
1.000634
1.083217
1.006084
1.005707
1.066215
1.039295
1.157850
1.102885
1.056572
1.072110
0.918716
1.189057
1.155539
1.025979
1.024554
1.025224
1.117377
1.144923
1.088657
1.229748
1.070940
1.160312
1.066181
1.019709
1.056791
1.019344
1.123633
1.172544
1.177734
1.073675
1.380606
1.132325
1.102545
1.229027
1.209709
1.100492
1.224678
1.209969
1.232684
1.060229
0.982026
1.195363
0.947188
1.147017
0.990488
1.392470
1.126547
1.098981
1.158439
1.015317
1.075507
1.167013
0.897703
0.928782
1.121575
1.121266
1.118684
0.950672
1.022994
1.033258
1.089105
0.999993
1.021953
1.051306
0.989260
1.219981
0.952060
1.138528
1.070292
1.088775
1.094834
1.095753
1.027021
1.047208
1.051733
1.102981
1.119449
1.257302
1.194855
1.106501
0.996611
1.158627
1.111696
1.113102
1.121194
0.973116
1.049338
1.032224
1.011879
1.225036
0.931834
0.907868
1.012542
1.210321
0.954804
1.032581
0.985369
0.937764
1.041512
1.008567
0.974217
0.971995
1.066877
1.095681
1.071101
1.017130
1.106966
1.097268
1.137679
0.969554
1.051634
1.034647
1.138897
0.912075
0.911018
0.988325
1.100909
1.098444
0.941790
1.083534
1.038496
1.244067
0.992174
1.168037
1.163238
1.061418
1.032859
1.181034
0.977003
1.005316
1.132036
1.109593
1.077332
1.239312
1.088736
0.943322
1.284157
1.032814
1.082491
0.976862
1.066992
0.982255
1.041459
1.155303
1.122198
1.073872
0.952990
1.061443
1.070209
0.996944
0.984969
1.168428
1.152486
1.052707
1.105425
1.056532
1.117678
1.203037
1.097807
1.035747
1.020078
1.157356
1.050227
1.047733
1.157645
1.058620
1.207494
1.046788
1.122747
1.004870
1.150463
1.028432
1.175914
1.133415
1.111403
1.073012
1.078366
1.037136
1.067379
1.067712
1.006207
1.170555
1.010849
1.090840
0.967084
0.924871
1.028900
0.921122
0.959101
0.916942
0.899638
1.021855
1.004739
0.966205
1.045910
1.004340
0.986753
1.354902
1.218423
1.268815
1.101677
1.003108
1.010072
1.026062
0.966130
0.896040
1.050001
1.076719
1.064532
1.077253
1.008653
1.017394
0.889205
1.009682
0.933072
1.083274
1.025510
1.111873
1.119657
0.949870
1.043779
1.000529
1.002267
1.088517
1.243742
1.189583
1.353931
1.069882
1.106253
0.980741
1.087510
1.180858
1.015597
1.015228
1.060699
1.064335
0.965260
1.153329
0.978685
1.116311
0.906302
1.211130
0.986147
1.057022
0.995685
1.139434
0.984546
1.005190
0.975279
0.914345
1.291097
1.060841
1.067725
0.999169
0.980175
0.894996
0.802723
1.059463
0.909238
0.890972
1.026539
0.915539
1.168573
1.063289
1.057477
1.108861
1.103638
0.966760
0.971056
1.056130
1.000194
0.983256
1.127607
0.995852
0.911668
1.031290
1.071340
1.105538
1.026228
1.010664
0.941693
1.087009
1.151151
0.997172
0.983211
1.060172
1.064245
1.031655
1.015214
0.929701
1.110231
1.200884
1.227788
1.197195
1.014072
0.991217
0.882185
0.995055
1.000796
1.086611
1.135899
0.997134
0.997405
1.137330
1.238224
1.015728
1.151407
1.049723
1.076719
1.176759
1.167505
1.004066
1.163330
0.926363
1.070906
1.063219
1.047562
0.967656
0.978361
1.039751
1.004045
0.930074
0.996481
1.069718
0.946830
1.016021
1.084697
1.121248
1.075413
0.938800
0.844760
0.969188
1.162333
1.060675
1.140839
1.112048
0.912373
0.980105
1.107637
0.857578
1.183726
1.048135
1.167474
1.109709
1.068859
0.942668
1.125521
0.950158
1.064393
0.926202
1.095868
1.088444
1.002864
0.919144
1.240050
0.905793
1.066092
1.096877
0.873390
0.956703
0.914742
1.184492
1.017222
0.940617
0.886561
0.978946
1.097170
0.990671
0.954123
0.947276
1.000080
0.899891
0.919389
0.924558
1.027393
1.039961
0.955100
0.992700
1.043705
1.098792
0.966603
1.134980
1.007024
1.163245
1.040650
0.916217
1.059066
0.915624
1.170895
1.040952
1.002288
1.011653
1.141063
1.043462
1.020175
1.056170
0.857891
1.006191
0.980921
1.140416
1.091473
1.108266
0.835777
1.061831
1.096962
0.995194
0.849235
0.899815
0.933863
0.919885
1.138667
1.031215
0.895241
0.954919
0.899625
0.851120
0.928858
0.897849
0.996532
1.063913
0.988783
1.052132
0.941545
1.087400
0.847928
0.907057
1.127002
0.991210
1.021060
1.028368
0.975213
0.966940
0.953266
0.874606
1.017133
1.156439
1.001086
0.937483
1.102085
0.969112
1.117293
0.898705
1.100584
0.942302
1.018205
0.993417
0.936195
0.875178
1.076017
0.929979
1.007081
1.006213
0.993011
1.075408
1.032358
1.117694
0.971704
0.950537
0.996062
0.944170
0.762921
0.845279
1.076665
0.923045
1.044276
0.876953
1.244310
0.894277
1.254422
1.038724
0.919645
1.067597
1.014299
0.986127
0.858147
0.980324
0.915739
1.190143
1.076445
1.082551
1.051959
0.919417
0.957835
1.031503
0.944210
0.935662
1.145267
1.076294
1.022299
0.857690
1.031452
1.028995
1.080464
1.078658
0.907403
0.902228
0.996179
1.039435
1.049457
1.098163
1.039562
0.948608
0.976649
1.167408
0.978356
1.065092
1.138484
0.999668
0.970913
1.065964
0.962860
0.988575
1.030546
1.173679
0.821264
0.861233
1.009592
1.096613
1.043801
0.968931
0.979924
1.106964
0.989860
0.945296
0.927121
1.090609
0.916218
1.068159
0.867452
1.276854
1.096814
1.019439
0.930593
0.968732
0.961531
1.167975
0.978002
0.958359
1.088983
0.875739
1.102407
1.118526
1.064931
1.108673
0.897258
1.067506
1.040507
0.891167
0.874659
1.009878
1.010678
0.968917
0.867526
0.918100
1.045255
1.137956
0.788387
1.020759
0.966743
1.048243
1.051243
0.910275
0.990208
1.061425
0.888318
0.938446
0.986829
0.971078
1.032349
1.106180
0.936032
0.969352
0.999266
0.928023
0.959331
1.016815
0.973259
1.029100
1.092257
0.970045
1.061800
0.932099
0.834565
0.997809
1.072114
0.932649
0.951861
0.895919
0.885560
0.951481
0.972729
0.989400
0.869380
0.967285
0.943365
0.877746
0.918370
1.158908
0.839706
0.887357
0.926102
1.155841
0.877729
0.942677
0.837129
0.879780
0.970328
0.992249
0.875923
1.171384
0.961824
0.929321
0.979043
0.974097
0.944722
0.801463
0.884182
1.021739
0.937608
0.953116
0.969183
0.925323
0.974402
0.897839
0.959162
1.029344
1.000007
0.840007
1.212219
1.104075
1.035570
0.968006
0.974010
1.148829
0.992650
1.158805
1.111797
0.922393
0.969294
0.962226
0.937803
0.899259
1.029208
0.996680
1.209992
0.926077
0.857187
0.813510
0.955281
0.995782
0.733390
0.904774
0.949726
0.882288
0.962238
0.948910
1.189234
1.125928
0.863480
0.932415
0.865799
1.296679
1.040712
0.970826
1.187825
1.129790
0.910608
0.995483
0.858881
0.869257
0.994611
1.009661
1.185289
0.911123
1.012145
1.014121
0.829997
0.933179
0.874116
0.861118
0.911589
1.078453
0.950630
0.947258
0.826893
1.004957
1.029428
1.087131
1.131398
0.835041
0.983379
0.915394
0.871860
0.847091
0.834828
0.891005
0.842817
0.903198
0.869420
0.810031
0.924358
0.964202
0.881225
0.996371
1.074655
1.059978
1.117881
0.959247
0.899115
0.881767
0.913453
0.883641
0.795831
0.856937
0.951132
0.909342
0.938879
1.025453
1.016925
0.877442
0.801955
1.087242
0.930420
1.052801
0.941501
0.815325
0.902789
0.995796
0.926930
0.812116
0.985900
1.057733
0.920845
0.945008
1.074093
1.012915
0.911683
0.891314
0.984269
0.860460
0.934683
0.971189
1.064175
0.795267
0.854015
1.050490
0.976653
0.924342
0.978813
0.903600
0.869941
1.047186
0.915991
0.853132
0.889130
1.034765
0.945152
0.951333
0.905900
0.950132
1.041098
0.824116
0.968569
1.022430
0.949059
0.815581
0.891212
1.115279
1.023608
1.037042
1.001181
1.010605
1.010149
0.938729
0.822800
0.949588
0.883156
1.009671
0.990734
1.028124
0.936338
0.913246
0.871167
0.790844
1.006036
0.739411
1.011888
0.931646
0.935188
0.983025
0.960175
0.846279
0.987170
0.863382
0.803276
0.745025
0.961868
0.801420
0.857695
1.053097
1.207131
1.053759
1.046912
0.965642
0.835140
0.939668
0.802584
1.133845
0.998470
0.912079
0.879441
1.037133
0.886551
0.917996
0.972646
0.840446
1.070993
1.021928
0.902861
1.050124
0.926287
0.833195
0.929232
0.937943
0.957730
0.845844
0.917343
0.921599
0.970873
1.015633
0.745638
1.006333
0.952692
0.959661
1.276523
0.977534
0.818648
0.954321
1.105306
0.864184
0.864269
0.804074
1.028365
0.962073
0.916669
0.946498
0.961883
0.976768
0.815027
0.898151
0.930246
0.987611
0.983575
0.763408
1.038397
0.963689
0.874359
0.822847
1.016699
1.114934
1.106534
0.983365
0.933330
1.161059
1.168538
1.119094
0.985738
0.983365
0.931944
1.043289
0.846860
0.842957
0.930744
0.984985
0.906212
0.860642
0.971236
0.919237
0.908717
0.766318
0.866374
0.832599
0.830196
0.843325
0.946092
0.742158
0.991108
0.877065
1.127891
1.195856
0.895092
0.850645
0.918505
0.861510
0.915639
0.852220
1.046693
0.934168
0.857838
0.970909
0.819873
0.894765
1.026838
0.833875
0.962473
0.845787
1.019482
0.967363
0.806720
0.828637
0.881638
0.852683
0.883874
0.842073
0.998832
0.896772
1.113271
0.990612
0.832508
0.939535
0.866795
0.785866
0.870704
0.956879
0.876706
0.921331
0.932096
0.913344
0.776982
1.040508
0.903793
0.908577
0.914398
0.838705
0.839287
0.911253
1.174556
0.929180
0.831852
0.970580
0.832151
1.066384
0.900510
0.723231
0.938360
0.954442
0.852957
0.867777
0.882283
0.905945
0.845275
1.014732
0.817220
0.846972
0.919037
1.070926
1.046229
0.692160
0.928744
1.161743
0.881306
0.911267
1.046953
0.910089
0.895445
0.939115
0.859723
0.884540
1.071325
0.955961
0.780836
0.809817
1.015656
0.831970
0.900477
0.889839
0.953892
0.963626
0.956318
0.898573
0.845847
0.891725
1.078425
1.087927
0.819641
0.913103
0.813957
0.835896
1.102364
0.871643
0.770831
0.856468
1.023451
1.110966
0.940143
0.857788
0.995086
0.792184
0.846297
0.861125
0.822081
0.888740
0.739203
1.088375
0.941013
0.865207
0.873777
0.941900
1.040449
0.820815
0.840439
0.918326
0.863715
0.881980
0.837630
0.879323
0.939239
0.880887
0.814936
0.829103
0.821113
0.834913
0.861424
0.950987
0.764393
0.834839
0.787806
0.896154
0.820364
0.900146
0.849976
1.024739
0.920764
0.889143
0.917654
0.888999
0.808557
0.958515
0.868820
0.866793
0.863287
0.949496
0.978607
0.897171
0.776188
0.996993
0.875013
0.916776
0.883845
0.814040
0.812629
0.963254
0.892022
0.863552
1.009953
1.100371
0.878380
0.878745
0.895349
0.833915
0.947654
0.959441
1.030407
0.985268
0.900507
1.164673
0.891245
0.864534
1.081523
0.796454
1.111138
0.895668
0.918336
0.813480
0.914571
0.931608
0.764966
0.938588
0.885517
0.803575
0.881407
0.891121
0.788102
0.844730
0.857208
0.770226
1.129207
0.993593
1.020723
0.862113
0.810936
0.736921
0.868057
0.902784
0.941971
0.914781
0.867659
0.871258
0.864647
0.849069
0.818539
0.955552
0.809059
0.753877
0.835658
1.006741
0.860258
1.025172
0.824715
0.730278
1.044542
1.020347
0.743787
0.952025
0.728578
0.976536
0.881912
0.842795
0.999652
0.804741
0.967359
0.729299
0.757490
0.778616
0.753180
0.902089
1.011109
0.787393
0.808640
0.989167
0.874572
0.870199
0.784407
0.953635
0.813679
0.912091
0.948106
0.861779
0.968354
0.889921
0.864257
0.798371
0.916254
0.713376
0.756975
0.785716
1.001183
0.780289
0.874538
0.890660
0.858859
0.704789
1.001780
0.763485
1.072182
0.865065
0.794642
0.907775
0.966859
0.819922
0.893078
0.771632
0.987199
1.010357
0.862186
0.881547
0.804935
0.720340
0.963468
0.931773
0.842938
0.998105
0.915684
0.869392
0.937133
0.985932
0.976727
0.926596
0.833438
0.797677
0.987836
0.863408
0.925624
0.904514
0.808699
0.870112
0.880412
0.869436
0.816813
1.119049
0.804623
1.160493
0.863857
1.054368
0.875438
1.011242
0.720383
0.870489
0.731483
0.943268
0.938327
0.803195
0.748891
0.923093
0.975437
0.800869
1.022963
0.806100
0.745029
0.842061
1.060836
0.851382
0.864649
0.841410
0.859747
1.240349
0.811414
0.878624
0.811167
0.863793
0.858669
0.792139
0.916412
0.790340
0.810834
0.790606
0.857615
0.722281
0.886248
0.790573
0.815748
1.008786
0.831476
0.930233
0.742285
0.814746
0.912105
0.805112
0.879738
0.793136
0.746823
0.890413
0.844667
0.825452
0.970421
0.960955
0.803476
0.874721
0.674421
0.883877
0.636280
0.773760
0.833750
0.937620
0.747133
0.683188
0.723441
0.839668
0.891673
0.758412
0.853830
1.084752
0.913370
0.847863
0.688828
0.911421
0.956244
0.801843
0.801772
0.868016
0.776703
0.803871
0.869592
0.937839
0.900282
0.706374
0.832205
0.895060
0.798649
1.000448
0.983435
1.004141
0.801668
0.940899
0.803331
0.920398
0.979040
0.908284
0.914424
1.033100
0.939658
0.696223
0.832413
0.686947
0.756741
0.845824
0.896985
1.147013
1.135025
0.905689
0.681067
0.942196
0.882879
0.848680
0.884550
0.891653
0.641367
0.834025
0.793828
0.779206
0.833179
0.823641
0.763710
0.971086
1.010964
0.852880
0.887561
0.910307
0.885695
0.803219
0.905017
0.747666
0.872081
0.737573
0.883800
0.887718
0.862373
0.992127
1.039182
0.829257
0.936028
0.718024
0.896941
0.785907
0.919438
0.909470
0.896853
0.822292
0.869623
0.731422
0.778793
0.846287
0.945738
0.824184
0.802213
0.816169
0.779136
0.854691
1.153956
0.734783
1.038031
1.051544
0.849854
0.929256
0.962845
0.813849
0.899436
0.728578
0.960497
0.998854
0.850401
0.874882
0.958943
0.733028
0.894329
0.803386
0.871160
0.889195
0.783293
0.889990
0.898863
0.898690
1.038956
0.809609
0.891531
0.850369
0.795954
0.712038
0.825346
0.784234
0.773481
0.805214
0.954362
0.898020
0.898033
0.893621
0.875543
0.788324
1.006353
0.769842
0.970994
0.796093
0.868817
0.780198
0.842022
0.872972
0.946379
0.768904
0.825557
0.782555
0.893133
0.802062
0.770974
0.892353
0.894053
0.735313
0.697378
0.791106
0.945217
0.695243
0.881605
0.856914
0.944348
0.879248
0.713852
0.775963
0.845577
0.908419
0.935422
0.841361
1.048786
0.928027
0.891976
0.791864
0.802967
0.828875
0.830478
0.775561
1.017927
0.799108
0.797352
0.758218
0.814565
0.984032
0.768298
0.695535
1.035174
0.898974
0.722611
0.714493
0.816369
0.889837
0.993403
0.917788
0.886565
0.996929
0.841478
0.867374
0.895350
0.784122
0.734222
0.999315
0.858020
0.794285
0.969718
1.002312
0.906964
0.813490
0.891831
0.821989
0.905402
0.661954
0.838803
1.108118
1.004217
0.731377
0.753150
0.805461
0.795408
0.926267
0.837829
0.911156
0.797723
1.044164
0.850251
0.676916
0.709845
0.741994
0.971667
0.746265
0.802956
0.903260
0.916224
0.756570
0.807791
1.001415
0.914538
0.729302
0.869144
0.951674
0.947928
0.824410
0.750353
0.779406
0.972427
0.845655
0.962657
0.903991
0.903088
0.911040
0.889993
0.811783
0.760871
0.838292
0.723038
0.707359
0.725157
0.870069
0.845462
0.808305
0.823226
0.677161
0.823189
0.916538
0.890795
0.697066
0.760267
0.860696
0.923621
0.639422
0.901303
0.942976
0.802306
0.732423
0.755278
0.840697
0.748370
1.098069
1.068745
0.928738
0.877500
0.886935
0.955956
0.815526
0.945328
0.792628
0.934989
0.734326
0.860261
0.718717
0.961222
0.888130
0.924380
0.836128
0.948855
0.817769
0.937647
0.718130
0.780929
0.978593
0.833124
0.840532
0.906355
0.883010
0.857430
0.762708
0.762571
0.852907
0.776184
0.852109
0.885784
0.763949
1.018039
0.865277
0.810397
0.954593
0.913012
0.805477
0.850606
0.872995
0.835955
0.824472
0.978182
0.804016
0.871825
0.742775
0.774051
0.731645
0.696003
0.770346
0.828480
0.871012
0.830861
0.873517
0.830096
0.684099
0.808808
0.774367
0.780719
0.708427
0.770072
0.764551
0.759862
0.832716
0.721270
0.825646
0.863857
0.932669
0.713646
0.775865
0.939027
0.873851
0.935537
0.660945
0.739276
0.866922
0.926015
0.786134
0.798167
0.895668
1.082138
0.782165
0.729997
1.029246
0.919725
0.861771
0.879551
0.761184
0.802230
0.956432
0.897696
0.815479
0.882189
0.785959
0.682283
0.834677
0.786558
0.840443
0.892329
0.699293
0.906826
0.837098
0.856082
0.893848
0.706302
0.765370
0.846762
0.778639
0.845411
0.740122
0.754550
0.782124
0.801468
0.974449
0.964179
0.838885
0.745135
0.752105
0.689576
0.825455
0.812418
0.864810
0.781583
1.156186
0.777706
0.823372
0.790720
0.855197
0.816867
0.825306
0.666808
0.798990
0.923015
0.747428
0.862486
0.717486
0.801230
0.862922
0.815402
0.932529
0.797724
0.913094
0.719978
0.875991
1.031823
0.924779
0.826547
0.828179
0.891399
0.786379
0.956479
0.743410
0.746467
0.757145
0.992108
0.792271
0.769078
0.965115
0.791445
0.775047
0.857094
0.902907
0.995959
0.704382
0.782112
0.777216
0.819237
0.784066
0.973973
1.004041
0.819714
0.784504
0.704925
0.752292
0.790484
0.818707
1.022739
0.834559
0.815293
0.663850
0.935765
1.025825
0.927204
1.017729
0.962066
0.636592
0.777616
0.803995
0.719162
0.800306
0.738929
0.900493
0.854909
0.858681
0.840936
0.800710
0.647047
0.916213
0.894482
0.787562
0.770644
0.773989
0.850991
0.845508
0.885763
0.898642
0.707738
0.757429
0.866497
0.800852
0.685578
0.904974
0.966915
0.835342
0.821160
0.778662
0.883674
0.750828
0.816869
0.765642
0.699402
0.842220
0.878430
0.868012
0.808913
0.878271
0.643616
0.792254
0.789645
0.726875
0.704466
0.900683
0.745732
0.811123
0.733342
0.855304
0.796011
0.699974
0.837523
0.846566
0.817667
0.735769
0.820226
0.671991
0.713400
0.965216
0.752372
0.786293
0.726372
0.740909
0.746689
0.814454
0.807237
0.794518
0.815175
1.000443
0.974734
0.787103
0.779274
0.658072
0.868833
0.818488
0.863080
0.891082
0.882632
0.889467
0.671439
0.788388
0.810790
0.907335
0.893891
0.833575
0.807140
0.923023
0.681411
0.939862
0.804303
0.909171
0.856251
0.831549
0.935173
0.833181
0.806457
0.737994
0.791304
0.748065
0.865865
0.873430
0.714704
0.751764
0.851303
0.879394
0.804597
0.944992
0.694982
0.724742
0.854389
0.708931
0.772019
0.892543
0.748600
0.842755
0.834918
0.735963
0.698908
0.795251
0.724692
0.879420
0.716951
0.626265
0.781952
0.705126
0.851623
0.834893
0.882258
0.810147
0.741921
0.761744
0.828721
0.649937
0.804942
0.722007
0.810200
0.732578
0.920409
0.927524
0.658609
0.875587
0.819940
0.682698
0.660830
0.772880
0.748797
0.790593
0.828723
0.917371
1.091589
0.864910
0.763758
0.803039
0.904705
0.758242
0.587577
0.829668
0.781628
0.707359
0.875408
0.842477
0.766849
0.797205
0.831428
0.756762
0.753295
0.771583
0.850109
0.707475
0.848833
0.795562
0.897253
0.752792
0.712541
0.979639
0.880649
0.839045
0.687486
0.776817
0.770979
0.889898
0.824241
0.759624
0.712920
0.829425
0.954924
0.759269
0.778846
0.688808
0.758853
0.718797
0.665151
0.796092
0.817771
0.637495
0.952327
0.625302
0.781798
0.834066
0.894745
0.739248
0.872799
0.946667
0.666611
0.816308
0.754280
0.918435
0.748457
0.717731
0.779190
0.872788
0.981153
0.778590
0.809425
0.750157
0.722257
0.705910
1.062395
0.832311
0.687959
0.757315
0.847703
0.832065
0.684836
0.953550
0.787985
0.846941
0.845704
0.823061
0.745358
0.770258
0.865303
0.767803
0.686832
0.666465
0.852768
0.748346
0.886295
0.738904
0.842203
0.870477
0.868692
0.719138
0.685739
0.886169
0.872059
0.845872
0.758839
0.699073
0.798895
0.906373
0.751512
0.763994
0.781750
0.843059
1.095175
0.818173
0.788368
0.867173
0.707524
0.827484
0.786977
0.738881
0.882454
0.881819
0.855555
0.831047
0.787644
0.801697
0.735845
0.828193
0.714854
0.730454
0.654890
0.749768
0.797538
0.753066
0.800156
0.827507
0.688049
0.805447
0.768614
0.747224
0.822990
0.907857
0.768091
0.728088
0.903830
0.863669
0.735894
0.758138
0.708769
0.723809
0.771587
0.820912
0.843188
0.833231
0.839138
0.717032
0.794759
0.832063
0.839379
0.839186
0.835407
0.811501
0.717260
0.825129
0.906067
0.811237
0.930600
0.852945
0.839569
0.829396
0.764706
0.869624
0.866603
0.815974
0.802389
0.794253
0.969492
0.828133
0.909855
0.749010
0.948557
0.844517
0.802744
0.872345
0.821985
0.765991
0.810540
0.721429
0.999574
0.702285
0.808846
0.789054
0.633940
0.823267
0.781822
0.793062
0.744878
0.964718
0.856787
0.861201
0.672958
0.752032
0.823809
0.567991
0.851199
0.696065
0.718874
0.806104
0.873434
0.738382
0.758991
0.741161
0.816814
0.757024
0.687174
0.850437
0.639144
0.838006
0.691044
0.714504
0.726801
0.817629
0.807110
0.899107
0.840795
0.700461
0.798983
0.730892
0.840580
0.773947
0.674391
0.800332
0.789116
0.684667
0.751747
0.736305
0.752605
0.684030
0.974442
0.876986
0.809470
0.782573
0.715669
0.732176
0.729136
0.809541
0.967829
0.772969
0.658472
0.760751
0.808173
0.708278
0.821282
0.725775
0.728320
0.809168
0.661550
0.910186
0.851508
0.741731
0.861405
0.800427
0.698024
0.769535
0.724663
0.741114
0.899209
0.695832
0.839535
0.695994
0.677078
0.920729
0.758343
0.744762
0.825477
0.775986
0.719400
0.616139
0.761681
0.702179
0.612893
0.705897
0.683023
0.660432
0.748263
0.829360
0.796459
0.602907
0.819085
0.697222
0.681446
0.853643
0.656700
0.710039
0.656923
0.706715
0.767675
0.961883
0.850583
0.700922
0.761939
0.873564
0.817129
0.722496
0.915820
0.911087
0.667129
0.763722
0.833700
0.825170
0.774184
0.808708
0.770331
0.728114
0.725432
0.843715
0.612845
0.740883
0.729563
0.844962
0.673254
0.823364
0.762366
0.805051
0.747854
0.660259
0.689122
0.712894
0.643642
0.719265
0.753254
0.705811
0.700517
0.929500
0.815951
0.873050
0.754893
0.775270
0.812909
0.790188
0.781230
0.910315
0.735670
0.582984
0.641136
0.802182
0.766008
0.796749
0.761788
0.731811
0.822894
0.800206
0.710003
0.849185
0.749116
0.904841
0.710890
0.701656
0.761041
0.747027
0.769015
0.701332
0.732366
0.780552
0.619681
0.799047
0.744911
0.789974
0.723500
0.835626
0.818207
0.687185
0.816814
0.833032
0.691484
0.702087
0.716745
0.753905
0.786754
0.720297
0.838906
0.623799
0.867753
0.931636
0.786752
0.921954
0.667854
0.845473
0.658638
0.799648
0.879148
0.936821
0.713063
0.963426
0.856771
0.600334
0.818379
0.721026
0.873765
0.715741
0.842846
0.794079
0.754576
0.803748
0.864513
0.632869
0.997347
0.850672
0.721361
0.775534
0.801277
0.726017
0.701084
0.749969
0.764936
0.810007
0.764184
0.609825
0.706824
0.756460
0.729455
0.744624
0.717565
0.769906
0.765270
0.747679
0.871177
0.700212
0.786268
0.649369
0.687181
0.933014
0.790120
0.790141
0.719508
0.670741
0.731980
0.732057
0.798565
0.750600
0.850736
0.716790
0.776013
0.698000
0.657862
0.781507
0.814653
0.757855
0.652726
0.746804
0.788757
0.970966
0.814016
0.913497
0.791796
0.947456
0.657139
0.742079
0.893533
0.894441
0.856232
0.894426
0.749133
0.809586
0.838986
0.742061
0.838876
0.730366
0.845695
0.840051
0.910680
0.706952
0.704924
0.720523
0.858511
0.799594
0.748216
0.746622
0.858128
0.811714
0.597530
0.859593
0.773916
0.824739
0.671755
0.749414
0.656459
0.884379
0.765221
0.724633
0.878669
0.680033
0.808781
0.904302
0.781746
0.738627
0.712426
0.656890
0.898979
0.769097
0.803886
0.646944
0.736634
0.768083
0.688319
0.846520
0.712251
0.917861
0.729301
0.623024
0.862254
0.827122
0.680632
0.681211
0.804818
0.768968
0.684406
0.792084
0.787955
0.754917
0.714431
0.683857
0.729609
0.850810
0.742487
0.835784
1.023924
0.853805
0.706327
0.797050
0.891141
0.763999
0.827080
0.711010
0.741191
0.612910
0.747625
0.760055
0.783143
0.810175
0.743881
0.965516
0.711719
0.872809
0.759963
0.937730
0.742335
0.772357
0.823417
0.835106
0.696633
0.733374
0.773474
0.705648
0.742390
0.734695
0.815962
0.869899
0.765965
0.673691
0.661601
0.616506
0.830279
0.831786
0.820716
0.749635
0.628194
0.850081
0.746616
0.729513
0.686469
0.689504
0.808316
0.832773
0.730018
0.612499
0.860115
0.810695
0.832517
1.031448
0.848231
0.925107
0.687775
0.645218
0.686110
0.811508
0.701808
0.760143
0.712006
0.804860
0.695856
0.702234
0.805033
0.846841
0.716724
0.859948
0.730099
0.822503
0.698745
0.743964
0.886247
0.727847
0.698429
0.800459
0.639627
0.790878
0.645937
0.672649
0.822566
0.666134
0.713785
0.821393
0.692513
0.804932
0.978247
0.790852
0.819529
0.821331
0.727398
0.800125
0.868794
0.861107
0.969973
0.980572
0.686386
0.767991
0.700350
0.719361
0.642154
0.694781
0.860046
0.741939
0.732669
0.818909
0.828107
0.735262
0.738859
0.879040
0.829093
0.865587
0.618553
0.811228
0.749044
0.626428
0.678019
0.750898
0.743517
0.800377
0.721519
0.658851
0.807365
0.823682
0.734151
0.759712
0.864809
0.768625
0.677186
0.716608
0.673200
0.684633
0.738906
0.815319
0.692221
0.585250
0.674730
0.754978
0.797417
0.568690
0.629144
0.859771
0.705449
0.810056
0.678950
0.786734
0.914074
0.683289
0.841477
0.670096
0.724843
0.693841
0.780047
0.638270
0.714154
0.732698
0.972196
0.652321
0.634482
0.699958
0.713411
0.662058
0.655143
0.683280
0.763790
0.825234
0.714343
0.859004
0.864750
0.724028
0.788136
0.887330
0.721891
0.622585
0.630859
0.857754
0.677300
0.749767
0.844546
0.770143
0.788268
0.815158
0.694472
0.692646
0.716274
0.649906
0.664654
0.842697
0.805481
0.906452
0.846331
0.656128
0.696134
0.722250
0.722693
0.890462
0.874824
0.616932
0.801489
0.836060
0.751169
0.896840
0.760468
0.969642
0.733582
0.798097
0.682996
0.698530
0.793996
0.685140
0.778441
0.736766
0.793854
0.811165
0.682843
0.792118
0.691364
0.700221
0.728688
0.836098
0.774298
0.656906
0.667204
0.671246
0.712629
0.609033
0.787542
0.747386
0.651443
0.702390
0.818882
0.625826
0.581487
0.829091
0.586660
0.606372
0.660949
0.694851
0.738361
0.787890
0.777928
0.774525
0.790484
0.670792
0.745183
0.719496
0.692725
0.721819
0.884514
0.756755
0.747808
0.836294
0.766428
0.637224
0.657193
0.725732
0.721943
0.787093
0.812173
0.771404
0.776783
0.838053
0.711827
0.820471
0.715815
0.850390
0.715925
0.909065
0.864150
0.759940
0.807117
0.776138
0.732696
0.696133
0.668901
0.838485
0.675300
0.731380
0.574912
0.761036
0.759003
0.805336
0.761047
0.871789
0.704870
0.664518
0.746555
0.682001
0.624162
0.782303
0.686791
0.844102
0.981411
0.668248
0.707163
0.788877
0.691937
0.599109
0.803242
0.706151
0.688757
0.782879
0.836825
0.777373
0.623505
0.818818
0.769465
0.795589
0.676388
0.756375
0.750319
0.895750
0.666540
0.776902
0.865244
0.788635
0.860340
0.872254
0.984277
0.838172
0.899883
0.725789
0.738460
0.835881
0.795575
0.732808
0.668159
0.812497
0.638380
0.799707
0.663426
0.613279
0.639628
0.876988
0.734538
0.752554
0.708635
0.904234
0.811131
0.747326
0.623459
0.890288
0.679679
0.860304
0.677784
0.742337
0.746281
0.647857
0.636597
0.738680
0.928023
0.594499
0.727441
0.730745
0.664598
0.751123
0.766402
0.752034
0.647395
0.500261
0.825485
0.790726
0.851017
0.823163
0.648447
0.702896
0.829124
0.723709
0.668046
0.621023
0.789804
0.789012
0.853490
0.907647
0.632845
0.656898
0.707321
0.840481
0.662500
0.941634
0.842968
0.861383
0.838897
0.724710
0.680469
0.880717
0.782111
0.817455
0.795229
0.717900
0.742653
0.853531
0.744783
0.835539
0.727611
0.705846
0.769357
0.646509
0.674512
0.839269
0.701560
0.612523
0.716162
0.748069
0.649852
0.655953
0.637824
0.631549
0.754282
0.637992
0.714068
0.719122
0.835950
0.872227
0.729214
0.856378
0.653409
0.875526
0.642510
0.757857
0.750192
0.693616
0.901653
0.984767
0.749394
0.781609
0.883198
0.755358
0.625350
0.693919
0.701296
0.721245
0.664136
0.659671
0.763938
0.693773
0.635189
0.805830
0.801386
0.712075
0.862855
0.593106
0.611619
0.643076
0.701753
0.746637
0.547587
0.757853
0.646240
0.740378
0.885070
0.875991
0.706991
0.615200
0.622089
0.876482
0.702893
0.802006
0.634309
0.820711
0.622448
0.705598
0.869293
0.708776
0.703308
0.696992
0.681147
0.697961
0.831011
0.868952
0.829472
0.695805
0.867149
0.796075
0.614034
0.773008
0.782346
0.802974
0.813168
0.751210
0.737296
0.682066
0.822757
0.693846
0.691483
0.881433
0.633815
0.787528
0.788984
0.778641
0.806935
0.901464
0.709542
0.834641
0.603957
0.639467
0.621681
0.709351
0.665566
0.707515
0.719978
0.791811
0.769314
0.687665
0.872856
0.858666
0.831823
0.547906
0.786875
0.707890
0.793678
0.769954
0.756413
0.801423
0.729057
0.749014
0.765959
0.653527
0.598659
0.782841
0.620178
0.642459
0.813739
0.827743
0.750802
0.536295
0.790796
0.874496
0.605999
0.643301
0.777005
0.853880
0.868433
0.935806
0.576417
0.683671
0.816974
0.763638
0.761683
0.719267
0.613774
0.749522
0.796809
0.651662
0.682489
0.695509
0.649217
0.828953
0.587855
0.668147
0.786780
0.794555
0.668510
0.744478
0.864845
0.747770
0.758258
0.661973
0.670808
0.677839
0.809085
0.656880
0.766945
0.825603
0.643961
0.587294
0.757653
0.693299
0.709714
0.651318
0.790800
0.733693
0.644544
0.674292
0.713645
0.610911
0.623145
0.698656
0.776712
0.679380
0.626437
0.643580
0.864435
0.734326
0.690237
0.650054
0.775477
0.740953
0.725992
0.726135
0.713768
0.620248
0.868938
0.644744
0.628993
0.643777
0.732798
0.820253
0.775959
0.753293
0.660853
0.775697
0.724166
0.746445
0.814382
0.713044
0.754756
0.709724
0.786356
0.717528
0.619779
0.911633
0.815878
0.724559
0.678968
0.800022
0.790021
0.813913
0.477251
0.609950
0.750100
0.687825
0.613005
0.632226
0.715853
0.684087
0.794742
0.619295
0.671102
0.658828
0.751351
0.643391
0.866485
0.994767
0.594513
0.724365
0.722238
0.807617
0.697819
0.615997
0.649898
0.632136
0.605421
0.577666
0.608153
0.842452
0.716270
0.789304
0.613821
0.666283
0.673304
0.766218
0.739778
0.670175
0.645718
0.719567
0.761242
0.516230
0.695755
0.693060
0.720682
0.713851
0.630641
0.721911
0.818304
0.619218
0.709229
0.619589
0.689348
0.649354
0.778278
0.606353
0.662969
0.710180
0.625059
0.761500
0.705299
0.746007
0.715962
0.627573
0.681294
0.934772
0.813270
0.823184
0.757542
0.743826
0.737944
0.714352
0.676082
0.850446
0.636474
0.772378
0.777203
0.766179
0.949393
0.747968
0.721848
0.662897
0.788592
0.786379
0.824280
0.784656
0.762944
0.750898
0.658880
0.733477
0.758042
0.582623
0.685575
0.670204
0.801332
0.716921
0.731605
0.590841
0.723881
0.676527
0.735227
0.825275
0.563224
0.668646
0.638409
0.584692
0.706118
0.865837
0.596041
0.878184
0.894817
0.666142
0.732093
0.787562
0.695957
0.628002
0.577477
0.667271
0.730779
0.741000
0.844356
0.582578
0.686022
0.702741
0.681574
0.755937
0.746146
0.783291
0.656894
0.746389
0.790384
0.746997
0.687163
0.819473
0.643837
0.738493
0.778149
0.775409
0.754395
0.797945
0.602575
0.749231
0.592423
0.814287
0.734178
0.639539
0.720928
0.708097
0.702722
0.820645
0.607303
0.784814
0.743505
0.916604
0.755543
0.658641
0.654073
0.686477
0.738176
0.569672
0.762750
0.751685
0.683330
0.670406
0.879185
0.843695
0.740841
0.879840
0.842294
0.640390
0.633513
0.752189
0.710452
0.695824
0.789850
0.751453
0.690542
0.585580
0.859499
0.678172
0.714574
0.656126
0.668716
0.725485
0.661575
0.636169
0.718588
0.663237
0.732603
0.767269
0.713048
0.654658
0.742382
0.687099
0.588790
0.539725
0.771726
0.665007
0.540269
0.581306
0.779655
0.634041
0.701327
0.605475
0.781503
0.635236
0.607040
0.617315
0.660208
0.657077
0.769655
0.705205
0.704324
0.788485
0.648097
0.610001
0.714784
0.550887
0.919884
0.758381
0.689953
0.657650
0.826618
0.699056
0.596889
0.583661
0.657550
0.777439
0.590745
0.810353
0.803338
0.748491
0.755718
0.560374
0.635645
0.785918
0.719544
0.628131
0.840609
0.755472
0.687168
0.741328
0.636605
0.738100
0.806279
0.738623
0.850018
0.683009
0.763442
0.660698
0.720791
0.802613
0.774394
0.625359
0.580355
0.757678
0.688283
0.526373
0.665511
0.764351
0.558300
0.656789
0.709878
0.720524
0.623189
0.949627
0.629752
0.629822
0.463088
0.699993
0.694262
0.691238
0.649066
0.754821
0.647786
0.688085
0.728364
0.484152
0.576526
0.766516
0.609658
0.744881
0.800638
0.671630
0.751931
0.810632
0.593457
0.650234
0.685750
0.745628
0.742208
0.620226
0.716513
0.661794
0.838476
0.860064
0.738806
0.636989
0.570455
0.768023
0.694834
0.788237
0.689522
0.709699
0.815919
0.652537
0.755178
0.669410
0.656560
0.705172
0.663437
0.785260
0.771872
0.605960
0.631959
0.672939
0.843255
0.841911
0.846657
0.842880
0.764006
0.802693
0.618341
0.685166
0.865634
0.769126
0.779339
0.607055
0.740367
0.787912
0.798982
0.630240
0.714031
0.760776
0.626106
0.842223
0.740251
0.650484
0.684099
0.733170
0.788625
0.730570
0.703077
0.548184
0.773269
0.757021
0.609853
0.751570
0.665076
0.627339
0.692942
0.647819
0.761212
0.743859
0.664838
0.745069
0.809799
0.635493
0.573869
0.632142
0.791440
0.662700
0.636401
0.722684
0.780177
0.712584
0.639211
0.672690
0.585501
0.761421
0.737083
0.781009
0.720344
0.542117
0.651836
0.835028
0.714773
0.618125
0.787842
0.642266
0.807681
0.688748
0.742364
0.685784
0.660545
0.632898
0.668683
0.672942
0.783777
0.620212
0.737242
0.686442
0.738166
0.660983
0.654870
0.602548
0.639996
0.641343
0.715467
0.765393
0.715018
0.599357
0.644369
0.751687
0.738937
0.684364
0.692125
0.713056
0.677746
0.914412
0.785204
0.695122
0.741813
0.709635
0.892601
0.781545
0.757722
0.776202
0.562403
0.759586
0.657248
0.718293
0.773748
0.642016
0.683413
0.704490
0.708250
0.650722
0.763413
0.767104
0.720881
0.741547
0.661232
0.657410
0.555988
0.587595
0.671421
0.762675
0.554976
0.868115
0.792469
0.710180
0.707135
0.815970
0.897265
0.706937
0.735895
0.745464
0.627444
0.573717
0.699998
0.726228
0.709726
0.738241
0.596044
0.709818
0.706784
0.727184
0.715726
0.768601
0.691820
0.744853
0.698323
0.655376
0.817528
0.704595
0.722777
0.648568
0.678214
0.853605
0.772804
0.625282
0.630855
0.681507
0.638412
0.656499
0.636751
0.578778
0.761758
0.832627
0.800130
0.765254
0.523689
0.620167
0.669927
0.730405
0.574149
0.682842
0.561540
0.725146
0.596271
0.602830
0.837102
0.649948
0.693814
0.820299
0.745472
0.623199
0.821968
0.649392
0.773100
0.762618
0.836121
0.678467
0.752184
0.686500
0.707681
0.653832
0.622020
0.805773
0.608989
0.617570
0.725307
0.632938
0.644745
0.664494
0.678403
0.643516
0.695218
0.636963
0.898026
0.548333
0.748067
0.543459
0.809108
0.667719
0.751809
0.765926
0.797178
0.611357
0.624620
0.600010
0.842655
0.711326
0.661622
0.587798
0.684754
0.884881
0.717318
0.685487
0.625063
0.678154
0.890514
0.634143
0.662953
0.741895
0.884425
0.758868
0.774329
0.691198
0.653922
0.682483
0.699560
0.687037
0.764428
0.814826
0.614574
0.611253
0.769764
0.770610
0.815125
0.751025
0.758600
0.675582
0.520619
0.647753
0.717443
0.802001
0.681319
0.728020
0.564275
0.743341
0.719773
0.695492
0.617162
0.803366
0.584778
0.739616
0.602208
0.676098
0.770411
0.929702
0.787207
0.664527
0.700220
0.700791
0.799497
0.577080
0.714825
0.892402
0.689604
0.659234
0.653929
0.686203
0.640584
0.620780
0.880638
0.802503
0.636300
0.655162
0.826485
0.711453
0.749980
0.654277
0.769259
0.664036
0.589202
0.671033
0.657002
0.659344
0.634296
0.709373
0.638813
0.771579
0.801805
0.684546
0.716562
0.710162
0.605285
0.664331
0.617661
0.697873
0.706436
0.852872
0.654939
0.611637
0.728952
0.559034
0.743657
0.655229
0.634843
0.674750
0.759081
0.571970
0.664523
0.630911
0.673207
0.735604
0.704143
0.651385
0.715393
0.751774
0.574489
0.834238
0.762568
0.703951
0.559811
0.719859
0.781073
0.692636
0.800397
0.497194
0.597035
0.619292
0.641592
0.729916
0.711341
0.724457
0.669739
0.780882
0.709213
0.580971
0.657951
0.816840
0.646897
0.623371
0.664261
0.553389
0.624038
0.625990
0.730751
0.744767
0.697476
0.763693
0.667712
0.718253
0.753776
0.706484
0.658733
0.584134
0.539160
0.530121
0.616195
0.611459
0.642716
0.855108
0.854350
0.623689
0.575519
0.604376
0.630367
0.661279
0.720437
0.920010
0.769259
0.611234
0.693096
0.647413
0.791946
0.779511
0.734840
0.684027
0.706550
0.751184
0.634397
0.487728
0.799987
0.585541
0.664318
0.681980
0.725609
0.729186
0.745880
0.747319
0.867003
0.745193
0.747579
0.794441
0.624924
0.717851
0.837973
0.723130
0.648868
0.692448
0.797674
0.815879
0.623236
0.558609
0.669599
0.723119
0.757426
0.611012
0.591257
0.507618
0.664439
0.543471
0.706162
0.844236
0.694062
0.799377
0.740117
0.730473
0.762690
0.712091
0.802861
0.711837
0.607842
0.767715
0.637650
0.794771
0.684524
0.636356
0.778446
0.693886
0.688495
0.607437
0.619591
0.703462
0.633879
0.691830
0.700833
0.747916
0.628727
0.592882
0.707783
0.539508
0.700393
0.686347
0.758667
0.609549
0.711147
0.708106
0.548106
0.880838
0.723530
0.666367
0.709442
0.650159
0.731110
0.825295
0.739229
0.537796
0.563780
0.662807
0.611987
0.846948
0.723027
0.754869
0.626254
0.677554
0.607833
0.717624
0.608923
0.528704
0.728788
0.644089
0.690025
0.665662
0.649263
0.602625
0.669308
0.739053
0.687775
0.645841
0.633765
0.877029
0.681245
0.683767
0.596115
0.608541
0.675047
0.677098
0.652753
0.685561
0.598980
0.650658
0.646948
0.635316
0.739175
0.644284
0.805328
0.670898
0.587962
0.843843
0.701231
0.687215
0.754553
0.658869
0.683153
0.794585
0.852385
0.718073
0.546300
0.679056
0.688780
0.584000
0.710257
0.658533
0.639009
0.650017
0.633240
0.473512
0.706440
0.672232
0.630345
0.779740
0.667891
0.676378
0.806726
0.695737
0.771204
0.672630
0.614827
0.588144
0.627630
0.684947
0.722006
0.703786
0.635737
0.568726
0.586545
0.698250
0.815077
0.764356
0.643777
0.600521
0.566595
0.662462
0.625323
0.770094
0.671767
0.932087
0.798679
0.646142
0.639615
0.625908
0.692755
0.497448
0.759868
0.659490
0.764887
0.789454
0.687853
0.786874
0.616657
0.757308
0.632738
0.750543
0.699301
0.654542
0.683248
0.836901
0.619351
0.626419
0.739627
0.719068
0.616077
0.686210
0.582335
0.803722
0.677000
0.695349
0.676989
0.599986
0.638844
0.767277
0.574217
0.677598
0.617703
0.653143
0.716697
0.683899
0.589496
0.618568
0.617777
0.698512
0.641816
0.582047
0.661491
0.761034
0.705275
0.693811
0.517794
0.734715
0.499278
0.584006
0.675595
0.722797
0.588090
0.687740
0.675221
0.876669
0.802726
0.672069
0.735899
0.693211
0.697868
0.660587
0.665744
0.678050
0.647113
0.709967
0.634596
0.708439
0.629620
0.674635
0.722868
0.844291
0.661724
0.665638
0.652710
0.661253
0.678746
0.567838
0.783399
0.586820
0.612479
0.690887
0.566299
0.742484
0.683213
0.717376
0.616145
0.656572
0.795543
0.712529
0.733267
0.846808
0.790674
0.525716
0.799476
0.704373
0.685447
0.622800
0.734561
0.621904
0.553254
0.651540
0.827634
0.712403
0.802107
0.727620
0.721794
0.655544
0.760040
0.681740
0.726245
0.707551
0.621507
0.702976
0.724225
0.651972
0.650674
0.706214
0.669667
0.559090
0.625996
0.751013
0.495631
0.736764
0.602276
0.613646
0.807855
0.732417
0.823860
0.661861
0.719767
0.612871
0.596002
0.634731
0.698912
0.636949
0.523879
0.897395
0.496449
0.620301
0.785320
0.760174
0.593187
0.783918
0.659872
0.698940
0.671673
0.563335
0.544771
0.604110
0.653446
0.751757
0.651031
0.783347
0.752826
0.545634
0.665184
0.650955
0.593197
0.932929
0.682038
0.568974
0.571019
0.689566
0.568548
0.614794
0.640781
0.619780
0.769302
0.771328
0.708770
0.718780
0.517698
0.700214
0.631092
0.787664
0.613157
0.712235
0.587616
0.772873
0.734122
0.667720
0.806335
0.804830
0.610430
0.669873
0.654375
0.768063
0.739778
0.628447
0.647562
0.795098
0.700761
0.608740
0.726243
0.740099
0.666685
0.700596
0.613069
0.737382
0.764020
0.760232
0.654772
0.836616
0.668372
0.894917
0.879581
0.617884
0.571016
0.705191
0.600896
0.667802
0.666276
0.696766
0.716706
0.696875
0.645697
0.590908
0.626840
0.709285
0.808867
0.619470
0.606775
0.714338
0.531667
0.597183
0.709871
0.538257
0.642422
0.652239
0.618799
0.626368
0.758745
0.656642
0.783351
0.600155
0.543335
0.731586
0.832722
0.612714
0.585597
0.542432
0.568781
0.573443
0.723377
0.719414
0.696445
0.683255
0.623923
0.530883
0.618953
0.616969
0.647674
0.594951
0.656453
0.694550
0.740321
0.778047
0.713705
0.666063
0.656177
0.679979
0.626169
0.673392
0.662725
0.593732
0.620195
0.717485
0.754450
0.633131
0.628850
0.674046
0.816286
0.618998
0.650598
0.741649
0.603877
0.701261
0.756742
0.660601
0.745801
0.745611
0.692573
0.546468
0.744850
0.800287
0.710292
0.721161
0.646580
0.748638
0.764363
0.513560
0.682967
0.649319
0.729936
0.559587
0.622717
0.831848
0.601407
0.681094
0.924631
0.926633
0.596714
0.642073
0.766216
0.747992
0.665907
0.678294
0.743175
0.751473
0.755361
0.690536
0.831838
0.589062
0.617776
0.708745
0.545988
0.680609
0.560659
0.549517
0.725904
0.703299
0.703885
0.793659
0.602251
0.734410
0.613127
0.636880
0.633801
0.587875
0.657055
0.762995
0.768219
0.545055
0.591681
0.637242
0.792466
0.551017
0.738430
0.659332
0.708472
0.996209
0.689892
0.699221
0.719879
0.611129
0.698315
0.637452
0.785049
0.641679
0.602458
0.671845
0.606303
0.671649
0.748155
0.633384
0.975489
0.604393
0.819804
0.592403
0.537334
0.717880
0.651929
0.651927
0.684814
0.633339
0.543061
0.828819
0.523626
0.548234
0.569170
0.733721
0.614108
0.628974
0.636248
0.675342
0.629582
0.735348
0.644340
0.722824
0.659630
0.564666
0.692160
0.928782
0.702398
0.698082
0.583252
0.669372
0.876427
0.686232
0.684882
0.775010
0.685376
0.592317
0.589584
0.478004
0.688603
0.744881
0.657736
0.646171
0.750807
0.693152
0.642255
0.725526
0.746743
0.589363
0.707745
0.723871
0.543859
0.696826
0.601031
0.721834
0.644654
0.609660
0.592830
0.591982
0.576527
0.610867
0.667393
0.629776
0.871702
0.715023
0.659593
0.597561
0.591017
0.696903
0.664761
0.713693
0.727711
0.576465
0.655271
0.658320
0.758849
0.756210
0.592698
0.703300
0.725684
0.673010
0.791717
0.719576
0.627116
0.589481
0.626506
0.701233
0.690715
0.752496
0.627474
0.619147
0.597423
0.710132
0.655303
0.545326
0.638420
0.594813
0.560445
0.745975
0.747392
0.586404
0.561581
0.667607
0.660206
0.632660
0.611668
0.792853
0.604700
0.584831
0.568014
0.779304
0.700563
0.494981
0.639935
0.695037
0.571593
0.741508
0.683940
0.621910
0.630770
0.662181
0.706030
0.650453
0.561485
0.620542
0.560307
0.586904
0.704284
0.704293
0.732898
0.794084
0.702564
0.825692
0.637545
0.711218
0.769073
0.564418
0.589593
0.726671
0.657953
0.626362
0.644208
0.618258
0.673649
0.593151
0.670581
0.660143
0.669833
0.604562
0.622942
0.631846
0.666918
0.839507
0.572676
0.671655
0.795915
0.553193
0.741077
0.876389
0.761736
0.633503
0.750983
0.670480
0.552499
0.820613
0.655022
0.668222
0.712761
0.646242
0.712806
0.639902
0.751816
0.585679
0.595829
0.566639
0.531807
0.505684
0.590736
0.726013
0.739535
0.695443
0.751907
0.651656
0.683451
0.581254
0.685817
0.796891
0.790353
0.612050
0.568951
0.607764
0.782623
0.693763
0.708061
0.644599
0.681999
0.647110
0.563706
0.587633
0.694687
0.599791
0.581653
0.608140
0.662100
0.699042
0.636205
0.689803
0.659820
0.546448
0.659753
0.570010
0.660214
0.718737
0.627896
0.667743
0.815944
0.830387
0.618772
0.658794
0.498924
0.522825
0.661969
0.551252
0.806976
0.755116
0.459885
0.545300
0.646787
0.632422
0.803994
0.616507
0.599800
0.745145
0.637614
0.628170
0.643859
0.685133
0.597979
0.650353
0.598234
0.641326
0.748717
0.737343
0.667382
0.623422
0.672838
0.651428
0.604771
0.613528
0.635299
0.562678
0.907213
0.747235
0.545230
0.662863
0.576706
0.641038
0.635885
0.679564
0.685056
0.524331
0.641460
0.588830
0.649067
0.617659
0.796531
0.672393
0.738205
0.614818
0.838947
0.680030
0.700506
0.691050
0.599049
0.581310
0.655036
0.680425
0.601782
0.687660
0.610066
0.639378
0.653013
0.652124
0.725093
0.705488
0.737853
0.745348
0.627828
0.619213
0.866194
0.585302
0.610109
0.716573
0.684893
0.731307
0.642783
0.660168
0.714495
0.711101
0.674268
0.658820
0.704866
0.652197
0.715738
0.706289
0.597050
0.817038
0.581121
0.584972
0.612178
0.653616
0.588365
0.526935
0.789022
0.766193
0.750070
0.706012
0.590424
0.661802
0.678761
0.663593
0.696560
0.709753
0.655379
0.627664
0.578393
0.588304
0.647382
0.656871
0.732792
0.663061
0.532790
0.688234
0.710569
0.748925
0.645748
0.600944
0.686187
0.678682
0.642675
0.521641
0.586786
0.531223
0.648898
0.618936
0.510985
0.550101
0.610709
0.875465
0.737520
0.723491
0.758977
0.625823
0.700774
0.757334
0.555412
0.676104
0.611063
0.619612
0.616304
0.682346
0.617548
0.639349
0.697789
0.642089
0.736346
0.566737
0.652257
0.690146
0.706717
0.642710
0.613313
0.567396
0.722798
0.572858
0.686987
0.641010
0.780054
0.889841
0.683047
0.565592
0.699122
0.765324
0.783432
0.667563
0.635801
0.619569
0.812033
0.642356
0.878234
0.747551
0.496435
0.617925
0.593047
0.512833
0.650647
0.531851
0.524621
0.466007
0.623170
0.620592
0.604850
0.797883
0.644138
0.659208
0.780562
0.641749
0.725299
0.632303
0.642245
0.553325
0.778804
0.671814
0.648786
0.647661
0.658618
0.734558
0.641161
0.572367
0.597148
0.585418
0.607060
0.769367
0.645791
0.580491
0.694529
0.671605
0.634142
0.646874
0.625955
0.666983
0.560194
0.616652
0.720348
0.627841
0.734029
0.463756
0.582408
0.675307
0.639161
0.670011
0.674658
0.550254
0.554087
0.499555
0.659213
0.585810
0.543687
0.512941
0.628378
0.746063
0.582921
0.719002
0.674254
0.711150
0.708476
0.751943
0.646368
0.677443
0.727096
0.517186
0.776142
0.647344
0.594773
0.610377
0.724112
0.660332
0.642700
0.652977
0.708644
0.536479
0.678073
0.710360
0.647561
0.573647
0.595199
0.630237
0.619751
0.694048
0.610354
0.590358
0.646367
0.528056
0.679989
0.676588
0.659616
0.642616
0.644133
0.539812
0.604959
0.700531
0.687273
0.727114
0.559704
0.674633
0.578638
0.597878
0.581150
0.720935
0.723486
0.696592
0.723980
0.636889
0.752265
0.619999
0.688522
0.748457
0.787210
0.618367
0.953198
0.596048
0.641011
0.727877
0.828697
0.617680
0.727106
0.602948
0.741272
0.637806
0.705396
0.512524
0.606507
0.732723
0.769758
0.585230
0.464831
0.721099
0.638018
0.598121
0.505661
0.780052
0.709060
0.628321
0.727799
0.580343
0.596781
0.565508
0.622681
0.738283
0.545013
0.667390
0.621862
0.644846
0.522540
0.657969
0.649679
0.559166
0.580369
0.663608
0.643234
0.571745
0.626951
0.607744
0.628833
0.632136
0.702135
0.723395
0.741022
0.669325
0.777378
0.849077
0.704181
0.636490
0.709543
0.661467
0.601470
0.662614
0.514271
0.546857
0.615868
0.664845
0.631923
0.671266
0.625245
0.556469
0.614530
0.681687
0.763250
0.650437
0.665591
0.660567
0.667818
0.746505
0.749008
0.623083
0.766624
0.667906
0.580885
0.521529
0.521994
0.634040
0.700173
0.617454
0.744553
0.667267
0.693857
0.745766
0.665356
0.817066
0.619655
0.549776
0.567604
0.603655
0.534925
0.558442
0.639604
0.688135
0.742267
0.560463
0.666382
0.594317
0.579786
0.742553
0.503042
0.744706
0.780495
0.700855
0.612818
0.672032
0.591132
0.620232
0.622834
0.501249
0.641151
0.658648
0.672645
0.577935
0.689519
0.485935
0.742140
0.633205
0.626984
0.739560
0.757469
0.627242
0.627540
0.571411
0.701570
0.695695
0.609160
0.607279
0.637298
0.584438
0.575139
0.704763
0.832523
0.569912
0.633699
0.549229
0.508925
0.685244
0.588541
0.753743
0.763759
0.716731
0.561852
0.713532
0.666019
0.644875
0.674371
0.592932
0.575483
0.661748
0.629261
0.522806
0.737899
0.713053
0.642020
0.734113
0.647564
0.621262
0.690660
0.834125
0.579860
0.651549
0.712334
0.586791
0.634821
0.628836
0.614016
0.720453
0.683696
0.733957
0.665694
0.719591
0.554549
0.679675
0.772084
0.535499
0.701180
0.677030
0.770567
0.763318
0.712245
0.755460
0.575468
0.561414
0.724150
0.617583
0.564335
0.542851
0.508885
0.552313
0.569902
0.735649
0.620178
0.532107
0.624562
0.704944
0.757323
0.639422
0.658133
0.560402
0.623937
0.603689
0.871212
0.643741
0.634155
0.507859
0.616514
0.588267
0.649280
0.485817
0.566495
0.541122
0.725726
0.661195
0.623884
0.744391
0.719785
0.589675
0.648571
0.701445
0.584251
0.539217
0.546581
0.506968
0.659399
0.702326
0.548046
0.525923
0.562498
0.649472
0.719667
0.641948
0.806965
0.599017
0.551526
0.612678
0.693468
0.726149
0.672148
0.841805
0.669775
0.767012
0.720739
0.611391
0.645297
0.621346
0.533510
0.738524
0.548912
0.598530
0.554045
0.765740
0.747204
0.686980
0.635463
0.489099
0.685397
0.725567
0.617863
0.823780
0.565903
0.690229
0.613437
0.636684
0.813577
0.596413
0.733834
0.708190
0.545254
0.654986
0.537588
0.590045
0.545785
0.550771
0.671633
0.787638
0.527157
0.607810
0.535779
0.682308
0.608043
0.579836
0.658303
0.838989
0.785156
0.515028
0.460714
0.629229
0.763026
0.666726
0.668546
0.704464
0.667746
0.462389
0.686291
0.588730
0.605214
0.647932
0.720885
0.749608
0.611528
0.627076
0.721842
0.635519
0.722090
0.581919
0.688516
0.540051
0.616165
0.618828
0.575269
0.624825
0.666174
0.685511
0.626115
0.697185
0.454036
0.628763
0.533472
0.686058
0.624015
0.616130
0.659140
0.794027
0.661379
0.729039
0.685669
0.619442
0.791128
0.673145
0.663236
0.797668
0.811106
0.602849
0.697185
0.651190
0.599343
0.605685
0.710591
0.575658
0.555006
0.732024
0.623099
0.626892
0.675319
0.630822
0.577793
0.639394
0.606357
0.640965
0.548160
0.511180
0.627959
0.742847
0.666711
0.602724
0.538689
0.697459
0.584554
0.707045
0.608004
0.662485
0.649899
0.617993
0.519983
0.707723
0.564997
0.594934
0.624917
0.639497
0.778782
0.551743
0.551007
0.740133
0.608424
0.638711
0.589477
0.612311
0.592860
0.655034
0.638042
0.595760
0.677069
0.473818
0.660535
0.640782
0.633736
0.513551
0.555346
0.678259
0.721339
0.630585
0.676712
0.816532
0.577431
0.667936
0.758241
0.511320
0.501111
0.685420
0.677288
0.610686
0.651180
0.662148
0.661280
0.723282
0.611801
0.601047
0.592405
0.538333
0.568635
0.555879
0.594009
0.627733
0.775211
0.500915
0.671071
0.622364
0.711810
0.582760
0.612762
0.639538
0.617755
0.754767
0.758632
0.795022
0.584291
0.652420
0.740224
0.589179
0.546395
0.569170
0.562401
0.709834
0.670207
0.676773
0.633108
0.589364
0.684303
0.634542
0.631091
0.648194
0.620374
0.593953
0.600030
0.573774
0.591983
0.627192
0.705763
0.560380
0.703543
0.714763
0.580403
0.665778
0.562570
0.442162
0.606412
0.780592
0.717337
0.468385
0.643962
0.629819
0.748159
0.594373
0.667713
0.811209
0.692941
0.586974
0.589181
0.668381
0.644056
0.502742
0.510639
0.597798
0.506046
0.709856
0.672218
0.658679
0.623637
0.615889
0.630834
0.734731
0.633449
0.701785
0.629025
0.734580
0.605153
0.739851
0.663403
0.637242
0.637418
0.773688
0.487476
0.640916
0.723952
0.729557
0.650350
0.698509
0.705215
0.663112
0.694626
0.603146
0.831848
0.744485
0.773700
0.552322
0.649956
0.604765
0.617635
0.568971
0.701450
0.488288
0.680353
0.606081
0.564170
0.507458
0.680199
0.613874
0.609504
0.548309
0.541096
0.666672
0.632372
0.520067
0.600053
0.538293
0.714816
0.618686
0.582105
0.729394
0.700064
0.682912
0.619071
0.534000
0.613692
0.483271
0.532740
0.571602
0.653427
0.622424
0.617943
0.614348
0.629614
0.707413
0.704364
0.576390
0.526594
0.589582
0.639245
0.680428
0.821552
0.590580
0.622590
0.731420
0.605689
0.597176
0.551027
0.554012
0.614258
0.670724
0.577986
0.594873
0.755523
0.632680
0.606311
0.642686
0.619281
0.707915
0.597461
0.654124
0.681756
0.584702
0.833823
0.672987
0.671260
0.641481
0.651986
0.672612
0.535374
0.598544
0.527927
0.781077
0.570282
0.603972
0.585526
0.535840
0.676457
0.530471
0.635712
0.602993
0.564198
0.533393
0.494273
0.503173
0.583596
0.615977
0.876729
0.466045
0.641019
0.589905
0.638310
0.647839
0.601997
0.563866
0.638332
0.745532
0.664336
0.631258
0.620371
0.598849
0.705177
0.687809
0.677920
0.553907
0.688120
0.800627
0.668968
0.679290
0.584068
0.566105
0.534718
0.412787
0.540668
0.501806
0.644488
0.624959
0.671280
0.577397
0.682019
0.695573
0.702123
0.562919
0.586514
0.648343
0.669372
0.536285
0.623351
0.721550
0.668120
0.665998
0.691148
0.625806
0.639185
0.741326
0.470359
0.461745
0.545326
0.661268
0.609446
0.515531
0.670617
0.536359
0.579993
0.574850
0.641345
0.720584
0.568316
0.563124
0.520345
0.592572
0.705383
0.605551
0.634294
0.697881
0.599274
0.540995
0.673768
0.707749
0.558394
0.628412
0.489811
0.669788
0.679272
0.575784
0.600456
0.655657
0.501942
0.559550
0.705175
0.726848
0.662631
0.617501
0.731397
0.664730
0.507397
0.574998
0.575569
0.625344
0.614812
0.627911
0.646295
0.572428
0.581826
0.588447
0.706776
0.599146
0.665474
0.529465
0.853481
0.601292
0.755092
0.629794
0.873209
0.671499
0.727057
0.720897
0.644545
0.572071
0.670783
0.674054
0.534894
0.575023
0.523046
0.683773
0.587343
0.597905
0.592011
0.713308
0.740422
0.703859
0.516023
0.501933
0.590606
0.611130
0.598206
0.564661
0.595215
0.668489
0.594279
0.527144
0.550487
0.548655
0.529742
0.551518
0.557734
0.800904
0.616726
0.752133
0.801681
0.571574
0.618796
0.649271
0.618699
0.741334
0.466735
0.476778
0.466836
0.575743
0.659300
0.695656
0.522428
0.651784
0.655784
0.744347
0.691630
0.612872
0.518119
0.844322
0.661112
0.576304
0.623366
0.654694
0.581509
0.527992
0.726590
0.651602
0.732879
0.720418
0.588873
0.630543
0.680068
0.701944
0.540243
0.662543
0.554993
0.534756
0.641746
0.661317
0.520370
0.658968
0.752353
0.731020
0.610674
0.642673
0.677862
0.577044
0.713516
0.651871
0.613988
0.626482
0.597854
0.723001
0.716191
0.622054
0.629318
0.681692
0.628749
0.565742
0.763402
0.570175
0.481797
0.640983
0.798389
0.722348
0.682642
0.614246
0.666932
0.636746
0.672785
0.524603
0.777060
0.587180
0.763436
0.544993
0.652242
0.702471
0.618165
0.656400
0.693228
0.671251
0.597189
0.577576
0.683358
0.681168
0.599337
0.654745
0.657310
0.783803
0.616345
0.723267
0.642701
0.696812
0.654550
0.775571
0.590824
0.786948
0.550494
0.634602
0.620296
0.737352
0.651014
0.713701
0.630410
0.529263
0.755862
0.712864
0.538059
0.752360
0.593327
0.612752
0.620566
0.467366
0.684635
0.584744
0.626640
0.583544
0.635241
0.749417
0.506836
0.615447
0.610561
0.623975
0.610633
0.545003
0.814626
0.497132
0.732094
0.571533
0.593412
0.574811
0.460869
0.701958
0.657257
0.609313
0.723734
0.618494
0.589440
0.721545
0.600096
0.571166
0.696330
0.607828
0.636685
0.841712
0.513807
0.558957
0.556503
0.573810
0.521814
0.724566
0.507261
0.721536
0.557852
0.709232
0.684607
0.572864
0.648238
0.619210
0.544427
0.519525
0.589471
0.620514
0.575407
0.669644
0.534596
0.707237
0.561153
0.637173
0.542333
0.536302
0.647765
0.573441
0.602042
0.624513
0.506302
0.565616
0.582553
0.550814
0.536267
0.586672
0.547871
0.557250
0.599466
0.681123
0.615049
0.619916
0.606410
0.480161
0.505127
0.731096
0.502132
0.581874
0.695861
0.744872
0.693582
0.535422
0.510191
0.577117
0.716139
0.628655
0.591163
0.528849
0.740849
0.569020
0.707330
0.642765
0.576922
0.546737
0.630893
0.776847
0.584192
0.601159
0.673562
0.644227
0.567048
0.630981
0.644481
0.722865
0.818924
0.568510
0.636738
0.558125
0.666115
0.603430
0.502085
0.597995
0.511876
0.706016
0.495093
0.533895
0.793949
0.787829
0.491556
0.583699
0.578168
0.669825
0.584910
0.609479
0.732773
0.639570
0.706240
0.594122
0.673611
0.612583
0.501754
0.680791
0.636339
0.494192
0.492032
0.694606
0.799916
0.633331
0.510442
0.670618
0.726634
0.737380
0.682610
0.589100
0.622054
0.575146
0.554062
0.627231
0.603664
0.749851
0.752680
0.566822
0.592903
0.553422
0.627777
0.666173
0.662704
0.671566
0.819400
0.596698
0.659063
0.556198
0.665689
0.574129
0.525846
0.591528
0.682168
0.589734
0.612368
0.644627
0.645999
0.751708
0.704495
0.560495
0.580938
0.725314
0.580582
0.683061
0.534126
0.523415
0.687776
0.582235
0.622145
0.577415
0.569146
0.593309
0.497982
0.604718
0.499450
0.643067
0.636931
0.647972
0.676956
0.606592
0.556028
0.576295
0.655047
0.649471
0.580201
0.550135
0.703097
0.607681
0.619345
0.501587
0.567321
0.667421
0.606624
0.541233
0.547438
0.618105
0.672100
0.625803
0.641788
0.545406
0.612041
0.601045
0.734343
0.574660
0.594950
0.567745
0.717706
0.647547
0.580482
0.710345
0.552552
0.670425
0.593388
0.536106
0.745983
0.593396
0.626225
0.544090
0.483585
0.601239
0.640471
0.735399
0.529078
0.645723
0.573633
0.583240
0.709056
0.587533
0.535548
0.614111
0.537857
0.513542
0.599748
0.709215
0.616115
0.615686
0.560988
0.497556
0.761237
0.520698
0.686564
0.669873
0.461760
0.612074
0.656640
0.556876
0.613576
0.569806
0.729580
0.600325
0.637734
0.581557
0.597194
0.683144
0.541441
0.472468
0.704805
0.749351
0.663169
0.592644
0.650354
0.692771
0.574839
0.656086
0.505818
0.731088
0.541416
0.608392
0.695303
0.672908
0.736284
0.640551
0.590393
0.574854
0.482421
0.552614
0.665703
0.716968
0.719460
0.604421
0.623116
0.666411
0.498363
0.746289
0.764721
0.608282
0.559221
0.619427
0.533757
0.535269
0.636987
0.582841
0.625822
0.576147
0.727840
0.625165
0.678579
0.622305
0.589450
0.608186
0.679555
0.644391
0.607442
0.603536
0.781680
0.627022
0.642195
0.777850
0.707387
0.696476
0.572455
0.821236
0.527820
0.635805
0.578318
0.635793
0.513392
0.576482
0.674630
0.509758
0.522941
0.617228
0.599167
0.545595
0.545209
0.783707
0.534289
0.660320
0.588703
0.650517
0.543782
0.643197
0.758075
0.657064
0.514199
0.664014
0.606172
0.608394
0.631898
0.614541
0.708514
0.657070
0.513560
0.633379
0.527103
0.596271
0.632715
0.602301
0.659733
0.746166
0.649554
0.916195
0.623457
0.630776
0.564200
0.546693
0.595690
0.699365
0.502750
0.616876
0.613887
0.685884
0.621336
0.606084
0.749076
0.514114
0.644944
0.577846
0.557439
0.634610
0.578350
0.755911
0.559011
0.559117
0.515700
0.540912
0.717138
0.543313
0.553208
0.691194
0.664636
0.446766
0.533936
0.544473
0.568927
0.706107
0.565048
0.763979
0.483412
0.666441
0.584605
0.618426
0.539020
0.607026
0.547716
0.552657
0.677702
0.548847
0.581120
0.690858
0.581148
0.527827
0.554374
0.604775
0.540356
0.683771
0.541137
0.642599
0.577140
0.586004
0.636089
0.709132
0.524829
0.607553
0.751688
0.642666
0.530864
0.519007
0.696098
0.563748
0.592085
0.694334
0.665078
0.647216
0.556807
0.626709
0.548537
0.699662
0.633411
0.721532
0.539510
0.685525
0.526836
0.691639
0.661288
0.590729
0.567160
0.580987
0.517268
0.585469
0.764239
0.559777
0.609739
0.587281
0.533753
0.633820
0.709821
0.683541
0.685161
0.491385
0.570812
0.519028
0.525182
0.593553
0.773080
0.476704
0.542088
0.722832
0.638119
0.634570
0.602068
0.418303
0.633234
0.521772
0.667571
0.591455
0.703476
0.968288
0.576678
0.645555
0.549042
0.669523
0.583566
0.681425
0.492384
0.723070
0.562512
0.687832
0.631931
0.541838
0.729708
0.787569
0.557196
0.542745
0.536479
0.827124
0.613536
0.493968
0.587621
0.587019
0.852100
0.512809
0.770616
0.505536
0.482800
0.565046
0.664755
0.642947
0.539560
0.578017
0.700649
0.462149
0.688049
0.590600
0.656119
0.609054
0.693496
0.498574
0.656246
0.655465
0.615329
0.514124
0.627010
0.554420
0.759672
0.611610
0.754056
0.572788
0.629546
0.631220
0.575227
0.618732
0.611038
0.683914
0.608605
0.560999
0.664068
0.594137
0.489051
0.714828
0.605999
0.621455
0.716632
0.567755
0.644089
0.663254
0.702846
0.588589
0.660243
0.650927
0.577380
0.657824
0.649413
0.572996
0.600880
0.697554
0.548352
0.700288
0.667781
0.577744
0.506239
0.664443
0.598315
0.722587
0.736094
0.560963
0.534017
0.517943
0.594170
0.548564
0.750911
0.668123
0.479889
0.725311
0.690992
0.657895
0.668865
0.659638
0.639807
0.638676
0.626938
0.565361
0.845374
0.498362
0.699104
0.577241
0.595842
0.660957
0.546012
0.519838
0.675252
0.589120
0.600400
0.631854
0.527824
0.608534
0.534171
0.542980
0.579924
0.489024
0.591535
0.606429
0.536763
0.658273
0.673889
0.549330
0.560000
0.625806
0.611142
0.539842
0.606551
0.580812
0.648774
0.704859
0.689855
0.617006
0.649258
0.642251
0.613130
0.680365
0.480641
0.503440
0.646971
0.642904
0.705309
0.667000
0.593798
0.582267
0.496781
0.585588
0.496918
0.583412
0.635638
0.863170
0.605591
0.624604
0.679251
0.552926
0.572454
0.667262
0.490078
0.583157
0.590201
0.597391
0.700630
0.652701
0.544563
0.669466
0.650882
0.511302
0.550598
0.697661
0.601506
0.599414
0.467051
0.535440
0.590094
0.560541
0.807974
0.545666
0.542673
0.652834
0.554057
0.679174
0.614448
0.635385
0.496259
0.635185
0.535677
0.633162
0.601035
0.503472
0.591999
0.541119
0.672135
0.487496
0.623466
0.499068
0.482578
0.574800
0.620383
0.511116
0.612144
0.592232
0.736474
0.554765
0.541459
0.599810
0.554843
0.518617
0.615925
0.587306
0.610716
0.616367
0.624740
0.535861
0.631335
0.676854
0.691148
0.713076
0.606980
0.469029
0.489665
0.481979
0.633806
0.623225
0.569320
0.565577
0.559170
0.579915
0.764815
0.625480
0.752121
0.650237
0.626637
0.632880
0.500365
0.636828
0.634246
0.451126
0.704807
0.575600
0.581341
0.482309
0.595144
0.588049
0.723302
0.706420
0.644598
0.531142
0.780307
0.424215
0.644147
0.723320
0.552340
0.592412
0.614457
0.636406
0.507475
0.650312
0.542838
0.569807
0.523301
0.569136
0.534154
0.840812
0.493937
0.595297
0.572155
0.753491
0.466441
0.663682
0.527232
0.633104
0.572610
0.568973
0.673589
0.736223
0.555271
0.802164
0.525004
0.554497
0.538784
0.568533
0.619289
0.565519
0.520802
0.504748
0.628640
0.656008
0.544311
0.581563
0.657000
0.709256
0.536275
0.504227
0.550622
0.681697
0.515465
0.598485
0.619419
0.703393
0.656285
0.613663
0.485797
0.581975
0.553066
0.568038
0.582583
0.581409
0.633334
0.524944
0.481814
0.559173
0.582332
0.520791
0.706614
0.500231
0.785359
0.550257
0.553106
0.568808
0.449590
0.608858
0.677992
0.590673
0.608627
0.529467
0.533257
0.707037
0.694446
0.563019
0.607689
0.459905
0.575197
0.474119
0.720179
0.599722
0.574834
0.676401
0.535364
0.573109
0.521062
0.700081
0.633660
0.474171
0.603303
0.478555
0.647225
0.496164
0.651360
0.546218
0.659641
0.697513
0.648344
0.531895
0.513692
0.616100
0.635223
0.569412
0.670358
0.598321
0.638528
0.636616
0.697829
0.643621
0.553449
0.561573
0.664540
0.616714
0.699881
0.472500
0.603916
0.645558
0.546745
0.681450
0.647205
0.636915
0.680191
0.513851
0.653245
0.785924
0.792438
0.625566
0.725534
0.718715
0.643260
0.601918
0.543522
0.503024
0.628911
0.571168
0.582988
0.495985
0.680875
0.715582
0.496902
0.729024
0.747087
0.673440
0.657658
0.500292
0.669733
0.605894
0.613202
0.647206
0.557891
0.601963
0.448075
0.600575
0.611071
0.575830
0.600521
0.600326
0.630470
0.561984
0.733661
0.420509
0.620386
0.540549
0.652938
0.510560
0.585761
0.635419
0.544315
0.460076
0.511008
0.590076
0.698376
0.604000
0.616214
0.509792
0.684440
0.674902
0.486732
0.620702
0.506464
0.610343
0.651085
0.617732
0.674133
0.463358
0.643105
0.637589
0.601859
0.539938
0.461709
0.580525
0.559102
0.585111
0.615867
0.501791
0.591455
0.894045
0.748116
0.600833
0.452417
0.579318
0.691507
0.673522
0.648498
0.661721
0.714886
0.693214
0.704945
0.509992
0.596067
0.532927
0.607262
0.629636
0.558478
0.537145
0.860712
0.567202
0.753066
0.485476
0.752074
0.505129
0.718253
0.584398
0.545769
0.447848
0.549909
0.638349
0.636417
0.550658
0.643695
0.644871
0.534444
0.517587
0.605984
0.730515
0.530864
0.569185
0.444827
0.649693
0.550699
0.595601
0.886306
0.622893
0.699927
0.530034
0.544924
0.700981
0.559863
0.634541
0.577211
0.543339
0.550718
0.533580
0.433145
0.691040
0.757993
0.444667
0.504599
0.472222
0.539336
0.605122
0.568624
0.620911
0.597668
0.452758
0.637491
0.617430
0.683825
0.766669
0.653054
0.824178
0.618288
0.586887
0.534665
0.565749
0.529234
0.560110
0.603997
0.660896
0.605666
0.655785
0.577928
0.477800
0.685695
0.521604
0.576275
0.534047
0.726747
0.679231
0.650417
0.587849
0.714505
0.648297
0.585999
0.664543
0.673725
0.708089
0.654073
0.616373
0.631818
0.600879
0.496981
0.609844
0.584141
0.515167
0.433061
0.512653
0.700601
0.699771
0.460138
0.618893
0.570205
0.505618
0.694266
0.648837
0.628434
0.617349
0.660786
0.561187
0.557978
0.609670
0.610265
0.692912
0.683379
0.677962
0.612817
0.534439
0.603247
0.558823
0.608816
0.534469
0.717750
0.748272
0.526879
0.581334
0.547338
0.613625
0.657320
0.559128
0.564511
0.713217
0.502259
0.642638
0.578419
0.561470
0.716770
0.639383
0.619426
0.534422
0.523913
0.652662
0.656084
0.657226
0.576039
0.785688
0.553902
0.579737
0.526088
0.496537
0.517239
0.505454
0.718231
0.525060
0.437419
0.605273
0.634951
0.691225
0.474510
0.624315
0.555775
0.539429
0.575232
0.570256
0.679487
0.683074
0.559708
0.666075
0.567412
0.653274
0.544327
0.569174
0.663453
0.606890
0.679729
0.482977
0.545754
0.484502
0.556188
0.641759
0.630509
0.639947
0.629706
0.548761
0.751854
0.750653
0.658605
0.489209
0.631189
0.622306
0.519508
0.538468
0.590547
0.454240
0.494996
0.551350
0.622848
0.580897
0.708048
0.500505
0.582002
0.592979
0.688301
0.530027
0.627617
0.657714
0.560199
0.735697
0.500241
0.631195
0.557050
0.691427
0.563557
0.489851
0.641777
0.551348
0.592040
0.627239
0.635395
0.738644
0.532803
0.694820
0.609224
0.587582
0.718426
0.659517
0.689330
0.613040
0.570764
0.605906
0.617002
0.625763
0.638642
0.591678
0.515906
0.493017
0.512301
0.635961
0.685933
0.496768
0.644511
0.556968
0.574923
0.689088
0.565877
0.613722
0.520977
0.564839
0.578924
0.475615
0.642876
0.496481
0.631279
0.573538
0.676983
0.658163
0.514545
0.706732
0.503806
0.544063
0.497740
0.473947
0.492568
0.574223
0.641478
0.566108
0.621229
0.519797
0.563932
0.483674
0.501802
0.542151
0.665419
0.600688
0.614421
0.548019
0.582024
0.671859
0.512268
0.419920
0.593278
0.512923
0.647423
0.658780
0.775929
0.788510
0.556817
0.653256
0.640760
0.541761
0.536967
0.554692
0.601287
0.480720
0.589087
0.557821
0.482381
0.710449
0.459062
0.585533
0.493970
0.489014
0.617591
0.601171
0.672033
0.492040
0.611683
0.583388
0.654213
0.594208
0.551169
0.555436
0.584787
0.617190
0.555517
0.600909
0.516317
0.691838
0.650432
0.505618
0.728894
0.688406
0.514240
0.706457
0.437405
0.675771
0.572509
0.570764
0.622660
0.658779
0.591989
0.637701
0.747465
0.669779
0.650226
0.547431
0.551569
0.481246
0.634188
0.567477
0.595044
0.637954
0.496320
0.573989
0.561446
0.517193
0.678447
0.510492
0.469154
0.677287
0.654479
0.497034
0.680386
0.484496
0.721008
0.706090
0.626821
0.608776
0.613984
0.550062
0.691209
0.583213
0.727000
0.534135
0.530038
0.600603
0.628073
0.595981
0.672918
0.633914
0.666373
0.625801
0.600486
0.606732
0.665049
0.469642
0.612395
0.517779
0.567553
0.591360
0.594916
0.652358
0.596251
0.598047
0.596725
0.569619
0.645232
0.548124
0.609215
0.614674
0.408181
0.643844
0.481112
0.585263
0.568469
0.521292
0.629749
0.611111
0.581490
0.661942
0.603298
0.599235
0.595476
0.560434
0.579719
0.747654
0.566356
0.586218
0.598840
0.602346
0.553926
0.680516
0.683182
0.665935
0.564193
0.705571
0.533362
0.604951
0.545763
0.697580
0.708441
0.571662
0.748706
0.581840
0.693079
0.550139
0.730761
0.787443
0.589360
0.591651
0.592579
0.646363
0.581759
0.506161
0.642132
0.585349
0.600996
0.604747
0.605184
0.539794
0.712713
0.620976
0.553884
0.551049
0.661100
0.545498
0.790216
0.672475
0.539427
0.508428
0.533056
0.592978
0.677946
0.625522
0.535586
0.615215
0.542362
0.573295
0.543839
0.740600
0.572996
0.593425
0.590289
0.628595
0.840116
0.644159
0.698663
0.416622
0.459537
0.880005
0.562141
0.525047
0.631829
0.526713
0.660851
0.566550
0.565047
0.627499
0.553760
0.807153
0.563311
0.678249
0.582801
0.668976
0.554888
0.487964
0.754671
0.726369
0.585709
0.529264
0.604691
0.520252
0.607259
0.471336
0.615709
0.565629
0.608679
0.469318
0.692055
0.632656
0.505451
0.495299
0.652779
0.603113
0.669565
0.540218
0.655848
0.614635
0.619669
0.714764
0.496238
0.423150
0.588949
0.528678
0.404582
0.654188
0.625668
0.656587
0.538305
0.651820
0.573470
0.489629
0.480902
0.605067
0.442630
0.531603
0.564200
0.667419
0.587573
0.653787
0.719403
0.560757
0.511623
0.627967
0.575640
0.636653
0.580696
0.471552
0.618925
0.590066
0.549739
0.544088
0.519460
0.449547
0.522399
0.497326
0.644326
0.696245
0.562274
0.645962
0.684874
0.520429
0.628008
0.496449
0.483155
0.498044
0.611372
0.525726
0.577681
0.672609
0.507504
0.643631
0.633507
0.580267
0.507251
0.640434
0.493301
0.539004
0.535198
0.505606
0.688331
0.608338
0.633243
0.450779
0.641363
0.556245
0.539765
0.576849
0.702549
0.588768
0.615442
0.683971
0.683187
0.520242
0.651374
0.570146
0.543702
0.528468
0.474438
0.694325
0.450686
0.691214
0.645062
0.685456
0.462580
0.592913
0.595457
0.571230
0.628899
0.548323
0.595494
0.686357
0.677863
0.511508
0.486458
0.601246
0.670772
0.634976
0.479024
0.617091
0.464701
0.762388
0.607039
0.528837
0.645801
0.626498
0.519963
0.652383
0.637408
0.619777
0.661490
0.450484
0.670782
0.617462
0.558243
0.480444
0.626865
0.639912
0.579119
0.493026
0.531861
0.591284
0.659734
0.582886
0.679094
0.514826
0.470151
0.708292
0.500218
0.645837
0.743546
0.719422
0.559421
0.631262
0.701214
0.647691
0.568649
0.602508
0.555487
0.526301
0.868346
0.846664
0.491908
0.505855
0.634182
0.612611
0.615418
0.585895
0.510704
0.525971
0.607364
0.653810
0.727308
0.629687
0.477753
0.653442
0.638752
0.589193
0.491140
0.550831
0.497147
0.456768
0.613062
0.700562
0.509673
0.586447
0.613400
0.484369
0.729682
0.704343
0.498479
0.548122
0.545070
0.511348
0.600294
0.554887
0.543674
0.738084
0.565123
0.684276
0.609677
0.499735
0.614224
0.456487
0.514352
0.562737
0.521945
0.602982
0.455485
0.473793
0.558612
0.549046
0.721782
0.547103
0.543055
0.648351
0.615389
0.489548
0.597839
0.640722
0.596396
0.565297
0.593470
0.583678
0.652271
0.657630
0.653514
0.525074
0.505071
0.508138
0.583940
0.550535
0.587749
0.638771
0.468513
0.497433
0.688530
0.492672
0.549892
0.572265
0.415872
0.549618
0.762461
0.639796
0.619793
0.651698
0.571028
0.620571
0.573016
0.441081
0.769068
0.672124
0.475372
0.554885
0.633839
0.628348
0.557167
0.565617
0.606012
0.552206
0.469932
0.607325
0.704831
0.543467
0.623835
0.572986
0.603491
0.574538
0.491088
0.593239
0.733563
0.615382
0.624674
0.670196
0.544591
0.747418
0.691417
0.486934
0.587557
0.572252
0.652038
0.634625
0.601732
0.568992
0.578359
0.695824
0.546163
0.571535
0.541590
0.564114
0.578017
0.526225
0.633860
0.436330
0.540416
0.667206
0.434771
0.575264
0.579325
0.609588
0.644328
0.640905
0.709762
0.526270
0.543753
0.515317
0.578537
0.651501
0.517126
0.554828
0.446353
0.664199
0.711243
0.460899
0.440072
0.673893
0.627640
0.507482
0.568038
0.601558
0.713994
0.659553
0.623045
0.550490
0.565876
0.562475
0.753826
0.566766
0.586738
0.719728
0.632415
0.539693
0.657918
0.647168
0.590235
0.541031
0.533630
0.495473
0.669950
0.588001
0.543347
0.648379
0.744716
0.697479
0.529219
0.631735
0.507512
0.739598
0.666871
0.536798
0.644130
0.578404
0.824369
0.517488
0.656233
0.543420
0.586015
0.476965
0.631704
0.576168
0.553531
0.610985
0.564565
0.665277
0.440994
0.565112
0.628931
0.697084
0.662189
0.484515
0.522277
0.527296
0.458507
0.521558
0.715947
0.510587
0.494536
0.660884
0.611104
0.415347
0.549964
0.494074
0.470157
0.494365
0.760177
0.697062
0.664747
0.485663
0.510275
0.473686
0.614628
0.581829
0.582751
0.577477
0.665459
0.596458
0.467408
0.547969
0.599973
0.426081
0.589527
0.587717
0.530792
0.528369
0.607047
0.602289
0.777752
0.662576
0.569580
0.408082
0.482423
0.534040
0.589035
0.627185
0.583609
0.643120
0.451392
0.510293
0.700337
0.562020
0.565010
0.582489
0.675543
0.579876
0.529125
0.627361
0.565305
0.543011
0.535677
0.559378
0.545597
0.599033
0.627569
0.624433
0.570445
0.662113
0.541159
0.701882
0.566402
0.581069
0.572992
0.536024
0.521240
0.703126
0.473058
0.528254
0.525208
0.621821
0.536368
0.706353
0.543238
0.636917
0.726711
0.752173
0.582871
0.688006
0.566758
0.508676
0.469356
0.596969
0.766910
0.510671
0.502486
0.647806
0.775399
0.642422
0.467095
0.756846
0.520758
0.533299
0.646592
0.583813
0.562099
0.507074
0.467740
0.590226
0.642186
0.661968
0.536363
0.614008
0.497674
0.497395
0.637258
0.494434
0.524996
0.584844
0.541675
0.574442
0.576107
0.593569
0.572316
0.560570
0.456513
0.508930
0.594573
0.706266
0.546079
0.505905
0.711754
0.503899
0.558803
0.643007
0.608386
0.557154
0.542612
0.719906
0.570997
0.564928
0.658007
0.542563
0.500462
0.589779
0.691124
0.622194
0.543891
0.530553
0.613991
0.800941
0.508955
0.587407
0.522400
0.730451
0.639352
0.704060
0.730312
0.665116
0.748707
0.558294
0.603987
0.512773
0.613081
0.522337
0.679079
0.545107
0.613017
0.718213
0.566315
0.573074
0.436858
0.633121
0.528977
0.704909
0.473776
0.595193
0.593178
0.604584
0.617283
0.552364
0.519327
0.533526
0.515105
0.674778
0.508756
0.625760
0.568893
0.526615
0.505070
0.511879
0.525872
0.513829
0.674631
0.606904
0.557283
0.538437
0.476439
0.593016
0.495364
0.481674
0.480745
0.457361
0.546546
0.531954
0.619146
0.528705
0.491385
0.539190
0.575522
0.724031
0.610761
0.517362
0.462111
0.596908
0.561797
0.681216
0.515554
0.494128
0.510585
0.617146
0.464635
0.610107
0.521379
0.525696
0.580770
0.597043
0.491664
0.564345
0.590293
0.439785
0.775928
0.702327
0.513200
0.689053
0.556720
0.758045
0.391033
0.754060
0.667012
0.698354
0.631874
0.569542
0.549765
0.627158
0.569039
0.662660
0.632118
0.658065
0.597854
0.557839
0.565105
0.590739
0.592449
0.648928
0.636286
0.518738
0.556223
0.720818
0.553856
0.583526
0.567818
0.603284
0.526115
0.548913
0.396782
0.640869
0.573569
0.504851
0.557332
0.506154
0.593569
0.508498
0.500957
0.637035
0.475623
0.675270
0.517051
0.590162
0.510328
0.548623
0.518607
0.612408
0.584303
0.529419
0.639719
0.508408
0.548398
0.638587
0.506993
0.566622
0.517858
0.525009
0.467881
0.617755
0.634962
0.442072
0.687579
0.505601
0.519187
0.627023
0.475592
0.518973
0.515730
0.613690
0.483987
0.738055
0.665184
0.475939
0.679784
0.604676
0.729272
0.610949
0.600708
0.710815
0.533730
0.614545
0.706358
0.511869
0.553621
0.589920
0.609700
0.499461
0.545130
0.554064
0.530751
0.479589
0.621629
0.739100
0.590740
0.658808
0.518887
0.533867
0.490330
0.555571
0.669558
0.582844
0.585842
0.503537
0.498173
0.505955
0.614098
0.622060
0.613818
0.583695
0.555650
0.590295
0.507256
0.479890
0.608603
0.574482
0.477374
0.598590
0.418927
0.601388
0.533801
0.655058
0.747891
0.580341
0.468688
0.577906
0.489549
0.459079
0.464629
0.465297
0.462783
0.694774
0.559916
0.638138
0.487014
0.632019
0.659889
0.423123
0.596565
0.523511
0.671007
0.648396
0.545592
0.562023
0.584813
0.614234
0.619029
0.625856
0.558272
0.559795
0.583349
0.740948
0.633855
0.726801
0.531493
0.643063
0.519925
0.483931
0.484814
0.511310
0.475004
0.442150
0.620410
0.598765
0.533766
0.618401
0.567341
0.658224
0.451849
0.532166
0.462122
0.534703
0.504988
0.603818
0.592048
0.584017
0.535819
0.528539
0.520391
0.569582
0.610004
0.465117
0.490525
0.593847
0.511579
0.607000
0.655424
0.605553
0.491223
0.566738
0.529058
0.564763
0.582139
0.485270
0.512260
0.513693
0.607958
0.518925
0.621455
0.606463
0.451919
0.528288
0.609448
0.547920
0.567256
0.580291
0.767914
0.569704
0.600355
0.719754
0.491852
0.536442
0.528328
0.511731
0.565263
0.619461
0.664808
0.644451
0.534717
0.567654
0.597631
0.446795
0.654956
0.639726
0.429699
0.677536
0.502319
0.555833
0.646167
0.570135
0.516218
0.715586
0.652692
0.574752
0.607130
0.502171
0.561486
0.604946
0.545067
0.631587
0.446763
0.505534
0.563128
0.513405
0.534975
0.465730
0.477925
0.715978
0.546207
0.637781
0.658620
0.526249
0.489208
0.739450
0.525550
0.480994
0.614928
0.496144
0.695219
0.412033
0.631490
0.430702
0.615276
0.584100
0.682997
0.659804
0.522042
0.527932
0.593993
0.662689
0.577336
0.497421
0.436561
0.565074
0.546257
0.483656
0.579945
0.584781
0.565649
0.618591
0.443684
0.555046
0.677372
0.554153
0.588665
0.565593
0.454313
0.513846
0.563521
0.697604
0.671188
0.593799
0.680764
0.646883
0.642449
0.539270
0.601888
0.664530
0.667805
0.488770
0.623836
0.562269
0.764722
0.607384
0.566695
0.741136
0.495319
0.599893
0.547762
0.625204
0.645609
0.496096
0.506797
0.617449
0.648651
0.549963
0.462127
0.597174
0.516518
0.580760
0.705996
0.575338
0.728729
0.580367
0.549603
0.527883
0.593693
0.504495
0.575048
0.579997
0.523347
0.534946
0.640897
0.640456
0.490738
0.543114
0.754906
0.702532
0.631232
0.542057
0.461481
0.644828
0.565964
0.563752
0.625018
0.622502
0.539973
0.717231
0.602358
0.505202
0.560825
0.638471
0.503488
0.599105
0.627613
0.506048
0.583506
0.530214
0.587160
0.630161
0.570407
0.587130
0.483471
0.448391
0.592871
0.562831
0.468156
0.513387
0.556841
0.563921
0.558507
0.513907
0.570993
0.619603
0.451151
0.473889
0.666804
0.695206
0.577871
0.575527
0.593681
0.686254
0.430321
0.677798
0.630015
0.602334
0.596843
0.617127
0.488369
0.668006
0.525303
0.526890
0.462529
0.563884
0.475434
0.649522
0.569464
0.551924
0.647753
0.600364
0.570459
0.394014
0.568591
0.508377
0.522474
0.624589
0.650596
0.579811
0.583644
0.588169
0.543743
0.557710
0.546337
0.460114
0.524441
0.481798
0.605542
0.543827
0.542622
0.568160
0.563380
0.570679
0.521183
0.536368
0.574221
0.434811
0.582546
0.498922
0.428857
0.590535
0.579243
0.643775
0.649260
0.602908
0.506412
0.603585
0.624211
0.501424
0.542346
0.854541
0.541107
0.632891
0.499259
0.517184
0.455267
0.623186
0.549913
0.536214
0.561976
0.653612
0.543975
0.516432
0.572162
0.535318
0.634304
0.464576
0.586678
0.581668
0.478387
0.529295
0.459984
0.577399
0.592834
0.584469
0.503062
0.449729
0.666005
0.487397
0.458646
0.574566
0.502524
0.561576
0.644038
0.716726
0.510351
0.520644
0.618892
0.519445
0.615061
0.585388
0.488698
0.448101
0.573545
0.521301
0.631635
0.460478
0.537313
0.608669
0.641457
0.748909
0.568020
0.655665
0.698085
0.563312
0.581780
0.548373
0.477088
0.570379
0.562754
0.502979
0.610532
0.531272
0.593779
0.443233
0.792865
0.646677
0.529940
0.567972
0.523228
0.549202
0.566316
0.556852
0.611246
0.593005
0.555304
0.604155
0.605816
0.593435
0.575793
0.545697
0.625565
0.522922
0.493301
0.537407
0.485803
0.659491
0.541258
0.656098
0.557001
0.613143
0.581613
0.597700
0.638389
0.561232
0.555957
0.537045
0.457246
0.530459
0.594340
0.564213
0.528060
0.550107
0.590428
0.582553
0.511433
0.559300
0.606443
0.449193
0.478569
0.475997
0.654194
0.512347
0.636184
0.491963
0.452575
0.466785
0.547278
0.498469
0.456607
0.559878
0.552880
0.649108
0.656836
0.588785
0.537936
0.631906
0.524073
0.496643
0.597812
0.464925
0.653369
0.463422
0.545149
0.620349
0.573725
0.581891
0.542203
0.616499
0.556296
0.643985
0.623889
0.613791
0.491878
0.594392
0.699699
0.533027
0.500408
0.662574
0.564170
0.495368
0.508675
0.665784
0.542224
0.555873
0.509127
0.569419
0.622451
0.600110
0.452862
0.516971
0.701071
0.520627
0.586575
0.612605
0.577189
0.458755
0.546404
0.592732
0.503116
0.531414
0.612146
0.505540
0.537386
0.632530
0.531415
0.513995
0.556009
0.648494
0.564383
0.696746
0.642650
0.560439
0.614262
0.538453
0.578333
0.520505
0.550875
0.575197
0.626492
0.470490
0.546317
0.528443
0.507774
0.519173
0.487171
0.664725
0.516316
0.578194
0.628539
0.556768
0.612235
0.444785
0.646279
0.618652
0.500892
0.489500
0.538619
0.636100
0.536073
0.595202
0.743044
0.612250
0.517339
0.588975
0.496602
0.465864
0.559982
0.491912
0.473001
0.532569
0.681557
0.630476
0.489856
0.543009
0.569444
0.665180
0.476893
0.542445
0.580502
0.616579
0.517266
0.624747
0.616187
0.676448
0.465798
0.656146
0.551461
0.543669
0.572315
0.516267
0.591298
0.490654
0.673220
0.565893
0.591973
0.635815
0.620404
0.548882
0.585556
0.524616
0.556406
0.504448
0.574064
0.579080
0.493621
0.608511
0.666009
0.540681
0.723894
0.701239
0.593137
0.528816
0.517959
0.514387
0.615902
0.593252
0.539393
0.519381
0.494987
0.526061
0.573346
0.554447
0.598783
0.477813
0.522482
0.655198
0.644478
0.616361
0.678749
0.647166
0.492427
0.552288
0.577934
0.702948
0.640988
0.453928
0.584833
0.618877
0.452063
0.629163
0.554433
0.618369
0.569733
0.566461
0.443272
0.623818
0.757383
0.490416
0.557218
0.460072
0.502785
0.638242
0.514856
0.528073
0.482961
0.549226
0.645929
0.529680
0.449350
0.564122
0.580361
0.541015
0.443854
0.659041
0.579528
0.551386
0.581183
0.583486
0.652539
0.633729
0.635680
0.506652
0.517743
0.578930
0.720153
0.662718
0.434878
0.800773
0.550952
0.654907
0.721047
0.631175
0.494557
0.600191
0.624924
0.587608
0.695903
0.548766
0.609655
0.506907
0.625434
0.609542
0.686225
0.565823
0.530974
0.542932
0.594646
0.576926
0.578572
0.575768
0.608447
0.547570
0.704746
0.616774
0.484627
0.616588
0.752993
0.576653
0.596398
0.417185
0.499245
0.478954
0.476773
0.544256
0.581591
0.551931
0.618690
0.466090
0.649953
0.553401
0.616513
0.572378
0.489247
0.529564
0.476146
0.535349
0.556265
0.540206
0.572469
0.546442
0.474000
0.504839
0.673000
0.631528
0.478568
0.502521
0.528011
0.474121
0.586308
0.555850
0.553357
0.539533
0.461178
0.476581
0.531623
0.549510
0.587224
0.442659
0.466887
0.503686
0.481060
0.520771
0.466079
0.397309
0.519423
0.627471
0.497686
0.444236
0.662665
0.582789
0.584517
0.503519
0.636878
0.474339
0.441260
0.525706
0.516934
0.460633
0.541805
0.435829
0.575175
0.716509
0.552252
0.631713
0.574464
0.574306
0.466074
0.435227
0.582561
0.527278
0.712442
0.490808
0.809934
0.505183
0.759146
0.477028
0.517527
0.672176
0.573875
0.620109
0.502778
0.610915
0.504442
0.449505
0.574147
0.525926
0.596728
0.520211
0.463867
0.483271
0.543191
0.590164
0.565617
0.644783
0.514106
0.624826
0.624924
0.516883
0.597907
0.502466
0.477945
0.586933
0.499192
0.774958
0.615072
0.502255
0.601597
0.508490
0.640190
0.604537
0.593780
0.558185
0.707842
0.550516
0.532867
0.547743
0.629241
0.625801
0.501772
0.606759
0.609177
0.606883
0.461731
0.744043
0.718698
0.564319
0.649321
0.460342
0.621055
0.534726
0.452479
0.435745
0.540345
0.493349
0.568315
0.517995
0.543353
0.532367
0.507349
0.461578
0.649625
0.537578
0.588953
0.505394
0.632576
0.552433
0.435978
0.811952
0.529436
0.611774
0.607782
0.539771
0.599640
0.551774
0.618200
0.568767
0.592386
0.554584
0.431385
0.524352
0.596135
0.579530
0.612713
0.427244
0.496090
0.580487
0.554097
0.582537
0.517893
0.570527
0.551234
0.529708
0.481282
0.546140
0.579787
0.480707
0.534652
0.552468
0.618867
0.563050
0.570282
0.467185
0.596797
0.621964
0.658185
0.544117
0.731026
0.604864
0.512620
0.642581
0.631687
0.659777
0.610356
0.603248
0.496029
0.624811
0.621969
0.531255
0.650994
0.559411
0.392529
0.458207
0.593561
0.457299
0.493380
0.638216
0.625852
0.713753
0.484444
0.561399
0.607856
0.529257
0.491508
0.563395
0.475664
0.545769
0.574155
0.495861
0.589570
0.654624
0.625045
0.615599
0.609263
0.531118
0.619412
0.455887
0.646638
0.613382
0.664694
0.582286
0.694735
0.612784
0.534595
0.467781
0.571869
0.551928
0.497190
0.492023
0.452353
0.512437
0.522233
0.694306
0.523140
0.490365
0.667393
0.635918
0.594624
0.507018
0.604097
0.607384
0.492958
0.670353
0.648307
0.480841
0.806847
0.588749
0.460803
0.493240
0.522343
0.565838
0.777666
0.621830
0.534753
0.664751
0.587774
0.613660
0.558433
0.681248
0.570040
0.677845
0.587336
0.586927
0.548216
0.630889
0.715315
0.543954
0.602017
0.532125
0.619300
0.547161
0.505405
0.737862
0.613116
0.605907
0.525255
0.566237
0.590452
0.622690
0.464337
0.523344
0.517263
0.578825
0.592232
0.461600
0.502435
0.670606
0.419034
0.460212
0.686246
0.596088
0.610445
0.492628
0.561237
0.635072
0.579001
0.518752
0.563501
0.649771
0.581956
0.466305
0.589246
0.666011
0.581669
0.414215
0.538632
0.568330
0.530854
0.499726
0.515511
0.504895
0.650742
0.585268
0.596359
0.661257
0.634447
0.596330
0.650201
0.491658
0.557189
0.626531
0.622266
0.526921
0.570229
0.516079
0.518156
0.632257
0.571369
0.610034
0.609639
0.541722
0.466237
0.575826
0.581014
0.510684
0.460171
0.481077
0.506794
0.688429
0.572536
0.616022
0.456286
0.676692
0.601521
0.526180
0.513273
0.465747
0.545059
0.615188
0.576422
