3.612437
3.835598
3.747085
3.689451
3.623326
3.492185
3.462646
3.475718
3.323312
3.376244
3.347912
3.278256
3.256710
3.250340
3.375852
3.209894
3.349173
3.133415
3.179955
3.365463
3.364395
3.115165
3.283271
3.145085
3.154153
3.163713
3.101459
3.064071
3.092734
3.003564
2.949825
3.233704
2.981681
3.079154
3.055376
2.975704
3.074172
2.956128
2.932748
2.997931
2.904766
3.088338
2.882979
2.907947
3.066818
2.975220
2.803755
3.018486
2.913083
2.851872
2.837438
2.846677
2.842661
2.897356
2.917629
2.833699
2.773014
2.839795
2.862792
2.809550
2.855795
2.825391
2.789073
2.729080
2.758720
2.767281
2.833001
2.678827
2.708154
2.687495
2.686701
2.605279
2.869384
2.552443
2.702604
2.785127
2.755435
2.750929
2.682676
2.682839
2.751792
2.700309
2.654105
2.804141
2.734274
2.644103
2.594622
2.694003
2.837054
2.682338
2.569832
2.616082
2.603772
2.558705
2.565703
2.605148
2.629571
2.583670
2.546362
2.619227
2.583734
2.500309
2.624579
2.595870
2.635534
2.612953
2.580419
2.559780
2.453759
2.607712
2.652362
2.564214
2.538996
2.487937
2.489401
2.489067
2.547263
2.582506
2.700671
2.591516
2.597385
2.459273
2.549633
2.414901
2.455942
2.483172
2.556345
2.605243
2.545076
2.369707
2.443785
2.447635
2.553623
2.452403
2.629575
2.435536
2.431017
2.411649
2.430344
2.344761
2.513386
2.470010
2.478719
2.324303
2.357033
2.643312
2.408678
2.414731
2.387334
2.456373
2.389747
2.341571
2.293521
2.436472
2.194615
2.289356
2.307618
2.403526
2.341395
2.276039
2.445955
2.280603
2.446928
2.235190
2.306374
2.215860
2.476357
2.499978
2.380820
2.355698
2.300889
2.146279
2.280748
2.253880
2.242768
2.406505
2.291069
2.354328
2.420879
2.287452
2.330335
2.201309
2.233174
2.421613
2.310167
2.323199
2.414080
2.138332
2.183019
2.201917
2.293103
2.377086
2.284662
2.225006
2.204728
2.210619
2.275703
2.269310
2.334898
2.212175
2.260515
2.027007
2.229365
2.271135
2.058095
2.319187
2.294715
2.035499
2.237240
2.297192
2.115319
2.183981
2.042808
2.110421
2.208595
2.323572
2.173323
2.117216
2.208375
2.200878
2.199151
2.103615
2.313657
2.235361
2.255917
2.002203
2.088283
2.090457
2.227969
2.133759
1.985441
2.124303
2.214651
2.121834
2.243732
2.185944
2.175424
2.247559
2.140800
2.143709
2.155169
2.229350
2.055232
2.122022
2.099562
2.109813
2.238102
2.011759
2.240934
2.068146
2.061414
2.062923
2.247884
2.218507
2.201883
2.070974
2.024959
2.165438
2.233242
2.193358
2.196640
2.141669
2.091883
2.058428
2.097715
2.083257
2.208565
2.086269
2.177591
2.198660
1.956181
2.192991
1.977380
2.105974
2.216628
2.147619
2.053572
2.157005
2.142784
2.119692
1.997240
2.104718
1.900132
2.194978
2.233907
2.079443
2.137548
2.016979
2.005344
2.137204
2.193648
2.069371
2.077732
2.133164
2.011503
1.929888
1.992807
1.984203
2.009181
2.200801
2.136934
1.986207
2.240701
1.866275
2.092371
2.015464
1.969995
1.976239
2.100822
1.951150
2.101975
2.012216
2.090783
2.059340
2.022022
1.931810
1.982918
2.020535
2.012134
1.898724
1.993443
2.115427
2.089833
2.138475
1.992035
2.000068
2.059128
2.059559
1.945915
1.987303
1.924953
2.096639
1.921848
1.931964
2.023816
1.934841
1.993411
1.796952
1.972823
1.923781
1.924307
2.009438
1.878740
2.128879
1.929124
2.076545
1.871879
2.063103
1.778006
1.934343
1.960621
1.905465
2.042879
1.892301
1.914789
1.840881
1.859052
2.029932
1.868159
1.964145
2.005900
1.985152
2.148402
1.991168
1.868154
1.879629
1.875836
2.021399
1.975752
1.852705
1.943935
1.761056
2.042472
1.800561
1.873286
2.181505
1.828922
1.866864
1.678342
1.938682
1.832992
1.724823
1.841153
1.776476
2.025039
1.965788
1.844867
2.008998
1.830444
2.052591
1.908750
1.921567
1.826717
1.919984
1.766307
1.935409
1.849910
2.045253
1.877643
2.012512
1.815545
1.781206
1.994877
1.919037
1.864796
1.888350
1.819461
1.694510
1.782554
1.952383
1.761172
2.010996
1.774533
1.937956
1.744154
2.121117
1.939811
1.806605
1.864918
1.916348
1.900824
1.961012
1.832649
1.745021
1.919541
1.836637
1.907540
1.898900
2.047033
1.683229
1.834079
1.945204
1.944871
1.717346
1.946310
1.864056
1.787699
1.850142
1.952266
1.874701
1.745654
1.820002
1.822417
1.849282
1.797080
1.779745
1.696603
1.885605
1.701625
1.928013
1.874112
1.713435
1.690282
1.854989
1.862023
1.699637
1.797559
1.886787
1.822317
1.857359
1.778779
1.781213
1.735068
1.664180
1.819921
1.835550
1.965692
1.692614
1.796345
1.872585
1.638531
1.846639
1.809006
1.755154
1.618187
1.741035
1.847665
1.763473
1.720384
1.955769
1.857017
1.860410
1.929949
1.659044
1.940620
1.727879
1.805703
1.758740
1.907934
1.818394
1.728940
1.891593
1.942750
1.790557
1.775076
1.812748
1.663019
1.716036
1.705669
1.893580
1.806707
1.776285
1.685762
1.715613
1.827986
1.761871
1.766520
1.619581
1.690764
1.788761
1.615748
1.740911
1.783193
1.683708
1.895652
1.671062
1.722725
1.797902
1.907415
1.623571
1.646394
1.673814
1.855863
1.759518
1.656997
1.832775
1.645093
1.878856
1.714245
1.617868
1.739078
1.821087
1.643706
1.752383
1.630830
1.643113
1.778335
1.764742
1.659913
1.734219
1.739323
1.571370
1.726777
1.619413
1.937673
1.808972
1.704717
1.701989
1.753096
1.728554
1.491781
1.727072
1.943962
1.789561
1.801493
1.704068
1.646981
1.785792
1.491190
1.702170
1.793311
1.730431
1.644200
1.593991
1.670425
1.681417
1.851910
1.795034
1.715473
1.819287
1.658935
1.775666
1.712247
1.620506
1.652487
1.707302
1.634814
1.682431
1.676491
1.764967
1.584729
1.660025
1.754632
1.683789
1.510628
1.605168
1.794976
1.604498
1.687389
1.623062
1.788964
1.685560
1.714356
1.591511
1.641065
1.553409
1.691530
1.731825
1.606918
1.686960
1.686956
1.601535
1.627358
1.645657
1.472783
1.599545
1.711880
1.671369
1.603725
1.569964
1.643728
1.617762
1.602092
1.652699
1.422500
2.017297
1.836657
1.536721
1.673763
1.810755
1.784099
1.628953
1.627662
1.711620
1.654754
1.598305
1.706280
1.751595
1.814234
1.812470
1.834117
1.682462
1.671514
1.688880
1.572947
1.631514
1.484486
1.579775
1.483195
1.680132
1.712776
1.664119
1.533249
1.752219
1.557328
1.736480
1.607607
1.531931
1.626344
1.363045
1.530533
1.668597
1.631370
1.672074
1.754264
1.648233
1.653090
1.682771
1.745675
1.503530
1.744917
1.528735
1.550503
1.761719
1.564338
1.830879
1.565174
1.889223
1.605816
1.742361
1.430681
1.587418
1.562613
1.564044
1.597180
1.658844
1.693665
1.631582
1.493972
1.540571
1.657812
1.463360
1.700781
1.584637
1.365985
1.738360
1.592802
1.636977
1.545340
1.572264
1.609881
1.609595
1.683423
1.500358
1.377359
1.439147
1.514510
1.678255
1.538372
1.446707
1.546069
1.708648
1.478909
1.722351
1.545241
1.652145
1.578161
1.539119
1.468318
1.467898
1.471295
1.586960
1.521166
1.525513
1.445559
1.519744
1.681255
1.719509
1.483169
1.585678
1.628625
1.637901
1.581095
1.590018
1.532191
1.711424
1.553152
1.654551
1.730672
1.507221
1.549501
1.682047
1.592154
1.723043
1.307450
1.816072
1.509945
1.589034
1.316912
1.476284
1.676989
1.683268
1.722067
1.638346
1.640223
1.634554
1.557187
1.434240
1.443916
1.537645
1.581512
1.514380
1.612341
1.455635
1.384593
1.491052
1.457743
1.394889
1.457833
1.588496
1.446558
1.529547
1.624040
1.585647
1.486397
1.555067
1.378648
1.442330
1.482196
1.456376
1.442192
1.376226
1.683382
1.459964
1.459204
1.428122
1.411876
1.573469
1.809925
1.600821
1.734382
1.566259
1.487575
1.618150
1.716118
1.443338
1.496067
1.557734
1.463564
1.580283
1.378720
1.435430
1.494915
1.552269
1.548122
1.645895
1.538077
1.438282
1.578618
1.363228
1.525566
1.495272
1.467321
1.477144
1.490667
1.422885
1.549789
1.491461
1.596857
1.800219
1.504515
1.409244
1.474290
1.599846
1.599821
1.591340
1.596878
1.525432
1.609378
1.603219
1.454101
1.437796
1.454405
1.409864
1.533209
1.541357
1.478920
1.369890
1.609509
1.513380
1.661598
1.455399
1.651281
1.651460
1.513079
1.732314
1.547241
1.326735
1.602080
1.569584
1.417935
1.608245
1.625809
1.508662
1.549612
1.306690
1.471300
1.418750
1.608649
1.470038
1.482242
1.572632
1.454736
1.547494
1.299584
1.622640
1.446663
1.559586
1.567985
1.745198
1.389686
1.437864
1.507641
1.458733
1.396689
1.422141
1.514154
1.496285
1.478225
1.522900
1.327691
1.386683
1.361405
1.571489
1.386737
1.518489
1.348871
1.466778
1.418247
1.365477
1.392140
1.520201
1.326848
1.672869
1.350973
1.507501
1.456666
1.447899
1.621258
1.662494
1.310861
1.559934
1.516241
1.484455
1.426115
1.471375
1.360781
1.338566
1.535702
1.293751
1.438858
1.515146
1.331508
1.328951
1.369209
1.459256
1.459255
1.225456
1.439173
1.348996
1.457848
1.508952
1.461140
1.322437
1.403304
1.396434
1.443187
1.592361
1.433571
1.420252
1.402328
1.360306
1.466803
1.475314
1.314301
1.243455
1.413118
1.483567
1.610252
1.390555
1.291340
1.472789
1.489561
1.505255
1.304991
1.370919
1.416211
1.368509
1.335530
1.439609
1.421672
1.422948
1.342693
1.423385
1.486037
1.343091
1.441315
1.619071
1.542708
1.368618
1.481212
1.432720
1.497518
1.434035
1.437327
1.493935
1.416370
1.477202
1.426021
1.433845
1.518387
1.460026
1.494589
1.361128
1.448867
1.323259
1.473688
1.299365
1.368562
1.429570
1.415040
1.454046
1.496380
1.644926
1.474876
1.530654
1.319821
1.333899
1.499919
1.540344
1.541340
1.475331
1.530965
1.448515
1.584130
1.312222
1.554178
1.380282
1.610290
1.432703
1.233820
1.449361
1.506433
1.335713
1.327176
1.327612
1.576918
1.420030
1.326637
1.440233
1.326317
1.460254
1.297531
1.600049
1.569404
1.440818
1.334779
1.331087
1.564797
1.414649
1.643513
1.440377
1.368082
1.447283
1.462926
1.476908
1.300264
1.416235
1.398647
1.263546
1.375946
1.458968
1.426294
1.358491
1.576265
1.309769
1.273097
1.563378
1.504471
1.345366
1.345095
1.478361
1.436782
1.310731
1.496830
1.412181
1.282388
1.378010
1.402785
1.265575
1.377533
1.358799
1.400038
1.591057
1.286469
1.284034
1.447264
1.445683
1.387975
1.355392
1.341241
1.478422
1.342962
1.489388
1.294670
1.534128
1.191528
1.225908
1.368041
1.425885
1.331015
1.454911
1.474569
1.290984
1.309679
1.338657
1.314587
1.364372
1.428435
1.374779
1.365330
1.309362
1.226619
1.461048
1.400243
1.231988
1.134511
1.289564
1.398334
1.279344
1.212927
1.478277
1.437830
1.279088
1.198906
1.468962
1.314514
1.536007
1.225373
1.356172
1.312998
1.296086
1.261514
1.374898
1.447247
1.426125
1.277501
1.353217
1.419638
1.478347
1.375095
1.319884
1.388964
1.264452
1.346360
1.308212
1.491226
1.319347
1.467054
1.553330
1.305011
1.422578
1.311219
1.230409
1.478016
1.261288
1.355580
1.215275
1.359513
1.399693
1.306277
1.278800
1.398227
1.285728
1.508639
1.238333
1.191727
1.471196
1.470847
1.226642
1.327670
1.304859
1.298221
1.431744
1.383503
1.263734
1.347192
1.557341
1.336452
1.546883
1.191392
1.383239
1.389738
1.257746
1.422149
1.418223
1.197765
1.452460
1.283146
1.260383
1.372101
1.343103
1.191851
1.457894
1.438233
1.482289
1.228050
1.309886
1.288820
1.306714
1.288879
1.347965
1.142893
1.301948
1.152923
1.290918
1.427003
1.349521
1.083256
1.211025
1.358965
1.386083
1.252658
1.258036
1.380276
1.304853
1.459154
1.428475
1.315944
1.303928
1.347688
1.241799
1.322476
1.284476
1.317450
1.504715
1.395473
1.168459
1.253385
1.401031
1.219282
1.340276
1.388759
1.373826
1.278025
1.205545
1.206540
1.251057
1.213237
1.318217
1.533426
1.315499
1.325055
1.199965
1.281400
1.171659
1.395867
1.335512
1.482447
1.374876
1.314954
1.252980
1.180256
1.200775
1.311086
1.266795
1.234727
1.249701
1.161522
1.111562
1.282033
1.335364
1.145411
1.275549
1.542492
1.176022
1.298226
1.468298
1.151918
1.303163
1.117908
1.164304
1.178996
1.303710
1.401450
1.217935
1.423836
1.206525
1.243019
1.425971
1.355833
1.382488
1.334748
1.424594
1.450322
1.239182
1.292249
1.141810
1.323778
1.365410
1.260405
1.296469
1.310142
1.338442
1.274259
1.444074
1.363881
1.314072
1.456818
1.407780
1.265356
1.111355
1.145271
1.211010
1.341215
1.175584
1.129039
1.293942
1.292163
1.238979
1.101068
1.368619
1.192124
1.368658
1.318931
1.198622
1.245545
1.303711
1.190532
1.200387
1.202639
1.498097
1.169474
1.289855
1.339031
1.348883
1.369688
1.281923
1.174939
1.318240
1.213450
1.297104
1.430346
1.229845
1.244890
1.081379
1.132203
1.404264
1.086561
1.276190
1.174621
1.263159
1.394846
1.168039
1.298924
1.470441
1.167571
1.569972
1.197925
1.382032
1.220359
1.406480
1.462984
1.648928
1.319223
1.268878
1.276097
1.491001
1.386522
1.466083
1.307510
1.334681
1.318178
1.062756
1.149580
1.289445
1.373140
1.511353
1.180865
1.362845
1.414009
1.062742
1.209310
1.120394
1.357695
1.163615
1.216349
1.401149
1.213852
1.420122
1.268277
1.144330
1.136443
1.231791
1.224668
1.118648
1.296403
1.208421
1.309305
1.359525
1.342216
1.184630
1.352755
1.352239
1.209867
1.032608
1.229369
1.370133
1.204957
1.328072
1.201380
1.173957
1.222638
1.197489
1.252818
1.187641
1.126196
1.265780
1.101361
1.352196
1.121749
1.378551
1.317914
1.190591
1.147257
1.094428
1.202434
1.259191
1.232330
1.299870
1.374147
1.254603
1.372638
1.052251
1.234854
1.360766
1.276215
1.380471
1.249237
1.380238
1.079187
1.256648
1.286163
1.246186
1.192665
1.274563
1.263975
1.224447
1.115651
1.349981
1.256226
1.147228
1.237474
1.124856
1.032405
1.011750
1.054536
1.044039
1.233740
1.195449
1.164904
1.324882
1.060785
1.112716
1.124180
1.208486
1.230189
1.139071
1.205661
1.221884
1.330969
1.251016
1.222886
1.266096
1.037602
1.405209
0.986120
1.093387
1.424667
1.228971
1.066669
1.213895
1.063612
1.118700
1.195968
1.098406
1.074875
1.221186
1.217867
1.236024
1.122998
1.127110
1.162328
1.183899
1.367167
1.273541
1.211399
1.128188
1.327783
1.283360
1.241299
1.109887
1.239124
1.228693
1.044598
1.253367
1.194638
1.243871
1.201123
1.338761
1.190426
1.246884
1.181475
1.222579
1.189687
1.176679
1.219010
1.150908
1.180754
1.080905
1.146250
1.212032
0.927555
1.117424
1.189565
1.193372
1.259663
1.374967
1.063329
1.183347
1.192775
1.115319
1.156242
1.056740
1.346786
1.152688
1.061937
1.181265
1.128042
1.166738
1.154451
1.314826
1.288493
1.091846
1.091878
1.171261
1.131325
1.205869
1.283233
1.191190
1.421347
1.171581
1.095527
1.062042
1.159766
1.163388
1.155259
1.143014
1.073282
1.323197
0.979739
1.301931
1.244210
1.033379
1.017563
1.233503
1.154602
1.252987
1.086038
1.127511
1.159181
1.082898
1.268221
1.097150
1.148861
1.234066
1.196943
1.352879
1.082177
1.238619
1.022781
1.203387
1.104643
1.160127
1.109630
1.302244
1.121176
1.224825
1.268490
1.242183
1.400406
1.141704
1.155780
1.308558
1.252849
1.213610
1.261761
1.074844
1.236248
1.148237
1.229935
1.221373
1.228334
1.035822
1.154333
1.078497
1.198313
1.120793
1.481910
1.340957
1.013777
1.141858
1.099271
1.036868
1.140039
1.095861
1.279129
1.201327
1.145885
1.311670
1.140920
1.438178
1.047365
1.092034
0.999173
1.029231
1.067893
1.252529
1.206114
1.273374
1.174905
1.268366
1.247454
1.090527
1.140084
1.251790
1.175902
1.068619
1.049276
1.135866
1.278342
1.249655
1.148103
1.140715
1.171893
1.070468
1.113898
1.229144
0.990965
1.109022
1.251237
1.060397
1.147707
1.058631
1.071826
1.254080
1.152269
1.119715
1.278633
1.164759
1.137244
1.102736
1.155393
1.348045
1.110222
1.331533
1.165512
1.326562
1.048058
1.259106
1.173445
1.149717
1.181046
1.138806
1.018502
1.286198
1.130263
1.059705
1.151322
1.257432
1.000554
1.143041
1.245993
1.121024
1.004200
1.081831
1.048773
1.101822
1.147282
1.103057
1.118646
1.190998
1.011982
1.000046
1.008543
1.126362
0.979809
0.980194
1.344306
1.127200
1.241785
1.316768
1.077031
1.207108
1.059908
1.053194
1.247536
1.120154
0.993182
1.046516
1.059116
0.989082
1.062599
1.119518
1.118372
1.161652
1.161115
1.078542
1.136959
1.207346
1.127670
1.222973
1.175099
1.173004
0.987632
1.096834
1.081678
1.205117
1.245836
1.177887
1.150953
1.109155
1.279063
1.085419
0.999899
1.215012
1.152968
1.170367
1.111648
1.198259
1.380615
1.210293
1.250205
1.085234
1.183022
1.143939
1.121655
1.120299
1.144245
1.301584
1.151912
1.079665
1.137155
1.078397
1.161762
1.037407
1.025623
1.315355
1.259308
1.206463
1.028707
0.922066
0.986863
1.159947
1.221521
1.058693
1.073527
1.149445
1.052690
0.982063
1.058972
1.138202
1.033327
1.181414
1.151648
1.277261
1.146083
1.210938
1.046119
1.199669
1.157250
1.022253
1.116034
0.854180
1.240420
1.111882
1.288348
1.044327
1.128983
1.163604
1.209822
1.215802
1.241281
1.214662
1.023256
1.234417
1.352779
0.976169
1.130146
1.211667
1.106496
1.055362
1.127040
0.963905
1.128372
1.111948
1.199138
1.125373
1.081058
1.153276
1.025615
1.083012
1.053213
1.001032
1.177469
1.029694
1.225651
1.006306
1.153783
1.046454
1.001082
1.012054
1.002800
1.140191
1.184080
1.070222
1.154321
1.133669
1.091861
1.100929
0.893041
1.087762
1.007105
1.112761
1.049173
1.278339
0.988051
0.990922
1.227205
1.024413
1.011065
1.028258
1.096902
1.134322
1.090241
1.116523
1.070040
1.124771
1.066508
1.280250
1.090402
1.023734
1.080088
0.998056
1.064962
1.126759
1.205381
0.969266
0.964774
0.980890
1.126840
1.190511
0.844565
1.199022
1.279605
0.929832
1.074626
1.010238
1.125790
1.029717
1.028659
1.082185
1.268010
1.026483
1.236165
1.018448
0.995950
1.024722
1.135144
1.043333
1.090015
0.968984
1.096688
0.920600
1.088732
1.019203
1.058574
1.209564
0.935781
1.046494
1.057250
1.012023
1.193635
1.148038
1.033288
0.938782
1.177854
1.115914
0.992573
0.927125
1.049593
0.996996
1.040513
1.268053
0.954076
1.097835
1.064793
1.194621
0.980981
1.172178
1.109481
1.016393
1.061005
1.157881
0.931904
0.941391
1.077681
1.102517
1.110515
1.157099
1.067970
0.977738
0.998789
1.106912
1.058400
1.129279
0.865955
0.978939
1.126256
1.070812
1.041425
1.077837
1.253564
0.943111
1.034930
1.007541
1.089135
1.127197
1.104330
0.972983
0.944998
0.952895
0.937643
1.066006
1.234120
1.091414
1.085839
1.204084
1.042643
0.969096
0.920056
1.016094
0.914302
1.136493
1.012017
1.165441
0.988566
1.123456
0.968222
1.111644
0.889304
1.199986
0.954463
1.016733
1.038579
0.996179
1.096832
1.197017
0.968869
1.096912
1.152315
1.021472
1.194017
1.108177
1.041687
1.054560
1.119607
0.897583
1.077303
1.074856
1.014761
1.039981
1.004328
0.986207
1.005259
1.052149
0.959254
1.055402
0.927075
1.183535
1.005020
1.033451
1.020678
1.022923
1.068471
0.887748
1.161199
1.039655
1.134081
1.106304
0.917032
1.100660
1.161424
0.991514
0.910604
0.976969
1.119820
1.165663
1.103400
1.002269
0.992493
1.102337
1.023919
1.235375
1.024271
1.027154
1.062769
0.807858
0.982980
1.032657
1.081874
0.993656
1.105513
1.171463
0.916716
0.931910
1.173046
1.028749
1.204767
1.223154
0.992367
1.014872
0.981862
1.202425
1.045710
0.952075
1.112443
1.065248
0.901522
1.014790
0.993932
1.008689
0.929559
0.989202
1.015203
0.928509
1.036983
0.999792
1.070961
1.073008
1.060585
1.071040
1.067298
1.012769
0.891139
1.139606
0.982008
0.972947
1.318705
1.063298
1.075167
1.134537
1.067685
1.053719
1.118709
1.057732
0.996733
1.011594
1.148986
0.985087
1.100717
1.164059
1.104135
1.016288
1.009628
1.041943
1.147234
0.813074
1.008449
1.118624
1.139217
0.879867
0.993221
1.080630
0.940834
1.089050
0.975987
1.130368
1.041442
0.997034
1.104586
1.144427
1.014306
0.979374
0.861762
0.990687
0.982137
1.059257
0.935166
1.072356
1.074482
0.858975
0.983912
1.037532
1.147877
0.855844
0.964396
1.162885
1.039903
1.097647
1.000057
1.070169
1.004997
0.866670
1.091289
0.861482
1.076812
0.872759
0.854029
1.102456
0.954301
0.963216
1.002959
1.032131
1.179913
1.059351
0.945385
0.937019
1.034721
0.915265
0.964670
1.214234
1.143639
1.104261
1.002761
1.028590
1.136447
1.020825
1.000136
0.982993
1.190437
1.027179
1.031465
0.936827
0.903685
0.848556
1.023142
1.089305
0.919304
0.956775
1.096467
1.024506
0.911825
0.923691
1.097160
1.173002
0.925489
0.901960
0.957718
0.961096
1.133945
0.911511
1.012217
0.920550
1.096069
1.121198
0.901345
0.981175
0.842748
0.937770
0.947315
0.905783
0.926704
0.852863
1.053919
1.077437
1.169711
1.009771
0.931892
0.993688
1.021203
1.081621
1.063740
0.984392
0.956555
0.895470
1.020669
1.053252
1.109728
0.836786
1.211428
0.967868
1.135757
0.999051
1.076087
1.105931
1.145283
1.008015
0.999003
0.981543
1.141752
0.816401
0.887769
1.095445
1.067312
0.967965
1.029897
0.851610
1.013240
1.014467
1.058255
1.074863
1.130176
0.970297
0.960599
0.935581
1.007576
0.868684
0.983217
0.918513
1.126694
0.881127
0.989340
0.847320
0.984339
0.952300
0.957132
0.930433
0.893128
1.089525
1.003984
1.073314
1.056638
0.980683
1.093567
0.885462
0.993815
0.794023
1.171901
1.045947
1.026198
0.993536
0.910743
1.038167
1.122737
0.972792
1.037087
0.977529
0.923764
1.069167
1.086069
0.942456
1.059154
1.059595
1.047141
0.993942
1.035866
1.179945
0.914422
0.999233
0.889099
1.002800
0.987253
0.858627
1.085157
0.931227
0.879078
0.894543
0.930353
1.116034
1.020519
1.163467
0.919345
0.952948
1.065921
0.918682
0.998729
0.993948
1.018437
0.971566
1.073015
1.005207
0.989252
1.019884
1.124553
1.007005
0.867235
1.093552
0.826915
0.925890
0.988069
1.066352
0.975319
1.021728
1.046232
1.029464
1.019222
1.029340
1.066760
1.007948
0.968071
1.076235
0.985832
0.894078
0.985467
1.056873
0.956581
1.079826
0.917345
0.948571
0.807033
0.961920
0.913791
1.235284
1.088491
0.933661
1.088594
0.855597
0.991337
0.908201
1.197484
0.899610
1.028592
1.042560
0.972047
1.030518
1.030573
0.972771
0.955950
0.952098
0.961915
1.052588
1.090273
1.004671
1.023312
1.048333
0.984862
0.910606
0.804600
0.916652
0.869703
0.877034
0.876920
0.928604
1.068041
0.884558
1.018489
1.005694
1.042190
0.890018
0.863522
0.801192
0.952459
0.886361
0.928222
0.937754
0.982721
0.848306
0.902195
0.915097
0.926911
0.945679
0.928913
1.002346
0.992047
1.031401
1.099985
0.924830
0.944288
1.264570
0.946045
1.110970
0.821389
0.864041
0.858225
1.086109
1.016640
1.139783
0.759271
1.058508
0.957809
0.889764
0.991216
0.862158
0.886110
0.957827
0.875022
1.116287
0.938315
0.920083
0.985360
1.040882
1.053394
1.054451
1.016571
1.015631
1.141141
0.858676
0.905788
0.930497
0.869981
1.211331
0.894811
0.742047
0.782150
0.867912
1.048078
1.231817
0.982975
0.871221
0.882059
0.828737
1.087520
0.915388
0.960624
0.832100
0.835250
1.003048
0.937398
1.019322
0.938214
0.924818
0.913434
0.986813
0.857887
0.933254
0.826327
1.077342
1.005152
1.121042
1.021275
0.949590
0.919056
0.835079
1.011339
1.012014
1.081918
1.224909
0.890507
0.946871
0.920662
0.948319
0.968854
0.859421
0.802791
1.060005
0.884623
0.866341
0.890469
1.096039
1.073354
1.117016
1.070596
1.031110
0.846210
1.221756
1.058886
1.114185
1.035542
0.786281
1.056109
0.858682
0.966414
1.039713
1.092545
0.932939
1.006097
0.921074
1.046416
0.919505
1.062548
1.020084
0.865266
0.937709
1.003142
0.899775
0.943480
1.026940
0.832758
0.821421
1.028259
0.809135
1.085248
0.848413
0.989883
0.874570
1.076689
1.058835
1.083439
0.997645
0.847839
0.777133
1.015206
1.171160
0.909193
0.849651
0.805435
1.027609
1.031940
0.733598
1.143866
0.826464
0.885922
0.956681
0.948984
1.094288
0.902850
1.003526
0.983816
0.943787
0.864962
0.994212
0.919085
0.755491
0.819591
0.986023
0.866947
0.856010
0.952998
1.045053
0.892302
0.842043
0.870261
0.838809
1.089006
0.920853
0.942073
1.058574
0.978554
0.905778
0.892041
0.896963
0.789622
0.997971
0.859258
1.123527
0.916004
0.919858
1.025622
0.848124
1.001782
1.132407
1.061679
1.053737
0.965913
0.903300
0.955573
0.943309
1.027555
0.788391
0.833966
0.788013
1.052954
1.021468
1.060669
0.986311
0.895197
0.867259
1.126721
0.987011
0.667800
0.925327
0.901868
0.848144
1.058514
0.945216
0.966195
1.126068
0.873019
1.073030
0.846271
0.923833
0.934142
0.940406
0.994181
0.908832
0.924678
0.793868
0.830758
0.902931
0.807335
0.770188
0.779045
0.829319
0.942577
0.898927
0.916511
0.907969
0.960102
0.937786
0.806580
0.869994
0.964979
1.012932
1.010936
0.910842
0.832106
0.924963
1.079299
1.102011
0.855539
1.049991
0.846044
0.852589
1.032394
0.979175
0.851532
1.045369
1.044235
0.827532
0.831396
0.722997
0.955270
1.002485
0.842558
0.935127
0.963227
0.866665
1.024986
0.964360
0.901734
0.942856
0.916907
0.967765
0.921147
0.949869
0.901877
0.928871
0.973979
0.993678
0.866625
0.860617
0.889341
0.854568
0.826168
1.030484
0.916145
0.825427
0.897727
0.961614
0.937790
0.742766
0.805555
0.840866
1.052017
0.799592
0.976337
0.873278
1.081158
0.696212
0.876658
0.783556
0.910762
0.773007
0.981449
1.006200
1.002788
0.877449
0.712103
1.049245
1.047801
0.807780
0.868324
0.965279
0.801586
0.726013
0.971266
0.876230
0.850798
0.846242
0.889902
0.993665
1.114349
0.842304
0.853078
0.798716
0.976940
0.814031
0.944760
1.071479
0.887103
0.889529
0.951910
1.115918
0.782593
0.892407
1.002633
0.940903
1.117117
0.776812
0.981169
0.991599
0.971665
1.021209
0.971225
0.852740
0.971419
0.943909
1.048207
0.770348
0.893452
0.784873
0.906619
1.075035
0.906223
0.945777
0.855690
0.950597
0.791524
0.945414
0.891826
0.835419
0.865565
0.913524
0.867989
1.036046
0.968801
0.909753
1.115548
0.982601
0.887762
0.850168
0.843421
1.037266
0.945799
1.065807
0.975946
0.791960
0.774258
0.780790
0.849955
1.070779
0.818906
0.870266
0.950446
0.886862
0.867526
1.041553
0.836022
1.012055
0.988089
0.976891
0.983829
0.887481
0.847810
0.721402
0.759285
0.832907
0.846836
1.080071
0.978714
0.799670
0.930504
0.852195
0.875363
0.786530
0.917507
0.904304
0.849487
0.754141
0.909313
1.058914
0.933602
0.850396
0.904146
0.924943
0.862067
1.016417
0.965561
1.051078
0.805843
0.874518
0.870556
0.899480
0.885266
0.930538
0.885023
0.930292
0.838428
0.891121
0.793414
0.920683
0.803151
0.786999
0.977208
0.942465
0.864856
0.871641
0.805939
0.967666
0.840150
0.967094
0.813493
0.868239
1.000671
0.854650
0.822494
0.790741
0.992083
0.956678
0.930982
0.886148
1.074504
1.015830
0.933272
0.845775
0.981815
0.892808
0.996033
1.037261
0.867781
0.975035
0.966600
1.030424
0.893054
0.881067
0.848577
1.002103
0.893129
1.148714
0.768199
0.972648
1.010890
0.871780
0.850127
0.917026
0.730573
0.933928
0.872810
0.840288
0.848026
0.858655
0.856925
0.729705
0.748077
0.755462
0.880300
0.788900
0.947298
0.828132
0.739839
0.938900
0.816083
0.846718
0.893559
0.939462
0.880531
1.002655
0.890006
0.819385
0.742272
0.995739
0.940251
0.841385
0.802657
1.077006
0.820156
0.856498
1.035089
1.023871
0.979207
0.908763
0.984023
0.740992
0.810460
0.954805
1.025707
0.908578
0.985440
0.944087
0.950666
1.008057
1.035222
0.736131
0.901134
0.947696
0.849705
0.894708
0.845232
0.740587
0.958668
0.865734
0.883357
0.831427
0.909853
0.881370
0.823224
0.857599
0.861162
0.903217
0.967009
0.914171
1.048111
0.752784
0.686664
0.979100
0.890112
0.864072
0.729568
0.912375
0.661095
0.928752
0.766625
0.991966
0.917595
1.086649
0.842239
0.834919
0.883840
0.912895
0.865669
1.037930
0.932081
0.804800
0.741239
0.831161
0.907312
0.823046
0.931694
0.839533
0.868472
0.856223
1.027076
0.950836
0.887886
1.006298
0.800916
1.033358
0.828208
0.807683
0.966749
0.942854
0.929977
0.806167
0.956440
0.922627
0.744295
0.877389
0.948315
0.897387
0.679498
0.941795
0.893711
0.852945
0.739259
0.947334
0.853449
0.906973
0.761378
0.861761
0.748388
0.839952
0.715678
0.814368
0.954322
0.932135
0.889238
0.820515
0.870145
0.930440
0.685389
0.842222
0.904815
0.918717
0.800166
0.916294
0.894518
0.952048
0.753817
0.980944
0.720369
0.793360
0.822869
0.902224
0.787267
0.713343
0.751823
0.855043
1.132941
0.953228
0.789846
0.911101
0.861584
0.699504
0.788759
0.885692
0.716150
0.728119
0.900181
0.799227
0.836874
0.943502
0.771074
0.952006
0.889481
0.673537
0.768319
0.929140
0.730841
0.745645
0.785682
0.852947
0.839251
0.686757
1.077838
0.850243
0.818319
0.748983
0.830758
0.886897
0.927940
0.890463
0.783084
0.863322
0.811067
0.831059
1.048241
0.971013
0.875062
0.692291
0.830762
0.739164
1.002642
1.060837
0.929853
0.914393
0.814631
0.742173
0.935327
0.817210
0.893569
0.870804
0.815621
0.937239
0.915908
0.741392
0.903582
0.922851
0.928415
0.663041
1.079897
0.792773
0.783355
0.774174
0.804566
0.872424
0.838559
0.740813
0.730977
0.883852
0.799224
0.752262
0.718198
0.751832
0.849812
1.004538
0.819198
0.777114
1.015473
0.885022
0.705360
0.833398
0.820974
0.973417
0.858727
0.764020
0.805764
0.866945
0.991689
0.788840
0.796512
0.707489
0.947123
0.942921
0.752590
0.706099
0.845238
0.900891
0.801398
0.844378
0.733940
0.918679
0.829817
0.963475
0.663702
0.806521
0.917861
0.837707
1.023510
0.901718
0.898699
0.763237
0.891794
0.742128
0.902259
0.920699
0.867665
0.955241
0.811982
0.775104
0.841521
0.830695
0.697673
1.072863
0.866085
0.907466
0.864903
0.703726
0.749448
0.901822
0.792617
1.003965
0.856142
1.037486
0.825290
0.965262
0.724129
0.782745
0.843950
0.930707
0.872748
0.899134
0.961774
0.883018
0.830064
0.858547
0.712191
0.754502
0.897134
0.808029
0.871849
0.637767
0.791045
0.804859
0.964273
0.861811
0.869862
0.960356
1.029018
0.724687
0.927681
0.715207
0.807755
0.952107
0.914521
0.791267
0.799153
0.879983
0.659202
0.855865
0.762198
0.939436
0.978974
0.907501
0.768475
0.788156
0.740460
0.979957
0.821048
0.882213
0.685725
0.908328
0.927360
0.707675
0.770374
0.882720
0.794446
0.776148
0.724938
0.828667
0.754146
0.957086
0.699276
1.028181
0.969313
0.985666
0.789734
0.763262
0.680806
0.748552
0.855540
0.884263
0.823229
0.771717
0.930269
0.871745
0.866400
0.880307
0.801293
0.894188
0.934623
0.812232
0.806849
0.949131
1.019481
0.690104
1.061485
0.864683
0.889916
0.931344
0.642034
0.881799
0.916779
0.805755
0.796670
0.765350
0.924136
0.882306
0.971434
1.025062
0.769183
0.755697
0.906853
0.808778
0.850344
0.849348
0.802972
0.881504
0.659137
0.858575
0.826289
0.806918
0.827328
0.755696
1.028758
0.705937
0.862618
0.745376
0.769561
0.792650
0.706346
0.803663
0.868320
0.919200
0.784555
0.853168
0.687797
0.893028
0.894038
0.711993
0.830991
0.818463
0.747460
0.890260
0.912046
0.711186
0.701537
0.905543
0.856201
0.919715
0.885932
0.781525
0.814858
0.827047
0.695258
0.797978
0.663522
0.829058
0.815853
0.812186
0.780512
0.818745
0.752346
0.809521
0.797550
0.686031
0.865719
1.005627
0.865290
0.801813
0.876580
0.697928
0.896585
0.840563
0.829099
0.707237
0.831159
0.751219
0.818500
0.951825
0.722301
0.740724
0.822072
0.744046
0.903358
0.671609
0.904309
0.727995
0.897659
0.646021
0.802709
0.827176
0.920989
0.827177
0.691731
0.722824
0.714777
0.861720
0.873772
0.806126
0.790947
0.698995
0.804524
0.740235
1.100278
0.849142
0.671456
0.752887
1.022608
0.750666
0.668173
0.726731
0.720927
0.789260
0.721661
0.867212
0.830499
0.721213
0.887480
0.699709
0.888751
0.879916
0.698859
0.684172
1.044333
0.830154
0.874612
0.918728
0.742447
0.798594
0.834263
0.793575
0.825867
0.998743
0.837273
0.800862
0.796428
0.832581
0.872029
0.756040
0.789378
0.901679
0.704429
0.854992
0.708967
0.830743
0.803264
0.784405
0.729747
0.833783
0.728434
0.857926
0.861324
0.871404
0.798121
0.940209
0.758875
0.831635
0.869591
0.687609
0.728392
0.963828
0.715970
0.929575
0.831317
0.872445
0.684409
0.831898
0.741300
0.875709
0.849412
0.839559
0.789399
0.760377
0.806913
0.794464
0.942595
0.835330
0.798016
0.789536
0.795353
0.680044
0.784308
0.675992
0.746268
0.769756
0.947187
0.849218
0.749562
0.783717
0.824101
0.837373
0.908022
0.788574
0.807361
0.766851
0.823146
0.824532
0.647818
0.730578
0.923540
0.946809
0.747860
0.792034
0.726449
0.779508
0.735253
0.855865
0.832421
0.853397
0.772849
0.815028
0.774788
0.707928
0.743172
0.679649
0.843688
0.648389
0.946727
0.839498
0.761931
0.798004
0.829260
0.787431
0.976192
0.789730
0.874196
0.857347
0.864235
0.882930
0.796694
0.929435
0.917308
0.706273
0.905477
0.963288
0.847330
0.996620
0.820100
0.918654
0.781599
0.836959
0.989720
0.800256
0.747004
0.819558
0.722795
0.922202
0.836479
0.792431
0.928161
0.846723
0.858003
0.847791
0.797108
0.844939
0.770628
0.682715
0.775130
0.831025
0.925988
0.878879
0.931705
0.882054
0.822386
0.670315
0.577650
0.656947
0.786682
0.831746
0.773845
0.730342
0.737340
0.732347
0.666605
0.904575
0.837299
0.745685
0.902741
0.633347
0.772708
0.746284
0.755603
0.726049
0.804177
0.772915
0.770776
0.862420
0.773153
0.748309
0.790678
0.802289
0.838669
0.751056
0.795018
0.785613
0.842880
0.606172
0.818469
0.891743
0.698910
0.769048
0.861873
0.829607
0.764311
0.870759
0.750910
0.740976
0.738136
0.843213
0.748452
0.716175
0.686960
0.783095
0.845495
0.919363
0.746446
0.792641
0.703142
0.847962
0.616094
0.856266
0.783242
0.785760
0.805632
0.934284
0.840125
0.829968
0.928372
0.822524
0.894424
0.608096
0.773908
0.750669
0.741810
0.962526
0.778944
0.808041
0.728813
0.674015
0.735443
0.792924
0.806809
0.724760
0.863911
0.922808
0.872919
0.764028
0.805402
0.731590
0.724652
0.803012
0.734875
0.651482
0.917602
0.792091
0.860294
0.665212
0.815635
0.838867
1.000706
0.795734
0.785385
0.879112
0.854916
0.821550
0.843442
0.731462
0.680377
0.805800
0.721715
0.851648
0.929054
0.704714
0.772556
0.913288
0.797670
0.657158
0.782045
0.752195
0.925058
0.764272
0.682347
0.728341
0.878515
0.660220
0.842285
0.747768
0.713021
0.682327
0.739397
0.594957
0.855706
0.804551
0.807457
0.700257
0.847014
0.739586
0.840329
0.798515
0.838287
0.647003
0.600700
0.692649
0.606481
0.924268
0.771242
0.890693
0.811464
0.789487
0.917520
0.780387
0.733430
0.718661
0.907485
0.674987
0.992293
0.774103
0.671522
0.764889
0.726696
0.745935
0.728489
0.747352
0.737371
0.843619
0.883453
0.766641
0.724530
0.633793
0.831054
0.738228
0.931823
0.775780
0.781747
0.759757
0.781422
0.730406
0.719306
0.798029
0.807750
0.688715
0.859081
0.777401
0.644436
0.696927
0.798801
0.680657
0.692235
0.844590
0.791980
0.791864
0.651088
0.696015
0.818393
0.782733
0.773389
0.695362
0.780262
0.886507
0.759807
0.850444
0.838731
0.767954
0.672585
0.813686
0.980134
0.633824
0.737444
0.727516
0.840397
0.795592
0.712366
0.622474
0.837427
0.626001
0.803009
0.776973
0.871161
0.866773
0.896941
0.844904
0.716200
0.743024
0.562659
0.630768
0.883352
0.713284
0.680401
0.773177
0.816234
0.816370
0.705617
0.640219
0.691504
0.752984
0.698609
0.978515
0.800899
0.668637
0.891072
0.722781
0.711463
0.649627
0.594377
0.794751
0.722974
0.710982
0.767393
0.751605
0.701998
0.831247
0.944209
0.645275
0.830244
0.787314
0.765214
0.698273
0.864719
0.807720
0.737516
0.749536
0.638534
0.795386
0.613288
0.731378
0.726335
0.759024
0.787538
0.722057
0.697627
0.761040
0.635254
0.712456
0.769665
0.808384
0.715555
0.636192
0.726725
0.785573
0.717682
0.792741
0.770258
0.844606
0.821375
0.686417
0.636063
0.831148
0.912244
0.828343
0.813193
0.669713
0.587409
0.710425
0.741935
0.780461
0.647341
0.826273
0.778657
0.802956
0.731049
0.798680
0.731255
0.704187
0.726490
0.825508
0.828684
0.651011
0.837442
0.751068
0.894529
0.923405
0.864583
0.749130
0.712666
0.684309
0.785955
0.795696
0.634624
0.810460
0.705901
0.691124
0.682263
0.723439
0.617993
0.745743
0.917028
0.756024
0.774816
0.596849
0.828855
0.776930
0.689471
0.802030
0.725264
0.802495
0.623380
0.684747
0.826847
0.633332
0.826745
0.791830
0.662797
0.670868
0.685411
0.674616
0.752104
0.732916
0.623507
0.731062
0.715732
0.681535
0.658752
0.661230
0.783155
0.672376
0.810325
0.662713
0.766484
0.644097
0.674372
0.675967
0.648523
0.874461
0.823993
0.812788
0.590712
0.732208
0.813842
0.922749
0.879384
0.816452
0.774663
0.914866
0.682918
0.628950
0.638410
0.677385
0.638053
0.718026
0.686044
0.747657
0.668733
0.872883
0.627788
0.718854
0.797997
0.788565
0.681016
0.616387
0.916003
0.841730
0.759072
0.772445
0.955821
0.756992
0.676146
0.772943
0.829594
0.703377
0.759203
0.793142
0.817035
0.714607
0.722580
0.712716
0.706537
0.716338
0.745543
0.663382
0.741705
0.845959
0.743808
0.785715
0.665365
0.954797
0.685516
0.752841
0.632572
0.610920
0.740589
0.711089
0.568559
0.844636
0.772956
0.763997
0.711389
0.784574
0.704294
0.711303
0.833314
0.882961
0.754934
0.815810
0.784482
0.676545
0.685225
0.831386
0.782473
0.749713
0.820238
0.721605
0.928006
0.884852
0.676367
1.024226
0.803492
0.672979
0.640172
0.805358
0.618093
0.721117
0.703109
0.780375
0.693948
0.682452
0.764659
0.780595
0.815395
0.761233
0.702523
0.718294
0.710818
0.775355
0.556012
0.888842
0.905399
0.779336
0.764732
0.830847
0.687498
0.781104
0.693243
0.737114
0.737728
0.860114
0.785413
0.807574
0.683730
0.682577
0.700297
0.752930
0.621155
0.689372
0.756721
0.821365
0.731584
0.822215
0.785089
0.598525
0.658428
0.738805
0.775528
0.829868
0.808577
0.590853
0.731638
0.747467
0.807282
0.777766
0.894803
0.583287
0.729811
0.756867
0.596823
0.639341
0.831257
0.812036
0.752278
0.892231
0.769849
0.586250
0.641503
0.618081
0.720763
0.715802
0.797544
0.752316
0.656628
0.792816
0.834216
0.864404
0.796390
0.765473
0.600983
0.815386
0.779373
0.600068
0.769978
0.703702
0.777485
0.621671
0.723264
0.804237
0.754362
0.692277
0.796522
0.681496
0.786147
0.850582
0.700013
0.616671
0.704540
0.819137
0.732809
0.797226
0.656494
0.683299
0.615965
0.641666
0.691227
0.606302
0.689952
0.819308
0.660934
0.633707
0.633068
0.712530
0.635521
0.684096
0.742905
0.770605
0.709522
0.622543
0.771814
0.641409
0.799611
0.748167
0.934530
0.798258
0.647875
0.889386
0.694034
0.727861
0.709567
0.725687
0.758592
0.735815
0.857654
0.676652
0.850206
0.742485
0.586887
0.665505
0.959553
0.664272
0.639738
0.772940
0.807357
0.648504
0.744591
0.671560
0.773352
0.831562
0.775266
0.676357
0.819671
0.651834
0.691789
0.621904
0.531560
0.636297
0.614679
0.874849
0.886989
0.838115
0.603257
0.682696
0.807820
0.696717
0.789850
0.701392
0.749583
0.675298
0.749736
0.838467
0.765939
0.763790
0.743304
0.582489
0.808377
0.751169
0.712270
0.687452
0.741546
0.823976
0.703424
0.699973
0.732025
0.715804
0.781669
0.662629
0.670341
0.688985
0.658962
0.727698
0.765154
0.745965
0.742720
0.753902
0.710122
0.620182
0.580692
0.682804
0.789825
0.699362
0.564712
0.855527
0.625767
0.611606
0.653761
0.806585
0.679061
0.813753
0.807566
0.768413
0.770680
0.746956
0.787697
0.702598
0.774442
0.626705
0.715195
0.618814
0.677842
0.569251
0.534861
0.694575
0.867131
0.892311
0.804869
0.716519
0.784444
0.744331
0.776068
0.572379
0.715451
0.682130
0.741274
0.577199
0.664012
0.711476
0.671722
0.761557
0.636081
0.683036
0.639400
0.809468
0.695832
0.660202
0.647309
0.671058
0.804071
0.782316
0.824543
0.710928
0.798132
0.727824
0.646775
0.831207
0.652772
0.780536
0.722603
0.784520
0.799337
0.696982
0.803427
0.794147
0.648347
0.576195
0.655851
0.716887
0.654813
0.806012
0.570529
0.839162
0.745124
0.784870
0.664560
0.729452
0.780363
0.642118
0.566936
0.798600
0.610503
0.748521
0.693626
0.730677
0.704393
0.754908
0.831840
0.774208
0.814369
0.834796
0.658994
0.742256
0.692540
0.776800
0.749488
0.664099
0.829781
0.595055
0.703860
0.606875
0.606339
0.597721
0.676591
0.660800
0.714683
0.608761
0.589952
0.631952
0.902308
0.655423
0.770314
0.770542
0.818399
0.576648
0.614223
0.675261
0.723849
0.710430
0.785075
0.868007
0.775294
0.614622
0.658511
0.698404
0.671027
0.663371
0.626794
0.657054
0.793841
0.696897
0.645864
0.747071
0.807404
0.701623
0.743364
0.778928
0.667237
0.571627
0.700875
0.805679
0.648454
0.749028
0.827924
0.820533
0.705428
0.792165
0.600330
0.713440
0.675339
0.874208
0.619737
0.722209
0.601776
0.481213
0.757794
0.630987
0.804327
0.591315
0.665843
0.722215
0.797165
0.681930
0.663382
0.633030
0.576942
0.771465
0.915510
0.675399
0.634078
0.635757
0.629844
0.712483
0.715825
0.551480
0.555094
0.708476
0.617412
0.597876
0.801100
0.713426
0.829061
0.682551
0.695544
0.800427
0.750181
0.705550
0.650298
0.936111
0.668976
0.684514
0.580731
0.783623
0.637653
0.646044
0.697475
0.680880
0.704216
0.881586
0.967333
0.811696
0.747807
0.617722
0.700717
0.560552
0.657511
0.650599
0.749667
0.692729
0.624007
0.696882
0.632861
0.643358
0.634564
0.761344
0.533729
0.764818
0.747706
0.646288
0.710908
0.773377
0.653181
0.678933
0.673302
0.642346
0.531646
0.635435
0.670015
0.686876
0.765994
0.755794
0.778805
0.734246
0.684770
0.721963
0.655696
0.750708
0.689052
0.806078
0.631823
0.671805
0.535631
0.520550
0.591729
0.744276
0.775586
0.747787
0.690504
0.684226
0.697384
0.659146
0.608598
0.688311
0.851857
0.748954
0.812430
0.733437
0.567064
0.694783
0.729297
0.703682
0.608845
0.621788
0.647933
0.752804
0.876832
0.699530
0.742247
0.809349
0.740910
0.670327
0.513724
0.702190
0.565479
0.564227
0.835113
0.654944
0.604365
0.533627
0.689988
0.772601
0.908112
0.673865
0.599874
0.735817
0.712737
0.640072
0.689898
0.614477
0.624979
0.626416
0.616175
0.548416
0.624428
0.668925
0.644359
0.767125
0.657320
0.818438
0.578171
0.668158
0.735543
0.712267
0.630392
0.672984
0.680539
0.708419
0.531308
0.592199
0.723052
0.784742
0.640981
0.766798
0.719651
0.799283
0.601860
0.788685
0.695728
0.742286
0.632466
0.787503
0.628334
0.642818
0.755862
0.683224
0.674411
0.546457
0.787575
0.520123
0.588485
0.807676
0.663435
0.808082
0.776940
0.894753
0.626678
0.568921
0.826048
0.603618
0.799871
0.665952
0.629569
0.720508
0.726872
0.767070
0.677858
0.718238
0.715476
0.791501
0.669294
0.581366
0.663440
0.707859
0.750416
0.641244
0.552365
0.571585
0.649008
0.723364
0.631258
0.577351
0.613551
0.587413
0.594482
0.748400
0.688757
0.601867
0.523525
0.627631
0.632974
0.638102
0.698309
0.662765
0.638975
0.606223
0.750062
0.665141
0.691925
0.772909
0.734757
0.571874
0.677609
0.681503
0.574028
0.698762
0.839874
0.680885
0.741628
0.692899
0.800201
0.713771
0.702337
0.689489
0.728270
0.714598
0.741960
0.662456
0.644024
0.630439
0.612172
0.674987
0.629285
0.939829
0.598566
0.622542
0.749142
0.709516
0.905284
0.669057
0.668183
0.985044
0.756716
0.684091
0.819451
0.599286
0.644121
0.554153
0.775125
0.687521
0.737705
0.562650
0.590485
0.623066
0.759039
0.652315
0.635429
0.805513
0.698101
0.550294
0.705338
0.878477
0.591243
0.626577
0.788533
0.588356
0.589751
0.596448
0.688967
0.565706
0.862984
0.675830
0.773413
0.810367
0.698972
0.847238
0.721803
0.688925
0.817596
0.908613
0.871063
0.608616
0.659518
0.722427
0.671746
0.618774
0.827373
0.617466
0.670702
0.803298
0.760443
0.594620
0.673880
0.635031
0.737567
0.509048
0.602503
0.711190
0.557160
0.627854
0.586114
0.693476
0.673721
0.722483
0.517879
0.717843
0.633567
0.692108
0.692618
0.558649
0.762548
0.833882
0.630163
0.660168
0.775711
0.697913
0.584634
0.721044
0.687850
0.651114
0.703640
0.696148
0.787358
0.543658
0.641121
0.616316
0.748452
0.629360
0.773795
0.649244
0.615672
0.507074
0.646666
0.708077
0.558590
0.708023
0.645471
0.610732
0.752324
0.650281
0.580928
0.724584
0.521310
0.632110
0.646539
0.733629
0.621852
0.541091
0.675098
0.689211
0.773081
0.567199
0.817022
0.755202
0.690752
0.544376
0.607059
0.808084
0.568594
0.618524
0.552808
0.790333
0.670557
0.729069
0.619246
0.647297
0.609509
0.819246
0.678327
0.670289
0.696625
0.813338
0.546449
0.648741
0.695035
0.734922
0.767709
0.676325
0.722212
0.686863
0.687180
0.662636
0.874729
0.689321
0.685061
0.739591
0.556673
0.673980
0.691813
0.745043
0.702588
0.817928
0.682339
0.782646
0.604799
0.725090
0.499133
0.620106
0.607028
0.610422
0.779319
0.663930
0.589512
0.648538
0.713366
0.618851
0.635401
0.731591
0.555708
0.520941
0.532418
0.652321
0.584034
0.593954
0.588589
0.828299
0.727063
0.690002
0.689867
0.674084
0.516382
0.603609
0.669920
0.629118
0.678831
0.638810
0.596272
0.632101
0.649164
0.734260
0.699127
0.655782
0.632307
0.761328
0.654837
0.526770
0.619420
0.508347
0.670571
0.525192
0.552100
0.638400
0.596631
0.703148
0.747753
0.662643
0.629438
0.597568
0.613490
0.752317
0.598411
0.822172
0.816180
0.567532
0.885172
0.527929
0.555328
0.599838
0.666541
0.640405
0.645194
0.726195
0.707260
0.593336
0.606464
0.704350
0.699698
0.579130
0.637426
0.826385
0.680161
0.716471
0.573015
0.656722
0.656660
0.837989
0.694496
0.582404
0.667579
0.459920
0.643857
0.788137
0.641284
0.716950
0.586284
0.675043
0.553845
0.675448
0.643629
0.617151
0.522606
0.582920
0.578426
0.677953
0.817909
0.695209
0.600581
0.623064
0.654409
0.489307
0.707692
0.690290
0.652485
0.756953
0.717589
0.612129
0.599931
0.698804
0.664519
0.576784
0.725737
0.846338
0.555757
0.539645
0.612978
0.564741
0.721948
0.660332
0.675696
0.560724
0.683486
0.664776
0.583069
0.664724
0.462856
0.690340
0.592787
0.662901
0.742584
0.629481
0.619371
0.687984
0.788907
0.643900
0.634343
0.473321
0.540176
0.521478
0.662428
0.645266
0.669631
0.697833
0.698834
0.637348
0.585522
0.570360
0.639309
0.696126
0.682363
0.621875
0.603162
0.696267
0.610020
0.736947
0.732620
0.613622
0.764447
0.554288
0.568139
0.577972
0.663924
0.597514
0.665073
0.798401
0.532759
0.715506
0.678536
0.556159
0.560088
0.684356
0.731314
0.634321
0.728393
0.480683
0.730963
0.664848
0.619497
0.721779
0.639814
0.757265
0.702140
0.593825
0.606123
0.666776
0.671186
0.598549
0.641122
0.584058
0.638805
0.574660
0.673337
0.608066
0.678376
0.591328
0.763367
0.766516
0.687293
0.661159
0.638857
0.696426
0.604997
0.638779
0.540041
0.747263
0.526261
0.680102
0.591068
0.709394
0.679919
0.534699
0.582156
0.578390
0.564093
0.675522
0.668746
0.519476
0.699994
0.551082
0.747365
0.680602
0.636549
0.698491
0.584481
0.709061
0.714916
0.599110
0.615228
0.618277
0.732518
0.605328
0.540380
0.700918
0.755851
0.827685
0.765309
0.742730
0.678787
0.789103
0.747100
0.722293
0.622946
0.646422
0.541013
0.544612
0.627373
0.524854
0.489826
0.581587
0.587278
0.561465
0.644395
0.682080
0.685885
0.655306
0.476369
0.622260
0.599461
0.740030
0.557917
0.756970
0.566470
0.645955
0.635849
0.658911
0.511861
0.672660
0.637194
0.671605
0.654964
0.616339
0.727050
0.528673
0.605934
0.773503
0.735787
0.736971
0.711083
0.651510
0.675690
0.540816
0.583013
0.624197
0.650548
0.585396
0.560703
0.589175
0.658841
0.797406
0.565745
0.702713
0.629444
0.604191
0.631567
0.716959
0.863002
0.776545
0.644217
0.701853
0.759573
0.677755
0.756954
0.580730
0.726429
0.556728
0.625826
0.775015
0.579801
0.582678
0.503330
0.777382
0.488027
0.619876
0.674642
0.658904
0.641980
0.514370
0.657954
0.571105
0.713063
0.515156
0.538113
0.621465
0.573079
0.641333
0.767751
0.617924
0.686723
0.662264
0.510747
0.885555
0.494713
0.727694
0.631011
0.601577
0.553485
0.462369
0.494702
0.530260
0.580240
0.594259
0.624671
0.635973
0.494188
0.534716
0.669525
0.526410
0.683378
0.691442
0.621036
0.605624
0.489084
0.704446
0.625173
0.551152
0.594578
0.543196
0.590541
0.432741
0.639626
0.748933
0.563541
0.641179
0.632481
0.478087
0.852085
0.577527
0.566400
0.509529
0.574052
0.695804
0.764936
0.640241
0.614338
0.613954
0.562789
0.794854
0.586397
0.661112
0.561587
0.668749
0.596258
0.599110
0.620867
0.587293
0.585910
0.590678
0.662422
0.667611
0.647403
0.540049
0.614222
0.752285
0.599566
0.614625
0.617252
0.560995
0.881704
0.569297
0.650878
0.722883
0.439176
0.564801
0.552068
0.575092
0.597127
0.550416
0.461430
0.644134
0.581141
0.833917
0.690452
0.831709
0.638304
0.598163
0.689474
0.567302
0.849890
0.481390
0.719760
0.690219
0.564333
0.701813
0.627489
0.565997
0.621262
0.575834
0.435831
0.684712
0.545405
0.730281
0.708533
0.526081
0.714976
0.541155
0.573330
0.632221
0.589351
0.686192
0.536622
0.530917
0.657356
0.790145
0.613850
0.657597
0.776578
0.502287
0.559503
0.564751
0.467757
0.510832
0.551807
0.710817
0.613086
0.569356
0.579776
0.602795
0.542416
0.589429
0.669482
0.779197
0.596527
0.587453
0.576746
0.708471
0.604924
0.452247
0.613281
0.595993
0.656677
0.649960
0.646790
0.541152
0.736570
0.673915
0.640770
0.558972
0.665689
0.570321
0.579161
0.638968
0.473905
0.718831
0.512056
0.688300
0.542899
0.550152
0.670317
0.666317
0.638396
0.595027
0.662461
0.751759
0.546927
0.604036
0.818283
0.582034
0.543021
0.604652
0.617463
0.683692
0.594885
0.558072
0.646228
0.569109
0.574789
0.612462
0.666594
0.582821
0.773213
0.587028
0.564743
0.677818
0.637578
0.611043
0.685744
0.658357
0.557552
0.682698
0.639154
0.710451
0.585832
0.596131
0.597650
0.627959
0.567263
0.603987
0.677633
0.782724
0.592061
0.698907
0.535588
0.652788
0.608538
0.704257
0.647935
0.570174
0.671138
0.828462
0.698008
0.651114
0.426268
0.604697
0.552751
0.770361
0.649352
0.595928
0.594394
0.688650
0.683186
0.528087
0.554396
0.573175
0.691340
0.685029
0.639750
0.704025
0.662970
0.429210
0.795564
0.615570
0.628557
0.696293
0.546594
0.740674
0.564850
0.563205
0.729715
0.620628
0.623852
0.675366
0.609922
0.618706
0.721073
0.698203
0.728903
0.663954
0.654489
0.678294
0.636562
0.525773
0.657463
0.764931
0.721310
0.710082
0.541289
0.613692
0.590221
0.631775
0.598008
0.677048
0.542223
0.624172
0.603767
0.618370
0.589215
0.632556
0.580135
0.666078
0.603328
0.584319
0.564551
0.546610
0.592311
0.536288
0.566562
0.601627
0.705828
0.468318
0.600857
0.593894
0.599231
0.622227
0.545842
0.545697
0.630686
0.713615
0.545161
0.690390
0.540047
0.566327
0.659510
0.619256
0.572560
0.677676
0.551269
0.741279
0.636815
0.642285
0.836659
0.643853
0.618024
0.584727
0.639089
0.491940
0.504105
0.711884
0.603578
0.608064
0.522489
0.548976
0.679638
0.442706
0.540449
0.468203
0.648220
0.647023
0.507985
0.616417
0.600580
0.665961
0.534261
0.738602
0.639477
0.542472
0.494388
0.659253
0.727436
0.620112
0.550798
0.652624
0.694818
0.603961
0.612750
0.609398
0.654219
0.520268
0.597341
0.501909
0.586728
0.600692
0.476733
0.559311
0.561375
0.631681
0.437701
0.506530
0.534094
0.649894
0.507769
0.812216
0.517030
0.507749
0.553524
0.635241
0.601907
0.460278
0.608357
0.522110
0.701649
0.658123
0.642024
0.617278
0.489760
0.645571
0.457103
0.546351
0.615021
0.543292
0.563836
0.595367
0.673428
0.809883
0.532416
0.511825
0.600577
0.596895
0.633501
0.555159
0.753358
0.532479
0.609547
0.664551
0.480753
0.547334
0.539047
0.608439
0.549588
0.693340
0.691243
0.588257
0.607597
0.564154
0.602485
0.476634
0.659669
0.583662
0.619493
0.448897
0.561524
0.520650
0.743042
0.587003
0.569156
0.679572
0.604276
0.608679
0.505062
0.465038
0.613869
0.601170
0.667440
0.552541
0.650099
0.682639
0.543671
0.572141
0.655295
0.835051
0.618672
0.575733
0.591066
0.514349
0.482349
0.540546
0.543344
0.479897
0.522695
0.610453
0.689810
0.576976
0.578699
0.551281
0.654485
0.578170
0.537630
0.708227
0.789189
0.632180
0.626348
0.694727
0.525582
0.592880
0.585228
0.540642
0.584931
0.562382
0.609628
0.500432
0.652722
0.523054
0.668673
0.489319
0.614915
0.653858
0.572515
0.661623
0.551144
0.625973
0.529835
0.617417
0.552779
0.613061
0.551752
0.563109
0.792374
0.543861
0.612842
0.587872
0.529248
0.652258
0.534171
0.613525
0.677640
0.532515
0.662750
0.663416
0.629405
0.645127
0.644191
0.664226
0.756166
0.583221
0.541954
0.550418
0.630838
0.597582
0.469178
0.576556
0.545318
0.637828
0.517534
0.530348
0.571882
0.534394
0.630856
0.547903
0.603701
0.546033
0.658472
0.551331
0.681887
0.666158
0.676105
0.577762
0.563477
0.804131
0.601221
0.631081
0.486191
0.557643
0.672524
0.479655
0.591042
0.594439
0.484186
0.558896
0.711676
0.775976
0.599062
0.526697
0.506513
0.519620
0.701321
0.604602
0.520767
0.628968
0.586603
0.477580
0.740250
0.492847
0.511088
0.457157
0.628185
0.536104
0.574571
0.666004
0.621831
0.670671
0.497792
0.533510
0.553502
0.774349
0.706630
0.507605
0.563482
0.599394
0.633193
0.647836
0.527672
0.549878
0.595400
0.622651
0.568738
0.567294
0.662585
0.639143
0.563190
0.706821
0.654577
0.536923
0.693476
0.610530
0.579740
0.619295
0.622622
0.446469
0.646929
0.640553
0.711391
0.514572
0.737168
0.541239
0.613733
0.623416
0.647025
0.634810
0.681851
0.553482
0.463450
0.519843
0.654028
0.678376
0.621126
0.527122
0.559228
0.619833
0.519337
0.506874
0.611768
0.675292
0.499119
0.595608
0.542109
0.466130
0.554050
0.600729
0.536701
0.684035
0.573903
0.524474
0.498953
0.567176
0.522341
0.626053
0.675559
0.627047
0.585626
0.499899
0.731032
0.647612
0.572256
0.641599
0.635009
0.580753
0.559840
0.661024
0.622746
0.849672
0.578186
0.563592
0.706687
0.765619
0.582573
0.607098
0.502024
0.616538
0.691697
0.631119
0.648051
0.651912
0.532303
0.597260
0.524504
0.575610
0.523712
0.689320
0.578717
0.548497
0.488245
0.583573
0.511406
0.595956
0.590284
0.483745
0.518615
0.497288
0.483994
0.649758
0.566686
0.587949
0.543612
0.491305
0.646834
0.596486
0.547084
0.672597
0.655260
0.607413
0.685152
0.625230
0.548494
0.452442
0.641779
0.679902
0.625911
0.537977
0.493769
0.592790
0.532850
0.751269
0.583434
0.629003
0.545293
0.542101
0.627725
0.598461
0.564661
0.469980
0.637120
0.711408
0.586827
0.502813
0.590200
0.672749
0.497364
0.567926
0.637432
0.655388
0.618420
0.612753
0.598530
0.630516
0.636732
0.602249
0.493761
0.504073
0.620799
0.538794
0.673837
0.549727
0.656599
0.573513
0.583686
0.716172
0.573654
0.592409
0.539088
0.509382
0.652346
0.514255
0.726287
0.613630
0.589493
0.572021
0.564366
0.459591
0.546495
0.575852
0.698484
0.559729
0.561796
0.475262
0.533253
0.550399
0.617646
0.516317
0.436371
0.458649
0.546888
0.471703
0.635986
0.562506
0.492200
0.585530
0.614640
0.491596
0.469707
0.607816
0.660748
0.575970
0.601620
0.408029
0.542485
0.531661
0.576743
0.590178
0.548940
0.691702
0.604365
0.469362
0.542563
0.523391
0.474870
0.443987
0.606304
0.666798
0.521847
0.443056
0.511162
0.526457
0.525608
0.522091
0.647999
0.633064
0.697818
0.537961
0.502060
0.688432
0.746076
0.521389
0.589907
0.502562
0.714179
0.580062
0.634520
0.522136
0.559589
0.437809
0.539017
0.621200
0.527418
0.599944
0.582432
0.804959
0.536731
0.492787
0.604928
0.520101
0.685120
0.538207
0.537816
0.494476
0.617122
0.686918
0.455137
0.601862
0.572777
0.614745
0.657820
0.537976
0.524541
0.508866
0.557745
0.532578
0.512756
0.538258
0.583786
0.623709
0.637030
0.656909
0.527817
0.619204
0.538913
0.471670
0.467207
0.589883
0.567161
0.635116
0.635866
0.524063
0.526423
0.549274
0.553008
0.531770
0.553464
0.609777
0.524708
0.560063
0.445203
0.542525
0.655371
0.642203
0.534450
0.492647
0.755089
0.686408
0.610060
0.563197
0.525490
0.519740
0.560999
0.433820
0.656612
0.548110
0.593989
0.498288
0.463108
0.547686
0.629977
0.537762
0.547516
0.604805
0.619762
0.596046
0.668520
0.616978
0.586683
0.554681
0.564643
0.498906
0.555176
0.567656
0.575806
0.541861
0.446448
0.515123
0.466106
0.541722
0.587838
0.520895
0.502537
0.473548
0.658660
0.592916
0.569770
0.531774
0.486984
0.728486
0.571495
0.638231
0.401009
0.609953
0.647185
0.558430
0.460510
0.573771
0.610567
0.566626
0.450097
0.551017
0.488380
0.473008
0.558595
0.512258
0.484283
0.793456
0.584474
0.541774
0.676859
0.518315
0.623441
0.759354
0.536431
0.547894
0.490694
0.628071
0.611404
0.439406
0.580810
0.588177
0.500875
0.571789
0.654361
0.499410
0.548919
0.449691
0.670349
0.580805
0.509369
0.720180
0.665549
0.511584
0.515813
0.640130
0.587493
0.540616
0.580588
0.558001
0.625039
0.533088
0.562491
0.448633
0.507955
0.683785
0.616608
0.663702
0.536860
0.563433
0.583809
0.561721
0.651105
0.416525
0.685717
0.559025
0.639526
0.533437
0.535259
0.428319
0.533517
0.553839
0.520215
0.694013
0.524600
0.678167
0.550598
0.582396
0.498865
0.692452
0.591913
0.519911
0.471452
0.494921
0.533037
0.534747
0.599511
0.477159
0.603460
0.488654
0.576820
0.699084
0.593026
0.713340
0.592442
0.645105
0.548940
0.628722
0.515478
0.481892
0.493040
0.512319
0.554930
0.470401
0.647596
0.537091
0.594270
0.601507
0.636052
0.543560
0.557291
0.479679
0.584903
0.497912
0.515275
0.532776
0.566244
0.609917
0.632200
0.626926
0.536671
0.484089
0.452817
0.512592
0.596099
0.647900
0.590265
0.409536
0.528133
0.441436
0.567786
0.447040
0.458130
0.638747
0.526587
0.601595
0.678801
0.497271
0.479398
0.697255
0.456878
0.615530
0.522860
0.462161
0.533916
0.473770
0.585521
0.608148
0.551383
0.455368
0.511216
0.568624
0.626826
0.741464
0.434976
0.658441
0.512853
0.556040
0.358815
0.516825
0.566664
0.543360
0.436579
0.465696
0.565055
0.598102
0.538090
0.435645
0.532694
0.569563
0.517651
0.509996
0.492296
0.535867
0.661543
0.536470
0.520858
0.582939
0.613317
0.524670
0.415407
0.668917
0.599457
0.548422
0.517547
0.640350
0.523801
0.437726
0.562721
0.539954
0.647956
0.356467
0.519187
0.532524
0.485024
0.461736
0.564904
0.508294
0.527604
0.460646
0.526556
0.644063
0.523689
0.584796
0.601223
0.518587
0.526432
0.505324
0.551044
0.486409
0.424047
0.530980
0.574785
0.616089
0.450821
0.452585
0.462948
0.644759
0.449647
0.612230
0.412560
0.558049
0.717677
0.652812
0.406967
0.560791
0.614996
0.685902
0.710763
0.532145
0.453403
0.496173
0.448296
0.454664
0.610133
0.610557
0.507916
0.590345
0.530230
0.430250
0.567859
0.528402
0.631634
0.647193
0.481328
0.516080
0.458299
0.644075
0.458318
0.530384
0.490152
0.429403
0.624673
0.498637
0.436672
0.497732
0.552909
0.482136
0.436385
0.515358
0.506607
0.584970
0.461673
0.539910
0.500279
0.480097
0.528355
0.528321
0.433375
0.476360
0.460882
0.491701
0.574180
0.533538
0.681653
0.549755
0.432157
0.562027
0.578219
0.444178
0.439891
0.426198
0.513842
0.409180
0.431009
0.610839
0.491400
0.503241
0.446503
0.544660
0.492969
0.695325
0.577215
0.474241
0.454930
0.500393
0.520964
0.469718
0.463858
0.483738
0.553530
0.450184
0.440694
0.565601
0.635232
0.585915
0.445236
0.449872
0.496679
0.486966
0.657008
0.492015
0.562578
0.456800
0.535761
0.567123
0.463174
0.494659
0.559814
0.530208
0.654214
0.532408
0.480383
0.658124
0.542198
0.524960
0.447002
0.554928
0.558710
0.510613
0.757049
0.562327
0.671883
0.475378
0.499639
0.674660
0.548972
0.548095
0.522725
0.594543
0.439016
0.572182
0.594090
0.444286
0.467632
0.529797
0.428871
0.488224
0.532950
0.471360
0.521899
0.506784
0.626215
0.470444
0.607837
0.500181
0.464297
0.659044
0.628325
0.662552
0.521702
0.476829
0.548980
0.543341
0.629316
0.448283
0.644079
0.620574
0.473538
0.579756
0.457441
0.499593
0.506056
0.574265
0.556559
0.588421
0.506145
0.524995
0.569558
0.498137
0.545225
0.555245
0.633899
0.476391
0.422839
0.611211
0.466062
0.484453
0.482454
0.486440
0.463485
0.649348
0.478600
0.644795
0.439571
0.536961
0.474340
0.652654
0.625706
0.451389
0.554213
0.583604
0.498904
0.614486
0.477560
0.503318
0.422619
0.574038
0.504911
0.518910
0.548331
0.490539
0.538208
0.552655
0.473445
0.553088
0.503777
0.563847
0.496732
0.518366
0.553251
0.413513
0.397044
0.559088
0.565468
0.444748
0.526887
0.584493
0.663344
0.493412
0.542933
0.440824
0.387023
0.621553
0.493711
0.549296
0.589533
0.548703
0.614321
0.476372
0.566891
0.550720
0.500552
0.492867
0.493924
0.593452
0.533235
0.561124
0.619549
0.553735
0.551633
0.497082
0.540339
0.704834
0.444202
0.627347
0.562457
0.526238
0.591665
0.519623
0.635205
0.474189
0.627607
0.529836
0.566702
0.586630
0.571579
0.469477
0.595787
0.492313
0.456171
0.632431
0.523649
0.496148
0.656722
0.517499
0.577693
0.522341
0.479350
0.651772
0.406890
0.484864
0.517735
0.641081
0.646615
0.568231
0.626710
0.503429
0.475174
0.587385
0.544584
0.592380
0.541909
0.433298
0.472120
0.467723
0.502318
0.598369
0.499912
0.558916
0.642169
0.861432
0.535381
0.619646
0.555054
0.554039
0.457484
0.478755
0.503721
0.561018
0.512720
0.587111
0.589622
0.476005
0.506781
0.517163
0.549581
0.621719
0.430108
0.546957
0.514094
0.478833
0.501912
0.491066
0.471309
0.449741
0.513244
0.444087
0.367234
0.479292
0.471231
0.489072
0.580566
0.467951
0.520994
0.423572
0.517440
0.528619
0.517094
0.551930
0.528928
0.505633
0.547062
0.477344
0.430281
0.423361
0.520814
0.509035
0.388510
0.475091
0.423232
0.483248
0.427257
0.439347
0.523271
0.604798
0.466199
0.460714
0.414334
0.572885
0.521303
0.353988
0.507252
0.468388
0.474627
0.456102
0.436905
0.498013
0.420741
0.446264
0.559667
0.453186
0.523581
0.459001
0.407481
0.441498
0.529611
0.531347
0.687291
0.450619
0.509844
0.538793
0.591463
0.480476
0.527410
0.569283
0.515446
0.528595
0.564123
0.735343
0.442145
0.604159
0.452042
0.418909
0.412042
0.476207
0.534684
0.482647
0.522052
0.386834
0.471434
0.521279
0.461973
0.413605
0.617807
0.405971
0.494252
0.440291
0.523141
0.472058
0.504610
0.397824
0.465796
0.448395
0.487273
0.432098
0.416777
0.445230
0.491765
0.497557
0.511951
0.527733
0.454219
0.561932
0.428987
0.500916
0.530306
0.511898
0.670232
0.421261
0.449375
0.601510
0.606099
0.631926
0.411223
0.544781
0.468661
0.590375
0.454442
0.521236
0.442457
0.624030
0.564100
0.468372
0.591309
0.529428
0.510572
0.501131
0.562702
0.542319
0.404024
0.601080
0.458829
0.565455
0.465477
0.676234
0.619156
0.620478
0.458039
0.484931
0.477690
0.509309
0.444219
0.493167
0.464341
0.533475
0.503896
0.523936
0.502403
0.523315
0.429664
0.602754
0.528454
0.487715
0.532509
0.542471
0.361302
0.510418
0.577196
0.510611
0.446721
0.639421
0.575963
0.509748
0.534285
0.531304
0.527665
0.616584
0.400763
0.525775
0.544287
0.481604
0.507284
0.539016
0.484463
0.504871
0.490898
0.487028
0.393725
0.561718
0.500805
0.393730
0.598545
0.461871
0.621992
0.623456
0.402394
0.563934
0.431123
0.499957
0.506518
0.600559
0.494852
0.623321
0.526381
0.581132
0.538940
0.560173
0.513140
0.468784
0.544514
0.506807
0.477673
0.500537
0.473264
0.456227
0.382219
0.462088
0.486808
0.483771
0.490122
0.533306
0.433570
0.564107
0.427327
0.525018
0.522952
0.573705
0.486549
0.399318
0.471125
0.437544
0.649870
0.611248
0.478165
0.495570
0.598867
0.563548
0.472177
0.452363
0.621076
0.744513
0.487356
0.608167
0.627496
0.522441
0.435656
0.377080
0.542532
0.487444
0.641072
0.508376
0.538528
0.435966
0.620777
0.559399
0.602555
0.491793
0.531862
0.445463
0.407294
0.398172
0.468997
0.474765
0.457876
0.466501
0.448978
0.518412
0.455813
0.405137
0.531706
0.502413
0.550889
0.541776
0.449952
0.497055
0.508409
0.555531
0.516773
0.511658
0.413151
0.512517
0.607789
0.559592
0.459911
0.478529
0.532181
0.478591
0.399172
0.664975
0.427067
0.385030
0.444440
0.659583
0.443402
0.486824
0.517830
0.571464
0.614430
0.581708
0.590417
0.658789
0.432390
0.480983
0.488131
0.389304
0.424231
0.573958
0.499078
0.560474
0.356369
0.537021
0.485731
0.480700
0.532708
0.485144
0.437519
0.427030
0.481818
0.409498
0.570396
0.532881
0.617208
0.490572
0.453851
0.532271
0.551983
0.433445
0.531128
0.552137
0.535404
0.415028
0.432490
0.558378
0.469658
0.512336
0.476104
0.439829
0.548959
0.476871
0.503887
0.410160
0.447592
0.560603
0.622586
0.352441
0.589711
0.447343
0.406017
0.489606
0.350157
0.448968
0.578788
0.436062
0.387699
0.519561
0.407051
0.584246
0.430885
0.443292
0.533393
0.467040
0.525931
0.418446
0.422822
0.473229
0.457150
0.383223
0.422190
0.460613
0.432232
0.492340
0.579235
0.489550
0.516220
0.552260
0.600714
0.581157
0.400305
0.642196
0.537067
0.468237
0.431882
0.404208
0.575158
0.495299
0.442061
0.532659
0.492336
0.467781
0.399030
0.587969
0.555969
0.540493
0.487893
0.526715
0.414993
0.408228
0.504460
0.524114
0.458780
0.436277
0.533419
0.461692
0.383778
0.554719
0.472318
0.459330
0.417084
0.386559
0.412341
0.339973
0.640374
0.404202
0.487257
0.460109
0.612452
0.432963
0.458845
0.474975
0.468944
0.485694
0.413605
0.420593
0.464494
0.568902
0.416760
0.569285
0.530168
0.390229
0.484108
0.478090
0.476844
0.494503
0.354321
0.611279
0.537598
0.411496
0.479116
0.407215
0.434826
0.522950
0.492918
0.536968
0.459227
0.509085
0.497238
0.485632
0.611317
0.569793
0.400593
0.462076
0.393558
0.440259
0.351634
0.544566
0.454380
0.464886
0.429858
0.619162
0.360144
0.512473
0.369716
0.404322
0.525952
0.572781
0.455301
0.548463
0.400243
0.503126
0.375086
0.402792
0.355395
0.444049
0.517893
0.443576
0.427966
0.537594
0.500983
0.433803
0.498748
0.485349
0.430172
0.414362
0.439781
0.425209
0.389503
0.440164
0.403124
0.490631
0.532268
0.529571
0.464182
0.439032
0.498935
0.574351
0.400787
0.501551
0.421726
0.537019
0.469077
0.454656
0.409798
0.395211
0.436826
0.439404
0.477890
0.441099
0.369543
0.378372
0.459637
0.465422
0.655113
0.402579
0.444394
0.507469
0.389171
0.379987
0.484463
0.459394
0.597991
0.501174
0.467668
0.571747
0.545705
0.439211
0.417213
0.475139
0.440773
0.553498
0.434617
0.496749
0.390430
0.420363
0.488790
0.386101
0.581676
0.349500
0.475115
0.552053
0.418007
0.491216
0.409461
0.497272
0.529696
0.417798
0.655377
0.520045
0.414106
0.561099
0.449668
0.408453
0.432389
0.594611
0.526940
0.403102
0.564664
0.528391
0.515240
0.519773
0.451710
0.422012
0.623693
0.369071
0.419771
0.574420
0.409196
0.565197
0.441637
0.518172
0.374003
0.647426
0.476701
0.447608
0.442728
0.473198
0.532911
0.547703
0.550544
0.502576
0.434613
0.566876
0.469692
0.351820
0.492412
0.564221
0.602256
0.467840
0.477063
0.537394
0.545456
0.486853
0.619241
0.372061
0.535796
0.481497
0.515856
0.495002
0.493726
0.514147
0.440964
0.515355
0.523784
0.505871
0.447181
0.475410
0.479044
0.478107
0.682245
0.490895
0.440441
0.432617
0.455008
0.502517
0.421994
0.377323
0.393647
0.406423
0.526166
0.636128
0.493746
0.462457
0.513324
0.482388
0.343875
0.448908
0.306058
0.474076
0.407981
0.427615
0.462756
0.518277
0.509387
0.463938
0.577557
0.529324
0.515020
0.408458
0.443837
0.512961
0.459705
0.501340
0.505119
0.594085
0.497807
0.420956
0.575565
0.491478
0.436973
0.513843
0.520718
0.442237
0.352705
0.458059
0.461262
0.419230
0.536816
0.385018
0.456720
0.410941
0.387951
0.559354
0.574430
0.531081
0.455322
0.544016
0.678367
0.446976
0.515692
0.457703
0.371694
0.555727
0.524752
0.553206
0.423976
0.484689
0.459425
0.480319
0.566985
0.486750
0.420069
0.492412
0.439291
0.596024
0.498069
0.479799
0.435360
0.317760
0.613222
0.466122
0.530392
0.488557
0.528618
0.551237
0.572525
0.524754
0.442866
0.454800
0.446710
0.329691
0.423080
0.424826
0.514095
0.533341
0.473125
0.360917
0.491145
0.434536
0.459129
0.490588
0.454832
0.445630
0.366992
0.438595
0.382236
0.594318
0.452570
0.441160
0.386916
0.554901
0.497984
0.470119
0.459765
0.519956
0.405212
0.412041
0.376288
0.481584
0.414358
0.385679
0.550011
0.439735
0.482204
0.500611
0.472513
0.434555
0.554790
0.427205
0.383216
0.497691
0.403885
0.354996
0.385187
0.534269
0.478950
0.337820
0.468130
0.373575
0.406944
0.502312
0.408922
0.409572
0.576358
0.460206
0.387431
0.570227
0.362030
0.441756
0.318290
0.450431
0.414321
0.441945
0.408015
0.459974
0.364817
0.557320
0.400400
0.283550
0.472345
0.384232
0.482098
0.417422
0.439814
0.471016
0.433365
0.430008
0.577218
0.344532
0.625262
0.491686
0.475429
0.474949
0.438901
0.461244
0.398098
0.404040
0.511557
0.500231
0.412698
0.543569
0.440923
0.451067
0.314728
0.418737
0.463182
0.470157
0.462455
0.406162
0.427206
0.388102
0.403041
0.404309
0.422062
0.488715
0.350171
0.453670
0.452609
0.394594
0.412070
0.560715
0.423371
0.419627
0.528308
0.453943
0.495114
0.396177
0.483306
0.412208
0.494650
0.331243
0.383765
0.458547
0.398561
0.432227
0.322138
0.454452
0.443873
0.484606
0.481196
0.498371
0.416607
0.402319
0.478497
0.423058
0.430021
0.413157
0.472926
0.431216
0.549969
0.376295
0.381140
0.348724
0.429291
0.442048
0.492389
0.449052
0.518033
0.453388
0.530661
0.506117
0.642704
0.485946
0.455762
0.415111
0.373611
0.605698
0.590109
0.475310
0.394646
0.493305
0.510411
0.517366
0.486210
0.360010
0.469947
0.397835
0.462036
0.417569
0.437436
0.513128
0.397717
0.410718
0.447762
0.577802
0.631964
0.399395
0.448769
0.442519
0.385663
0.558022
0.332693
0.479438
0.486103
0.363535
0.404805
0.524824
0.453341
0.494718
0.438271
0.500752
0.412311
0.520304
0.392034
0.383526
0.442302
0.493434
0.554307
0.387486
0.397629
0.419350
0.417002
0.510111
0.433237
0.535943
0.427128
0.459543
0.396719
0.498087
0.400032
0.398699
0.415617
0.537705
0.459287
0.432511
0.528339
0.420480
0.404299
0.457275
0.494379
0.416533
0.457808
0.364964
0.430397
0.531643
0.473162
0.462154
0.411394
0.425909
0.445943
0.379160
0.449966
0.563806
0.462897
0.520365
0.388880
0.383829
0.540450
0.400718
0.438983
0.372196
0.499487
0.449437
0.430463
0.462915
0.345456
0.394174
0.580009
0.384315
0.458782
0.610609
0.563830
0.480998
0.467054
0.453908
0.552884
0.438926
0.455348
0.366670
0.369626
0.473106
0.533130
0.409318
0.469303
0.487378
0.500600
0.393200
0.429295
0.531409
0.429431
0.431627
0.585872
0.584462
0.364529
0.518725
0.469202
0.344306
0.349999
0.369862
0.409091
0.479124
0.427801
0.466185
0.429479
0.454040
0.401343
0.461273
0.349549
0.404083
0.512382
0.424149
0.471828
0.450990
0.483627
0.479035
0.474240
0.338188
0.440721
0.479253
0.531001
0.428551
0.463905
0.432616
0.404999
0.477707
0.466015
0.405575
0.409499
0.539601
0.502073
0.432950
0.549159
0.483832
0.488526
0.464390
0.453066
0.412844
0.380368
0.423490
0.435322
0.443923
0.465995
0.443573
0.530247
0.525903
0.463733
0.522494
0.323950
0.396428
0.401390
0.429545
0.435500
0.461832
0.481652
0.373737
0.454271
0.477439
0.456960
0.356022
0.460313
0.547526
0.462473
0.563114
0.471021
0.454519
0.589670
0.471053
0.458835
0.345849
0.508154
0.467085
0.490175
0.512640
0.512732
0.368696
0.372351
0.481794
0.458453
0.397441
0.500448
0.483130
0.476168
0.417883
0.484485
0.502106
0.481752
0.358187
0.379363
0.438182
0.400460
0.427682
0.384879
0.347618
0.416922
0.507349
0.380746
0.376392
0.442747
0.510471
0.413737
0.465215
0.460984
0.373911
0.363412
0.452518
0.507846
0.392601
0.477943
0.469279
0.372606
0.363818
0.511859
0.407008
0.415509
0.520358
0.365880
0.482705
0.325743
0.511766
0.550386
0.428180
0.417181
0.456468
0.423861
0.455062
0.414909
0.515562
0.476706
0.391534
0.514853
0.366027
0.427054
0.362459
0.463833
0.395293
0.473799
0.456075
0.392015
0.434313
0.545601
0.381723
0.475908
0.489330
0.399384
0.447256
0.340800
0.343406
0.404927
0.493924
0.370745
0.470215
0.450404
0.477010
0.444517
0.576438
0.524043
0.350677
0.427831
0.353046
0.338252
0.380523
0.386504
0.455028
0.462899
0.455474
0.413336
0.408260
0.377680
0.481573
0.427104
0.477410
0.423347
0.493212
0.349944
0.349836
0.576695
0.378390
0.413099
0.366317
0.373780
0.470225
0.355941
0.495279
0.439428
0.468969
0.451558
0.389347
0.372498
0.465866
0.323401
0.410956
0.344887
0.451285
0.403653
0.423527
0.514053
0.441199
0.441213
0.374162
0.493584
0.429388
0.424454
0.413300
0.377528
0.458278
0.499289
0.383581
0.342044
0.380793
0.469732
0.452634
0.387262
0.356404
0.412555
0.349817
0.399612
0.351871
0.442641
0.377946
0.517118
0.474483
0.505011
0.525257
0.475846
0.411469
0.402328
0.432382
0.442956
0.530341
0.401397
0.399338
0.377953
0.435866
0.439513
0.480628
0.361965
0.436314
0.428372
0.441908
0.363658
0.398597
0.335998
0.288552
0.369815
0.490170
0.405820
0.370357
0.455841
0.526170
0.499617
0.399889
0.414685
0.476361
0.339451
0.440515
0.469019
0.374846
0.383002
0.378936
0.485529
0.383858
0.500358
0.410618
0.406565
0.382802
0.375872
0.460064
0.413828
0.375915
0.532184
0.718419
0.432333
0.437846
0.540120
0.318849
0.404787
0.406054
0.570537
0.478874
0.417767
0.371395
0.475254
0.463501
0.463774
0.421740
0.558349
0.468195
0.468623
0.398962
0.455951
0.313478
0.396600
0.372037
0.395344
0.382056
0.481351
0.430755
0.423267
0.438929
0.520496
0.407232
0.436445
0.459901
0.415834
0.430874
0.437507
0.521707
0.425928
0.459531
0.333093
0.440023
0.424423
0.372201
0.353797
0.400183
0.423647
0.268155
0.448076
0.410839
0.434331
0.364429
0.462785
0.480555
0.438208
0.400297
0.638232
0.509582
0.491142
0.395612
0.373315
0.608631
0.419721
0.378273
0.519914
0.523439
0.418365
0.470814
0.290255
0.531153
0.361243
0.434771
0.435060
0.468419
0.556151
0.423452
0.388520
0.437523
0.458209
0.605134
0.362090
0.441893
0.596783
0.433407
0.377014
0.457689
0.471853
0.599177
0.351263
0.425233
0.359217
0.421715
0.302108
0.399123
0.379673
0.342742
0.404618
0.404593
0.499680
0.348214
0.478986
0.515074
0.466409
0.377608
0.409772
0.395428
0.349979
0.418918
0.507059
0.406042
0.477750
0.388738
0.392125
0.385479
0.389355
0.485123
0.472438
0.517824
0.471897
0.407509
0.487871
0.416175
0.461419
0.534283
0.372137
0.416991
0.502839
0.337817
0.497925
0.412956
0.504526
0.343740
0.511242
0.439401
0.353345
0.406688
0.460919
0.373926
0.373893
0.439000
0.484843
0.341002
0.472167
0.443941
0.494211
0.457330
0.445695
0.465344
0.424347
0.365003
0.333426
0.399439
0.379306
0.399880
0.306805
0.469294
0.327350
0.340097
0.405991
0.334974
0.458822
0.335154
0.491627
0.482211
0.479191
0.314031
0.392330
0.332952
0.365318
0.409953
0.477064
0.473388
0.369180
0.520061
0.435536
0.590204
0.371369
0.365661
0.472622
0.436865
0.423115
0.497731
0.449458
0.455133
0.410882
0.468921
0.440950
0.354205
0.514720
0.418641
0.429774
0.388877
0.359194
0.391177
0.388446
0.437070
0.456560
0.378023
0.362601
0.393767
0.404780
0.497350
0.322381
0.338287
0.404126
0.434870
0.384172
0.383018
0.411400
0.397647
0.410867
0.408831
0.486197
0.323827
0.347814
0.397099
0.390275
0.466679
0.432357
0.456393
0.344703
0.424809
0.338460
0.470187
0.429118
0.338059
0.375495
0.383429
0.471692
0.446309
0.338772
0.313771
0.329842
0.432463
0.361883
0.373980
0.418283
0.446360
0.377453
0.338453
0.461956
0.322326
0.304147
0.401008
0.384564
0.393649
0.363578
0.356535
0.433894
0.342818
0.540035
0.521028
0.419244
0.393998
0.577145
0.323287
0.405689
0.373343
0.400857
0.405680
0.314341
0.458233
0.350663
0.502930
0.482511
0.439309
0.404592
0.401577
0.302918
0.440829
0.467835
0.492874
0.533087
0.397711
0.367354
0.381779
0.377860
0.355868
0.341740
0.365561
0.425913
0.493742
0.414110
0.404729
0.451616
0.425996
0.426062
0.354660
0.462072
0.303440
0.373782
0.399138
0.458203
0.410627
0.455977
0.367372
0.400921
0.480873
0.434765
0.431363
0.427949
0.547279
0.360597
0.319791
0.373345
0.397483
0.362370
0.343477
0.295825
0.471556
0.382159
0.386952
0.373187
0.340607
0.361546
0.402576
0.354430
0.519224
0.359326
0.363864
0.366354
0.445160
0.392315
0.315891
0.430786
0.390856
0.468821
0.380008
0.368938
0.465314
0.506745
0.436381
0.389292
0.394668
0.414912
0.334216
0.439347
0.461532
0.436219
0.368052
0.384099
0.422184
0.472222
0.396674
0.355871
0.401739
0.385431
0.412518
0.412872
0.299174
0.388088
0.354933
0.301198
0.427569
0.382520
0.463331
0.443763
0.527133
0.504788
0.334948
0.445416
0.475492
0.384252
0.458977
0.480952
0.494860
0.434573
0.393124
0.425047
0.410607
0.402606
0.424948
0.412426
0.347880
0.465147
0.363849
0.402728
0.337985
0.354636
0.379418
0.325642
0.345791
0.390698
0.470207
0.350855
0.382904
0.424648
0.470824
0.304034
0.336457
0.386313
0.434341
0.440701
0.357629
0.380680
0.294553
0.555160
0.293637
0.348607
0.348802
0.419722
0.399566
0.442794
0.441256
0.356947
0.340675
0.432938
0.446894
0.405248
0.354579
0.431735
0.428402
0.364399
0.336530
0.373624
0.503950
0.358743
0.352795
0.410778
0.500112
0.399829
0.315847
0.396770
0.362311
0.398388
0.462327
0.381371
0.472406
0.406130
0.457732
0.468794
0.399931
0.458400
0.297437
0.353070
0.454483
0.314525
0.402673
0.339936
0.511029
0.425840
0.528245
0.403324
0.460321
0.299595
0.462074
0.410000
0.397254
0.515438
0.474591
0.384646
0.322176
0.362583
0.336187
0.421424
0.351789
0.478238
0.484364
0.439199
0.431021
0.543828
0.366438
0.402876
0.355782
0.403368
0.396985
0.520299
0.425329
0.474908
0.457610
0.387392
0.450044
0.398302
0.477099
0.354955
0.368089
0.428404
0.336092
0.366133
0.306003
0.348877
0.439496
0.331314
0.458111
0.450043
0.381475
0.447613
0.411099
0.432380
0.390484
0.370583
0.375341
0.396002
0.326875
0.407058
0.382282
0.387212
0.384554
0.404602
0.385667
0.466042
0.416065
0.395055
0.493546
0.601413
0.421695
0.340461
0.418899
0.453687
0.351356
0.389762
0.398508
0.446158
0.366816
0.388684
0.368597
0.375496
0.334979
0.494567
0.383562
0.453739
0.374529
0.393948
0.407054
0.348188
0.378572
0.413490
0.338180
0.359501
0.296110
0.342568
0.402846
0.344405
0.359395
0.399814
0.309140
0.473510
0.387768
0.531807
0.346627
0.445580
0.373260
0.421719
0.326869
0.488050
0.423605
0.387610
0.425678
0.328806
0.499042
0.372234
0.418005
0.328004
0.462656
0.384331
0.387248
0.546731
0.415660
0.339892
0.411557
0.450043
0.302504
0.405185
0.413347
0.460561
0.413057
0.397336
0.359325
0.333741
0.355462
0.347400
0.346978
0.345821
0.417493
0.423537
0.316389
0.387670
0.403839
0.416572
0.472635
0.338764
0.415955
0.345019
0.363450
0.420837
0.467034
0.414548
0.455335
0.289276
0.392407
0.360662
0.468853
0.467198
0.351683
0.412618
0.394641
0.412425
0.488040
0.515487
0.402959
0.309691
0.413539
0.396176
0.466196
0.429429
0.320989
0.379915
0.335069
0.344866
0.363842
0.409096
0.442001
0.462218
0.354107
0.368530
0.290447
0.418609
0.350221
0.364694
0.372339
0.332475
0.438417
0.399749
0.427981
0.381067
0.322507
0.503071
0.429868
0.311778
0.394564
0.470042
0.382138
0.406652
0.417459
0.330120
0.430009
0.367394
0.293682
0.358459
0.368233
0.386248
0.445957
0.383120
0.355277
0.336419
0.337714
0.443321
0.375195
0.316210
0.511824
0.376825
0.340325
0.417501
0.382021
0.381065
0.415020
0.400358
0.387664
0.348776
0.418307
0.393869
0.338731
0.381543
0.511009
0.318761
0.289122
0.336281
0.399252
0.445878
0.385415
0.424900
0.416764
0.381348
0.420724
0.304840
0.377926
0.323149
0.342902
0.439228
0.499582
0.412437
0.358607
0.434628
0.379839
0.356779
0.311264
0.523230
0.431567
0.356490
0.328163
0.362142
0.366296
0.433551
0.280136
0.370244
0.363807
0.377373
0.423787
0.323833
0.338864
0.344782
0.348858
0.325186
0.396659
0.308566
0.385414
0.329970
0.398289
0.449591
0.362906
0.320972
0.366342
0.365595
0.376210
0.376471
0.412892
0.334264
0.435818
0.338176
0.399150
0.406872
0.366745
0.352153
0.397086
0.388220
0.352953
0.383233
0.414838
0.462356
0.277070
0.426679
0.486874
0.368575
0.533681
0.419296
0.560920
0.525398
0.412652
0.364127
0.455249
0.378142
0.344138
0.345472
0.367267
0.328356
0.333409
0.473192
0.458074
0.468325
0.356138
0.407174
0.348191
0.393090
0.458964
0.436993
0.354462
0.426457
0.444456
0.307637
0.365740
0.313846
0.343023
0.443238
0.316984
0.350552
0.432392
0.373314
0.306204
0.371355
0.427579
0.388737
0.298892
0.339682
0.322968
0.367471
0.376493
0.359966
0.430995
0.390943
0.346289
0.373549
0.537658
0.543220
0.492030
0.304212
0.420126
0.509507
0.383642
0.441110
0.375798
0.377190
0.270419
0.416558
0.467667
0.305252
0.364446
0.327886
0.368284
0.463699
0.606995
0.384918
0.447908
0.427896
0.298279
0.291934
0.382915
0.418654
0.281905
0.291757
0.317253
0.346920
0.389349
0.323993
0.397834
0.282919
0.341294
0.456470
0.388473
0.331103
0.478873
0.426498
0.377448
0.338489
0.406455
0.286934
0.351707
0.342458
0.348111
0.319215
0.317635
0.436827
0.369280
0.395352
0.341447
0.401353
0.282039
0.476089
0.417538
0.328083
0.417231
0.380602
0.410876
0.407384
0.499643
0.385687
0.400634
0.319350
0.305204
0.358204
0.347562
0.422781
0.354537
0.336452
0.367149
0.370831
0.373372
0.375884
0.444108
0.411967
0.342978
0.358409
0.357243
0.373338
0.350746
0.390384
0.319277
0.275709
0.408279
0.372590
0.366836
0.425453
0.365166
0.410848
0.327563
0.453234
0.334071
0.328896
0.356885
0.438176
0.352565
0.299691
0.305385
0.360793
0.278617
0.431057
0.429119
0.420818
0.396097
0.303901
0.331011
0.307615
0.330957
0.391390
0.391363
0.324502
0.469716
0.301384
0.288578
0.368855
0.277193
0.392601
0.310996
0.430218
0.341253
0.381673
0.361331
0.299690
0.375152
0.292780
0.301858
0.405888
0.335567
0.363770
0.406278
0.417783
0.320163
0.403790
0.338283
0.419244
0.248102
0.344698
0.325788
0.319439
0.358654
0.298909
0.339007
0.471760
0.423573
0.434124
0.430380
0.358462
0.322216
0.315733
0.292946
0.323506
0.388911
0.341605
0.362477
0.435375
0.369902
0.302751
0.321092
0.341618
0.423447
0.339447
0.334914
0.307815
0.350064
0.421176
0.415983
0.310578
0.361210
0.399431
0.466049
0.447583
0.405992
0.337407
0.431871
0.469730
0.368932
0.385039
0.336527
0.456808
0.351759
0.456550
0.377239
0.396057
0.323653
0.363754
0.416314
0.338365
0.306172
0.342039
0.318567
0.298559
0.330915
0.347239
0.328182
0.409653
0.281288
0.310922
0.380945
0.398683
0.343050
0.261352
0.326340
0.338491
0.382947
0.463089
0.368930
0.393903
0.345659
0.321311
0.434117
0.463389
0.392337
0.416904
0.391720
0.403849
0.407770
0.446428
0.374949
0.386975
0.360851
0.419925
0.331619
0.466680
0.455069
0.372547
0.366943
0.338637
0.340204
0.299058
0.371367
0.374111
0.437709
0.576554
0.338660
0.383928
0.291129
0.527787
0.376767
0.346680
0.432239
0.420761
0.329816
0.369087
0.387761
0.309181
0.353503
0.302124
0.334905
0.345902
0.461771
0.331971
0.381932
0.418788
0.315239
0.399054
0.426666
0.342647
0.469185
0.297238
0.392741
0.253840
0.387633
0.349071
0.351097
0.339536
0.316277
0.358309
0.339729
0.328454
0.371124
0.304610
0.392333
0.378911
0.362404
0.400689
0.345766
0.405319
0.432330
0.364461
0.310428
0.425401
0.430232
0.360166
0.309496
0.460873
0.394709
0.368306
0.299789
0.325829
0.427040
0.346194
0.324881
0.293385
0.314151
0.351281
0.323274
0.345716
0.352749
0.433989
0.321777
0.378619
0.376213
0.340088
0.342298
0.347724
0.404354
0.412650
0.426824
0.426888
0.481496
0.333304
0.390529
0.347628
0.306014
0.434714
0.380620
0.387487
0.370657
0.388460
0.338326
0.447569
0.311218
0.360705
0.365397
0.343221
0.431572
0.495675
0.344076
0.322934
0.304649
0.355718
0.253248
0.374700
0.396308
0.365259
0.459805
0.387950
0.302607
0.447083
0.445532
0.286938
0.307365
0.319049
0.343680
0.343358
0.382430
0.379443
0.430251
0.343676
0.317120
0.345321
0.323400
0.343084
0.382698
0.360296
0.345310
0.420436
0.393858
0.381678
0.443264
0.428628
0.403450
0.386600
0.324554
0.351626
0.333441
0.337164
0.441587
0.340618
0.424229
0.404731
0.446100
0.358557
0.373537
0.328384
0.341142
0.505606
0.377107
0.331644
0.490213
0.404872
0.405514
0.480492
0.339086
0.351332
0.326243
0.392189
0.440919
0.366398
0.342009
0.329608
0.452157
0.348164
0.337117
0.493402
0.402312
0.366936
0.559583
0.261854
0.344742
0.472437
0.310460
0.327006
0.319813
0.303741
0.320134
0.312578
0.314529
0.345906
0.387249
0.364087
0.348422
0.372147
0.398746
0.401977
0.367426
0.319053
0.298357
0.326600
0.335766
0.390993
0.361899
0.461034
0.446816
0.372818
0.337509
0.380583
0.559156
0.292134
0.386787
0.327602
0.431156
0.319207
0.375130
0.338522
0.367621
0.304090
0.348851
0.399345
0.343122
0.292459
0.317564
0.277698
0.271315
0.427360
0.345022
0.345728
0.349403
0.314812
0.376090
0.330905
0.297723
0.276718
0.378265
0.310795
0.262948
0.303136
0.315300
0.337472
0.342903
0.319832
0.323335
0.366126
0.321402
0.374744
0.308308
0.303667
0.514772
0.452204
0.416814
0.366079
0.285210
0.329696
0.334722
0.380092
0.440568
0.261223
0.325877
0.266341
0.299027
0.445739
0.307458
0.223145
0.375929
0.304230
0.362948
0.406862
0.251943
0.315480
0.279639
0.299999
0.353512
0.332497
0.465595
0.389270
0.350020
0.444096
0.330622
0.323412
0.325736
0.305151
0.392497
0.313514
0.298481
0.328551
0.277311
0.269099
0.374122
0.358744
0.503984
0.321200
0.329025
0.407620
0.405030
0.383362
0.375108
0.393476
0.423123
0.434512
0.453200
0.361479
0.332195
0.420114
0.314017
0.392465
0.364022
0.250763
0.351406
0.345815
0.348455
0.319868
0.391579
0.326484
0.332623
0.342937
0.390374
0.345321
0.301566
0.416937
0.359753
0.350346
0.410566
0.437668
0.306757
0.354431
0.390978
0.462863
0.359199
0.388836
0.393616
0.282950
0.338722
0.512394
0.409816
0.285196
0.431780
0.301723
0.315966
0.386938
0.264737
0.357381
0.326386
0.283873
0.376279
0.278520
0.341998
0.424868
0.352350
0.336654
0.332739
0.280682
0.303140
0.412805
0.407094
0.363660
0.370742
0.351186
0.336466
0.372348
0.268892
0.330277
0.278439
0.457741
0.434465
0.445586
0.312394
0.495067
0.329310
0.327787
0.383976
0.304744
0.383902
0.352177
0.418323
0.329722
0.303773
0.349628
0.335018
0.360491
0.297426
0.372976
0.394167
0.216263
0.404949
0.366882
0.422433
0.306842
0.324388
0.436912
0.387798
0.437977
0.282272
0.335904
0.346686
0.315583
0.311780
0.314631
0.296088
0.357693
0.495268
0.331499
0.296659
0.411341
0.461470
0.386780
0.335851
0.297247
0.262991
0.254067
0.271222
0.311767
0.282018
0.302077
0.269435
0.312498
0.365827
0.339590
0.292122
0.405667
0.387338
0.416461
0.310429
0.376261
0.290214
0.446343
0.332640
0.348993
0.461664
0.353051
0.358321
0.377125
0.329776
0.282587
0.309209
0.301947
0.367146
0.314512
0.406354
0.359915
0.319107
0.404215
0.331368
0.327094
0.325895
0.301017
0.365707
0.353424
0.389169
0.337844
0.475245
0.383417
0.311057
0.358291
0.314927
0.495318
0.376745
0.360248
0.392317
0.322578
0.269563
0.401537
0.374928
0.401542
0.369907
0.299323
0.297626
0.339526
0.406629
0.405646
0.339545
0.338314
0.403347
0.340102
0.306366
0.263514
0.336459
0.346181
0.349132
0.310240
0.463230
0.311794
0.270211
0.362714
0.290558
0.461497
0.273444
0.333860
0.348515
0.290520
0.425509
0.403757
0.437708
0.311077
0.332666
0.348756
0.425790
0.287871
0.370469
0.342081
0.256722
0.401342
0.360108
0.279272
0.398769
0.379074
0.234690
0.279976
0.385698
0.306613
0.360430
0.286065
0.373971
0.277079
0.322616
0.401116
0.324817
0.301408
0.357691
0.420092
0.340104
0.314162
0.391560
0.357193
0.341728
0.372581
0.312828
0.305346
0.318576
0.285743
0.345169
0.315390
0.370312
0.378526
0.466720
0.401994
0.375966
0.326506
0.394890
0.391426
0.402639
0.302638
0.364000
0.383572
0.333273
0.553273
0.305094
0.365000
0.412461
0.357899
0.297656
0.349142
0.314949
0.374787
0.377424
0.302963
0.351470
0.384747
0.302014
0.403599
0.433388
0.345360
0.366376
0.291168
0.387437
0.275059
0.328637
0.334998
0.310236
0.337858
0.373446
0.454353
0.295003
0.292880
0.324516
0.321996
0.318311
0.295242
0.382753
0.335923
0.318079
0.279456
0.332651
0.423254
0.321853
0.365799
0.375675
0.380790
0.504069
0.317280
0.324517
0.231027
0.312662
0.293389
0.401829
0.324251
0.411712
0.354080
0.349966
0.396370
0.310147
0.406536
0.317529
0.425739
0.317593
0.365277
0.296380
0.334470
0.343542
0.294923
0.387732
0.385439
0.360691
0.300104
0.285959
0.323161
0.423579
0.327164
0.346562
0.309822
0.435062
0.339110
0.317980
0.268121
0.332766
0.366594
0.379546
0.363473
0.334627
0.217565
0.297890
0.319799
0.328615
0.438063
0.274299
0.325821
0.354789
0.374586
0.355480
0.280443
0.320239
0.384754
0.270158
0.337125
0.292575
0.325993
0.437660
0.321859
0.289389
0.293327
0.294108
0.298536
0.397438
0.432435
0.285760
0.320834
0.369975
0.311238
0.344872
0.361682
0.432298
0.326911
0.397491
0.403406
0.444181
0.354600
0.355851
0.299183
0.294301
0.404477
0.347049
0.322229
0.334518
0.336846
0.351624
0.342924
0.294468
0.229613
0.356601
0.329989
0.319454
0.375619
0.322369
0.373028
0.381478
0.324520
0.404555
0.322992
0.271015
0.297495
0.329329
0.421043
0.332712
0.331598
0.328607
0.219881
0.385306
0.369439
0.373784
0.262535
0.305760
0.324904
0.348289
0.386556
0.410893
0.359813
0.317193
0.382505
0.243479
0.330825
0.415262
0.291233
0.369939
0.384482
0.412678
0.350248
0.288141
0.340066
0.338556
0.258440
0.253267
0.301468
0.380836
0.381478
0.280216
0.341066
0.324708
0.350268
0.301816
0.370846
0.385353
0.457000
0.338429
0.343211
0.371045
0.352073
0.345920
0.313164
0.488975
0.282595
0.364333
0.420648
0.429141
0.267652
0.323156
0.391312
0.354332
0.257485
0.264599
0.337750
0.304193
0.302048
0.393383
0.376788
0.293715
0.341574
0.270505
0.312919
0.384222
0.357454
0.319213
0.279544
0.306766
0.269548
0.264239
0.242555
0.366530
0.394278
0.308526
0.264548
0.365096
0.427891
0.349028
0.386320
0.362953
0.315695
0.323908
0.408403
0.256751
0.367991
0.326636
0.275595
0.414714
0.396566
0.386880
0.287275
0.345971
0.275169
0.358640
0.264468
0.387213
0.281079
0.365312
0.317894
0.321599
0.317354
0.302143
0.306464
0.364411
0.319422
0.364697
0.507421
0.339543
0.348766
0.371461
0.346825
0.337461
0.368095
0.348645
0.336903
0.281471
0.356967
0.408424
0.358987
0.368504
0.334877
0.351671
0.303729
0.444833
0.368757
0.347409
0.313599
0.337094
0.317317
0.289012
0.475443
0.301770
0.416869
0.317985
0.371555
0.394857
0.365652
0.327838
0.366447
0.314505
0.339645
0.252505
0.346559
0.341848
0.318267
0.252799
0.357460
0.283986
0.369069
0.256691
0.327351
0.485857
0.327105
0.392288
0.397008
0.277096
0.356737
0.413566
0.345408
0.231860
0.306788
0.239550
0.333526
0.300242
0.381487
0.387102
0.357663
0.293488
0.303171
0.324468
0.328227
0.325927
0.320699
0.319204
0.263132
0.283139
0.273045
0.419498
0.380166
0.334133
0.295744
0.279256
0.325021
0.443527
0.269223
0.295666
0.300172
0.335245
0.359366
0.406501
0.347631
0.379362
0.296509
0.368152
0.363878
0.348909
0.348461
0.311979
0.417555
0.346374
0.354131
0.348751
0.369351
0.272221
0.338801
0.354871
0.418043
0.307181
0.373390
0.267454
0.345925
0.297909
0.389877
0.359324
0.298877
0.432237
0.342543
0.308381
0.321584
0.348875
0.309812
0.295772
0.280771
0.340882
0.296842
0.370432
0.313265
0.326973
0.373850
0.344896
0.269291
0.426972
0.380069
0.371520
0.389175
0.297375
0.371385
0.318094
0.447538
0.389944
0.357908
0.359020
0.300314
0.341749
0.467936
0.428217
0.348455
0.422388
0.338005
0.375124
0.386859
0.363175
0.302977
0.305206
0.329095
0.273178
0.391399
0.311518
0.399958
0.295224
0.283633
0.333394
0.292421
0.313911
0.387638
0.342372
0.367941
0.296157
0.306972
0.331277
0.251973
0.271682
0.436741
0.302387
0.329329
0.301496
0.298666
0.310555
0.381171
0.272206
0.347564
0.279530
0.352682
0.352114
0.283045
0.350502
0.339460
0.449461
0.264152
0.484818
0.261391
0.376243
0.373444
0.356130
0.286736
0.356861
0.327301
0.306790
0.396007
0.272029
0.306748
0.408896
0.370073
0.416663
0.307325
0.351200
0.336743
0.294313
0.456163
0.247016
0.305688
0.382656
0.291077
0.373770
0.295566
0.279592
0.370102
0.392620
0.257469
0.390801
0.404642
0.292593
0.397260
0.312136
0.351987
0.292296
0.317134
0.356800
0.337094
0.351387
0.342118
0.275988
0.333963
0.368330
0.299610
0.311204
0.383720
0.374764
0.384171
0.291984
0.346403
0.285270
0.388020
0.360095
0.272085
0.239403
0.265717
0.320033
0.336575
0.445343
0.321453
0.409417
0.301484
0.326549
0.260344
0.245501
0.337928
0.332629
0.350560
0.352345
0.285460
0.353845
0.353883
0.321167
0.436426
0.281954
0.260254
0.309103
0.307751
0.359443
0.345412
0.279002
0.257143
0.429934
0.434937
0.298375
0.362681
0.308809
0.348942
0.326952
0.326525
0.348791
0.352670
0.308229
0.306898
0.308654
0.398488
0.410734
0.307050
0.337322
0.275623
0.292739
0.232464
0.379710
0.351203
0.381987
0.376016
0.281125
0.358568
0.352368
0.331119
0.324135
0.305783
0.297093
0.329292
0.383945
0.307191
0.310574
0.353335
0.402819
0.289764
0.307549
0.270097
0.397725
0.324670
0.356514
0.314919
0.296149
0.259979
0.310456
0.430258
0.353559
0.373767
0.268110
0.283060
0.332181
0.403178
0.383719
0.424636
0.313629
0.330038
0.249133
0.252084
0.361393
0.393731
0.289263
0.331433
0.366383
0.262558
0.283282
0.271030
0.277401
0.451260
0.341280
0.334736
0.430722
0.293040
0.324271
0.295311
0.416180
0.280014
0.296005
0.308671
0.339968
0.350063
0.305223
0.292462
0.335386
0.300008
0.307608
0.267698
0.349657
0.306991
0.278431
0.303720
0.476474
0.436289
0.232652
0.339842
0.296735
0.344894
0.293028
0.345282
0.296645
0.275890
0.312224
0.306886
0.298696
0.339359
0.337115
0.368727
0.311301
0.262393
0.303686
0.330346
0.287088
0.274758
0.286011
0.278523
0.406896
0.349122
0.276421
0.333501
0.392440
0.371849
0.363189
0.327639
0.343022
0.330909
0.312722
0.273224
0.348272
0.294055
0.336414
0.298460
0.357524
0.426397
0.305048
0.308883
0.407228
0.415765
0.359508
0.318892
0.417548
0.386636
0.316006
0.328648
0.325892
0.379039
0.316030
0.381501
0.394434
0.355231
0.268704
0.272256
0.350284
0.259873
0.328648
0.327048
0.411337
0.287423
0.287500
0.443480
0.299587
0.377019
0.239021
0.269738
0.329122
0.301607
0.333377
0.267398
0.383831
0.315299
0.346801
0.372114
0.316490
0.304803
0.269205
0.370603
0.398206
0.283532
0.349305
0.375252
0.320213
0.281604
0.293214
0.464395
0.374217
0.316519
0.378328
0.315038
0.394013
0.356791
0.321333
0.279152
0.347856
0.342810
0.303968
0.338635
0.439498
0.315421
0.314887
0.348815
0.308921
0.386530
0.361719
0.246924
0.306220
0.352343
0.244831
0.325907
0.347126
0.348323
0.308480
0.360461
0.322293
0.263411
0.381979
0.319586
0.295192
0.339797
0.384503
0.351462
0.345149
0.408929
0.260748
0.331005
0.299592
0.370916
0.345601
0.352417
0.259367
0.363336
0.283195
0.312501
0.295403
0.316928
0.425684
0.324698
0.283182
0.297197
0.332131
0.287956
0.343173
0.247232
0.290323
0.296661
0.341460
0.264056
0.308190
0.282194
0.282322
0.330157
0.242971
0.364900
0.356043
0.427985
0.279709
0.357409
0.411409
0.361749
0.363400
0.310015
0.314021
0.330530
0.318879
0.288531
0.310142
0.273626
0.417975
0.324004
0.328818
0.400960
0.325738
0.381693
0.442376
0.279886
0.283355
0.373285
0.309262
0.320786
0.295340
0.349723
0.362742
0.342881
0.316765
0.267367
0.292585
0.342959
0.379771
0.348114
0.315988
0.283527
0.319447
0.346048
0.279088
0.396100
0.280730
0.421642
0.292065
0.257073
0.493055
0.311608
0.289499
0.331584
0.371931
0.324188
0.353343
0.339162
0.334624
0.390906
0.326565
0.337281
0.346017
0.328006
0.352905
0.398198
0.293658
0.293304
0.318112
0.259241
0.302575
0.390600
0.371892
0.332913
0.357306
0.384796
0.487222
0.313807
0.281038
0.319329
0.344082
0.365143
0.327330
0.261209
0.329573
0.314245
0.307660
0.418297
0.316237
0.308239
0.255363
0.309347
0.314262
0.278445
0.256099
0.301091
0.327861
0.307588
0.315410
0.396487
0.299392
0.327362
0.303352
0.373838
0.282832
0.342641
0.310681
0.260209
0.342807
0.352352
0.324405
0.286447
0.277171
0.319801
0.272906
0.370357
0.347672
0.397508
0.355945
0.378323
0.339966
0.284511
0.382320
0.325441
0.251925
0.306311
0.300389
0.288376
0.372493
0.340779
0.286773
0.231356
0.368928
0.247678
0.301187
0.282632
0.292479
0.303155
0.289502
0.379062
0.321202
0.256392
0.356270
0.256306
0.391880
0.441810
0.258277
0.354625
0.338172
0.403195
0.327791
0.281663
0.355190
0.311888
0.386106
0.315410
0.306786
0.328417
0.235507
0.330045
0.342056
0.304708
0.244069
0.343535
0.355186
0.290994
0.298475
0.379559
0.279950
0.377287
0.252974
0.428482
0.280160
0.277626
0.255980
0.347495
0.345723
0.345559
0.341168
0.239034
0.366855
0.347375
0.276921
0.418658
0.325225
0.265949
0.328501
0.370469
0.383096
0.393992
0.317196
0.299544
0.344132
0.461004
0.317521
0.411015
0.280469
0.309974
0.298256
0.294308
0.349844
0.318624
0.308402
0.386977
0.302760
0.397861
0.276188
0.350005
0.390911
0.361527
0.365300
0.289851
0.341577
0.286453
0.275128
0.289788
0.271964
0.341122
0.237172
0.353173
0.323804
0.346287
0.331086
0.314818
0.349259
0.344956
0.418035
0.310652
0.237227
0.315747
0.306121
0.271333
0.260265
0.364882
0.278478
0.226348
0.327884
0.272134
0.297762
0.279932
0.366148
0.299863
0.378429
0.366052
0.270462
0.360462
0.337278
0.312057
0.357477
0.375830
0.406696
0.283094
0.259897
0.280667
0.408959
0.280515
0.436878
0.321298
0.355982
0.371409
0.336312
0.304749
0.283882
0.372388
0.330641
0.325779
0.282215
0.408887
0.353855
0.274186
0.360153
0.286318
0.350041
0.413377
0.335067
0.338386
0.339733
0.269957
0.272978
0.288027
0.343855
0.303668
0.287448
0.442677
0.280532
0.307559
0.285772
0.268603
0.246581
0.300842
0.366015
0.319500
0.353698
0.378403
0.397888
0.278446
0.380663
0.319188
0.380557
0.288838
0.276666
0.315320
0.414406
0.321032
0.332601
0.316013
0.307489
0.335734
0.315258
0.303328
0.348548
0.288648
0.402620
0.253069
0.305653
0.291544
0.349455
0.312501
0.404541
0.333881
0.294250
0.358291
0.283889
0.288889
0.368290
0.259974
0.346581
0.250551
0.297052
0.344994
0.347239
0.298617
0.377372
0.318484
0.256545
0.296609
0.403668
0.297970
0.290911
0.370671
0.292628
0.284471
0.327910
0.281528
0.310076
0.357410
0.425288
0.363775
0.363999
0.307927
0.303001
0.298743
0.365288
0.310949
0.237785
0.272919
0.323528
0.448649
0.279392
0.317133
0.266362
0.357454
0.326884
0.293083
0.313457
0.312441
0.333147
0.279771
0.315134
0.291628
0.353855
0.367618
0.354264
0.261709
0.342029
0.303454
0.242270
0.262910
0.322544
0.290104
0.422273
0.307257
0.264850
0.368477
0.316825
0.338965
0.317643
0.432444
0.361239
0.311005
0.329039
0.276837
0.315536
0.306788
0.309495
0.358844
0.347916
0.339603
0.293575
0.348094
0.307860
0.317159
0.269512
0.317883
0.341896
0.336819
0.382683
0.296171
0.286283
0.319627
0.394006
0.351920
0.401009
0.334969
0.411366
0.269155
0.364656
0.399565
0.289925
0.342787
0.317638
0.301988
0.266994
0.272468
0.326703
0.332167
0.294511
0.403541
0.322409
0.336602
0.342451
0.389210
0.362490
0.338529
0.331404
0.293504
0.321658
0.261902
0.292235
0.284197
0.376439
0.366740
0.309675
0.333707
0.323045
0.337569
0.313865
0.340412
0.350453
0.386652
0.414975
0.312294
0.351537
0.325357
0.247163
0.290358
0.342872
0.359528
0.284259
0.317572
0.285311
0.299461
0.356216
0.328483
0.294596
0.299306
0.332586
0.340639
0.479990
0.322891
0.269662
0.291159
0.294380
0.282665
0.399011
0.311244
0.314901
0.270721
0.317619
0.300495
0.382927
0.311547
0.265912
0.324259
0.380866
0.377189
0.396973
0.426955
0.397699
0.345367
0.301642
0.336643
0.257001
0.331165
0.316342
0.306610
0.318105
0.264297
0.289983
0.355132
0.264365
0.298950
0.313860
0.391566
0.280273
0.268178
0.376353
0.365623
0.366515
0.379825
0.279816
0.269820
0.384386
0.302708
0.285839
0.467031
0.300531
0.274748
0.241099
0.365425
0.308293
0.311688
0.253332
0.299676
0.297934
0.318840
0.301157
0.272210
0.330012
0.339477
0.284473
0.300982
0.323306
0.360844
0.377253
0.273411
0.335761
0.299989
0.316002
0.247502
0.446353
0.346312
0.277072
0.281086
0.324797
0.275338
0.259436
0.279622
0.379845
0.291413
0.434642
0.282824
0.363578
0.288815
0.262200
0.290557
0.336892
0.318037
0.397119
0.371619
0.359241
0.316333
0.310290
0.375280
0.343287
0.310132
0.315677
0.305810
0.343302
0.360206
0.364905
0.394428
0.253862
0.296012
0.490331
0.314902
0.329582
0.375137
0.287005
0.283593
0.293338
0.284659
0.325594
0.316952
0.289272
0.229259
0.353331
0.379185
0.300220
0.313808
0.265975
0.391697
0.282980
0.351446
0.317344
0.310413
0.352574
0.260991
0.300869
0.351745
0.306478
0.319396
0.277622
0.294802
0.248037
0.361662
0.283688
0.345696
0.240162
0.404457
0.337630
0.271611
0.310005
0.339677
0.279094
0.330973
0.247417
0.276044
0.413553
0.369832
0.350883
0.348160
0.286546
0.305674
0.332158
0.313256
0.337968
0.329280
0.324803
0.350858
0.337365
0.327515
0.377686
0.354956
0.331424
0.336739
0.334170
0.281876
0.295503
0.316807
0.288804
0.383319
0.288095
0.365295
0.352407
0.388987
0.309929
0.296652
0.365651
0.395789
0.378831
0.389230
0.323498
