2.553231
2.579504
2.556747
2.498991
2.647202
2.532509
2.501333
2.430558
2.580327
2.525704
2.468049
2.425849
2.528725
2.413438
2.423617
2.423754
2.510330
2.459378
2.415887
2.373814
2.351021
2.403721
2.448649
2.510523
2.387729
2.375488
2.403758
2.324455
2.332221
2.412427
2.367702
2.309888
2.367533
2.300358
2.367723
2.362322
2.361278
2.367639
2.227525
2.311590
2.519951
2.389228
2.282048
2.317993
2.328037
2.276349
2.215716
2.208356
2.470608
2.416020
2.296068
2.209530
2.237057
2.280244
2.253378
2.225750
2.320771
2.257590
2.398413
2.181126
2.265302
2.443105
2.424508
2.356843
2.375428
2.307199
2.252911
2.320887
2.299386
2.213970
2.211882
2.219428
2.138170
2.216248
2.179260
2.269761
2.110866
2.226308
2.206135
2.297955
2.144170
2.361398
2.270618
2.227574
2.322061
2.126397
2.203359
2.225331
2.335735
2.217599
2.149788
2.286480
2.226933
2.212507
2.190670
2.160648
2.063935
2.167178
2.170783
2.113042
2.222733
2.145509
2.212795
2.174921
2.093032
2.192225
2.117844
2.170608
2.119899
2.243430
2.099138
2.177240
2.160064
2.087335
2.076720
2.083207
2.207671
2.236842
2.144802
2.041161
2.014644
2.215821
2.153515
2.233592
2.186349
2.120920
2.166743
2.092574
2.212063
2.116031
2.208067
2.181496
2.106190
2.116394
2.092895
2.018903
1.950809
2.091248
2.060337
2.245284
2.159499
2.134925
2.136304
2.034556
2.134727
2.157436
2.237968
2.192563
2.150547
2.115410
2.044464
2.189735
2.251524
2.110609
2.068028
2.230174
2.043457
1.962060
2.024881
2.146405
2.261068
2.064564
2.130346
2.096106
2.036069
2.113018
2.020372
2.115816
2.139161
2.028309
2.225369
2.148341
2.056638
2.052280
2.027836
2.028238
2.073763
2.012991
2.016763
2.178595
2.121370
2.376223
2.191406
2.057090
2.036746
1.912960
2.043890
2.194410
2.049911
2.177914
2.083360
2.037650
2.030318
1.976983
1.949904
2.038578
2.076822
2.039447
1.990197
1.984259
2.077886
2.038036
2.050398
2.042369
1.978760
2.035063
2.015447
2.043846
1.971317
2.034038
2.042931
2.049096
1.926629
1.979246
1.975912
2.105916
1.967087
2.086384
2.012734
2.003498
1.935462
2.001136
1.972811
2.051190
2.077561
2.232880
2.086978
1.884159
1.975081
1.878818
1.996200
2.081103
1.975859
1.952071
2.046228
2.013928
1.912009
2.002947
1.950534
1.828220
2.118516
1.965335
1.893107
1.871993
1.943868
1.970379
1.946918
1.908329
2.067753
1.995017
1.875163
1.988098
2.055267
1.935351
1.995427
2.018303
2.009477
2.035091
2.024960
1.997715
1.872210
1.908693
2.055949
1.902280
1.987975
2.066564
1.952346
2.131737
1.936495
1.972387
2.004240
1.903267
1.831271
2.121683
2.091945
2.109678
1.955798
1.894877
2.001382
1.960467
1.988876
1.891524
1.949011
1.897522
1.899073
1.928020
1.971505
1.957136
2.004786
2.093982
1.970940
1.906876
1.981529
1.943889
1.882401
1.970048
1.872885
1.918488
1.969756
1.923119
2.112849
2.042948
1.862887
1.958887
1.886569
1.932271
1.919088
1.958547
1.978302
1.819329
1.935959
2.043201
2.124940
1.944299
1.770929
1.963884
1.743290
1.957781
1.940783
1.771016
1.810778
1.881677
1.896952
1.914956
1.835432
1.825043
2.001788
1.849918
1.855189
1.841879
1.959583
2.004927
1.934832
1.986303
1.821655
1.854492
1.850222
1.819305
1.958356
1.860304
1.898317
1.865879
1.727388
1.965404
1.980597
1.967242
1.853062
1.782346
1.863160
1.883214
1.951234
1.886983
1.986996
1.841901
1.950292
1.833928
1.839371
1.731786
1.804473
1.778725
1.798282
1.795909
1.813067
1.840822
1.782523
1.908430
1.789138
1.913954
1.834578
1.828273
1.928347
1.769357
1.913888
1.809610
1.945188
1.890393
1.606796
1.822857
1.812868
1.835322
1.977930
1.938132
1.759893
1.818449
1.753978
1.785522
1.603337
1.730089
1.837875
1.722870
1.781589
1.764836
1.803685
1.865587
1.974412
1.877571
1.773920
1.645253
1.885276
1.872864
1.782321
1.826738
1.688856
1.674022
1.796713
1.807555
2.007036
1.868210
1.648794
1.693381
1.661797
1.842540
1.892550
1.778796
1.581313
1.671993
1.775736
1.682631
1.925436
1.732388
1.720512
1.828406
1.704265
1.638097
1.784222
1.831326
1.806065
1.729223
1.752406
1.679991
1.881104
1.729607
1.816708
1.740384
1.777302
1.664536
1.871461
1.836106
1.869781
1.857786
1.715577
1.641436
1.710319
1.710668
1.829340
1.739367
1.770471
1.900109
1.840013
1.776324
1.816988
1.786884
1.771947
1.770356
1.665554
1.848962
1.650620
1.871057
1.742453
1.669326
1.736418
1.794758
1.783498
1.671012
1.717793
1.733812
1.832950
1.832052
1.738401
1.782081
1.760777
1.724511
1.651609
1.722436
1.810230
1.830035
1.816914
1.805916
1.789625
1.756240
1.647084
1.666613
1.687819
2.001018
1.746847
1.759577
1.862354
1.592857
1.717559
1.761501
1.731091
1.698074
1.645942
1.819394
1.678027
1.769763
1.701864
1.747922
1.804405
1.843530
1.772751
1.773118
1.682065
1.874087
1.855759
1.791789
1.687644
1.669752
1.645747
1.696061
1.765241
1.889533
1.781456
1.801890
1.698452
1.717293
1.593510
1.678668
1.715795
1.672011
1.868781
1.736461
1.730803
1.785009
1.707345
1.721078
1.517260
1.739939
1.647223
1.795626
1.727581
1.808053
1.723717
1.670714
1.707664
1.611044
1.731585
1.532740
1.850294
1.720767
1.679856
1.827959
1.536557
1.625294
1.554668
1.760433
1.740891
1.695142
1.814218
1.795469
1.715012
1.549671
1.965553
1.687822
1.566216
1.736035
1.705159
1.612105
1.569067
1.655130
1.592072
1.843754
1.561983
1.648905
1.700965
1.656313
1.835379
1.784657
1.566197
1.549687
1.749660
1.557849
1.558265
1.583801
1.821034
1.767649
1.738611
1.639939
1.573171
1.634645
1.639626
1.624986
1.849433
1.736671
1.605319
1.671240
1.645025
1.505642
1.678810
1.504537
1.841107
1.628549
1.582937
1.580653
1.602574
1.559832
1.599892
1.610023
1.581289
1.614214
1.598948
1.722597
1.632317
1.647042
1.664969
1.731352
1.593721
1.593980
1.636283
1.682614
1.642407
1.895662
1.688321
1.743955
1.777299
1.798548
1.582802
1.655944
1.733079
1.615598
1.564145
1.642769
1.592909
1.523601
1.609552
1.612657
1.471656
1.505038
1.469344
1.547476
1.680082
1.518679
1.708343
1.587700
1.634214
1.707426
1.567713
1.622753
1.608509
1.695132
1.512237
1.595232
1.559836
1.709878
1.612626
1.554048
1.562213
1.443115
1.575679
1.721923
1.700683
1.499003
1.660137
1.576543
1.683765
1.774093
1.546657
1.590860
1.625426
1.715792
1.628280
1.534824
1.544390
1.577555
1.616213
1.618335
1.467432
1.689422
1.648295
1.551409
1.528972
1.448094
1.541338
1.655862
1.681135
1.526013
1.615614
1.620354
1.553431
1.706410
1.586172
1.593477
1.687472
1.474692
1.576707
1.510846
1.658175
1.655192
1.631501
1.561559
1.603562
1.634077
1.579775
1.572720
1.514827
1.802861
1.881293
1.637182
1.644916
1.523445
1.743101
1.505839
1.455144
1.587179
1.567986
1.693548
1.831578
1.742183
1.448984
1.428905
1.518653
1.565447
1.681707
1.468852
1.493567
1.515106
1.604969
1.637464
1.558597
1.537217
1.524437
1.499514
1.545965
1.461323
1.513419
1.504842
1.492790
1.619852
1.500712
1.446549
1.624719
1.618988
1.499038
1.522326
1.697063
1.545143
1.633607
1.683887
1.606424
1.535955
1.581683
1.575234
1.667987
1.482593
1.612645
1.588645
1.514346
1.479134
1.599182
1.490840
1.557975
1.530141
1.556893
1.498947
1.559345
1.568113
1.626796
1.726079
1.558909
1.414751
1.521382
1.600577
1.525606
1.505152
1.536955
1.554295
1.588824
1.513208
1.462006
1.385077
1.456355
1.561326
1.599923
1.603331
1.543169
1.511975
1.549471
1.589538
1.478369
1.515386
1.506806
1.572943
1.530043
1.699986
1.622622
1.519985
1.410412
1.492885
1.568007
1.485638
1.480366
1.674344
1.616005
1.487869
1.439627
1.516153
1.624802
1.657816
1.418138
1.556140
1.441425
1.743409
1.595619
1.605988
1.669298
1.536241
1.473995
1.473769
1.411659
1.531061
1.467244
1.625015
1.518742
1.506539
1.464544
1.435650
1.608708
1.595902
1.403745
1.526569
1.478885
1.534247
1.592070
1.783451
1.538231
1.369380
1.363650
1.369786
1.632769
1.462848
1.465920
1.464001
1.668647
1.454734
1.476493
1.539972
1.373409
1.464272
1.400275
1.630826
1.556865
1.553288
1.575855
1.485060
1.508831
1.688922
1.377909
1.457547
1.770088
1.476169
1.513793
1.625105
1.593424
1.499181
1.496374
1.487600
1.547704
1.559851
1.509369
1.517932
1.509086
1.535265
1.399672
1.530479
1.518822
1.586349
1.556556
1.689670
1.610445
1.404410
1.502024
1.401827
1.522126
1.423229
1.568531
1.472309
1.575252
1.540033
1.578393
1.556542
1.516243
1.403384
1.526991
1.532004
1.563872
1.437706
1.502659
1.563447
1.395215
1.424919
1.406256
1.530631
1.435230
1.598295
1.486344
1.449423
1.484604
1.349122
1.453675
1.470002
1.496638
1.380897
1.448638
1.419165
1.581229
1.485510
1.492799
1.461485
1.440335
1.406031
1.435438
1.539160
1.434009
1.374389
1.396702
1.468683
1.540277
1.544778
1.659665
1.508642
1.533380
1.640579
1.599995
1.449276
1.378064
1.519504
1.368380
1.417137
1.411233
1.369059
1.549065
1.525348
1.385603
1.409657
1.499129
1.393555
1.676052
1.460542
1.320157
1.432600
1.508821
1.512587
1.485279
1.523045
1.518048
1.459414
1.466036
1.325810
1.514289
1.425848
1.477153
1.395589
1.323534
1.503749
1.476967
1.500098
1.575131
1.420240
1.363834
1.390817
1.447696
1.402724
1.356680
1.485533
1.517731
1.669401
1.472790
1.451473
1.390461
1.493046
1.516273
1.334582
1.400538
1.424094
1.410919
1.596918
1.439712
1.558760
1.476154
1.360019
1.414051
1.546829
1.367359
1.551335
1.426883
1.312755
1.440035
1.358521
1.466385
1.390384
1.538865
1.498094
1.433419
1.472732
1.397960
1.452195
1.443268
1.354206
1.453274
1.512537
1.456501
1.533666
1.490472
1.380876
1.463637
1.507921
1.508802
1.427105
1.446204
1.548623
1.474453
1.477889
1.378953
1.523312
1.471942
1.357428
1.446790
1.489465
1.503035
1.431508
1.424148
1.541716
1.394712
1.521354
1.477140
1.410991
1.569028
1.390635
1.470864
1.443764
1.414536
1.377452
1.425214
1.243691
1.465970
1.533020
1.515644
1.452465
1.381483
1.306097
1.478789
1.275917
1.462311
1.337782
1.449229
1.477193
1.380185
1.438187
1.459728
1.371576
1.498036
1.618565
1.530894
1.348395
1.418682
1.422744
1.507219
1.483808
1.388084
1.292819
1.411299
1.320880
1.378229
1.400129
1.490790
1.509710
1.418094
1.365921
1.468598
1.395864
1.390128
1.441560
1.311985
1.635086
1.356554
1.355639
1.352490
1.335091
1.363573
1.303971
1.558592
1.328956
1.326720
1.245464
1.446157
1.371782
1.287952
1.331773
1.411389
1.269286
1.365227
1.515915
1.418679
1.304897
1.385644
1.292178
1.437687
1.277985
1.481768
1.339664
1.457105
1.429366
1.413868
1.415410
1.416107
1.571324
1.352063
1.305377
1.323455
1.275686
1.324083
1.426060
1.578327
1.455377
1.363469
1.471306
1.275293
1.406552
1.408378
1.495040
1.511325
1.329299
1.294859
1.460656
1.328420
1.448454
1.486958
1.360689
1.369155
1.380282
1.475136
1.441976
1.419770
1.507244
1.344016
1.368386
1.418509
1.477082
1.376148
1.317587
1.261421
1.295527
1.521593
1.577154
1.288821
1.342864
1.541049
1.396125
1.249917
1.402102
1.334364
1.371492
1.569820
1.279490
1.355417
1.301882
1.322194
1.235464
1.347708
1.305456
1.367986
1.352259
1.293175
1.411022
1.364475
1.392868
1.278401
1.410918
1.339244
1.373259
1.346699
1.405314
1.461837
1.439056
1.329554
1.376244
1.548182
1.410628
1.431909
1.383407
1.309191
1.232738
1.371134
1.319968
1.335076
1.406360
1.411164
1.350137
1.460165
1.412681
1.339695
1.387308
1.422863
1.319124
1.461283
1.327216
1.437067
1.431357
1.510283
1.321172
1.308791
1.353519
1.280692
1.385882
1.455213
1.505294
1.259315
1.407599
1.425687
1.254971
1.182499
1.366358
1.388571
1.455021
1.320655
1.242257
1.303861
1.257517
1.379789
1.363297
1.415049
1.467654
1.368927
1.472784
1.323204
1.362392
1.400084
1.387990
1.343639
1.240607
1.384578
1.192814
1.330494
1.212228
1.356682
1.368633
1.518533
1.329858
1.443562
1.373208
1.332653
1.305512
1.324378
1.175921
1.256597
1.531199
1.354279
1.383726
1.456174
1.321608
1.343805
1.287594
1.354704
1.461572
1.333932
1.306838
1.290421
1.303893
1.338626
1.236372
1.333898
1.216078
1.161928
1.387763
1.381503
1.332998
1.400251
1.292014
1.332413
1.348641
1.236165
1.417769
1.325309
1.353624
1.501003
1.409029
1.415565
1.477570
1.218221
1.309247
1.333020
1.350967
1.297819
1.209859
1.379151
1.425199
1.323185
1.523302
1.461523
1.266846
1.421283
1.467761
1.378427
1.255848
1.311062
1.365518
1.397808
1.161600
1.238727
1.362693
1.400627
1.334210
1.371020
1.348167
1.417153
1.458090
1.234027
1.280107
1.288380
1.281874
1.382551
1.400612
1.286631
1.309914
1.272901
1.387408
1.299234
1.411093
1.257113
1.292385
1.376277
1.362296
1.324685
1.284211
1.382237
1.317096
1.493233
1.278283
1.224963
1.234297
1.432404
1.431588
1.299447
1.419401
1.337898
1.279274
1.371575
1.287228
1.363657
1.431770
1.349206
1.356549
1.353443
1.308949
1.253390
1.372423
1.400765
1.408290
1.352994
1.236216
1.327220
1.372825
1.298701
1.373252
1.368229
1.373411
1.346475
1.433462
1.260794
1.337157
1.522765
1.301025
1.314251
1.446888
1.439546
1.313752
1.453128
1.370357
1.294003
1.396199
1.328546
1.305073
1.283904
1.299790
1.316949
1.234426
1.322190
1.355108
1.396985
1.226842
1.290530
1.216162
1.413672
1.356879
1.342918
1.201335
1.266464
1.408768
1.300801
1.280277
1.390609
1.285868
1.391582
1.384313
1.338155
1.273696
1.371786
1.475215
1.294278
1.310868
1.528735
1.410379
1.342854
1.259313
1.376086
1.370894
1.334421
1.316136
1.379300
1.424525
1.329326
1.255059
1.395422
1.242076
1.319585
1.359687
1.337290
1.244986
1.357318
1.287967
1.281909
1.346057
1.340054
1.312978
1.368779
1.364089
1.270455
1.332046
1.269497
1.380723
1.275740
1.254633
1.291552
1.386823
1.407274
1.237196
1.272024
1.235977
1.162915
1.304407
1.285840
1.292201
1.309865
1.337512
1.201324
1.209920
1.381327
1.264058
1.309758
1.355378
1.347489
1.266610
1.369922
1.291219
1.392250
1.348938
1.192804
1.355051
1.252662
1.177122
1.253176
1.181061
1.438166
1.297232
1.248676
1.297163
1.320661
1.256987
1.429624
1.343374
1.273672
1.284156
1.373174
1.390441
1.327968
1.299347
1.281353
1.216704
1.223428
1.227276
1.242338
1.274909
1.354703
1.281773
1.361286
1.370359
1.225881
1.203295
1.347989
1.205816
1.260608
1.277406
1.183388
1.113495
1.374777
1.248554
1.152470
1.337589
1.338297
1.283505
1.348565
1.344981
1.200339
1.338196
1.281531
1.237906
1.321591
1.134337
1.161194
1.276270
1.232740
1.325563
1.274367
1.363298
1.249790
1.255965
1.268553
1.280733
1.179981
1.296972
1.307466
1.271238
1.273394
1.379709
1.350572
1.332344
1.256510
1.359633
1.165262
1.179247
1.204382
1.205230
1.256721
1.349687
1.482752
1.297653
1.341543
1.298517
1.237800
1.241887
1.221275
1.191045
1.200584
1.130117
1.387346
1.208789
1.369044
1.236922
1.488715
1.367627
1.369374
1.308889
1.403447
1.479764
1.344158
1.287949
1.287813
1.251837
1.280924
1.193769
1.249604
1.365007
1.284191
1.402930
1.297482
1.247284
1.214836
1.260876
1.270584
1.450216
1.227312
1.263604
1.345266
1.378484
1.256282
1.411678
1.302564
1.275803
1.250768
1.274560
1.249041
1.426646
1.280195
1.202478
1.266757
1.222881
1.225792
1.434235
1.287822
1.386152
1.210004
1.198924
1.243136
1.273338
1.383975
1.258247
1.352933
1.310414
1.120293
1.292297
1.186538
1.299960
1.304051
1.274073
1.266123
1.360493
1.291708
1.393165
1.310647
1.269883
1.274619
1.252638
1.319158
1.220019
1.335795
1.216969
1.120517
1.234172
1.335736
1.269126
1.269557
1.205700
1.120904
1.159050
1.221680
1.316271
1.264429
1.212030
1.384625
1.365407
1.501922
1.153629
1.277742
1.258286
1.158986
1.415369
1.334964
1.368706
1.259474
1.415642
1.281492
1.265890
1.301658
1.325124
1.142924
1.187235
1.309345
1.380696
1.365641
1.226418
1.341571
1.341241
1.198247
1.273337
1.100655
1.112272
1.243842
1.330769
1.416607
1.357283
1.222803
1.202261
1.270679
1.293115
1.210760
1.311479
1.389268
1.286481
1.227401
1.416989
1.190911
1.231511
1.292279
1.331052
1.368790
1.322445
1.239073
1.119149
1.170009
1.458570
1.228495
1.139909
1.249848
1.284062
1.209130
1.175063
1.254489
1.173902
1.331566
1.242895
1.309513
1.212921
1.201437
1.297700
1.298078
1.296949
1.181001
1.159363
1.413824
1.199611
1.320954
1.239974
1.135052
1.220561
1.228030
1.212967
1.244659
1.295593
1.089787
1.289790
1.319682
1.366179
1.179218
1.223755
1.235898
1.234838
1.314307
1.215453
1.361354
1.264039
1.328108
1.265149
1.269354
1.383333
1.244375
1.179345
1.244229
1.310791
1.213391
1.297045
1.212336
1.195585
1.241782
1.204484
1.191682
1.230070
1.358009
1.288107
1.326266
1.224209
1.183548
1.355118
1.197757
1.283002
1.268331
1.286385
1.258746
1.180392
1.228605
1.293382
1.255462
1.241473
1.225192
1.222285
1.349982
1.385657
1.232099
1.261593
1.220122
1.357961
1.319721
1.327852
1.277112
1.115370
1.146580
1.270640
1.301973
1.351625
1.217142
1.183339
1.230088
1.175337
1.166229
1.127069
1.445144
1.186965
1.249336
1.213990
1.371586
1.283901
1.236593
1.254835
1.238363
1.272483
1.280513
1.211694
1.219913
1.114655
1.281304
1.277358
1.242633
1.282181
1.209576
1.149799
1.231190
1.169623
1.297421
1.262005
1.163556
1.225472
1.182689
1.243191
1.127592
1.078107
1.248377
1.311668
1.192972
1.200568
1.157347
1.280900
1.291247
1.145674
1.164716
1.178061
1.145925
1.239991
1.261421
1.256726
1.250931
1.378583
1.282299
1.155933
1.168960
1.109654
1.253134
1.379535
1.163038
1.202550
1.226656
1.211953
1.221475
1.215523
1.292373
1.099899
1.160564
1.326395
1.194236
1.238110
1.458413
1.317794
1.146825
1.262718
1.277214
1.138591
1.154583
1.189402
1.377335
1.192759
1.262985
1.211391
1.183928
1.330966
1.068839
1.224126
1.214629
1.194047
1.291195
1.248995
1.279892
1.266814
1.231931
1.188351
1.258233
1.319552
1.291775
1.109272
1.258954
1.228350
1.320399
1.183420
1.197079
1.295138
1.158886
1.167927
1.153996
1.214302
1.221398
1.266417
1.170912
1.091439
1.155535
1.096559
1.218231
1.231687
1.216724
1.082010
1.249267
1.266348
1.286241
1.194257
1.374604
1.147297
1.068027
1.200311
1.329267
1.352772
1.283507
1.178910
1.160508
1.273803
1.295712
1.288187
1.170186
1.210478
1.175723
1.219344
1.137467
1.194487
1.317155
1.176257
1.151079
1.251888
1.277986
1.189920
1.062691
1.311502
1.145912
1.262854
1.155071
1.269261
1.193929
1.063037
1.201558
1.305153
1.245363
1.235215
1.179351
1.241138
1.212650
1.222392
1.395994
1.354922
1.264829
1.207907
1.179237
1.274189
1.116512
1.214008
1.178686
1.174045
1.278324
1.257119
1.173773
1.197359
1.162847
1.073194
1.099136
1.222202
1.221474
1.282757
1.441331
1.167275
1.210708
1.321276
1.280361
1.213264
1.227233
1.176861
1.296038
1.136943
1.319984
1.103051
1.109303
1.226340
1.230761
1.248194
1.275735
1.108313
1.163040
1.254375
1.298746
1.208561
1.162200
1.238418
1.140589
1.249695
1.226183
1.212181
1.188888
1.152020
1.308824
1.180496
1.231125
1.168140
1.212327
1.138758
1.352883
1.234395
1.205097
1.145877
1.144863
1.306996
1.285003
1.415952
1.176520
1.209194
1.198026
1.306658
1.111565
1.200145
1.188459
1.197309
1.305225
1.147189
1.166314
1.268543
1.195636
1.234210
1.256525
1.135767
1.297378
1.207885
1.072553
1.180362
1.055960
1.130762
1.204149
1.151962
1.125554
1.257820
1.176599
1.170132
1.282475
1.199127
1.283093
1.216161
1.227995
1.178231
1.132246
1.259432
1.203050
1.141832
1.214477
1.179924
1.240316
1.192778
1.168027
1.359985
1.209921
1.376769
1.361717
1.110386
1.092232
1.178590
1.287685
1.269802
1.223953
1.165494
1.243923
1.305309
1.154771
1.257841
1.250297
1.174849
1.113057
1.105715
1.310694
1.289976
1.218790
1.333989
1.224863
1.280539
1.187608
1.226699
1.256256
1.197449
1.286276
1.168119
1.166121
1.255109
1.148367
1.307694
1.068525
1.168869
1.218331
1.171829
1.195907
1.188503
1.365725
1.204809
1.245612
1.130316
1.148219
1.107628
1.233105
1.142071
1.271240
1.150764
1.310196
1.352082
1.232133
1.176476
1.150750
1.108517
1.238428
1.182032
1.202252
1.062869
1.225773
1.165394
1.301533
1.329621
1.189155
1.136609
1.219227
1.080827
1.138483
1.158013
1.214920
1.115378
1.172942
1.231629
1.245306
1.143882
1.129483
1.275582
1.101558
1.170081
1.119892
1.122782
1.143675
1.128534
1.049142
1.214018
1.139139
1.249610
1.273480
1.086374
1.194018
1.103401
1.207646
1.177032
1.331193
1.189456
1.254440
1.247595
1.187710
1.217104
1.209193
1.302584
1.184167
1.107919
1.157235
1.100664
1.189470
1.194014
1.154707
1.232532
1.276256
1.257063
1.148601
1.098397
1.086214
1.171826
1.248090
1.091671
1.091769
1.225869
1.144376
1.156059
1.255512
1.103874
1.273260
1.138838
1.080822
1.149616
1.161820
1.226082
1.201784
1.220711
1.141023
1.333774
1.193918
1.188438
1.311581
1.159553
1.191862
1.188489
1.151133
1.166948
1.191829
1.175166
1.103391
1.279366
1.039973
1.190348
1.102460
1.185716
1.316241
1.243479
1.213434
1.170067
1.161129
1.143024
1.151259
1.234101
1.126997
1.160551
1.185850
1.099375
1.127629
1.245786
1.069996
1.140158
1.208772
1.100082
1.189608
1.357219
1.119049
1.205840
1.178999
1.248232
1.109987
1.077824
1.155399
1.237738
1.277932
1.159776
1.308939
1.149433
1.127454
1.157980
1.207457
1.240429
1.090761
1.126000
1.086890
1.095957
1.036896
1.041448
1.120855
1.151078
1.214414
1.089330
1.299281
1.259506
1.287727
1.172762
1.128591
1.293512
1.190732
1.212860
1.082585
1.114777
1.140592
1.107280
1.094077
1.115675
1.262161
1.212827
1.224555
1.262856
1.111477
1.137578
1.124264
1.238616
1.136988
1.164291
1.143990
1.172857
1.210516
1.362984
1.273680
1.158524
1.069285
1.072280
1.215308
1.060660
1.195994
1.168596
1.214144
1.222113
1.102183
1.139490
1.220832
1.172566
1.139070
1.191232
1.069983
1.165670
1.141491
1.099419
1.185921
1.182600
1.107059
1.202867
1.195839
1.194357
1.159683
1.252623
1.271417
1.057953
1.190074
1.120650
1.081061
1.330260
1.231827
1.185708
1.246764
1.111091
1.089741
1.183687
1.212930
1.166745
1.278778
1.171278
1.143632
1.124005
1.173461
1.129488
1.334520
1.189860
1.249989
1.281454
1.120266
1.259066
1.169244
1.175366
1.212493
1.125235
1.201098
1.207891
1.177315
1.199999
1.157036
1.211391
1.191564
1.215595
1.150897
1.048841
1.116985
1.196554
1.110002
1.191364
1.122817
1.180385
1.085732
1.232665
1.228376
1.173583
1.138524
1.339789
1.145989
1.014331
1.135895
1.218438
1.223540
1.221854
1.308034
1.213743
1.178819
1.274116
1.148398
1.137537
1.192862
1.148100
1.039369
1.174729
1.213816
1.150748
1.176889
1.050580
1.029068
1.154544
1.165596
1.101983
1.171845
1.232534
1.248235
1.123193
1.204604
1.180921
1.238756
0.996985
1.169474
1.217374
1.141248
1.171452
1.189596
1.202466
1.086775
1.144287
1.092396
1.011247
1.113942
1.256994
1.152182
1.105446
1.107016
1.019670
1.216285
1.105443
1.217407
1.133326
1.220922
1.244107
1.080629
1.128319
1.221402
1.164450
1.098041
1.122777
1.099792
1.243849
1.091442
1.206953
1.200515
1.204307
1.099329
1.071824
1.144125
1.084791
1.124012
1.194497
1.104815
1.148916
1.154401
1.100428
1.080076
1.165859
1.151223
1.070572
1.165160
1.220010
1.057205
1.143378
1.094882
1.217172
1.157812
1.157345
1.145593
1.038548
1.108582
1.101787
1.161585
1.130079
1.126518
1.213654
1.239892
1.167292
1.174643
1.220245
1.134724
1.140075
1.187346
1.116374
1.178568
1.199051
1.142121
1.082478
1.374664
1.151009
1.062673
1.106044
1.082998
1.231583
1.240501
1.078190
1.193097
1.155205
1.247161
1.209615
1.079821
1.151909
1.087893
1.145937
1.169841
1.066589
1.243311
1.080431
1.074669
1.128055
1.095386
1.185747
1.077799
1.153382
1.221859
1.225885
1.123526
1.113778
1.281104
1.056292
1.131635
1.068514
1.129346
1.141375
1.059192
1.150650
1.134916
1.096858
1.207167
1.140716
1.097937
1.262975
1.226384
1.057173
1.161130
1.059229
1.206062
1.020381
1.044684
1.112725
1.091102
1.176457
1.209487
1.112447
1.110073
1.067415
1.180423
1.146384
1.153260
1.020275
1.237530
1.129357
1.094503
1.111970
1.156715
1.126752
1.161238
1.086888
1.173908
1.198522
1.213191
1.189408
1.162250
1.237629
1.259427
1.287715
1.119460
1.145453
1.053465
1.053758
1.076197
1.023678
1.220641
1.069534
1.123276
1.250666
1.120703
1.127818
1.328690
1.210194
1.115669
1.122062
1.278258
1.113610
1.183964
1.101451
1.078973
1.071274
1.078107
1.049129
1.167657
1.213621
1.067522
1.059486
1.162563
1.078898
1.116348
1.133563
1.142125
1.201546
1.043298
1.148094
1.114884
1.205041
1.192880
1.182223
1.104270
1.142189
1.052509
1.169482
1.210892
1.113239
1.194312
1.147927
1.181129
1.170655
1.168862
1.184513
1.140881
1.174405
1.151925
1.151289
1.173046
1.025779
1.222338
1.147795
1.092044
1.075293
1.128576
1.101024
1.130949
1.105985
1.127574
1.094251
1.168040
1.134635
1.060603
1.251517
1.174536
1.078290
1.106068
1.083255
1.087491
1.098750
1.299582
1.162309
1.152012
1.165913
1.085018
1.123396
1.197798
1.277716
1.052341
1.080322
1.052542
1.122304
1.062917
1.192608
1.100507
1.102867
1.010473
1.085731
1.119251
1.157283
1.111449
1.039951
1.031954
1.254105
1.100454
1.101501
1.137387
1.082068
1.046904
1.228642
1.220055
1.168203
1.076819
1.246226
1.090896
1.157790
1.271222
1.102301
1.166734
1.060065
1.109587
0.991930
1.147650
1.103502
1.134752
1.104958
1.017590
1.133954
1.188321
1.033331
1.125813
1.028509
1.114408
1.059719
1.203227
1.078970
1.218895
1.112333
1.143101
1.078816
1.029970
1.087690
1.026584
1.171632
1.059620
1.177479
1.052917
1.095555
1.128152
1.093361
1.089586
1.148281
1.197395
1.077031
1.102761
1.208180
1.120846
1.097295
1.186620
1.082627
1.095769
1.168070
1.107681
1.103606
1.264603
1.239133
1.116904
1.103232
1.109332
1.219034
1.138318
1.077313
1.167864
1.070853
1.111527
1.172838
1.085301
1.072612
1.176601
1.079563
1.121016
1.138697
1.231294
1.046898
1.231261
1.016349
1.109869
1.127455
1.173966
1.131214
1.140678
1.022957
1.070821
1.267802
1.008571
1.106104
1.162084
1.267914
1.071844
1.193292
1.126384
1.066787
1.168160
1.247526
1.100446
1.112572
1.166618
1.102715
1.123141
1.016724
0.997489
1.131873
1.120644
1.208691
1.284992
1.049509
1.101825
1.059397
1.077145
1.156433
1.202122
1.186868
1.105382
1.117970
1.168760
1.050290
1.021361
1.100004
1.052165
1.065492
1.193663
1.040164
1.179181
1.045692
1.209659
1.235973
1.205413
1.086241
1.105418
1.057757
1.110024
1.118355
1.029940
1.154725
1.148100
1.086932
1.136822
1.137862
1.088409
1.116191
1.181613
1.065505
1.082503
1.184522
1.113727
1.075407
1.162858
1.069200
1.273131
1.252032
1.080895
1.132226
1.228863
1.276881
1.210841
1.079391
1.092735
0.970951
1.132812
1.091522
1.075499
1.154251
1.109332
1.204546
1.143998
1.065910
1.127885
1.122424
1.059403
1.159011
1.069269
1.062450
1.109429
0.942436
1.203651
1.089145
1.083585
1.086004
1.076352
1.044344
1.213703
1.187995
1.189870
1.255750
1.135743
1.120956
1.124325
1.135708
0.998155
1.061010
1.102996
1.054668
1.253553
1.114399
1.080325
1.074949
0.992169
1.081634
1.319185
1.158607
1.140825
1.091415
1.185165
1.120225
1.044746
1.048552
1.170550
0.986891
1.053415
1.079927
1.148411
1.171510
1.001015
1.214946
1.079027
0.994509
1.131294
1.112615
1.090479
1.056445
1.073704
1.141787
1.092749
1.056349
1.121570
1.075133
1.046068
1.163479
1.131002
1.071194
1.105178
1.139369
1.057737
1.101358
1.127109
1.131522
1.165080
1.079063
1.167898
1.198193
1.060256
1.042406
1.028850
1.098391
1.007210
1.059112
1.060220
1.245658
1.081896
1.085973
1.089244
1.156435
1.067403
1.130415
1.240495
1.044430
1.102057
1.058402
1.096780
1.098448
1.065963
1.106395
1.140259
1.142161
1.109519
1.085904
1.104257
1.060468
1.143170
1.106778
1.217450
1.179988
1.094600
1.132003
1.026544
1.129130
1.131645
1.157719
1.009108
1.145920
1.012096
1.096645
1.027040
1.025633
0.954473
1.043551
1.094392
1.101661
1.169311
1.079885
1.034013
1.048270
1.123629
1.110812
1.124263
1.098095
1.046327
1.172422
1.139594
1.026596
1.122690
0.963555
1.036925
1.112450
1.190001
1.032476
1.055515
1.029997
1.147543
1.163558
1.033806
1.017479
1.168187
1.090095
1.090342
1.169078
1.161213
1.133787
1.060132
1.263588
1.186097
1.166583
1.118577
1.026625
0.997418
1.034585
1.124484
1.097743
1.002543
1.106638
1.073672
1.060954
1.093412
1.000274
1.063891
1.157819
1.171603
1.119492
1.049595
1.121294
1.068354
0.954506
0.964649
1.006776
1.035308
1.005059
1.060537
1.125523
1.049567
1.015053
0.993843
1.174012
1.217263
1.085837
1.048997
0.971046
1.064533
1.075021
1.063695
1.047787
1.079916
1.070987
1.047253
1.164086
1.132588
1.132045
1.108073
1.018327
1.125048
1.135106
1.055893
1.014498
1.102710
1.020488
1.066780
1.154889
1.126121
1.177395
1.046156
1.021273
1.066519
1.102949
1.125812
1.048286
1.041156
1.131594
1.105694
1.068666
1.084948
1.084526
1.071255
1.177746
0.993458
1.221385
1.066244
1.136434
1.105018
1.026879
1.200650
1.220200
1.106833
1.123757
1.101665
1.124238
1.137805
0.972324
1.125450
1.147264
1.144083
1.047290
1.017160
1.141934
1.173517
1.125861
1.117962
1.056396
1.112764
1.104621
1.061922
0.992348
1.061781
1.043711
0.980240
0.976139
1.091146
1.082372
1.031971
1.091623
1.118811
1.104811
1.028869
1.074106
1.080836
1.109405
1.096378
1.057043
1.172605
1.167069
1.059900
1.244770
1.034662
1.095264
1.091472
1.167758
1.066563
1.121369
1.123288
1.002595
1.072845
1.055625
1.054422
1.174150
1.067359
1.270906
1.078145
1.150655
1.081842
1.127730
1.057698
1.131365
1.307364
1.047542
1.117497
1.068636
1.141001
1.125587
1.099122
1.003390
1.072517
0.997838
1.099633
1.095846
1.023171
1.020110
0.916652
1.141716
1.044313
1.032904
1.179898
1.089762
1.070711
1.079335
1.040347
1.052396
1.084710
1.105706
1.067229
1.086649
1.072873
1.033917
1.111450
1.059134
1.067200
1.081942
1.130955
1.171360
0.980626
1.027224
1.048859
1.123979
1.090813
1.119146
1.077940
0.996538
0.946908
1.061993
1.031886
1.127656
1.127826
1.158704
1.047533
1.047740
1.025855
1.038868
1.100665
1.198376
1.080959
1.006617
0.995283
0.989185
1.094427
1.094063
1.051172
1.079553
1.066760
1.097243
1.094215
1.064179
1.109310
1.020339
0.999932
1.019003
1.144912
1.153934
1.036512
1.073300
0.983720
0.983612
1.011018
1.075240
1.002921
1.039872
1.138083
1.077640
1.030462
1.197103
0.991154
1.010369
1.009265
1.053121
0.971005
1.057163
1.034432
1.149370
1.012305
1.143728
1.063669
1.180430
0.990353
1.061321
1.136036
1.014450
1.115221
1.023644
1.029921
1.060094
1.096811
1.146737
1.057157
0.998994
1.070889
1.071458
1.095413
1.074339
1.055447
1.019522
1.059862
1.121566
1.150641
1.121531
1.004782
1.004333
1.022282
1.055234
1.098936
1.086729
1.048658
1.085557
0.976883
1.170742
0.925431
1.155408
1.084412
1.033389
1.100504
1.160941
1.072411
1.122360
1.029650
0.993569
1.046279
1.104650
1.056793
1.045506
0.956879
1.036966
1.108874
1.003287
1.020873
1.025371
1.058107
1.069675
1.144333
1.058924
1.022537
1.043811
1.057283
1.024409
1.003792
1.009876
1.004346
1.081361
0.994834
0.977343
1.081212
1.024508
1.004228
1.040277
1.106432
1.062004
0.998406
1.048702
1.055566
1.157814
1.123250
1.166986
1.071621
1.125390
0.933135
1.076900
1.076771
1.128594
1.024567
1.098097
1.201692
1.012025
1.156522
1.120185
1.163233
1.063371
1.038486
1.083216
1.047374
1.212441
1.185157
1.021445
1.164900
1.137588
1.116788
1.122354
1.049127
1.114321
1.018729
1.122185
1.053731
1.115637
1.198194
0.959592
1.015356
0.956599
0.957717
1.132890
0.979505
1.021094
1.117623
1.054205
1.081430
1.007430
1.052219
1.065244
1.060460
1.107970
1.101784
1.064802
1.061564
1.171294
1.017197
1.064796
1.206672
1.087099
1.134140
1.023829
1.170590
1.039868
0.987469
1.034206
1.048212
1.003819
1.043792
1.082544
1.027820
1.011505
1.062636
1.031294
1.010037
1.032455
1.051903
1.024028
1.078499
0.976873
1.029784
1.054392
1.002987
1.116277
1.047472
1.076355
0.957357
1.026949
1.049740
1.094571
1.061287
1.067805
0.956946
1.026102
0.956846
1.050954
1.147956
0.995483
1.028138
0.988654
0.983606
1.000191
1.078887
0.998558
1.079102
1.047569
1.049402
0.990760
1.102600
1.158723
0.977033
1.082738
1.072163
1.065632
0.967611
1.225554
1.060785
1.117267
1.096446
1.091690
1.141690
1.021121
1.056230
1.033272
1.138235
1.071256
1.007926
1.119302
1.089690
1.091486
1.091076
1.061834
0.998867
1.079960
1.007775
1.082716
0.993749
0.996643
1.057724
1.074015
1.076453
1.011366
1.090098
1.032206
1.158800
1.100776
1.032340
0.974483
1.026093
0.997182
1.000796
1.047978
1.039910
1.135271
1.058849
1.061006
1.056861
1.054416
0.985241
1.094005
1.008148
0.932861
1.055024
0.970468
1.054765
1.059975
1.150444
1.055039
1.110445
1.028821
1.009086
0.955597
1.100984
1.075028
1.086594
1.035603
1.179073
1.039334
0.967411
1.009772
1.024943
1.193425
1.111488
0.948554
1.061287
1.101557
1.041891
1.036270
1.106244
1.136385
1.050001
0.925657
1.018011
1.041083
1.016708
0.917926
0.992972
1.066854
1.178073
1.071457
0.999188
1.147464
1.058835
1.216455
1.089301
1.132389
1.064811
1.122140
1.153511
1.130149
0.992216
1.044488
1.004521
1.051164
1.040421
1.104137
0.946060
0.960757
1.124380
1.030507
1.057626
1.030902
0.984078
1.118781
1.078122
1.061401
1.085130
1.121906
1.035266
1.013753
1.089002
1.081893
1.136017
1.136167
1.034503
1.022774
1.104608
1.060855
1.058834
1.057678
1.031646
1.057086
1.123380
1.242042
0.964217
0.998658
1.031444
1.003163
1.012365
1.133662
1.015175
1.092416
1.042259
1.032480
1.081884
1.043627
1.075464
0.971337
1.021622
0.949479
1.008222
1.020856
1.125184
0.985408
1.007215
0.984868
0.903466
1.090627
0.987527
1.032665
1.149424
1.010095
1.032585
1.059721
1.025532
1.009071
1.149514
0.970452
1.049771
1.060124
1.043379
1.088605
1.059862
1.009817
0.999215
0.923913
1.073545
1.014933
1.066159
1.116890
1.002063
1.004593
1.074255
1.096574
1.003366
1.006430
1.094477
1.149728
0.958813
0.978047
1.051519
1.084327
1.013484
1.025991
0.980757
1.057518
1.088271
1.012769
1.033145
0.976875
1.041903
0.930154
1.160702
1.033689
1.004358
1.034105
1.049214
1.057513
1.005606
0.963437
0.998429
1.112483
1.063981
1.014466
1.036911
1.085871
1.148146
1.054689
0.984481
0.980160
1.080022
1.058713
1.002963
1.015860
1.022853
1.045463
1.122748
0.983020
1.017459
0.909785
0.968978
1.068671
0.965165
1.114908
1.035607
1.082151
1.020242
1.121361
1.027745
1.002685
1.059615
1.099943
1.049878
1.124714
0.963498
1.012487
1.013934
1.019882
1.102755
1.007584
0.945734
0.997950
0.998314
1.075817
1.030640
1.031639
1.040443
1.094905
1.084830
1.072425
1.026406
1.066868
0.954487
0.953714
0.959158
0.976634
1.034587
1.131234
0.998882
0.958892
0.943476
1.006674
1.060871
1.055253
1.006522
0.995068
1.040249
0.965357
0.975898
1.111561
0.937022
0.988725
0.978153
1.032026
0.988148
1.011972
1.033599
1.021034
1.041904
0.954008
1.074509
1.083398
0.989947
1.016183
1.090087
1.036169
0.998680
1.028457
0.952963
1.099143
1.061555
1.033310
1.123922
1.075710
1.121452
1.109003
1.038556
1.046829
1.094124
1.063197
0.953367
1.019872
0.985781
1.013719
1.088760
1.131416
1.007736
1.113263
1.031640
1.009494
0.962298
1.045483
0.992794
1.058013
1.090345
1.177895
1.053197
1.019285
1.018300
1.067230
1.128230
1.013356
1.147177
0.965159
1.017826
1.120467
0.948102
1.088550
1.049518
1.112193
0.957626
0.963271
1.143681
0.919752
1.072957
1.101300
0.964025
1.053007
1.026495
1.018864
0.901427
1.094713
0.928945
1.014696
0.991517
1.065741
0.954525
0.958866
1.088900
1.042812
1.080245
1.087924
1.127826
1.048838
0.940808
0.955040
0.961474
1.012700
1.060031
1.104970
1.015967
1.074017
1.086091
1.110098
1.042531
0.944446
0.902831
0.928903
1.079422
1.075012
0.979837
0.968770
1.126335
1.100878
1.066904
1.034310
1.184136
1.124652
0.997047
0.992473
1.024059
1.030645
1.063981
1.033901
1.005838
1.035585
0.970757
1.128959
1.079867
0.994047
1.093766
0.964334
0.975966
1.061330
0.972492
1.113098
1.069944
1.083301
1.047128
1.115779
1.064726
0.951990
1.033860
1.034040
1.076512
1.093618
1.151411
1.076751
1.080397
1.109792
0.987250
1.049590
1.053017
1.006567
0.976884
1.009042
1.104370
1.029588
0.995513
0.939371
1.051943
1.094717
1.015393
1.036489
1.054539
1.054892
0.966803
0.989666
0.963766
1.002464
0.989650
0.949031
0.960964
0.983261
1.001954
1.197300
1.036238
1.034914
1.081467
1.088223
1.081417
0.983107
1.033706
1.031107
1.008822
1.032387
1.048185
0.988451
0.981604
1.037929
1.003730
1.008337
0.946843
0.992512
1.072348
0.961941
1.023738
0.973993
1.102666
0.977159
0.986874
1.086406
0.959084
0.954036
1.011417
1.008659
0.982152
1.110170
1.030267
0.956014
0.954143
0.982319
1.074414
1.029238
1.029629
1.044607
1.054613
0.991240
1.088130
0.930077
0.969969
1.233366
1.041141
0.962284
1.046017
1.226337
1.101325
1.067301
0.893134
1.005052
0.938539
0.890216
0.970297
0.977958
1.084093
1.077334
0.969860
0.954820
0.946119
0.965090
1.041042
1.095430
1.005500
0.997001
1.019796
1.038239
1.048781
0.948212
0.962562
0.942969
0.995778
0.982336
0.942768
0.938920
0.947060
0.966383
1.007070
0.986665
0.988174
0.923646
1.032576
0.984195
1.037170
0.992229
0.936836
1.008052
0.963559
0.952847
0.907554
0.940384
1.024105
0.979876
1.016001
1.024084
0.976396
1.040168
0.985779
1.223873
1.019278
1.005314
0.954891
1.021333
1.018205
1.114581
0.974184
1.059506
1.058574
1.020183
1.024334
1.015127
0.970284
0.970980
1.122088
1.004911
1.006057
0.960483
1.047765
1.123667
1.104652
0.925329
1.007524
1.010049
1.032577
0.888626
0.968662
1.071751
1.071615
1.030519
0.908781
0.982220
0.995043
1.035661
1.039677
0.961666
1.047617
1.005805
1.004734
1.114501
1.022632
0.977537
1.033310
1.056445
1.043853
1.040749
0.997071
1.038542
1.062560
0.967255
0.991481
1.045904
0.990015
1.015815
0.944835
0.960889
0.905471
0.984965
1.119206
0.966061
0.991120
1.056483
1.016489
1.095235
0.948846
0.963112
0.989802
0.985908
1.038335
0.985409
0.943643
1.008670
0.948614
1.018445
0.957721
1.029584
0.990752
0.982025
0.974408
0.973294
1.011873
1.051810
1.022507
1.006118
0.950081
1.119956
0.939780
0.977670
1.045222
1.008812
0.999169
0.957500
1.028122
1.068705
0.948058
1.026753
1.033449
1.043997
0.898219
1.080405
1.059340
1.077414
1.094300
1.021423
0.987796
0.975411
0.903109
1.088014
1.012951
1.046876
0.973207
1.055034
1.003758
0.970681
1.109516
0.964371
0.993616
1.080482
1.023682
1.124290
1.045296
0.975858
0.983482
1.065572
0.957530
0.991961
1.052995
1.045815
0.989657
1.083675
0.936447
0.968637
0.975074
1.040597
0.942254
0.978316
0.949363
0.962267
1.040047
1.022880
0.961518
0.965708
1.116499
0.941735
0.982249
1.019379
1.058763
1.042838
1.010740
0.949190
0.989597
0.967017
1.079118
0.967239
1.013186
0.979716
0.905649
0.981892
1.046138
1.051017
0.995473
1.009296
1.100483
0.970728
0.994025
1.030854
0.972497
1.037800
0.957629
0.926401
1.062310
0.994828
1.042374
1.161051
0.941271
0.915734
0.918996
1.035390
1.001707
1.010084
1.039914
1.047645
0.959884
1.094304
0.973606
0.991364
0.929451
1.016442
0.993456
1.026671
0.923840
1.000647
1.067018
1.104342
0.939674
0.978133
0.983111
1.100561
1.024657
1.015619
1.140733
1.022435
0.930171
0.936877
1.061110
0.956534
1.002708
1.089433
0.979557
1.045243
1.007537
1.056483
0.963701
0.967595
0.979845
0.990760
0.928717
1.031929
0.954434
1.117650
1.004341
1.014905
1.062470
1.007287
1.002684
1.074732
1.003311
0.922066
1.063839
1.039629
1.039017
1.033572
0.979896
0.966916
0.987212
0.920289
1.000411
0.965972
0.971758
0.989799
1.000141
0.962507
1.042625
1.068210
1.069432
1.052989
0.979093
0.963697
1.063950
1.119909
0.994133
1.075778
0.968350
1.017159
1.097886
0.986638
1.019865
1.083315
1.032681
1.036459
1.049220
1.015727
1.002964
0.973098
0.992251
1.032256
1.051598
1.089317
1.125557
1.059006
0.946031
1.005344
0.937398
1.050120
0.994627
1.120781
1.025230
0.967069
1.010710
1.149003
1.081556
0.995623
0.939186
0.977501
0.963530
0.920659
0.974135
1.014318
1.010773
1.106492
1.050496
0.984586
1.039894
0.974559
0.962609
0.974042
0.979022
0.958586
0.982021
1.012539
1.072018
0.892646
0.972966
1.004987
0.920034
0.966513
1.017482
0.989459
1.014533
0.945972
1.053799
0.948181
0.931263
0.920430
0.963113
0.964089
0.927780
1.098650
1.067433
0.998771
1.070430
0.940973
1.067933
1.001584
0.996911
1.049417
1.023713
0.976505
1.044998
1.022302
0.947721
0.982535
1.010398
1.032120
1.047249
0.967762
0.991776
0.978059
0.905211
0.974834
0.968988
0.988341
0.886546
0.965514
0.882151
0.984544
0.954570
1.097175
1.055521
1.009688
0.885951
0.953434
0.875122
0.908432
0.849354
0.930326
0.998790
0.996746
0.969715
0.915636
0.934287
1.004742
1.007072
0.989753
0.910335
0.985696
0.879039
1.025252
0.952408
1.023124
1.086384
1.033946
0.988238
0.948540
1.038130
1.041776
0.949484
0.953985
0.911214
1.003781
1.085708
0.961546
0.936055
1.011546
1.065691
1.000193
1.007164
0.974546
1.116890
1.101795
0.933459
1.043048
1.014308
0.877033
0.988041
0.989521
0.955406
0.934418
1.000581
0.919822
0.978525
0.964529
0.927885
1.023128
1.052167
1.002932
1.022966
0.995716
1.056805
1.023817
1.051760
0.934373
1.010613
1.017339
0.924515
1.008363
0.906560
1.010269
0.928711
1.005798
0.946269
0.859855
0.904215
0.935299
1.080602
0.955701
0.886633
0.959866
1.028301
0.926791
0.946921
0.974147
0.946742
0.982666
0.941782
1.017720
0.963859
0.893239
1.012641
0.973234
1.026231
0.988952
0.980165
0.919384
0.980833
0.996975
0.949420
1.013341
0.981332
0.975995
0.963200
0.975585
1.069065
0.962178
0.913569
0.952530
0.927094
1.119116
1.089987
0.912988
1.089125
1.030819
0.959503
1.000809
0.955692
0.934467
1.005864
0.974212
0.991525
0.962522
0.951900
0.935245
0.952576
1.106368
1.023744
1.003069
1.031738
1.082496
0.918413
1.004850
0.978603
0.979977
1.051196
1.076322
0.974950
0.925417
1.067190
0.952626
1.141951
1.061327
0.968140
1.022943
1.010826
1.044751
0.960665
0.944462
0.904442
0.917573
0.921463
1.041369
0.986501
1.017707
0.918666
0.901059
0.916917
1.127971
1.120313
1.005226
1.058649
0.959061
1.015069
0.967258
0.945695
0.967584
0.922513
0.898266
1.026670
1.056397
0.935781
0.959022
1.115744
0.877295
0.989899
0.996590
0.941018
1.050433
0.956505
1.018093
0.927719
0.968062
1.054128
0.943526
1.001918
0.987099
1.008867
0.935533
1.025841
0.997610
1.047768
0.959775
0.912371
0.899206
0.997212
0.908480
0.876057
0.952695
0.985787
1.016545
1.040131
0.997617
1.100012
0.962064
0.940817
1.039906
0.958778
0.908105
0.918758
1.027995
0.901067
0.965907
1.020047
0.952291
0.902764
0.951843
0.950658
0.942749
0.986723
0.998751
1.004603
0.979012
0.977363
1.108802
0.969526
1.013700
0.955429
1.071766
1.008951
1.059364
0.946683
0.975140
0.999816
0.899482
0.959512
0.936689
0.933945
0.942065
1.006408
1.006483
1.137170
1.026852
0.892651
0.990217
1.059157
0.984740
0.885325
0.981612
0.955470
0.960840
0.947702
0.938293
0.962184
0.850271
1.116156
0.933817
1.041269
1.022594
0.951848
0.953651
1.018602
0.958188
0.979649
1.047567
0.922791
0.975166
0.937771
0.953710
0.916452
1.018172
0.986032
1.115773
0.917099
1.092891
0.916915
0.990510
0.955457
0.977974
0.917110
1.005546
0.918808
0.971877
0.880724
0.939325
0.929743
0.932483
1.004004
0.968096
0.964122
0.975298
1.004707
0.898030
0.972152
0.966194
1.000708
0.982668
0.850666
0.970835
0.910897
1.042111
0.943974
1.073426
1.084430
0.849382
1.010913
1.006529
0.931962
0.941236
0.973475
1.085854
0.930527
0.924576
0.981715
0.904302
1.064896
0.927269
0.984064
0.952651
0.964927
0.940177
0.899201
0.920566
0.918460
0.987563
0.911142
0.917259
0.939507
0.942291
1.006282
0.940514
0.939726
0.958946
1.030280
0.952126
0.983331
0.998902
0.874250
0.906465
0.957640
0.905655
1.009830
0.943944
0.923044
0.906468
0.974591
0.952307
0.945128
1.007408
0.993447
0.974147
0.967500
0.959877
0.951040
0.950398
1.087244
0.966357
0.972005
1.054647
1.062683
1.011888
0.957860
1.040729
1.009711
0.991037
1.020555
1.008211
0.957214
1.029626
1.021487
0.955126
0.978195
0.918045
0.983877
0.899322
1.024076
1.005370
1.022320
0.942559
0.939350
0.943714
0.986941
1.083156
1.051303
0.914493
0.977470
0.890090
0.991623
0.986330
0.945989
0.948565
0.976125
0.899934
0.901057
1.015149
0.862921
0.976698
0.974768
0.921979
1.006971
1.042571
1.040130
0.923316
0.958076
0.925226
0.882882
1.012041
0.970711
0.962200
0.920671
0.955824
1.002363
1.039074
0.983003
0.937170
0.896152
0.893474
1.026116
0.919251
0.918602
0.973347
1.008591
0.944014
0.970731
1.014375
0.915144
0.963968
0.911494
1.053315
0.971583
1.018745
0.955968
0.994122
0.945421
1.033042
0.950308
0.909477
0.963449
0.984757
1.036915
0.945728
0.967963
1.021692
0.946274
0.957065
1.023449
0.977154
1.003129
0.937050
1.041530
0.952445
1.008202
0.894375
0.984305
0.996654
1.004954
0.977156
0.990153
0.944211
0.930005
1.014855
0.969206
0.809606
0.998403
0.993672
0.890420
0.891170
1.054687
0.922031
0.999178
1.001414
0.954014
0.994664
1.062999
0.915601
1.081220
0.980354
0.935018
0.892398
0.970198
0.907938
0.929411
0.991143
0.938929
0.980439
1.056200
0.997326
0.904431
0.907256
0.972237
0.921135
0.960898
0.938806
0.939959
0.916633
1.013800
0.909772
1.038077
0.998967
1.040633
0.953218
0.961510
0.990987
1.002239
0.917277
1.000723
0.924825
1.043251
1.013691
0.923449
0.860354
1.010815
1.031847
0.889355
0.953867
0.911052
0.883388
0.874851
0.948023
0.936882
0.941667
0.943986
1.032968
0.918643
0.932608
0.943752
0.973503
1.051905
0.952652
1.014333
1.047131
0.945128
0.923572
0.974367
0.995832
0.933335
1.042869
1.011839
1.046918
0.933671
0.959545
0.932362
0.911256
0.879813
1.064185
1.079108
0.926860
0.919497
0.963983
0.989617
0.968119
0.961754
1.050946
0.925768
0.942521
0.975135
0.905479
0.930446
1.005007
0.892813
0.965085
0.923715
0.908151
0.990446
1.002141
0.986898
1.016319
0.933097
0.987254
0.975397
0.948853
0.955147
0.976963
1.030549
0.938920
1.004729
1.000553
0.999941
0.929315
1.036752
0.987153
0.991342
0.881942
0.982488
1.009856
0.937442
0.977949
0.988444
1.096610
0.935629
1.015824
0.961270
0.922690
1.058245
0.853966
0.863237
1.068962
0.989581
0.912728
1.003669
0.975058
0.980833
1.091702
0.926117
0.929889
1.005140
0.920413
0.975343
0.920744
0.909635
0.994283
0.919135
1.030600
1.043336
0.903293
0.938535
0.934210
0.977338
0.945371
1.004063
0.893847
0.876059
0.945750
1.046031
0.980433
0.921553
0.943460
0.894474
0.955213
0.974193
0.897575
0.912944
0.958572
0.955746
0.938409
0.932244
0.955238
0.893246
0.943429
0.990677
0.960611
1.025235
1.055935
1.052564
1.018488
0.923177
1.000896
0.950953
0.967565
1.106163
0.980502
0.985438
1.056770
0.900101
1.038908
0.926450
0.908847
1.034937
0.886229
0.973148
0.969557
0.930633
0.921916
0.903798
0.861212
0.901761
0.966622
0.882609
0.966625
0.871236
0.983810
0.927661
1.028544
1.011552
0.910978
0.900177
0.954961
0.930606
0.877044
0.992325
0.898586
0.918154
1.070220
0.960924
0.891239
0.917035
0.929388
0.819286
0.916410
0.926937
0.883581
0.962930
0.995453
0.940017
0.897758
0.834181
0.925652
1.044558
1.016158
0.905361
1.014750
0.861711
0.926944
0.958801
0.960958
0.869817
0.895209
0.852035
0.893858
0.958172
0.931664
1.102695
0.848225
0.945325
1.010314
0.981587
1.018315
0.914627
0.930605
0.863373
0.928692
0.969557
0.914111
0.877801
1.044300
0.865752
0.909888
0.912905
0.900290
0.957879
1.004372
0.985900
1.006840
0.941678
1.028123
1.015375
0.875618
1.050166
0.931614
0.899927
0.954174
0.906220
0.852275
0.959401
0.945821
0.928268
0.958983
0.900588
0.998083
0.936080
0.954783
0.894101
0.964694
0.950194
1.016688
1.035498
0.902567
0.930239
0.895560
0.874640
0.931748
0.928091
0.972547
0.964993
0.958131
0.916382
0.868196
0.839888
0.979562
1.079746
0.964940
1.030704
0.934695
1.013971
0.939978
0.863199
0.969931
0.927193
1.061721
0.968962
0.958918
0.940451
0.953966
0.933547
0.832240
0.969276
1.012403
1.007153
0.924980
0.863962
0.923224
0.914822
1.027865
0.987951
1.027667
0.938119
0.943331
0.859872
0.946527
0.974324
0.921979
0.917848
0.879072
0.900486
0.992899
0.936526
0.926720
0.863863
0.963799
0.956433
0.923989
0.922977
0.901269
0.924381
0.861657
0.999428
0.978209
1.022856
0.959824
0.958927
0.942742
0.973847
0.992992
0.897478
1.023537
1.015804
0.979267
1.094867
0.900418
0.942004
0.955547
0.879038
0.964170
0.953411
0.983573
0.894384
0.828942
0.850088
0.856224
0.934490
0.933365
0.945022
0.930852
0.902331
0.883628
1.019732
0.936930
0.984352
0.906182
1.007578
0.914878
0.974180
1.019602
0.936390
0.993606
0.945866
0.890632
1.028830
1.064528
0.872828
0.994622
0.942625
0.959051
0.912156
0.897743
0.876566
1.048252
0.892894
0.833628
0.963558
1.027466
0.935542
0.996444
1.056192
0.944292
1.027566
0.872939
0.918397
0.992181
0.915145
1.059228
0.965331
0.994345
1.033973
0.871315
0.899000
0.939170
0.943256
0.883541
0.985487
0.959261
0.980349
0.916025
1.004600
0.981519
0.964891
0.932789
0.922769
0.955183
0.913778
0.874844
0.884956
0.936459
0.882478
0.951820
0.918180
0.929147
0.928648
0.932076
0.955409
0.950751
0.933550
0.961256
0.984217
0.918112
0.955601
0.960299
0.913826
0.953027
0.932302
0.987056
1.017594
0.986025
0.995438
0.968752
0.949124
0.863509
0.914409
0.929789
0.932752
0.857252
0.886127
0.930281
0.878551
0.926085
0.904163
0.953931
0.913679
0.920888
0.992590
0.898423
0.906941
0.917157
0.951040
0.988436
0.929890
0.929913
0.907676
1.076839
0.993665
0.870559
0.929342
0.944447
0.890599
0.914236
0.937324
0.863726
0.969477
0.868304
0.962701
0.924718
0.878850
0.969395
0.890334
0.866882
0.920446
0.922086
0.973167
0.963299
0.911798
0.951165
0.983623
0.938814
1.061646
0.910324
0.849093
1.020388
0.925559
0.922897
1.005654
0.938748
0.935689
0.899817
0.865325
0.925951
0.904710
0.929881
0.880954
0.944211
1.035380
0.915717
0.971159
0.918551
0.940599
0.911157
0.946911
0.941410
0.948205
0.992478
0.997108
0.955679
0.881430
0.959166
0.982750
1.041947
0.889390
0.933002
0.947452
0.949685
0.835676
0.963182
0.855443
0.911432
0.941547
0.927211
0.888807
0.817367
0.950825
0.886866
0.875690
0.879995
0.950598
0.853094
0.925679
0.900740
0.934468
0.905327
0.954057
0.937045
0.880605
0.944717
0.923528
0.942881
1.044294
0.899369
0.873310
0.963350
0.832595
1.018474
0.913924
0.860652
0.930551
0.962816
0.903778
0.990908
0.856484
0.915726
0.941026
0.940827
1.034670
0.902639
0.937375
0.881813
0.916966
0.890592
1.029432
0.813790
0.944251
0.897496
0.937343
0.906630
1.023507
0.965603
0.897813
0.887313
0.928478
1.006441
0.939890
0.873690
0.890427
0.931652
0.962400
0.885854
1.018310
0.915415
1.009764
0.931990
0.897268
0.905867
0.868223
0.836225
0.913393
0.900782
0.985908
0.882136
0.918850
0.907976
0.950714
0.972936
0.981940
0.975304
0.917022
0.945068
0.916000
0.924628
0.894686
0.848605
0.953527
0.927190
0.949622
0.937294
0.980211
0.966223
0.960783
0.959034
0.919760
0.920410
0.941041
0.900762
1.001626
0.953178
0.944063
0.994913
1.008236
0.931684
0.913295
0.883225
0.976815
0.839726
0.952351
0.860262
0.852396
1.004631
1.004804
0.911737
0.871284
0.948767
0.861396
0.959595
0.912650
0.866417
0.896544
0.910956
0.892617
0.884527
0.878970
0.988248
0.890316
0.951886
0.913476
0.918836
0.865641
0.935623
0.910873
0.972759
0.850129
0.858153
0.875243
0.902100
0.856936
0.981474
0.907718
0.911605
0.876428
0.908433
0.926552
0.897634
0.936057
1.043770
0.919840
0.900582
0.891048
0.891556
0.917299
1.018657
0.875657
0.890771
0.928758
0.908638
0.927222
0.997865
0.932949
0.950742
0.867654
0.987423
0.915079
0.884371
0.985049
0.933872
0.862806
0.943199
0.883092
0.944034
0.974150
0.863551
0.966946
0.934019
1.014150
1.001167
0.856264
0.948046
1.059778
0.926895
0.900341
0.894233
1.075552
0.789366
0.944830
0.930002
1.005453
0.858805
0.871957
0.913148
0.907527
0.904526
0.966587
0.895957
0.916470
0.916652
0.939430
0.926108
0.958900
0.947241
0.878608
0.931947
0.862197
0.902275
1.059322
0.858036
0.991837
0.921175
1.011598
0.939095
0.889153
0.933382
0.916686
0.938329
0.944469
0.970204
0.956558
0.873117
0.945054
0.930971
0.904113
0.915732
0.897342
1.017789
0.961430
0.989973
0.960618
0.902926
0.851600
0.927932
0.842984
0.893225
0.938930
1.036591
0.865083
0.985499
0.975845
0.993666
0.937805
1.013592
0.915173
0.951299
0.915422
0.941740
0.887435
0.832580
0.961973
0.958860
0.867712
0.955536
0.922362
0.953006
0.846819
0.939940
0.924872
0.919457
0.883321
0.979858
0.919194
0.834255
1.013024
0.924973
0.970730
0.947706
0.966957
0.881567
0.915019
0.888378
0.943152
0.880936
1.005378
0.901080
0.932503
0.912702
0.917064
1.033140
0.871188
0.915610
0.869718
0.971868
0.930673
1.004805
0.842273
0.896094
0.903414
0.981425
0.876410
0.849823
0.889058
0.936011
0.958271
0.932711
0.913324
0.875594
0.966246
0.977360
0.936468
0.859675
0.919312
0.933328
0.886159
0.871018
0.942472
0.977753
0.883271
0.968845
0.926388
0.932660
0.997129
0.848279
0.915036
1.014666
1.073968
0.942442
0.896627
0.866869
0.963039
0.976848
0.894942
0.930175
0.891919
0.856319
0.929318
0.938579
0.927767
0.849636
0.888806
0.944546
0.871370
0.932644
0.872437
0.862968
0.986365
0.908521
0.892609
0.901457
0.916658
0.856375
0.904548
0.888847
0.850242
0.854831
0.868298
0.938053
0.888191
0.900687
0.878541
0.910175
0.925058
0.909061
0.973145
0.957071
1.024298
0.846613
0.973001
0.839054
0.997447
0.941776
0.936200
0.870171
0.849940
0.922434
0.959794
0.846756
0.897193
1.016291
0.852071
0.903701
0.851921
0.866098
0.892899
0.923203
0.908720
0.895519
0.972966
0.882692
0.917307
0.837403
0.901829
0.869850
0.873301
0.873778
0.865515
0.905522
0.898354
0.874397
0.881895
0.861886
0.828416
0.851406
0.918647
0.873432
0.933389
0.846367
0.898307
0.924215
0.899832
0.998337
1.007810
1.048862
0.928905
0.896677
0.928192
0.884754
0.927690
0.866984
0.872330
0.791672
0.883534
0.838946
0.844322
0.926802
0.935225
0.882876
0.897502
0.877683
0.838469
0.886324
1.049285
0.916752
0.872126
0.916992
0.980388
0.915841
0.911522
0.789248
0.914644
0.857819
0.853177
0.912872
0.902966
0.892795
0.969728
0.944373
0.946865
0.934124
0.952214
0.886958
0.932191
0.921564
0.893370
0.937602
0.887296
0.890872
0.842681
0.927097
0.965675
0.981158
0.895320
0.870022
0.919542
0.888041
0.922838
0.830645
0.958509
0.891661
0.908748
0.844715
0.939034
0.869578
0.824570
0.891360
0.907521
0.885174
0.913288
0.838323
0.947738
0.979524
0.831951
0.834631
0.917900
0.895654
0.839924
0.861902
0.865548
0.955334
0.927131
1.012059
0.918866
0.944462
0.861751
1.030187
0.928258
0.909526
0.886811
0.853187
0.817413
0.957089
0.894820
0.934152
0.852317
0.937245
0.874675
0.905657
0.843806
0.939458
1.000469
0.887202
0.843511
0.880946
0.948367
0.904366
0.890446
0.847645
0.928555
0.908424
0.910688
0.916773
0.865868
0.905957
0.928963
0.911389
0.775616
0.925054
0.854495
0.920846
0.868104
0.849514
0.853569
0.928187
0.837700
0.816844
0.870772
0.881261
0.836993
0.894850
0.871002
0.892976
0.923622
0.905152
0.895970
0.869028
0.885119
0.847920
0.860649
0.869005
0.921495
0.907926
0.881606
0.944021
0.884066
0.959823
0.912193
0.884779
0.917254
0.867968
0.920342
0.984405
0.899255
0.904621
0.885713
0.997148
0.880567
0.873224
0.870741
0.905790
0.874502
0.924221
0.847554
0.875103
0.936681
0.862193
0.908426
0.870182
0.947564
0.987248
0.879895
0.961734
0.905594
0.845553
0.962090
0.873052
0.807242
0.923300
0.936601
0.919649
0.941710
0.874465
0.826748
0.883684
0.887398
0.929558
0.914959
0.923919
0.920333
0.889305
0.935576
0.957056
0.931776
0.842902
0.895643
0.965933
0.899791
0.893233
0.850303
0.922247
0.894885
0.882324
0.915138
0.967210
0.895007
0.890235
0.908209
0.973136
0.852694
1.013935
0.878381
0.962523
0.867899
0.866884
0.962977
0.956177
0.906739
0.893797
0.905436
0.927704
0.892604
0.889950
0.834804
0.864110
0.970265
0.904287
0.885505
0.867556
0.900111
0.890674
0.948187
0.971561
0.965762
1.010887
0.891606
0.864258
0.911288
0.883234
0.935207
0.918207
0.944355
0.902560
0.945625
0.881077
0.871746
0.830937
0.904538
0.861268
0.903320
0.983688
0.905211
0.877011
0.950176
0.951124
0.879130
0.880438
0.907592
0.839905
0.909506
0.942088
0.878372
0.907949
0.884454
0.898413
0.797945
0.891903
0.942545
0.850513
0.889812
0.820331
0.958725
0.951186
0.911281
0.841999
0.941046
0.920332
0.923172
0.866838
0.874896
0.925891
0.890793
0.949192
0.923675
0.902427
0.841894
0.876787
0.895711
1.017875
0.857864
0.910054
0.959072
0.936822
0.983043
0.900072
0.846793
0.868260
0.866583
0.842028
0.926942
0.937850
0.925506
0.892831
0.848008
0.905204
0.886767
0.958250
0.911099
0.818879
0.890831
0.856653
0.823008
0.853498
0.899256
0.958556
0.809198
0.830799
0.927879
0.893952
0.841993
0.845065
0.841083
0.873933
0.878650
0.849186
0.891514
0.849267
0.922616
0.867409
0.926925
0.863542
0.806304
0.877399
0.871947
0.944440
0.927883
0.855165
0.898009
0.898012
0.860034
0.930596
0.907165
0.844954
0.967552
0.859619
0.924871
0.908771
0.914871
0.855815
0.869404
0.855529
0.849248
0.866636
0.889101
0.860338
0.841989
0.921702
0.852977
0.901653
0.961351
0.865492
0.917177
0.834158
0.848209
0.986208
0.815077
0.846691
0.823470
0.803637
0.872309
0.838054
0.847087
0.851191
0.915710
0.898372
0.825800
0.897355
0.895543
0.952913
0.859410
0.874482
0.936945
0.804835
0.951831
0.839703
0.968828
0.908597
0.870066
0.955435
0.982924
0.972935
0.894763
0.867359
0.875567
0.866956
0.983395
0.842224
0.851498
0.840418
0.891446
0.859889
0.844011
0.918421
0.920357
0.940966
0.913790
0.938019
0.914214
1.017813
0.932534
0.878252
0.907166
0.920256
0.879562
0.826383
1.025248
0.981369
0.927171
0.901401
0.905269
0.850756
0.919730
0.908647
0.891884
0.834732
0.848832
0.843854
0.830952
0.903261
0.881608
0.918473
0.862750
0.863671
0.869797
0.887487
0.898354
0.860546
0.880212
0.810514
0.835033
0.854319
0.887345
0.942129
0.837257
0.991392
0.937531
0.851998
0.905482
0.894583
0.926796
0.851202
0.846254
0.865912
0.845633
0.955503
0.869824
0.916255
1.008918
0.851489
0.974168
0.843669
0.877323
0.856391
0.841443
0.914868
0.893941
0.823334
0.931189
0.867158
0.907621
0.866427
0.980296
0.844345
0.852714
0.906223
0.985527
0.849768
0.909936
0.838709
0.925717
0.898026
0.917785
0.849006
0.844062
0.889600
0.915205
0.819991
0.830537
0.916444
0.941930
0.991291
0.965282
0.929611
0.911455
0.894082
0.914322
0.948838
0.861573
0.842179
0.896928
0.943806
0.914905
0.904851
0.979439
0.874713
0.917361
0.911766
0.894855
0.848712
0.835165
0.817823
0.984917
0.809922
0.870290
0.919178
0.837243
0.873436
0.878922
0.853423
0.947731
0.912717
0.831954
0.933223
0.893658
0.898135
0.901448
0.864336
0.888595
0.793768
0.935343
0.950377
0.843945
0.857944
0.822089
0.879384
0.922943
0.931543
0.892641
0.954535
0.920157
0.831840
0.910284
0.844967
0.861606
0.897229
0.870563
0.849982
0.980758
0.855256
0.857600
0.859006
0.896304
0.847628
0.913461
0.858148
0.910802
0.861630
0.946597
0.899190
0.891959
0.911976
0.897224
0.864717
0.897815
0.970278
0.840968
0.857320
0.899906
0.876846
0.909413
0.875260
0.826885
0.937340
0.854641
0.874026
1.011558
0.920266
0.826151
0.871570
0.798897
0.897999
0.922698
0.875424
0.884784
0.898512
0.909910
0.983078
0.773299
0.858510
0.848835
0.994021
0.880588
0.923731
0.812250
0.928521
0.846769
0.889092
0.854157
0.909158
0.910552
0.817020
0.952966
0.831368
0.910763
0.894152
0.884282
0.864482
0.918577
0.960064
0.883351
0.980196
0.845348
0.861118
0.930560
0.861255
0.823683
0.919097
0.845839
0.850401
0.767793
0.908823
0.879882
0.861832
0.833218
0.909685
0.840253
1.007421
0.885204
0.979213
0.946189
0.975525
1.033835
0.829963
0.831583
0.846480
0.908570
0.897780
0.904287
0.924490
0.894967
0.903035
0.955569
0.917017
0.832089
0.842648
0.829606
0.872538
0.898351
0.810171
0.918576
0.968136
0.882049
0.840849
0.844582
0.867165
0.909476
0.954324
0.844365
0.862760
0.869648
0.860981
0.878176
0.909678
0.838916
0.944233
0.885621
0.862074
0.828922
0.923923
0.905084
0.934019
0.867868
0.877717
0.932397
0.859359
0.884956
0.849717
0.839924
0.865999
0.877799
0.934033
1.036801
0.865812
0.921885
0.839391
0.819903
0.852815
0.878752
0.803004
0.793291
0.893390
0.894580
0.891769
0.882228
0.875281
0.865679
0.835726
0.891897
0.911520
0.893171
0.877075
0.882830
0.873926
0.772540
0.960854
0.942166
0.891039
0.828947
0.787570
0.826073
0.860577
0.874403
0.871406
0.870049
0.820529
0.909306
0.883755
0.857000
0.985548
0.904248
0.801754
0.859390
0.875358
0.941467
0.892842
0.820484
0.851096
0.867182
0.916782
0.806899
0.846620
0.866224
0.840578
0.824349
0.910908
0.907671
0.894848
0.821593
0.907084
0.845020
0.852625
0.870174
0.899449
0.843866
0.917679
0.856410
0.813748
0.963036
0.906742
0.816747
0.854662
0.915427
0.844668
0.868708
0.886689
0.893687
0.818376
0.882041
0.909290
0.855625
0.849131
0.882599
0.851129
0.818686
0.854811
0.901385
0.818391
0.966319
0.926762
0.865777
0.909494
0.860230
0.859316
0.824406
0.840933
0.870363
0.856957
0.858997
0.813503
0.875742
0.918934
0.849020
0.835398
0.871281
0.873173
0.830502
0.936516
0.881402
0.852645
0.832829
0.827131
0.905354
0.872848
0.936304
0.840867
0.852120
0.881167
0.824085
0.832196
0.902578
0.877366
0.870128
0.825356
0.897938
0.793199
0.927190
0.907303
0.845882
0.862723
0.851159
0.863503
0.902291
0.819829
0.896071
0.895286
0.874347
0.845063
0.842870
0.877725
0.860917
0.902216
0.867003
0.865922
0.840083
0.856717
0.834030
0.910640
0.817058
0.882930
0.858249
0.820417
0.873206
0.873630
0.872836
0.866673
0.837669
0.844159
0.903274
0.893032
0.858813
0.834089
0.907889
0.879738
0.858387
0.810835
0.870117
0.896496
0.850271
0.904644
0.861071
0.899006
1.008000
0.868322
0.883438
0.887888
0.836659
0.970009
0.803324
0.872371
0.825885
0.847324
0.907057
0.836583
0.906027
0.857398
0.870707
0.849256
0.901341
0.879827
0.826710
0.891937
0.812278
0.939952
0.800646
0.911702
0.919047
0.936080
0.784908
0.912796
0.777886
0.887278
0.883340
0.865191
0.838908
0.846859
0.799149
0.910924
0.871073
0.804787
0.870421
0.971898
0.828965
0.847726
0.876438
0.867975
1.030756
0.840563
0.873019
0.882328
0.832085
0.793827
0.841072
0.836967
0.862967
0.905160
0.942181
0.865601
0.854726
0.903453
0.923592
0.857642
0.887973
0.889737
0.848099
0.914171
0.862920
0.855307
0.868581
0.813499
0.868676
0.823417
0.879985
0.842220
0.937066
0.868927
0.773506
0.821937
0.898078
0.918984
0.816141
0.951553
0.886694
0.843384
0.902599
0.852158
0.973717
0.844975
0.869269
0.842063
0.855024
0.867777
0.914458
0.844194
0.968702
0.897126
0.828747
0.886722
0.873125
0.882566
0.823343
0.841145
0.877668
0.972407
0.869461
0.828344
0.872932
0.843582
0.946245
0.786580
0.851447
0.892156
0.911445
0.855866
0.938155
0.844517
0.855953
0.833799
0.939734
0.871572
0.831701
0.840160
0.837968
0.871240
0.906798
0.983397
0.857723
0.915344
0.924141
0.810215
0.927714
0.822552
0.926206
0.966845
0.840422
0.883374
0.827590
0.864779
0.923181
0.894551
0.884458
0.839340
0.840910
0.852698
0.922866
0.942387
0.886048
0.845978
0.874127
0.906988
0.860699
0.917013
0.890867
0.929880
0.823471
0.819965
0.835838
0.815106
0.832699
0.821980
0.868410
0.855195
0.886681
0.805347
0.858374
0.831704
0.858016
0.837350
0.868444
0.885322
0.815824
0.813683
0.881930
0.881570
0.830344
0.810532
0.912711
0.856435
0.857333
0.785460
0.811183
0.922050
0.834156
0.811494
0.791904
0.836206
0.832907
0.870898
0.921455
0.896546
0.854975
0.798976
0.901425
0.863784
0.957334
0.905614
0.847733
0.858895
0.832607
0.850700
0.827837
0.830920
0.953061
0.862959
0.866814
0.825481
0.894109
0.885571
0.823302
0.994053
0.853939
0.857490
0.801785
0.865424
0.855287
0.790495
0.808968
0.829528
0.881713
0.814345
0.815662
0.870624
0.833602
0.839130
0.905003
0.858694
0.867447
0.863423
0.885755
0.859564
0.784068
0.904186
0.841020
0.887611
0.833857
0.861980
0.845561
0.859182
0.834069
0.854713
0.825121
0.925469
0.898460
0.796563
0.836793
0.896888
0.843130
0.922284
0.888147
0.832484
0.882636
0.819452
0.846548
0.823972
0.800020
0.828331
0.841676
0.859095
0.834429
0.813456
0.963502
0.900557
0.833393
0.839142
0.833085
0.856925
0.883538
0.894247
0.815455
0.850170
0.828222
0.948342
0.812045
0.871857
0.827658
0.872623
0.864885
0.892663
0.909401
0.854774
0.825842
0.835571
0.885159
0.771032
0.814069
0.853081
0.820359
0.896602
0.821943
0.913901
0.900860
0.818511
0.822121
0.859115
0.826299
0.856130
0.933340
0.863893
0.859469
0.837345
0.888375
0.821766
0.914330
0.919791
0.868160
0.870768
0.873734
0.834538
0.815980
0.805564
0.850496
0.862249
0.864570
0.825076
0.793523
0.878106
0.878324
0.842512
0.921367
0.828185
0.895191
0.877554
0.839229
0.905851
0.901493
0.841797
0.841496
0.893478
0.809721
0.821401
0.788921
0.873305
0.822166
0.867991
0.834624
0.848391
0.841121
0.865604
0.897837
0.880133
0.932017
0.863132
0.815439
0.837710
0.873395
0.798537
0.874794
0.858672
0.893466
0.828997
0.864599
0.871590
0.864580
0.984535
0.826029
0.800341
0.847216
0.820688
0.866158
0.905946
0.861894
0.818636
0.827824
0.798053
0.808902
0.936242
0.899019
0.891207
0.903443
0.902574
0.886333
0.841723
0.830941
0.983969
0.788105
0.785242
0.871349
0.853194
0.882246
0.968398
0.832730
0.893151
0.857821
0.790042
0.877644
0.974780
0.854044
0.788748
0.829954
0.871798
0.804655
0.865483
0.803727
0.798776
0.810066
0.884949
0.782629
0.914290
0.816304
0.880232
0.892309
0.800966
0.790714
0.759363
0.945178
0.850525
0.836192
0.807840
0.876303
0.866910
0.843951
0.925918
0.889775
0.823419
0.886961
0.851370
0.845083
0.889830
0.836360
0.853060
0.877224
0.805626
0.831224
0.838912
0.880569
0.840608
0.806846
0.857051
0.893407
0.813082
0.918603
0.849180
0.924228
0.769628
0.889032
0.797023
0.864516
0.863380
0.838144
0.974993
0.848668
0.897586
0.858067
0.899823
0.863134
0.866890
0.809538
0.798750
0.857080
0.830845
0.949195
0.836064
0.813149
0.819266
0.923845
0.912399
0.883003
0.873347
0.875847
0.911828
0.869381
0.877733
0.818230
0.830550
0.818773
0.911982
0.817406
0.811673
0.866334
0.877255
0.863712
0.860256
0.870323
0.785657
0.859173
0.832298
0.811743
0.913640
0.864049
0.872115
0.802450
0.897520
0.831199
0.942094
0.781177
0.798261
0.839535
0.862146
0.858316
0.863549
0.899682
0.839122
0.882164
0.854436
0.839027
0.813968
0.854111
0.853657
0.883515
0.881389
0.883868
0.820538
0.861843
0.792711
0.874708
0.895002
0.816966
0.868888
0.846231
0.810195
0.836513
0.939196
0.858292
0.834506
0.873548
0.854308
0.941305
0.808072
0.819355
0.877102
0.831737
0.830809
0.783675
0.886822
0.858994
0.849111
0.842189
0.847201
0.845237
0.845573
0.806142
0.922251
0.890970
0.861960
0.844898
0.875447
0.796845
0.783232
0.815344
0.878336
0.872861
0.814765
0.846955
0.835332
0.862650
0.885470
0.874322
0.837903
0.827279
0.890620
0.853060
0.784248
0.839668
0.840555
0.826613
0.902402
0.832542
0.865735
0.830493
0.889573
0.812136
0.904617
0.812593
0.807130
0.823709
0.796227
0.810048
0.880834
0.877586
0.857864
0.804152
0.799431
0.847138
0.841043
0.912417
0.797191
0.813436
0.805405
0.867788
0.784000
0.819531
0.894950
0.915136
0.819498
0.817512
0.824635
0.852665
0.839832
0.869533
0.870192
0.887171
0.790688
0.857175
0.820078
0.849705
0.819957
0.847319
0.827328
0.772418
0.835916
0.800960
0.898325
0.795044
0.769018
0.794710
0.831815
0.812615
0.844149
0.848890
0.776383
0.744627
0.869364
0.824960
0.811143
0.788287
0.861337
0.862813
0.913073
0.892533
0.781519
0.866162
0.848894
0.851908
0.850941
0.925598
0.893996
0.887431
0.861943
0.876076
0.832825
0.782115
0.831622
0.846122
0.866156
0.841657
0.830385
0.853608
0.801257
0.810413
0.803579
0.856480
0.815079
0.813972
0.831554
0.826955
0.926347
0.872932
0.865667
0.802423
0.858781
0.856050
0.853917
0.841530
0.782643
0.885660
0.875573
0.802356
0.845340
0.838648
0.860432
0.979665
0.808984
0.802427
0.816424
0.784857
0.781520
0.878693
0.868163
0.882962
0.801995
0.847381
0.823914
0.863582
0.822109
0.779204
0.874277
0.832282
0.780158
0.873867
0.877847
0.851930
0.878771
0.791260
0.834460
0.899691
0.798294
0.915103
0.836037
0.822091
0.818906
0.877876
0.834386
0.834716
0.910004
0.842946
0.857332
0.859091
0.811627
0.859718
0.841455
0.783655
0.846264
0.768066
0.874647
0.917806
0.830099
0.870744
0.849313
0.870370
0.830432
0.835663
0.765656
0.847006
0.801085
0.841725
0.835357
0.880591
0.802517
0.854270
0.910546
0.873346
0.821547
0.794554
0.886318
0.805577
0.855646
0.827905
0.813373
0.800166
0.815400
0.799895
0.807600
0.851191
0.936961
0.853126
0.792464
0.827218
0.860040
0.810285
0.819612
0.846570
0.835716
0.906902
0.805906
0.879119
0.862702
0.882355
0.843573
0.804004
0.818132
0.889835
0.822236
0.836202
0.835372
0.877573
0.850006
0.841149
0.745647
0.914020
0.897807
0.868337
0.882551
0.784857
0.806945
0.818554
0.825371
0.813943
0.872349
0.848408
0.785101
0.799106
0.799803
0.832049
0.825907
0.838112
0.886978
0.793818
0.809231
0.886461
0.909739
0.881565
0.860209
0.808780
0.840564
0.843268
0.802303
0.799193
0.946245
0.831953
0.889207
0.819361
0.840465
0.838132
0.913588
0.915998
0.858265
0.925035
0.875204
0.895097
0.854846
0.799261
0.837115
0.835135
0.879324
0.840750
0.833840
0.846742
0.783274
0.854074
0.800414
0.905603
0.812492
0.823610
0.870768
0.872708
0.850526
0.878644
0.894398
0.849274
0.758150
0.908455
0.811848
0.900799
0.785513
0.854091
0.804240
0.814318
0.843509
0.813854
0.874760
0.832077
0.939591
0.864555
0.820756
0.808783
0.867091
0.830103
0.877607
0.816563
0.830477
0.746589
0.870521
0.886462
0.864977
0.825329
0.803029
0.855421
0.880441
0.873093
0.800538
0.844328
0.811452
0.943081
0.807834
0.833828
0.865770
0.792244
0.799714
0.809659
0.819204
0.783567
0.810546
0.825464
0.766964
0.812217
0.864536
0.772768
0.791874
0.811860
0.849948
0.850588
0.833164
0.830685
0.843028
0.810557
0.783624
0.792785
0.881480
0.835397
0.801346
0.838296
0.851122
0.806056
0.826542
0.908782
0.778900
0.818275
0.797852
0.816518
0.795173
0.848463
0.797479
0.825904
0.798422
0.825805
0.793853
0.827874
0.856078
0.788662
0.792580
0.808634
0.836588
0.831089
0.792931
0.904993
0.825397
0.777982
0.830168
0.811609
0.837541
0.839057
0.882169
0.818864
0.861433
0.843400
0.850552
0.833176
0.805562
0.785839
0.911011
0.817830
0.921983
0.827725
0.838528
0.828560
0.876516
0.792381
0.748752
0.803081
0.834008
0.844430
0.831179
0.859288
0.782783
0.878067
0.811485
0.829869
0.770976
0.817414
0.817233
0.750114
0.839580
0.802854
0.846615
0.825308
0.809584
0.891869
0.835411
0.857045
0.788845
0.805542
0.792064
0.754679
0.895787
0.871407
0.860020
0.851471
0.854644
0.824465
0.828062
0.882173
0.831463
0.793401
0.884399
0.830843
0.849601
0.796450
0.851585
0.885797
0.854342
0.831259
0.799526
0.822087
0.834785
0.822208
0.835577
0.835371
0.809513
0.801696
0.843604
0.883133
0.828009
0.854774
0.823262
0.858192
0.843682
0.786664
0.834785
0.795656
0.831424
0.785385
0.817540
0.851069
0.831100
0.811816
0.863715
0.766580
0.836653
0.813244
0.813274
0.861498
0.914335
0.849801
0.794028
0.844470
0.813548
0.804820
0.822756
0.811760
0.836121
0.794310
0.893984
0.774861
0.833696
0.779894
0.812963
0.870744
0.839756
0.796583
0.864063
0.919080
0.853842
0.899510
0.908003
0.855263
0.830606
0.793911
0.834118
0.809468
0.805134
0.787730
0.829078
0.806843
0.863506
0.971020
0.816841
0.840003
0.842983
0.834990
0.786721
0.875468
0.817427
0.797999
0.843096
0.857439
0.884946
0.763345
0.805376
0.827441
0.796799
0.874965
0.771526
0.855354
0.835194
0.822146
0.844338
0.916908
0.806828
0.832508
0.806934
0.810124
0.809829
0.783292
0.811799
0.840185
0.857248
0.834487
0.800222
0.849366
0.834791
0.845336
0.852216
0.785982
0.898272
0.849351
0.792618
0.895774
0.879238
0.831966
0.909702
0.785624
0.820390
0.793605
0.756618
0.821656
0.838300
0.771587
0.761893
0.822383
0.766337
0.828351
0.823595
0.807454
0.812357
0.831680
0.865450
0.808337
0.817641
0.769349
0.869760
0.899438
0.799377
0.831150
0.882408
0.839525
0.832295
0.835970
0.895542
0.799936
0.792536
0.829875
0.913688
0.793069
0.876853
0.802082
0.869808
0.846631
0.768648
0.810003
0.842587
0.902110
0.801686
0.845213
0.883405
0.889144
0.825447
0.808151
0.805462
0.878728
0.815610
0.780759
0.801310
0.773378
0.870927
0.890933
0.796849
0.881792
0.842510
0.812366
0.835489
0.843909
0.774815
0.799800
0.841385
0.828946
0.783287
0.784390
0.883512
0.787632
0.852576
0.753999
0.803840
0.811126
0.858704
0.824099
0.802854
0.762465
0.856293
0.810730
0.848465
0.816094
0.813355
0.784937
0.864291
0.803188
0.922402
0.796291
0.804388
0.864385
0.847394
0.858965
0.787818
0.808028
0.848031
0.830803
0.820928
0.872522
0.842424
0.849377
0.899125
0.793754
0.809519
0.838464
0.820229
0.865510
0.771262
0.877032
0.782913
0.822732
0.810812
0.884823
0.795160
0.800353
0.782542
0.869604
0.808072
0.834340
0.805534
0.832293
0.815857
0.864083
0.811291
0.856089
0.829113
0.830570
0.903226
0.850353
0.836082
0.832846
0.812627
0.787089
0.802805
0.815611
0.866088
0.799462
0.811512
0.839323
0.835509
0.864196
0.845442
0.797695
0.860293
0.814849
0.800649
0.796203
0.800380
0.835062
0.835436
0.770813
0.784879
0.874977
0.833687
0.888344
0.758802
0.845266
0.819197
0.804156
0.872303
0.830319
0.800105
0.808904
0.799889
0.819734
0.781850
0.795523
0.807567
0.773815
0.793517
0.829669
0.841633
0.748938
0.763176
0.809136
0.889072
0.775255
0.751129
0.788776
0.805553
0.765990
0.808005
0.828216
0.860600
0.771400
0.804845
0.765028
0.793761
0.899662
0.846233
0.797696
0.804460
0.896422
0.871326
0.786996
0.839826
0.805314
0.837264
0.816543
0.858990
0.856956
0.786705
0.806541
0.866039
0.807113
0.837429
0.842858
0.819787
0.768745
0.787727
0.799171
0.822322
0.806139
0.788256
0.809123
0.778036
0.875934
0.745053
0.787221
0.831516
0.831411
0.808133
0.791811
0.807765
0.844646
0.801585
0.831923
0.807912
0.817063
0.812374
0.826599
0.828179
0.779895
0.823016
0.785221
0.976266
0.793902
0.832441
0.806620
0.813660
0.834119
0.830436
0.841592
0.825716
0.760164
0.803381
0.828018
0.826594
0.812095
0.752365
0.847418
0.852959
0.790006
0.871812
0.741636
0.789277
0.842311
0.780479
0.821463
0.881632
0.771440
0.812470
0.836311
0.783953
0.836708
0.812508
0.852653
0.785577
0.789600
0.811800
0.868420
0.806782
0.820339
0.796125
0.787392
0.822803
0.813645
0.818834
0.816175
0.848819
0.799537
0.897267
0.765869
0.840939
0.825214
0.818234
0.799443
0.790573
0.772355
0.809837
0.813692
0.835775
0.906710
0.774633
0.841902
0.783655
0.853237
0.845160
0.835104
0.852186
0.770699
0.805640
0.866783
0.795245
0.791743
0.831762
0.810633
0.856480
0.801974
0.814707
0.821294
0.846172
0.805887
0.851288
0.807276
0.783955
0.816620
0.838879
0.797972
0.857314
0.830448
0.805117
0.891783
0.809616
0.808288
0.833705
0.836218
0.810750
0.835430
0.857174
0.839532
0.792696
0.811479
0.828523
0.843651
0.748791
0.823256
0.833260
0.837757
0.761715
0.786526
0.789056
0.813876
0.847357
0.882764
0.773661
0.903783
0.844587
0.841622
0.835709
0.830846
0.802679
0.843796
0.839922
0.833399
0.784460
0.806830
0.778891
0.853255
0.860719
0.810913
0.769751
0.764153
0.870262
0.817155
0.817629
0.801021
0.783702
0.844288
0.810039
0.755782
0.818927
0.825780
0.816947
0.885050
0.825138
0.789966
0.845544
0.868442
0.829248
0.868197
0.775366
0.832535
0.843388
0.802685
0.837348
0.764500
0.799580
0.822249
0.814833
0.792027
0.841382
0.858533
0.853681
0.885829
0.805874
0.846243
0.867914
0.871709
0.849534
0.793578
0.813395
0.786006
0.749547
0.802088
0.857321
0.792584
0.758936
0.802236
0.815070
0.818624
0.808473
0.827422
0.775945
0.848086
0.800495
0.814249
0.821119
0.860926
0.797508
0.811942
0.808556
0.819778
0.791785
0.849805
0.774102
0.786252
0.786836
0.776491
0.788088
0.822468
0.782151
0.899126
0.824950
0.905850
0.828135
0.786877
0.817563
0.843014
0.811714
0.767569
0.829522
0.766832
0.805103
0.782285
0.816878
0.799613
0.820309
0.807922
0.773891
0.873684
0.848822
0.812405
0.819795
0.805489
0.805927
0.825707
0.817827
0.866223
0.800399
0.814706
0.800516
0.847555
0.870935
0.772276
0.804134
0.788563
0.820122
0.889249
0.802018
0.820090
0.777385
0.903709
0.877189
0.801380
0.900787
0.874154
0.839538
0.790343
0.838088
0.872864
0.809198
0.854838
0.844561
0.748615
0.804638
0.816786
0.841856
0.778163
0.835867
0.773434
0.762636
0.813154
0.797462
0.852053
0.830015
0.791235
0.806045
0.791036
0.810681
0.814310
0.815645
0.795991
0.763938
0.801234
0.804616
0.785621
0.771852
0.751942
0.806964
0.911700
0.786698
0.845050
0.837429
0.827064
0.814338
0.821431
0.773942
0.829676
0.809101
0.789167
0.797816
0.804226
0.841695
0.803079
0.823352
0.828615
0.823888
0.775187
0.802008
0.776934
0.843232
0.884967
0.892485
0.798639
0.871647
0.841592
0.800126
0.791853
0.768279
0.816726
0.814079
0.805858
0.801747
0.783343
0.794645
0.802989
0.790235
0.794109
0.833423
0.795880
0.805467
0.830568
0.785280
0.788855
0.791218
0.800774
0.849739
0.818929
0.777608
0.803421
0.803223
0.830017
0.775104
0.803816
0.822990
0.798521
0.775109
0.862311
0.762336
0.831680
0.776677
0.759430
0.771221
0.799339
0.783105
0.771816
0.806847
0.791790
0.815995
0.799381
0.870267
0.854976
0.808911
0.813549
0.825424
0.832839
0.785868
0.817530
0.807233
0.795374
0.748721
0.794213
0.803671
0.753001
0.804061
0.775811
0.786397
0.798000
0.821660
0.777803
0.813426
0.805853
0.805400
0.901098
0.814721
0.794668
0.755556
0.769572
0.814047
0.819032
0.808852
0.873048
0.789543
0.779195
0.816358
0.837778
0.771897
0.829513
0.845932
0.844595
0.796562
0.760348
0.814247
0.779234
0.785936
0.784357
0.787780
0.864506
0.849194
0.800137
0.801201
0.806094
0.799987
0.844240
0.773955
0.863598
0.779246
0.800811
0.782138
0.820012
0.869177
0.772831
0.766354
0.843498
0.762962
0.792035
0.817819
0.816393
0.795117
0.758246
0.746082
0.783606
0.831945
0.786321
0.833630
0.749966
0.823222
0.773680
0.796513
0.789002
0.789028
0.804533
0.882895
0.761017
0.817461
0.811179
0.841882
0.793840
0.871523
0.759426
0.804599
0.816045
0.808644
0.832000
0.779477
0.843069
0.765104
0.793077
0.765792
0.805832
0.882526
0.751917
0.807118
0.789455
0.878615
0.850113
0.797655
0.857249
0.844290
0.809710
0.786077
0.802260
0.861480
0.774152
0.822129
0.832821
0.804049
0.870531
0.802448
0.823847
0.834312
0.825909
0.854106
0.810163
0.768841
0.762875
0.804388
0.814277
0.754055
0.816037
0.760304
0.787414
0.868472
0.791319
0.829244
0.863700
0.871222
0.845188
0.843915
0.811627
0.794399
0.848247
0.804606
0.860907
0.766147
0.744350
0.839539
0.803235
0.815088
0.788232
0.823542
0.773344
0.769735
0.768027
0.777869
0.756634
0.788234
0.817448
0.789825
0.819108
0.817556
0.854104
0.778569
0.770370
0.830951
0.772276
0.879417
0.770674
0.756647
0.811196
0.819335
0.767386
0.816459
0.786258
0.805556
0.872417
0.899067
0.787997
0.820759
0.826495
0.748146
0.810675
0.820188
0.817125
0.816605
0.812443
0.833511
0.798669
0.847075
0.811864
0.766172
0.778568
0.774283
0.782936
0.781053
0.809860
0.797734
0.789807
0.787947
0.790994
0.765944
0.796254
0.810680
0.809926
0.871022
0.893618
0.779619
0.777362
0.795284
0.784723
0.805446
0.851683
0.783683
0.817461
0.770192
0.792251
0.810497
0.799984
0.781012
0.827946
0.769055
0.768268
0.835068
0.797155
0.815708
0.778996
0.790380
0.847980
0.790056
0.753886
0.783017
0.817755
0.763905
0.811248
0.796886
0.795803
0.781432
0.802144
0.902261
0.821062
0.797456
0.772759
0.784981
0.827187
0.787679
0.869386
0.754967
0.813925
0.790776
0.781402
0.798998
0.849754
0.809566
0.803436
0.814481
0.841580
0.812266
0.779968
0.829829
0.793170
0.768177
0.820134
0.757513
0.869996
0.761339
0.808234
0.778026
0.784743
0.808888
0.816059
0.770661
0.748262
0.792126
0.765814
0.838589
0.797303
0.765357
0.768471
0.747550
0.753013
0.776101
0.845391
0.764282
0.833776
0.873276
0.826685
0.780225
0.795538
0.782174
0.762796
0.821269
0.803676
0.838595
0.827308
0.770253
0.817846
0.799996
0.766746
0.772388
0.780708
0.848052
0.759324
0.788969
0.756440
0.770391
0.876297
0.892478
0.736807
0.811263
0.847961
0.787498
0.784478
0.820523
0.786224
0.770424
0.822912
0.765650
0.767761
0.803504
0.845928
0.815726
0.813761
0.797216
0.819499
0.769968
0.805283
0.785586
0.778194
0.794584
0.771995
0.874050
0.839130
0.857074
0.848015
0.787143
0.803647
0.805689
0.738950
0.845106
0.798987
0.784601
0.794992
0.768845
0.821649
0.773187
0.791151
0.766589
0.822771
0.807160
0.801716
0.773301
0.779292
0.793887
0.797721
0.757171
0.786434
0.779570
0.771433
0.752851
0.827464
0.800347
0.774000
0.779531
0.826141
0.743687
0.789482
0.809250
0.771569
0.759667
0.785054
0.784429
0.736600
0.825702
0.745833
0.785945
0.839756
0.810460
0.796185
0.782157
0.781801
0.806445
0.812737
0.772789
0.733669
0.794944
0.777007
0.808666
0.818774
0.873627
0.840785
0.864310
0.791303
0.808597
0.801419
0.792812
0.780624
0.768292
0.847729
0.803066
0.814497
0.778019
0.815339
0.789875
0.841884
0.763104
0.776467
0.751607
0.791439
0.799024
0.801474
0.795025
0.735673
0.785599
0.769936
0.845022
0.789035
0.795246
0.783173
0.779182
0.853172
0.846577
0.792851
0.808948
0.810923
0.771021
0.782391
0.729977
0.771988
0.856946
0.847056
0.771698
0.756043
0.788344
0.784755
0.797455
0.757069
0.803181
0.798554
0.824406
0.754645
0.758984
0.808414
0.837772
0.861269
0.782675
0.795401
0.796705
0.723504
0.833794
0.742814
0.761479
0.763326
0.761194
0.767005
0.807516
0.864132
0.785017
0.831545
0.848384
0.778354
0.827671
0.773638
0.778494
0.806459
0.824082
0.814798
0.824338
0.809589
0.846709
0.780941
0.803085
0.823653
0.839097
0.775149
0.821989
0.799464
0.783250
0.834785
0.832030
0.879698
0.752754
0.760953
0.838583
0.829366
0.792732
0.821708
0.862998
0.778092
0.827943
0.776151
0.749659
0.783474
0.807681
0.805687
0.798275
0.774362
0.838397
0.767644
0.817599
0.767754
0.787237
0.789737
0.728267
0.818271
0.815932
0.811478
0.789990
0.833708
0.793338
0.827430
0.845246
0.781984
0.776466
0.761827
0.803538
0.805393
0.818656
0.827122
0.796064
0.761342
0.806093
0.787984
0.803581
0.809169
0.839072
0.803713
0.792745
0.767188
0.821250
0.841457
0.793178
0.773783
0.868672
0.800469
0.799435
0.769776
0.773745
0.770037
0.805689
0.776169
0.783731
0.785307
0.781157
0.795167
0.840458
0.804442
0.840296
0.797355
0.861435
0.845594
0.773688
0.820967
0.805566
0.784777
0.869083
0.755453
0.787774
0.798630
0.787358
0.777786
0.827113
0.784339
0.789310
0.758832
0.776222
0.820366
0.786579
0.789344
0.799818
0.806897
0.845259
0.814391
0.887573
0.816288
0.753057
0.819791
0.850484
0.771825
0.781887
0.810563
0.776766
0.816784
0.773072
0.783067
0.806411
0.804337
0.754857
0.865719
0.798415
0.839129
0.770765
0.815414
0.828059
0.768323
0.782074
0.846038
0.796097
0.805168
0.834870
0.818741
0.787432
0.812995
0.776821
0.775958
0.766635
0.778186
0.786744
0.872812
0.791867
0.779589
0.795613
0.839531
0.825936
0.780743
0.768666
0.866931
0.782698
0.847520
0.815660
0.763042
0.823373
0.780117
0.799072
0.819101
0.789276
0.807557
0.772945
0.795006
0.772564
0.840203
0.820436
0.763833
0.793250
0.799171
0.778589
0.802160
0.797861
0.805602
0.756705
0.800591
0.785924
0.844095
0.765808
0.823460
0.814800
0.848299
0.815781
0.833257
0.776656
0.805064
0.766137
0.861754
0.825687
0.820307
0.763006
0.769541
0.823426
0.804758
0.824554
0.795517
0.779503
0.806309
0.801566
0.808721
0.807274
0.764072
0.855310
0.809473
0.835259
0.742442
0.771063
0.779080
0.790743
0.805197
0.741661
0.804913
0.818298
0.856704
0.804050
0.788386
0.796201
0.769219
0.809479
0.767985
0.829740
0.775735
0.783094
0.769236
0.783244
0.792566
0.819703
0.756151
0.744470
0.747690
0.803145
0.812147
0.776406
0.816314
0.881209
0.801810
0.803618
0.781287
0.837845
0.734586
0.814727
0.778607
0.822783
0.814450
0.759463
0.815861
0.803091
0.758471
0.763278
0.740497
0.827528
0.759089
0.822035
0.777499
0.786874
0.796294
0.753402
0.752057
0.736753
0.776867
0.747811
0.772202
0.793569
0.757887
0.808050
0.742591
0.828749
0.839361
0.749994
0.768614
0.787540
0.817055
0.803428
0.752347
0.788285
0.822276
0.755910
0.833067
0.826943
0.785504
0.808303
0.835858
0.773892
0.793789
0.786306
0.831611
0.764813
0.759821
0.808063
0.747892
0.800085
0.802827
0.816361
0.782706
0.774148
0.787671
0.770006
0.820653
0.776931
0.762756
0.766086
0.790828
0.743481
0.808531
0.751987
0.803179
0.793548
0.770830
0.851746
0.800222
0.760321
0.771130
0.773293
0.775967
0.819827
0.742907
0.761778
0.759554
0.909702
0.777689
0.816902
0.810669
0.828493
0.775922
0.816486
0.749816
0.753341
0.778094
0.806689
0.833111
0.771298
0.836683
0.769171
0.797204
0.759175
0.781016
0.758180
0.818570
0.761827
0.782418
0.803279
0.813018
0.796711
0.814945
0.779665
0.723000
0.785519
0.767288
0.739728
0.757304
0.775088
0.809825
0.822149
0.833257
0.834646
0.860233
0.769493
0.779231
0.746413
0.812773
0.776910
0.821723
0.808903
0.772095
0.777989
0.809780
0.803776
0.724460
0.754810
0.847592
0.806194
0.774102
0.790048
0.830384
0.777133
0.780418
0.773823
0.804253
0.763179
0.766947
0.783929
0.844287
0.811429
0.803409
0.777072
0.764918
0.813048
0.798758
0.754258
0.835902
0.774932
0.809518
0.758582
0.831583
0.812597
0.766573
0.823170
0.752923
0.815563
0.814017
0.784277
0.784715
0.807195
0.791332
0.815276
0.843862
0.787342
0.821429
0.806701
0.788692
0.772327
0.783446
0.799615
0.762620
0.797586
0.759490
0.778710
0.759808
0.778497
0.832605
0.767378
0.805842
0.745238
0.793954
0.799940
0.806021
0.792265
0.834772
0.766786
0.760975
0.788859
0.805417
0.784600
0.817713
0.802006
0.810329
0.730481
0.840225
0.760447
0.752445
0.817923
0.777806
0.788392
0.790015
0.827692
0.799223
0.842643
0.756534
0.774941
0.788419
0.766947
0.811134
0.801796
0.801770
0.799162
0.836960
0.844041
0.805313
0.789275
0.820651
0.789009
0.798503
0.777748
0.794475
0.754493
0.774467
0.798586
0.835824
0.788772
0.731998
0.814949
0.787353
0.773320
0.782329
0.764802
0.776389
0.761629
0.789862
0.800115
0.793889
0.781613
0.779073
0.867029
0.835700
0.788014
0.843516
0.811363
0.814557
0.767946
0.789788
0.816107
0.796607
0.803471
0.821509
0.779738
0.785128
0.801088
0.782508
0.807996
0.760133
0.834788
0.794143
0.818619
0.781919
0.800705
0.756213
0.796317
0.829587
0.796476
0.809909
0.788276
0.810313
0.746203
0.760407
0.758707
0.808871
0.828125
0.846671
0.768436
0.810441
0.750397
0.878390
0.790469
0.757796
0.800739
0.775424
0.805298
0.795289
0.749048
0.746182
0.743293
0.804592
0.797144
0.754465
0.776381
0.820399
0.771006
0.761166
0.772001
0.773948
0.760307
0.777782
0.755883
0.763667
0.809995
0.764586
0.759862
0.770054
0.761172
0.758116
0.802234
0.773030
0.743517
0.788764
0.792696
0.784085
0.783388
0.789052
0.808177
0.737772
0.814937
0.832910
0.796336
0.775873
0.794947
0.790370
0.799422
0.784991
0.774410
0.797239
0.809621
0.754420
0.776281
0.748057
0.835448
0.784762
0.825267
0.845212
0.765395
0.751893
0.835015
0.863109
0.772038
0.852814
0.777152
0.760131
0.782111
0.806293
0.796565
0.788904
0.776050
0.783765
0.778132
0.770191
0.822146
0.802045
0.791405
0.793069
0.758594
0.840806
0.784348
0.775734
0.771585
0.788252
0.816208
0.854195
0.760955
0.780495
0.782461
0.808039
0.765324
0.803389
0.740790
0.808418
0.822751
0.764948
0.774749
0.774329
0.845392
0.752379
0.801262
0.766298
0.746593
0.800625
0.765166
0.805212
0.754333
0.767446
0.820224
0.736493
0.764056
0.759560
0.767648
0.822505
0.738386
0.769197
0.805895
0.811352
0.759170
0.758810
0.771265
0.774353
0.808979
0.818525
0.810600
0.792343
0.841401
0.739952
0.769966
0.754036
0.789601
0.777620
0.787019
0.749903
0.738085
0.831406
0.820154
0.749778
0.789451
0.809258
0.794650
0.754396
0.795249
0.760743
0.869753
0.778637
0.809273
0.748952
0.774573
0.770176
0.796787
0.810031
0.785826
0.810401
0.895504
0.861196
0.774811
0.803811
0.797787
0.822101
0.812421
0.749712
0.752804
0.788895
0.829754
0.791430
0.768638
0.805622
0.768205
0.751395
0.778722
0.796743
0.785140
0.767524
0.754152
0.795133
0.834335
0.764795
0.776388
0.797354
0.791116
0.774970
0.792579
0.738234
0.824312
0.783403
0.803594
0.776781
0.756177
0.765096
0.757348
0.793085
0.774901
0.802420
0.767198
0.872217
0.789250
0.760319
0.805116
0.764187
0.789567
0.791267
0.753438
0.751332
0.785717
0.814298
0.789873
0.731571
0.757192
0.752378
0.757210
0.778353
0.754373
0.756715
0.769370
0.784286
0.836508
0.769139
0.783095
0.788846
0.757548
0.793750
0.753507
0.837188
0.771592
0.817347
0.761372
0.796743
0.775766
0.761752
0.774852
0.802375
0.803221
0.782081
0.834824
0.756968
0.799411
0.764246
0.768365
0.790331
0.790790
0.754096
0.840369
0.802212
0.772817
0.821696
0.773287
0.783843
0.774046
0.822297
0.784903
0.769353
0.823652
0.841164
0.817312
0.765675
0.794815
0.800496
0.821609
0.758620
0.757967
0.767335
0.798455
0.777980
0.799907
0.794498
0.804270
0.815836
0.770060
0.793484
0.799177
0.787890
0.846045
0.823350
0.883757
0.739365
0.777930
0.753798
0.769702
0.770237
0.737719
0.778760
0.815035
0.803193
0.794496
0.741153
0.787618
0.789362
0.829110
0.737420
0.788500
0.753009
0.792369
0.795088
0.786235
0.767978
0.742886
0.750931
0.805362
0.746999
0.854343
0.743549
0.800451
0.759656
0.826568
0.819339
0.829379
0.739553
0.778264
0.783242
0.787518
0.780304
0.801457
0.728287
0.765084
0.742569
0.799824
0.847810
0.777761
0.785171
0.785062
0.798838
0.750111
0.767026
0.767560
0.809109
0.760991
0.791019
0.797207
0.800274
0.797189
0.823135
0.822026
0.769172
0.797697
0.770689
0.776009
0.770678
0.775562
0.796080
0.778034
0.805265
0.746097
0.770830
0.826439
0.764439
0.759676
0.738104
0.793783
0.801164
0.777564
0.796786
0.751855
0.758065
0.762175
0.825156
0.798017
0.794840
0.792934
0.793037
0.783408
0.810536
0.794009
0.901748
0.784062
0.771125
0.821767
0.755717
0.791596
0.778368
0.763141
0.778639
0.836915
0.753805
0.747043
0.823045
0.759635
0.795552
0.764047
0.790016
0.756065
0.769540
0.761154
0.762498
0.821098
0.754951
0.777144
0.790056
0.788303
0.805631
0.862947
0.843416
0.762996
0.810309
0.795961
0.825549
0.752891
0.789199
0.751091
0.778786
0.807999
0.808679
0.797863
0.853089
0.806293
0.846184
0.760546
0.768555
0.785549
0.904307
0.773693
0.762270
0.825973
0.731717
0.829230
0.749778
0.764951
0.768911
0.766128
0.754759
0.784505
0.734211
0.803258
0.769340
0.779079
0.770899
0.758885
0.787801
0.792829
0.788011
0.778890
0.776704
0.755821
0.790292
0.805268
0.753744
0.753866
0.822968
0.781403
0.790461
0.757612
0.801297
0.770462
0.819349
0.818125
0.764489
0.768052
0.816840
0.810654
0.759698
0.776845
0.866531
0.772180
0.793189
0.775837
0.833627
0.769290
0.770430
0.745632
0.849162
0.822255
0.770064
0.776765
0.777881
0.760642
0.774394
0.777572
0.734042
0.854997
0.789332
0.756030
0.771527
0.761926
0.811517
0.876280
0.836047
0.756049
0.797259
0.787080
0.779867
0.838086
0.798978
0.789304
0.768551
0.736690
0.815947
0.722125
0.794274
0.770124
0.765506
0.776831
0.762780
0.795938
0.757170
0.763143
0.752139
0.796137
0.775625
0.741126
0.791462
0.812306
0.821900
0.777904
0.790576
0.754188
0.814089
0.797953
0.775112
0.799048
0.826160
0.821275
0.803598
0.833549
0.747004
0.761317
0.754683
0.790075
0.732135
0.797406
0.760658
0.816596
0.811397
0.821603
0.756737
0.766632
0.764070
0.770409
0.754384
0.805136
0.766017
0.724629
0.786353
0.793653
0.789110
0.781480
0.764053
0.763420
0.770441
0.772850
0.811517
0.787376
0.765784
0.754255
0.780423
0.754717
0.764833
0.786286
0.751545
0.777193
0.765367
0.782043
0.839301
0.745813
0.794325
0.835842
0.750516
0.750145
0.774538
0.819327
0.779863
0.822834
0.802759
0.830400
0.796766
0.796858
0.773227
0.843749
0.797451
0.805126
0.743503
0.806367
0.743913
0.838110
0.745457
0.747824
0.752449
0.760798
0.770378
0.806544
0.810088
0.775465
0.747155
0.765855
0.797924
0.769813
0.789556
0.756546
0.768633
0.841175
0.786993
0.761325
0.795807
0.811618
0.768799
0.837859
0.805503
0.751456
0.761663
0.765949
0.732045
0.752599
0.751587
0.751790
0.761688
0.801168
0.766195
0.802403
0.804563
0.766645
0.793373
0.734687
0.745695
0.771716
0.774437
0.795624
0.805842
0.762765
0.787989
0.764942
0.753065
0.750399
0.786888
0.806066
0.748384
0.765606
0.788372
0.812102
0.794628
0.759985
0.783039
0.786907
0.800960
0.751416
0.807499
0.776769
0.808255
0.760333
0.789513
0.758968
0.779753
0.773940
0.758317
0.765604
0.821449
0.791896
0.730736
0.796774
0.803930
0.777772
0.891054
0.805947
0.762055
0.806624
0.788418
0.809179
0.781726
0.773983
0.769453
0.772692
0.776164
0.806727
0.782210
0.823150
0.736578
0.781946
0.754768
0.778898
0.797661
0.780971
0.821443
0.792623
0.787397
0.785489
0.781608
0.792224
0.817131
0.796516
0.775276
0.777734
0.806262
0.843755
0.760059
0.791052
0.795080
0.856406
0.813701
0.755993
0.748844
0.782064
0.763591
0.795305
0.844422
0.761195
0.757323
0.780469
0.756949
0.818700
0.837738
0.777843
0.730740
0.796210
0.788076
0.798690
0.772130
0.787296
0.813457
0.773160
0.781917
0.795199
0.753251
0.760484
0.759600
0.741313
0.749684
0.766409
0.735425
0.771775
0.752630
0.789515
0.754397
0.813393
0.758799
0.784473
0.848101
0.734593
0.744696
0.794485
0.808317
0.844218
0.830442
0.749078
0.780150
0.768988
0.769002
0.813508
0.783123
0.792415
0.752832
0.748740
0.780071
0.820558
0.787704
0.738346
0.856382
0.759734
0.746882
0.794672
0.785927
0.767031
0.757441
0.763906
0.759366
0.762947
0.802109
0.741982
0.817713
0.793584
0.777285
0.788181
0.764183
0.791406
0.760943
0.787217
0.779229
0.766032
0.775401
0.819872
0.792921
0.776043
0.769985
0.729323
0.793764
0.780804
0.758959
0.787341
0.769334
0.799887
0.811588
0.774822
0.775337
0.758840
0.827339
0.822398
0.762819
0.840027
0.759099
0.795744
0.772198
0.791288
0.816403
0.747596
0.791474
0.771365
0.830339
0.802156
0.791470
0.808881
0.758201
0.803980
0.754088
0.826684
0.827964
0.795296
0.802850
0.763618
0.767133
0.774584
0.759416
0.774776
0.778919
0.766560
0.777811
0.760037
0.775803
0.767514
0.790151
0.781235
0.743459
0.775442
0.827857
0.774536
0.758601
0.734113
0.749456
0.774872
0.750248
0.766827
0.829815
0.787282
0.791914
0.767850
0.779571
0.800390
0.797081
0.777234
0.799628
0.770327
0.774018
0.786757
0.835933
0.780378
0.774391
0.761521
0.812766
0.851049
0.786865
0.787286
0.829852
0.750867
0.740994
0.831881
0.792963
0.751850
0.769730
0.733281
0.795757
0.771343
0.794558
0.845229
0.831730
0.756149
0.786960
0.801068
0.795848
0.784073
0.796887
0.779491
0.821083
0.795619
0.832569
0.805241
0.754622
0.761065
0.761625
0.764799
0.833109
0.750026
0.758005
0.790401
0.741093
0.772354
0.833429
0.785920
0.763651
0.765924
0.748352
0.807538
0.762624
0.762137
0.799701
0.831858
0.806013
0.810229
0.771014
0.816151
0.777052
0.773080
0.764367
0.798987
0.796767
0.760932
0.782152
0.749788
0.788844
0.744560
0.769908
0.747969
0.750047
0.791730
0.822341
0.827740
0.748172
0.774954
0.750149
0.755501
0.822177
0.826733
0.753583
0.776617
0.760263
0.806509
0.756837
0.771818
0.827129
0.797675
0.764678
0.776439
0.800396
0.783894
0.766206
0.788733
0.743547
0.784206
0.781631
0.775059
0.755883
0.752848
0.753836
0.781531
0.779594
0.836561
0.777759
0.746206
0.809699
0.792357
0.753551
0.779043
0.837060
0.778965
0.785751
0.767217
0.772128
0.760716
0.752873
0.802988
0.774075
0.817927
0.799408
0.829236
0.762738
0.778445
0.750582
0.780710
0.748581
0.853167
0.761499
0.764040
0.788135
0.760047
0.801887
0.768063
0.772701
0.790931
0.758368
0.779597
0.832742
0.780360
0.792980
0.803507
0.801200
0.783886
0.799962
0.769603
0.775061
0.760480
0.853046
0.801064
0.780973
0.758356
0.793422
0.779103
0.749875
0.787463
0.785102
0.820911
0.763435
0.766962
0.804313
0.762425
0.789712
0.808572
0.796144
0.778436
0.779309
0.789793
0.780445
0.795318
0.751490
0.756145
0.792355
0.774707
0.824005
0.793220
0.792112
0.736848
0.806186
0.796535
0.784007
0.849784
0.737139
0.790103
0.825374
0.804649
0.828748
0.752500
0.826509
0.804135
0.786794
0.782067
0.778716
0.819198
0.802531
0.771243
0.839967
0.775990
0.816896
0.775308
0.769949
0.770828
0.796145
0.762817
0.795290
0.768223
0.768575
0.807043
0.730786
0.738591
0.786036
0.787998
0.808385
0.793571
0.766795
0.770777
0.783552
0.790920
0.741171
0.816547
0.780056
0.778624
0.803056
0.771609
0.758255
0.739212
0.764778
0.759239
0.746230
0.773898
0.754632
0.763498
0.849859
0.793400
0.736517
0.786113
0.795232
0.741248
0.795781
0.798553
0.801709
0.768042
0.758982
0.772694
0.767603
0.805408
0.739954
0.778981
0.793223
0.772184
0.764067
0.795961
0.788224
0.805052
0.740657
0.772226
0.825990
0.773535
0.778638
0.767344
0.727831
0.805580
0.788406
0.803362
0.772818
0.767009
0.752203
0.787106
0.781399
0.791033
0.765343
0.760984
0.814168
0.815058
0.766577
0.752719
0.784880
0.747241
0.818436
0.763353
0.759128
0.831987
0.738845
0.753025
0.800238
0.831893
0.788319
0.779431
0.757415
0.732576
0.831034
0.803679
0.749593
0.787084
0.751152
0.806307
0.776873
0.797637
0.783833
0.793113
0.778877
0.784165
0.778503
0.790542
0.733270
0.771404
0.765141
0.729724
0.784874
0.794758
0.846922
0.777573
0.755735
0.741759
0.759893
0.785498
0.766171
0.783472
0.806058
0.743888
0.772893
0.783438
0.734014
0.826960
0.770091
0.750579
0.790737
0.768020
0.791352
0.828671
0.744548
0.782309
0.783062
0.737386
0.807554
0.777994
0.788879
0.766755
0.817745
0.779603
0.795148
0.737845
0.754446
0.839510
0.803068
0.788937
0.798314
0.818421
0.787615
0.792312
0.790805
0.746390
0.791441
0.765713
0.791740
0.837044
0.815649
0.768414
0.771137
0.745969
0.725351
0.834816
0.755906
0.753730
0.749938
0.817912
0.776665
0.766473
0.799801
0.733512
0.823748
0.751259
0.844145
0.802750
0.783540
0.755626
0.806502
0.770885
0.863935
0.767113
0.748157
0.830278
0.763206
0.771029
0.788113
0.759753
0.781208
0.777991
0.751480
0.785683
0.760738
0.769659
0.761307
0.768892
0.756735
0.813636
0.795412
0.806893
0.809313
0.787389
0.744675
0.750116
0.791034
0.756824
0.777344
0.751387
0.756826
0.784845
0.791086
0.783865
0.805067
0.773345
0.781340
0.788434
0.831036
0.782113
0.772507
0.769766
0.809882
0.759359
0.804186
0.796085
0.744130
0.778553
0.773701
0.807596
0.740212
0.780849
0.775883
0.737060
0.805893
0.758360
0.739888
0.789980
0.769525
0.771106
0.771900
0.730516
0.759521
0.768539
0.746576
0.746312
0.748365
0.738854
0.751147
0.747379
0.797603
0.806574
0.823346
0.770473
0.783674
0.806381
0.771972
0.753018
0.821715
0.745357
0.760523
0.747856
0.741087
0.795661
0.803002
0.761879
0.781395
0.780990
0.855503
0.780459
0.754492
0.764827
0.761802
0.810187
0.752870
0.773362
0.788764
0.763636
0.755120
0.817579
0.771163
0.783560
0.756577
0.820419
0.759197
0.754863
0.744370
0.762560
0.811398
0.749355
0.815618
0.757557
0.777936
0.775136
0.807601
0.764244
0.826728
0.750642
0.771330
0.773747
0.808826
0.770686
0.808304
0.752522
0.824135
0.791929
0.799227
0.742178
0.758792
0.770005
0.809220
0.761044
0.778778
0.762527
0.724900
0.756356
0.775810
0.776291
0.755515
0.746330
0.731667
0.784504
0.770516
0.798830
0.735102
0.775535
0.768148
0.792650
0.808533
0.779532
0.830359
0.803596
0.808017
0.751685
0.801977
0.780279
0.761080
0.783277
0.802220
0.767563
0.797840
0.766448
0.738857
0.817987
0.763081
0.776731
0.814116
0.804546
0.869554
0.760207
0.786149
0.760919
0.739039
0.783204
0.841745
0.730570
