2.302583
2.302504
2.302454
2.302491
2.302206
2.301954
2.301906
2.301046
2.301929
2.300392
2.298108
2.301447
2.297285
2.296288
2.289297
2.290092
2.292125
2.280284
2.270363
2.262730
2.270650
2.243796
2.227754
2.222015
2.240216
2.221360
2.200039
2.144537
2.154969
2.143739
2.131886
2.253270
2.125581
2.195380
2.074998
2.197605
2.164732
2.128237
2.158799
2.131618
2.170760
2.070810
2.100599
2.110533
2.170764
2.076520
2.086532
2.133435
2.099721
2.101808
2.089111
2.112562
2.117802
2.077077
2.048023
2.073129
2.093699
2.044538
2.138619
2.041811
2.078809
2.128280
2.094296
2.067247
2.078964
2.080274
2.033380
2.027000
1.978625
2.032505
2.071204
2.086777
2.032412
2.025171
2.038339
2.054347
2.019878
2.044109
2.096534
2.038313
2.039426
2.017499
2.022485
2.002094
2.016068
2.086838
2.123983
2.064021
1.987661
1.947478
2.061685
2.004349
2.017488
2.037444
2.059251
2.000519
2.001051
2.027113
1.967321
2.003855
2.018901
1.997270
1.930307
2.015307
2.052281
1.953061
2.071529
1.971947
2.001421
2.027343
1.953431
1.913732
1.934805
2.045636
1.947686
1.943542
1.941193
1.955359
1.973279
1.918847
1.812118
1.998896
1.890168
1.895247
1.930235
1.869620
1.982066
1.979131
1.950307
1.997350
1.932743
1.905118
1.940519
1.938940
1.870204
1.918699
1.920411
1.877131
1.974936
1.937735
1.911200
1.889431
1.916426
1.941225
1.837993
1.827461
1.942100
1.843909
1.804346
2.009206
1.972661
1.990369
1.876165
1.882344
2.099021
1.830891
2.017962
1.969242
1.938507
2.023204
1.914020
1.914126
1.891918
1.933666
1.930415
1.943235
1.956152
1.930767
1.913389
1.904480
1.987568
1.841531
1.889851
1.950549
1.958821
1.915503
1.893220
1.974861
1.924422
1.870491
1.829893
1.823850
1.913861
1.933517
1.886804
1.912162
1.896793
1.943590
1.936366
1.965382
1.820647
1.878109
1.985961
1.875048
1.847036
1.954242
1.827165
1.843262
1.829597
1.823262
1.868681
1.832569
1.932402
1.856259
1.922991
1.832665
1.820793
1.926405
1.822799
1.914615
1.892106
1.880168
1.889009
1.916139
1.854012
1.784682
1.822179
1.785893
1.821815
1.895867
1.884496
1.823650
1.908095
1.913874
1.831217
1.773209
1.799414
1.854399
1.937440
1.853018
1.912445
1.885004
1.957446
1.853927
1.886928
1.862068
1.812415
1.851094
1.854500
1.863583
1.806380
1.868622
1.870462
1.853596
1.818247
1.807076
1.848856
1.867150
1.917853
1.917355
1.836033
1.877361
1.949482
1.843343
1.823212
1.881992
1.803885
1.844971
1.840735
1.908367
1.770650
1.922524
1.907832
1.832640
1.824879
1.838850
1.769429
1.731035
1.824380
1.918160
1.826522
1.850201
1.819444
1.875082
1.803113
1.845354
1.792161
1.811590
1.863084
1.756164
1.728817
1.826812
1.771772
1.866349
1.842617
1.797114
1.924351
1.787789
1.795963
1.836296
1.873975
1.807015
1.820768
1.741910
1.797434
1.802914
1.846081
1.872783
1.769330
1.853920
1.806213
1.832422
1.710950
1.784388
1.790057
1.808399
1.755936
1.765442
1.834021
1.824488
1.780003
1.781871
1.770298
1.783587
1.831874
1.825453
1.754217
1.724054
1.763759
1.753670
1.816293
1.870446
1.786242
1.761525
1.754564
1.861038
1.734283
1.746095
1.759966
1.807832
1.683619
1.702261
1.718801
1.750596
1.776343
1.820076
1.794636
1.774605
1.835994
1.781984
1.661161
1.818791
1.785986
1.748150
1.759355
1.809528
1.705334
1.924842
1.780124
1.780784
1.692776
1.710773
1.832784
1.784487
1.771752
1.741344
1.735749
1.732987
1.797655
1.815091
1.865953
1.844576
1.868833
1.899662
1.769051
1.800060
1.911205
1.711219
1.777324
1.748272
1.807353
1.733346
1.881314
1.736893
1.711937
1.773167
1.735438
1.758159
1.739550
1.743263
1.778656
1.754051
1.804971
1.752285
1.779032
1.703431
1.715803
1.623457
1.746704
1.761726
1.706523
1.688095
1.694754
1.731145
1.717305
1.764662
1.719583
1.670020
1.700766
1.679403
1.715045
1.627039
1.672730
1.728304
1.658915
1.792946
1.679678
1.617495
1.678222
1.730732
1.774867
1.713595
1.704270
1.671054
1.709987
1.642779
1.696189
1.735466
1.799575
1.664638
1.726101
1.652043
1.697608
1.826905
1.705045
1.838653
1.702129
1.702883
1.767555
1.765732
1.734448
1.770502
1.698550
1.783678
1.666379
1.688640
1.722458
1.696449
1.664680
1.623193
1.706138
1.583246
1.634189
1.649492
1.564641
1.770298
1.640228
1.654035
1.707515
1.758893
1.553908
1.643017
1.601403
1.793918
1.731296
1.607345
1.809207
1.658930
1.735396
1.718147
1.705710
1.707687
1.733339
1.647605
1.686094
1.690515
1.649854
1.570195
1.677722
1.739679
1.605274
1.734195
1.673098
1.720914
1.626384
1.636391
1.670587
1.683397
1.628560
1.562027
1.623156
1.632753
1.586272
1.658759
1.717520
1.717487
1.505756
1.772453
1.530380
1.676742
1.650881
1.563383
1.555187
1.633766
1.621594
1.594645
1.695278
1.613527
1.508037
1.813801
1.607019
1.629653
1.640086
1.624542
1.679119
1.638134
1.613370
1.549556
1.490887
1.568265
1.653952
1.685380
1.582135
1.710152
1.598323
1.675496
1.621166
1.621928
1.668005
1.509215
1.699808
1.544306
1.515402
1.632485
1.601498
1.536172
1.588065
1.556411
1.608620
1.549896
1.602809
1.597891
1.668045
1.611158
1.521029
1.596520
1.635374
1.575753
1.536784
1.635354
1.634624
1.560073
1.631925
1.641541
1.505741
1.590598
1.540927
1.583372
1.586303
1.475183
1.589465
1.638081
1.597959
1.653812
1.488834
1.631576
1.711690
1.612204
1.568622
1.508040
1.495446
1.603256
1.693525
1.610622
1.590983
1.588264
1.491540
1.541307
1.732594
1.654602
1.773705
1.711617
1.661858
1.730253
1.741710
1.555774
1.570958
1.642819
1.802380
1.642354
1.642667
1.628654
1.490801
1.611152
1.631273
1.663418
1.569279
1.574950
1.719904
1.713690
1.552373
1.780200
1.695530
1.623170
1.639986
1.684899
1.634916
1.572298
1.512467
1.582908
1.671093
1.567252
1.712118
1.559598
1.623434
1.627908
1.544253
1.592631
1.511272
1.537401
1.609925
1.551858
1.467639
1.651242
1.437800
1.493498
1.476696
1.527813
1.627103
1.461867
1.411200
1.590377
1.631403
1.507357
1.615450
1.542683
1.516884
1.589377
1.610811
1.531388
1.551183
1.406128
1.564621
1.552425
1.545706
1.534288
1.611165
1.526508
1.487451
1.631665
1.628000
1.564725
1.618582
1.466140
1.647674
1.471398
1.571263
1.629858
1.585791
1.529106
1.543081
1.414067
1.581841
1.654907
1.536932
1.535055
1.507957
1.528807
1.522359
1.504351
1.461267
1.503306
1.573925
1.612647
1.541342
1.439907
1.480392
1.659396
1.498031
1.606011
1.567873
1.604646
1.557706
1.479366
1.521080
1.616720
1.497353
1.528317
1.565884
1.506003
1.573298
1.448371
1.410629
1.690493
1.631486
1.521596
1.491530
1.457271
1.495289
1.640526
1.505361
1.494869
1.546319
1.499947
1.419556
1.506029
1.384598
1.525287
1.475165
1.501294
1.443270
1.473413
1.462544
1.430400
1.480793
1.476646
1.529333
1.587598
1.534728
1.338255
1.531600
1.469243
1.513886
1.416552
1.537334
1.518055
1.552739
1.414437
1.531655
1.479228
1.475688
1.579218
1.471158
1.527316
1.452274
1.542376
1.505492
1.440686
1.549837
1.387178
1.371903
1.447760
1.492591
1.535095
1.549181
1.550622
1.532765
1.428355
1.451167
1.438612
1.464069
1.551710
1.431645
1.521253
1.482630
1.448395
1.500179
1.452596
1.566940
1.496376
1.538135
1.469570
1.480048
1.443329
1.503174
1.524473
1.567214
1.456655
1.458041
1.559927
1.492228
1.445479
1.367784
1.479061
1.516011
1.430556
1.517063
1.406956
1.404911
1.456062
1.451031
1.403956
1.409348
1.561668
1.538166
1.487386
1.609682
1.441112
1.571430
1.350358
1.525092
1.348955
1.447151
1.506731
1.508894
1.486360
1.568259
1.440024
1.514907
1.467864
1.531702
1.504696
1.496087
1.397308
1.545030
1.362146
1.455179
1.483642
1.481915
1.548795
1.525243
1.366688
1.484843
1.486203
1.468989
1.411905
1.431460
1.447142
1.466122
1.528435
1.541955
1.562566
1.481387
1.484837
1.335542
1.447053
1.398414
1.423937
1.361011
1.406676
1.417549
1.367424
1.394139
1.581587
1.481549
1.447433
1.447682
1.412355
1.495791
1.509084
1.403407
1.400231
1.543544
1.479706
1.506233
1.509394
1.414701
1.411759
1.445232
1.487538
1.437179
1.542045
1.456374
1.467904
1.434578
1.414408
1.428628
1.434963
1.424035
1.442329
1.447153
1.458264
1.452327
1.391117
1.422636
1.419912
1.451674
1.408796
1.562943
1.406567
1.464713
1.406705
1.335773
1.507232
1.500377
1.357689
1.346150
1.498084
1.575039
1.405724
1.419177
1.391455
1.375319
1.394332
1.368269
1.482782
1.404282
1.405162
1.495750
1.345366
1.365200
1.415051
1.411213
1.392890
1.379313
1.453472
1.492878
1.507215
1.402891
1.411056
1.429388
1.448712
1.380260
1.382521
1.469783
1.439143
1.451571
1.415269
1.385605
1.423613
1.391047
1.483779
1.411559
1.405174
1.411858
1.331964
1.417222
1.391513
1.344222
1.378374
1.401733
1.398610
1.327662
1.400824
1.318368
1.394060
1.445951
1.498646
1.447923
1.427742
1.420879
1.361764
1.441100
1.281033
1.377841
1.477306
1.421173
1.419816
1.386417
1.359596
1.269679
1.312832
1.363193
1.360389
1.386177
1.333965
1.237524
1.406832
1.407924
1.409700
1.435135
1.335607
1.346139
1.443314
1.421126
1.320928
1.387571
1.433155
1.300955
1.372143
1.391455
1.365324
1.347332
1.383717
1.382503
1.504557
1.407025
1.479630
1.381298
1.417456
1.387865
1.400647
1.486923
1.315287
1.440879
1.349287
1.408816
1.421713
1.389452
1.295156
1.438003
1.472006
1.415862
1.433788
1.410657
1.268858
1.413309
1.442254
1.336384
1.406252
1.409474
1.426881
1.413684
1.295834
1.467165
1.489328
1.399839
1.409491
1.354869
1.260659
1.361530
1.411740
1.333905
1.354651
1.265163
1.317482
1.406304
1.393362
1.374762
1.359721
1.358663
1.319356
1.376309
1.419155
1.332297
1.328212
1.327383
1.348818
1.437774
1.395743
1.324184
1.428349
1.356790
1.494213
1.309134
1.414204
1.324678
1.327002
1.356468
1.279322
1.379942
1.432022
1.358245
1.336076
1.354843
1.355608
1.348864
1.421406
1.261049
1.333246
1.345994
1.229002
1.249198
1.381558
1.417630
1.232647
1.498032
1.311591
1.253207
1.315935
1.405662
1.262246
1.365296
1.459864
1.329652
1.301947
1.398252
1.419014
1.436887
1.368286
1.360180
1.368875
1.407792
1.333646
1.310219
1.358483
1.342903
1.313634
1.306377
1.447167
1.526759
1.318442
1.316237
1.371230
1.384462
1.301554
1.254195
1.286330
1.275888
1.285705
1.418241
1.259339
1.337386
1.396302
1.252758
1.432161
1.353529
1.441733
1.381062
1.451868
1.356634
1.363962
1.341589
1.347925
1.359441
1.279225
1.279433
1.360103
1.295247
1.247013
1.348790
1.386288
1.307659
1.410828
1.366150
1.402440
1.174114
1.323546
1.298681
1.362741
1.305411
1.380646
1.259660
1.554486
1.315233
1.314258
1.421557
1.394020
1.354445
1.350085
1.442294
1.250983
1.325839
1.278989
1.257177
1.301170
1.342193
1.344683
1.305459
1.467825
1.310258
1.426530
1.294188
1.328189
1.261587
1.321241
1.227005
1.266343
1.320584
1.424440
1.219301
1.311262
1.264228
1.271111
1.297219
1.181602
1.195333
1.374696
1.351328
1.452372
1.321181
1.340189
1.288948
1.274318
1.204303
1.348827
1.310805
1.365385
1.339711
1.300277
1.323277
1.274649
1.238522
1.276289
1.344253
1.351671
1.225280
1.328824
1.301254
1.350049
1.311104
1.303977
1.369983
1.261680
1.285151
1.157837
1.227917
1.356586
1.344048
1.345629
1.263424
1.252641
1.330779
1.402641
1.301287
1.246578
1.274757
1.321984
1.267967
1.353516
1.245745
1.352735
1.290460
1.276708
1.277569
1.251194
1.365598
1.182111
1.355194
1.264191
1.374019
1.406188
1.368369
1.251198
1.304322
1.339429
1.336279
1.221682
1.278517
1.303257
1.340197
1.327785
1.434646
1.179549
1.454545
1.227834
1.232560
1.167543
1.356270
1.310380
1.217263
1.184832
1.280452
1.432721
1.338849
1.251959
1.282930
1.495782
1.283122
1.251173
1.244812
1.342880
1.190698
1.219208
1.205932
1.337610
1.185948
1.371532
1.287655
1.312854
1.293854
1.220269
1.398859
1.185783
1.217294
1.312834
1.333331
1.360130
1.343514
1.314273
1.331083
1.295867
1.300812
1.343252
1.269468
1.266891
1.230376
1.321252
1.227973
1.294864
1.257358
1.178195
1.210805
1.382620
1.285288
1.212335
1.244299
1.303386
1.263453
1.219503
1.197845
1.255535
1.232509
1.237411
1.246786
1.303349
1.317895
1.222327
1.212430
1.175676
1.320818
1.211711
1.221840
1.255797
1.308427
1.300241
1.268605
1.248667
1.234206
1.240003
1.416426
1.325110
1.293543
1.212101
1.274354
1.218347
1.368803
1.232094
1.205452
1.298373
1.310996
1.273063
1.321078
1.307788
1.368584
1.353192
1.207709
1.255732
1.346185
1.210984
1.267797
1.372896
1.245791
1.244487
1.458705
1.206189
1.336010
1.215994
1.243106
1.290419
1.228511
1.354020
1.222914
1.248887
1.135828
1.340513
1.262148
1.197799
1.288575
1.286678
1.117452
1.235999
1.226237
1.276837
1.247822
1.243540
1.279566
1.222970
1.194458
1.251648
1.218930
1.224083
1.326817
1.208671
1.234468
1.276481
1.194010
1.220273
1.103640
1.225295
1.081691
1.211328
1.276381
1.208214
1.323291
1.210622
1.325482
1.309476
1.228772
1.221218
1.246328
1.226863
1.268638
1.213218
1.276343
1.226385
1.249174
1.321254
1.239307
1.258637
1.316429
1.307468
1.361690
1.212171
1.352671
1.180448
1.249843
1.216480
1.168694
1.319500
1.198797
1.241103
1.175748
1.263661
1.136497
1.221545
1.246044
1.116011
1.240113
1.294210
1.246064
1.161160
1.221522
1.285233
1.239775
1.315553
1.261026
1.267410
1.122065
1.266703
1.230044
1.228574
1.384867
1.180615
1.190682
1.171813
1.292747
1.280199
1.208421
1.249760
1.177185
1.162944
1.201180
1.065917
1.293991
1.129208
1.074614
1.050597
1.246244
1.247213
1.227064
1.300884
1.209357
1.399524
1.085909
1.245187
1.222589
1.240103
1.242576
1.201551
1.337141
1.167969
1.183491
1.184282
1.169674
1.247521
1.198067
1.325271
1.077443
1.211264
1.161846
1.104121
1.221004
1.182694
1.129030
1.079922
1.209300
1.190968
1.247754
1.185106
1.188950
1.167299
1.088844
1.214991
1.178231
1.305417
1.149218
1.276800
1.182173
1.152595
1.165982
1.147884
1.298549
1.217657
1.268097
1.190385
1.163928
1.187708
1.223767
1.280626
1.191089
1.256034
1.150885
1.226715
1.187813
1.122578
1.134770
1.172890
1.217429
1.192925
1.173502
1.191329
1.321698
1.019857
1.113764
1.195613
1.115228
1.214549
1.149441
1.239916
1.083401
1.002165
1.154166
1.272567
1.237472
1.187106
1.205181
1.248931
1.322533
1.118849
1.210854
1.304647
1.172959
1.149378
1.173925
1.248445
1.102456
1.149493
1.226373
1.248836
1.289484
1.332106
1.130323
1.225060
1.090487
1.061454
1.141480
1.133089
1.086945
1.221745
1.096674
1.186789
1.357952
1.135376
1.240404
1.268859
1.228259
1.175675
1.194487
1.206924
1.202584
1.156708
1.221424
1.109729
1.115549
1.238837
1.200422
1.267961
1.114279
1.161307
1.213119
1.102047
1.221229
1.222326
1.125319
1.204091
1.193209
1.154781
1.152839
1.312862
1.052768
1.144500
1.179827
1.213979
1.241694
1.084904
1.211074
1.140609
1.199799
1.263933
1.114129
1.065692
1.148306
1.198071
1.143699
1.237065
1.443228
1.301956
1.243664
1.170302
1.227321
1.218598
1.176122
1.353325
1.252953
1.212727
1.196649
1.131044
1.209392
1.218151
1.218321
1.089930
1.140675
1.196522
1.191020
1.184039
1.221859
1.074382
1.134375
1.176470
1.134232
1.125343
1.119099
1.098570
1.195989
1.127967
1.087853
1.118667
1.207243
1.175819
1.170344
1.114895
1.204372
1.069921
1.175276
1.038744
1.217337
1.123957
1.131824
1.059598
1.199992
1.167465
1.085042
1.167434
1.184558
1.147408
1.177228
1.282134
1.170046
1.315542
1.113918
1.085201
1.198396
1.152223
1.142428
1.195975
1.150511
1.122880
1.185326
1.101756
1.193432
1.180429
1.218753
1.070191
1.155952
1.117260
1.080437
1.077243
1.116086
1.063472
1.152686
1.238356
1.011341
1.139150
0.985989
1.282375
1.021137
1.089648
1.215135
1.146186
1.144056
1.190025
1.099095
1.121488
1.141921
1.120948
1.054189
1.193466
1.088576
1.132696
1.212599
1.067681
1.134003
1.124799
1.130419
1.271828
1.193264
1.159301
1.188763
1.099409
1.264245
1.006838
1.213626
1.118520
1.055109
1.146661
1.121382
0.995099
1.123161
1.272613
1.128748
1.117178
1.134021
1.022827
1.154971
1.116189
1.212798
1.055787
1.199448
1.109439
1.098547
1.327513
1.200599
1.094012
1.131777
1.068738
1.037977
1.081274
1.109987
1.160666
1.070535
1.172083
1.200697
1.096317
1.221236
1.087542
1.182680
1.102263
1.155845
1.146135
1.167941
1.034428
1.147343
1.120193
1.154859
1.199403
1.215245
1.105085
1.141165
1.087782
1.170659
1.024595
1.102237
1.155624
1.070963
1.262957
1.223334
1.122153
1.101352
1.136872
1.112584
1.051213
1.098809
1.118710
1.060995
1.093516
1.156031
1.098276
1.112576
1.213677
1.209483
1.320429
1.042712
1.160884
1.142676
1.024216
1.074802
1.076345
1.063944
0.990355
1.102787
1.170341
1.082926
1.202065
1.131833
1.124757
1.086313
1.105985
1.106078
1.102613
1.165941
1.254243
1.100499
1.109124
1.089005
1.109979
1.188183
1.175756
1.117019
1.281061
1.044011
1.029756
1.044512
1.172030
1.078139
1.171454
1.009076
1.140612
1.271842
1.080826
1.167973
1.259953
1.146466
1.237583
1.098898
1.070976
1.032210
1.056873
1.200711
1.213329
1.106878
1.054644
1.043307
1.127887
1.129514
1.068611
1.063225
1.139699
1.115119
1.022602
1.068294
1.075432
0.902113
1.034111
1.082749
1.133978
1.042071
1.081484
1.064211
1.015064
1.124094
1.169897
0.972361
1.085364
1.007246
1.169683
1.151089
1.152667
1.081827
1.069162
1.127692
1.134372
0.990549
1.053840
1.103706
1.108244
1.054852
1.053722
1.053133
1.010073
1.070207
1.006667
1.141993
1.233053
1.216611
0.989270
1.260974
1.040572
1.119023
1.108226
1.076324
1.073020
1.193085
1.165707
1.262762
1.100870
1.137552
1.191394
1.000224
1.094437
1.052967
1.171775
1.096775
1.195598
1.102869
1.194965
1.026125
1.104714
1.174571
1.109166
1.031855
1.029313
0.993162
1.019062
1.057121
1.096167
1.166559
1.200579
1.062732
1.127240
1.195074
1.110555
1.017080
1.088904
1.150135
1.139643
1.045711
1.163516
1.151556
1.065424
1.191522
1.198380
1.152147
1.016387
1.090735
1.224888
1.014575
1.042031
1.042637
1.004883
1.109500
1.052248
1.178459
1.113728
1.199346
1.108052
0.997132
1.184900
1.265333
1.100298
1.136330
1.041695
1.123786
1.051022
1.008919
1.014194
1.033683
1.112187
1.047061
0.995285
1.051814
1.073166
1.069070
1.029346
1.091568
1.044425
1.080277
1.135751
1.046715
0.979882
1.062299
1.092339
1.049005
1.027300
0.964621
0.995056
1.086882
1.047114
1.067215
1.025335
1.003814
1.079818
0.980479
0.956879
1.228379
1.047782
1.194083
1.102538
1.043717
1.092946
1.086230
0.928339
1.067785
0.937379
1.037218
1.139033
0.936106
1.047729
0.994929
1.223873
0.921479
1.044187
1.150088
0.991096
0.982474
1.066237
0.970176
1.012151
1.076435
1.090316
1.013183
1.008845
1.014702
1.048968
1.108337
0.992166
1.036410
1.110698
1.067276
1.001829
1.135855
1.079824
1.068287
1.061667
1.015106
0.999646
1.075280
1.003944
1.011444
1.031471
1.127538
1.120055
0.987443
1.014748
1.025515
0.954912
1.114741
0.934772
1.098442
1.092892
0.988113
1.284126
1.102237
0.980915
1.047002
1.168889
1.034541
0.985646
1.035057
1.151774
1.027282
1.126243
1.055185
1.013890
1.140528
1.046286
0.961009
0.935351
0.988355
1.053454
0.995211
1.158142
1.182126
1.096930
1.049858
1.012487
0.918568
0.989703
0.933674
1.081289
1.041741
1.047101
1.126016
1.080323
1.176638
1.119092
0.985128
1.077632
1.020689
1.003058
0.985850
1.088874
1.020601
1.094052
1.058180
1.015787
1.059136
1.022599
1.065224
0.995212
0.944185
0.977413
1.070322
1.042516
0.978010
0.944448
1.084540
1.005332
1.033172
1.076887
0.997668
0.926034
0.932484
1.165556
1.064767
0.914650
0.988452
1.082082
0.979805
1.036877
0.963512
0.946169
0.971460
0.934719
1.008747
0.947064
0.927601
1.019937
1.121428
1.023688
1.069602
1.102617
0.912505
1.092614
1.152969
1.129724
0.986225
0.985946
1.029244
1.086254
0.985784
0.995444
1.060831
0.979251
1.104769
1.167632
1.189118
0.967756
0.995392
1.004043
1.072277
0.955303
0.913280
0.960543
1.045107
1.061154
1.130108
1.081419
1.070615
0.960813
1.137390
1.043660
1.087206
1.068271
1.080931
0.933091
1.033082
0.954233
1.063810
0.994933
1.003057
1.056143
0.974782
1.037284
1.015165
1.058222
1.041707
1.042252
0.966811
1.066813
1.063743
0.939671
0.961232
0.915608
0.965948
0.980779
1.010155
0.909311
0.960756
1.013598
0.925699
1.061235
1.107921
1.121979
0.968505
1.028935
0.975591
0.892437
1.025333
1.003514
0.976666
1.100591
1.069155
1.049400
0.928877
0.986426
0.892329
1.015489
1.039684
1.027944
1.005425
1.115049
1.021836
1.056914
0.996583
1.105981
1.010719
1.014737
1.041672
1.032202
1.019878
0.998400
1.092981
0.981928
1.047992
0.932222
1.079883
0.927990
0.791978
1.021233
1.029739
0.951267
1.053250
1.010204
1.006531
1.088569
1.076707
1.023496
1.043936
0.905048
0.985738
0.958054
0.986767
1.030205
1.027142
1.048217
1.053437
1.106685
0.998223
0.978788
0.937771
0.982453
1.074780
0.987475
0.997112
1.071449
1.039069
1.051903
0.994973
0.933149
0.923252
0.978192
1.112130
1.024472
0.981652
0.939109
1.003526
1.022572
1.045537
0.917144
1.041380
0.943110
1.043707
1.007822
1.098836
1.037961
1.018008
0.975041
0.987309
0.989320
0.990703
0.970083
0.924135
0.922696
0.899977
0.988531
0.967530
0.907534
1.005811
0.935271
1.004106
0.926330
0.958110
0.960492
0.932225
0.984646
0.928349
1.055521
0.970361
1.052796
1.046707
0.991204
0.907241
1.062584
0.989706
1.032526
0.975919
0.970083
0.891538
1.083652
0.972491
1.040960
0.899359
0.980703
1.019651
1.048545
0.932341
1.034506
1.072443
0.884416
1.082967
0.984648
0.997464
0.995839
1.016872
1.140023
1.158439
0.980311
1.057799
0.994976
0.965604
1.088906
0.977942
0.945188
0.865063
1.036053
0.949843
0.991081
0.893964
1.012706
0.969390
1.014844
1.036524
1.053832
0.968756
1.093536
0.950000
1.040454
0.878333
0.997786
1.003911
0.989558
0.965071
0.970128
0.882082
0.966643
0.990660
1.058073
1.021004
0.936970
1.029363
0.997916
1.011357
0.897483
0.910068
0.984524
0.985155
0.937821
1.079996
0.842470
0.834673
1.047968
1.120036
1.067909
0.997547
1.018659
0.931291
0.959298
0.879921
1.068200
1.124318
0.982744
0.989279
0.970489
0.985878
0.940267
0.943800
1.130857
0.991177
0.912113
0.910349
0.933475
0.966015
0.982403
0.993225
1.052256
0.928578
1.035600
0.953789
1.004337
0.977719
0.949643
0.931186
0.843605
1.002823
0.906901
0.873515
0.983085
0.871567
0.937894
0.921607
0.912460
0.905582
0.965620
0.773202
0.927073
0.916318
1.057238
0.950623
0.932931
1.030462
0.925259
0.873180
0.922272
1.017242
0.953987
0.879813
0.911870
0.877194
1.011703
0.992781
0.909241
0.858871
0.957784
1.018914
1.023600
1.031325
1.016106
0.893817
0.878544
0.932907
0.944763
1.057483
1.008307
0.938710
1.082413
1.090397
0.905255
0.924000
0.976430
0.976520
0.951369
1.033515
0.959780
0.918714
1.010144
1.010236
1.022909
1.067026
1.085663
0.942575
0.845361
1.102450
0.946304
0.924757
0.944557
1.022849
0.976682
0.923819
0.931846
0.990210
0.995418
0.920164
0.930890
1.053382
1.084026
0.970406
1.046017
0.899993
1.028319
0.992715
0.913213
1.033080
1.096912
0.884602
1.026098
0.947090
1.002493
1.038226
0.914075
1.051929
0.918644
1.079496
0.927599
1.011713
0.894882
0.990491
0.920663
1.084562
1.013049
0.969227
0.896808
0.891559
0.993116
1.002344
0.994575
0.917707
0.947851
0.972532
0.963521
0.890165
0.930624
1.027344
0.972581
1.043551
0.984022
1.016606
0.988375
1.107944
1.059996
0.979287
1.032367
0.962429
0.905095
0.906350
0.894287
1.022068
0.842279
1.038271
0.903679
0.782994
0.990251
0.892719
0.915071
0.868743
0.940600
0.913813
1.020540
0.955607
0.900603
1.030389
0.825492
0.885714
1.054142
1.029383
0.907338
0.855193
0.832296
0.847348
0.947406
0.946596
1.048631
0.879149
0.848422
0.997225
1.048769
0.820233
0.852938
1.081638
0.939778
1.044508
0.933111
0.871184
0.885293
0.898695
0.903748
0.828828
0.926976
0.910832
0.948988
0.966890
0.902064
0.940914
0.981802
0.957082
0.942215
0.923715
0.915849
1.060416
0.995897
0.933413
1.073795
1.028308
1.025789
0.890825
0.884310
0.903357
0.886123
0.865865
0.789239
0.977949
0.784642
0.876053
0.993379
1.085254
0.961204
1.059154
1.012147
0.975881
1.008317
0.888241
0.948768
0.990846
0.916714
1.059977
0.858654
0.935705
0.952953
0.846568
0.836943
0.966000
0.907225
0.849297
0.925245
0.914452
0.861547
0.993762
0.959789
1.080021
0.875334
1.001125
1.001620
0.970810
0.896137
0.935062
0.938126
0.835934
0.852709
1.008888
0.952308
1.036490
0.960302
0.833232
0.869126
0.826934
0.944271
0.886934
0.932713
0.804466
1.043583
1.102590
0.903247
1.016856
0.934822
0.834101
1.070518
0.999100
0.894627
0.967667
0.864972
0.867305
0.936838
0.910428
0.884900
0.902066
0.986248
0.996298
0.961458
0.997116
0.843207
1.012990
0.867861
0.880799
0.857956
0.864143
0.916682
0.969972
0.933611
0.935827
0.992424
0.860861
0.893142
1.000540
0.921865
0.906949
0.867835
0.868833
0.953513
0.863253
0.846666
0.845204
0.965329
0.782432
0.902293
1.033844
0.887699
0.876310
0.975446
0.993506
0.839258
0.974347
0.875475
0.913854
1.042956
0.837554
1.003432
0.890947
0.841142
0.759985
0.915734
0.931907
0.761178
0.965880
0.871090
0.905315
0.954909
0.881979
0.795103
0.970037
0.963788
1.007212
0.865203
0.980440
0.875470
0.916143
0.924210
0.888177
0.820298
0.903689
0.999077
0.933223
0.866478
0.822909
0.884270
0.786507
0.921709
0.859532
0.920596
0.838636
0.890501
0.890900
0.919635
0.871253
1.002771
0.798149
0.813100
0.822363
1.067104
0.805769
0.988443
0.919053
0.932232
0.919576
0.812621
0.903422
1.036292
0.920168
0.938904
0.752540
0.790975
0.928506
0.758570
0.914093
0.950055
0.913376
0.949983
0.896373
0.856288
0.857609
1.048299
0.787949
0.903984
0.891899
1.007497
0.993958
1.095870
0.875105
0.804519
0.880640
0.899744
0.875351
0.967637
0.984144
0.880636
0.851429
0.952498
0.947162
0.951420
0.853688
0.889274
0.959727
0.916199
0.984672
0.861060
1.038477
0.890123
0.798147
1.029312
0.923805
0.903046
0.970338
0.886319
0.863551
0.794120
0.955716
0.844875
0.848548
0.863119
0.820269
0.879694
0.992112
0.989411
0.969025
0.921169
0.984645
0.858892
0.949901
0.876779
0.847811
0.815328
0.972810
0.942293
0.849229
0.860355
0.927056
0.905281
0.938121
0.829060
0.891829
1.171010
0.845404
0.895944
0.957986
0.888825
0.857377
0.858012
0.863478
0.859130
0.921840
0.849852
0.825056
0.864122
0.848082
0.950654
1.015877
0.727725
0.930764
0.949140
0.855631
0.849153
0.736337
0.954444
0.868163
0.882890
0.798077
0.893147
0.796873
1.040599
0.817974
0.803259
0.946617
0.777075
0.894102
0.845167
0.904214
0.847105
0.872366
0.812495
0.825199
0.814698
0.911851
0.944069
0.802342
0.810137
0.953783
1.000007
0.869594
0.880161
0.818375
0.914402
0.894061
0.936472
0.879867
0.787096
0.834745
0.905160
0.997811
0.862900
0.877925
0.745295
0.823049
0.828486
0.866125
0.957904
0.939512
0.641643
0.852500
0.773209
0.863047
0.956183
0.852281
0.896309
0.884178
0.815029
1.015172
0.899829
0.961494
0.920069
0.895071
0.825009
0.839429
0.849357
0.994618
0.886763
0.821592
1.088583
1.030507
0.940484
0.814956
0.888409
0.811224
0.899355
0.821581
1.006938
0.869184
0.841246
0.853205
0.887520
0.812669
0.909099
0.893321
0.779386
0.855967
0.874108
0.936630
0.836756
0.962772
0.806728
0.776023
0.768592
0.817210
0.848474
0.809690
0.981683
0.922061
0.926154
0.920676
0.861075
0.885584
0.905995
0.877241
0.886071
0.867687
0.777669
0.932471
0.860374
0.872694
0.907542
0.903030
0.790331
0.983940
0.806984
0.887962
0.896608
0.812775
0.809485
0.801087
0.860942
0.820655
0.889745
0.966380
0.886087
0.741455
0.953287
1.016335
0.942109
0.897140
0.886360
0.880659
0.832451
0.938454
0.733823
0.821827
0.863578
0.879040
0.901466
0.759412
0.871008
0.886353
0.849879
0.861558
0.809095
0.894178
0.954764
0.877868
0.747146
0.960387
0.945194
0.965752
0.803414
0.804890
0.943233
0.950125
0.875569
0.864455
1.023172
0.919527
0.914236
0.813604
0.871283
0.851668
0.853541
0.762408
0.913832
0.785912
0.885323
0.871845
0.843313
1.032629
0.870322
0.984281
0.840171
0.857938
0.933360
0.860379
0.810884
0.875553
0.845639
0.974262
0.933719
0.966748
0.916273
0.873944
0.895776
0.819744
0.935406
0.902535
0.868110
0.805955
0.826135
0.881993
0.819997
0.802051
0.762561
0.754567
0.870702
0.947119
0.689386
0.829603
0.927615
0.704043
1.009506
0.893122
0.861607
0.893035
0.893413
1.021931
0.917867
0.719151
0.808974
0.904185
0.817321
0.847513
1.026267
0.933036
0.816786
0.847645
0.875039
0.733607
0.881296
0.840190
0.874644
0.867373
0.878877
0.769969
0.854448
0.746280
0.897719
0.838555
0.821916
0.763955
0.897852
0.789814
0.796057
0.743645
0.867753
0.921939
0.808255
0.812017
0.898559
0.842800
0.849412
0.846528
0.754606
0.831069
0.838765
0.960674
0.846355
0.851208
0.906499
0.744322
0.763495
0.920114
0.924387
0.790163
0.769134
0.831531
0.779169
0.668760
0.818520
0.916175
0.786671
0.790033
0.932413
0.782168
0.926946
0.921749
0.689300
0.842729
0.800853
0.829302
0.804064
0.837399
0.824731
0.832971
0.885240
0.839054
0.849138
0.751122
0.753843
0.946510
0.786698
0.901303
0.832171
0.754320
0.956672
0.815059
0.790443
0.753535
0.839439
0.811709
0.877571
0.815191
0.862422
0.668963
0.892567
0.715081
0.835500
0.871178
0.832372
0.775039
0.898251
0.818426
0.888275
0.935404
0.869330
0.770852
0.932241
0.874873
0.946321
0.897306
0.796497
0.862677
0.938711
0.893199
0.810186
0.868041
0.928080
0.827722
0.756269
0.901516
0.842650
0.907712
0.776807
0.916208
0.829301
0.671829
0.773560
0.846334
0.870978
0.649327
0.780060
0.795219
0.784705
0.682122
0.772529
0.832460
0.781707
0.718962
0.682632
0.844950
0.806663
0.759550
0.790745
0.910410
0.877535
0.903722
0.751358
0.792597
0.891162
0.881201
0.736881
0.730326
0.837956
0.848319
0.847617
0.858765
0.865598
0.815501
0.784840
0.822445
0.887033
0.834727
0.853361
0.800410
0.863353
0.768932
0.812815
0.805641
0.850375
0.916623
0.919754
0.815001
0.946216
0.779314
0.711977
0.887655
0.874732
0.806545
0.901640
0.826464
0.822575
0.809593
0.835277
0.847123
0.760918
0.791699
0.756741
0.811496
0.806410
0.849521
0.783794
0.798955
0.871745
0.764215
0.748590
0.773216
0.818080
0.771942
0.856962
0.791843
0.894060
0.797941
0.811401
0.771042
0.788875
0.752271
0.862917
0.844141
0.744637
0.752210
0.744726
0.822454
0.871773
0.720007
0.770198
0.929790
0.826327
0.714838
0.727277
0.869139
0.801797
0.790223
0.793373
0.882328
0.690435
0.719664
0.733293
0.939809
0.944342
0.829767
0.871364
0.740469
0.790569
0.731172
0.825764
0.737616
0.769819
0.787780
0.671247
0.723847
0.702740
0.829025
0.839175
0.817264
0.723991
0.831385
0.735189
0.897271
0.847276
0.754329
0.909166
0.727833
0.767096
0.932977
0.759188
0.849269
0.926140
0.787698
0.888980
0.733720
0.883838
0.873841
0.664949
0.825604
0.760760
0.869002
0.871995
0.772735
0.751131
0.854793
0.757860
0.809703
0.758816
0.824736
0.897220
0.819709
0.750715
0.839997
0.762271
0.823047
0.880709
0.750203
0.864342
0.737779
0.809861
0.825572
0.666888
0.871785
0.708782
0.753248
0.754906
0.792424
0.821720
0.795645
0.711388
0.954469
0.866573
0.779028
0.815374
0.794943
0.862772
0.870410
0.843514
0.874753
0.949474
0.886647
0.815520
0.921725
0.769569
0.722244
0.740957
0.877549
0.822769
0.920152
0.840272
0.869595
0.959267
0.652441
0.811216
0.799986
0.782524
0.833616
0.884360
0.828478
0.748935
0.779626
0.810030
0.732364
0.887757
0.862997
0.727237
0.828894
0.734027
0.684972
0.833747
0.875782
0.756204
0.822525
0.709875
0.910041
0.764900
0.817490
0.777226
0.786290
0.884285
0.820199
0.786700
0.727418
0.723212
0.819548
0.709613
0.969594
0.788397
0.877578
0.668844
0.819753
0.839835
0.911113
0.791651
0.804007
0.762740
0.783880
0.782655
0.859728
0.852561
0.678077
0.789479
0.774991
0.787977
0.771750
0.895358
0.860086
0.840144
0.846824
0.644913
0.798266
0.760420
0.766862
0.855316
0.756832
0.765205
0.717152
0.745618
0.731575
0.726377
0.754650
0.895223
0.702726
0.753520
0.856231
0.765030
0.741898
0.834380
0.705289
0.847060
0.744015
0.688401
0.805345
0.857967
0.747364
0.785513
0.861434
0.854120
0.727967
0.820041
0.840117
0.762040
0.837794
0.758247
0.755616
0.774018
0.804769
0.701927
0.750064
0.673738
0.668853
0.851000
0.774519
0.884072
0.735301
0.784269
0.842974
0.684625
0.852111
0.798529
0.793381
0.898201
0.720931
0.753546
0.670559
0.794409
0.641715
0.742214
0.795650
0.745532
0.753465
0.734508
0.815902
0.849241
0.706152
0.826360
0.751104
0.838291
0.801789
0.734863
0.883803
0.622722
0.848961
0.762388
0.744118
0.691122
0.747750
0.658639
0.800585
0.730671
0.780274
0.839746
0.792011
0.812353
0.725281
0.829303
0.844724
0.815985
0.910458
0.856922
0.789317
0.719475
0.767457
0.724961
0.759060
0.576042
0.737873
0.784789
0.811199
0.790539
0.690930
0.638145
0.682041
0.711616
0.764891
0.735893
0.790827
0.755179
0.837218
0.743972
0.762243
0.867594
0.828043
0.770289
0.735864
0.762938
0.739255
0.773479
0.757068
0.833540
0.855094
0.739878
0.762200
0.898412
0.797138
0.735225
0.762155
0.757517
0.743205
0.746126
0.826616
0.845582
0.717828
0.644242
0.798706
0.797126
0.844412
0.771078
0.914771
0.772194
0.775380
0.787470
0.665610
0.832157
0.674777
0.760242
0.896162
0.807259
0.760218
0.815774
0.745488
0.734654
0.906435
0.782256
0.726837
0.751019
0.799978
0.703147
0.817305
0.751276
0.739467
0.732566
0.732593
0.800049
0.795765
0.969486
0.695456
0.768721
0.888202
0.664882
0.708338
0.884695
0.665982
0.738157
0.787002
0.758653
0.729903
0.734564
0.811156
0.787218
0.751848
0.717412
0.852862
0.828764
0.807730
0.735569
0.835904
0.806448
0.756417
0.835215
0.751985
0.784906
0.771854
0.694019
0.884775
0.754044
0.718080
0.658470
0.766604
0.738609
0.711707
0.806712
0.692388
0.741061
0.792256
0.771885
0.852103
0.807363
0.655255
0.763765
0.690946
0.858299
0.784971
0.773581
0.755656
0.714660
0.772128
0.828089
0.865184
0.876799
0.644843
0.731403
0.679799
0.806526
0.756347
0.730325
0.707253
0.637214
0.649115
0.791239
0.804062
0.728342
0.658286
0.716448
0.675031
0.772170
0.767075
0.695285
0.774164
0.788049
0.753934
0.694592
0.709023
0.812670
0.785677
0.875115
0.654887
0.723537
0.845159
0.795785
0.812417
0.698969
0.662989
0.672307
0.735960
0.680320
0.802654
0.659529
0.681724
0.706243
0.677675
0.621440
0.770688
0.746517
0.708362
0.667034
0.738407
0.756039
0.734139
0.721100
0.716587
0.825520
0.711572
0.682431
0.843313
0.673482
0.822742
0.716468
0.653314
0.843755
0.689796
0.707799
0.811111
0.760410
0.660759
0.724256
0.800199
0.846193
0.874919
0.870541
0.817727
0.625722
0.694853
0.721439
0.822849
0.743930
0.716249
0.763807
0.781543
0.742109
0.803228
0.805661
0.817178
0.717448
0.824840
0.755380
0.760533
0.902626
0.743295
0.787681
0.764907
0.788760
0.703535
0.716888
0.722026
0.800063
0.794534
0.830938
0.820226
0.770565
0.760111
0.770062
0.719378
0.744731
0.838256
0.766186
0.823782
0.873743
0.805817
0.760031
0.678580
0.788091
0.683273
0.797423
0.739530
0.686268
0.703508
0.747778
0.684780
0.585174
0.680656
0.656856
0.750801
0.820046
0.863075
0.780106
0.668612
0.713300
0.699702
0.708741
0.652281
0.697228
0.671779
0.811840
0.735797
0.777929
0.735200
0.643434
0.725885
0.647135
0.710538
0.676402
0.677845
0.844199
0.670527
0.674632
0.728080
0.673994
0.713740
0.738101
0.620474
0.836989
0.685194
0.907523
0.743525
0.757141
0.769031
0.685876
0.812037
0.664356
0.777199
0.714721
0.825202
0.727837
0.644141
0.708414
0.724737
0.645802
0.804956
0.716553
0.727188
0.721851
0.737243
0.684484
0.714701
0.683555
0.716839
0.752279
0.705480
0.791125
0.762952
0.700138
0.763580
0.756601
0.745384
0.806013
0.762523
0.689697
0.748776
0.680336
0.736588
0.743019
0.780676
0.654826
0.790357
0.787399
0.814825
0.653599
0.698864
0.679419
0.730172
0.772775
0.693710
0.717882
0.803320
0.700124
0.698479
0.788937
0.695932
0.716745
0.680497
0.725086
0.799542
0.627118
0.795064
0.739213
0.710194
0.741998
0.807478
0.764608
0.749590
0.715853
0.747162
0.695807
0.718152
0.757262
0.836158
0.702189
0.732601
0.804025
0.699156
0.773300
0.749209
0.575699
0.748794
0.767048
0.739033
0.808581
0.696528
0.789295
0.672988
0.679321
0.844959
0.680476
0.737642
0.755618
0.710584
0.777816
0.632276
0.584612
0.713104
0.634954
0.667714
0.732406
0.709035
0.699096
0.693984
0.725190
0.694948
0.787707
0.788062
0.729379
0.780832
0.715694
0.685228
0.688080
0.619814
0.668581
0.748466
0.670898
0.714599
0.838500
0.674342
0.717858
0.688556
0.682035
0.630797
0.755679
0.746935
0.780562
0.733582
0.656058
0.727734
0.669008
0.724577
0.732050
0.767466
0.730548
0.569946
0.720191
0.767238
0.666913
0.553472
0.817618
0.649602
0.638702
0.719988
0.785567
0.636198
0.824249
0.779412
0.819605
0.728851
0.715247
0.737260
0.760245
0.773461
0.731333
0.814522
0.673005
0.771744
0.716816
0.625008
0.887918
0.779818
0.648097
0.698312
0.629099
0.763311
0.657803
0.724899
0.709058
0.754662
0.602153
0.658775
0.745822
0.753377
0.693380
0.706095
0.635380
0.695982
0.635793
0.766673
0.692002
0.695181
0.665700
0.709379
0.772700
0.706928
0.713534
0.659605
0.708350
0.804589
0.775199
0.745705
0.681454
0.746235
0.723795
0.719561
0.890889
0.698719
0.739827
0.681396
0.666211
0.760509
0.705290
0.894418
0.787557
0.623143
0.793961
0.794689
0.696207
0.733985
0.722994
0.725183
0.899138
0.720555
0.710423
0.659020
0.739965
0.808045
0.621142
0.624550
0.631738
0.801503
0.553727
0.629617
0.663580
0.754375
0.700681
0.688297
0.740245
0.681044
0.653162
0.670683
0.737923
0.665633
0.733482
0.805326
0.673580
0.729386
0.650079
0.638467
0.750274
0.802445
0.769248
0.651677
0.697111
0.773264
0.677508
0.820917
0.768355
0.759178
0.694624
0.666187
0.783319
0.615450
0.528807
0.756457
0.614025
0.605766
0.653199
0.685171
0.626159
0.715352
0.742463
0.762218
0.715290
0.846191
0.611158
0.673580
0.694064
0.732266
0.697877
0.734282
0.718171
0.709442
0.710743
0.715374
0.797944
0.651482
0.672848
0.759525
0.751724
0.772744
0.666942
0.642016
0.715642
0.629167
0.577568
0.729253
0.671216
0.669063
0.695015
0.680890
0.589394
0.671064
0.712365
0.709029
0.729828
0.710303
0.659303
0.609606
0.588792
0.700604
0.680169
0.775135
0.657964
0.711175
0.726836
0.745506
0.746299
0.719858
0.623382
0.759713
0.708153
0.595083
0.732412
0.771978
0.602323
0.723502
0.655012
0.600933
0.755293
0.693041
0.658538
0.604172
0.600661
0.746347
0.708480
0.671547
0.568376
0.591317
0.569733
0.566824
0.658972
0.632290
0.564830
0.683158
0.885284
0.596922
0.666616
0.686240
0.717593
0.620978
0.720098
0.618727
0.777487
0.643223
0.769463
0.753490
0.687649
0.718317
0.738728
0.742201
0.640905
0.716782
0.702328
0.715881
0.740655
0.689685
0.701653
0.709731
0.690833
0.705067
0.702878
0.666670
0.715531
0.670637
0.702777
0.758272
0.763591
0.647253
0.606992
0.700497
0.679130
0.786174
0.794378
0.640045
0.664900
0.710245
0.638733
0.662373
0.737353
0.726297
0.706639
0.775841
0.687037
0.727170
0.881651
0.605628
0.587825
0.778653
0.739403
0.650698
0.783636
0.625279
0.734636
0.782755
0.669404
0.758246
0.848564
0.754933
0.644435
0.787598
0.762834
0.674490
0.724243
0.797607
0.612924
0.750024
0.688647
0.850881
0.730237
0.710821
0.626696
0.839144
0.636839
0.871650
0.717450
0.697489
0.684230
0.575949
0.656107
0.803673
0.643289
0.645716
0.647555
0.619865
0.659191
0.722838
0.718628
0.690385
0.574032
0.563865
0.686249
0.648235
0.711375
0.560084
0.705664
0.608835
0.768426
0.744165
0.720980
0.703026
0.674086
0.737068
0.699590
0.660768
0.734659
0.688296
0.624116
0.674700
0.615007
0.684886
0.685452
0.687390
0.662059
0.614807
0.713539
0.827302
0.646343
0.641565
0.593972
0.653488
0.774271
0.615402
0.596491
0.746423
0.613289
0.657924
0.633156
0.699904
0.626539
0.713578
0.608651
0.698979
0.736636
0.752220
0.648634
0.813954
0.747668
0.710148
0.645733
0.669458
0.611398
0.790204
0.693470
0.685224
0.706354
0.762150
0.641195
0.623255
0.702915
0.673533
0.621402
0.750556
0.929557
0.734813
0.650039
0.760185
0.613548
0.597770
0.719241
0.654709
0.695967
0.660636
0.582831
0.665901
0.687550
0.577357
0.594221
0.685331
0.827983
0.662725
0.727223
0.694662
0.689861
0.680850
0.740452
0.629759
0.584957
0.651847
0.721020
0.620106
0.614754
0.688909
0.774682
0.708929
0.560094
0.668719
0.606079
0.719175
0.660071
0.777339
0.738880
0.587766
0.626878
0.703955
0.652072
0.614055
0.772396
0.623111
0.730376
0.703263
0.634568
0.542277
0.623151
0.633076
0.584562
0.705167
0.660420
0.670949
0.689594
0.597265
0.631937
0.637052
0.641256
0.613890
0.673789
0.672302
0.655846
0.677838
0.628152
0.715340
0.689222
0.655076
0.670504
0.712413
0.589127
0.675363
0.581002
0.713131
0.601092
0.665534
0.700865
0.710904
0.661137
0.643463
0.722045
0.770395
0.651714
0.733720
0.670525
0.729964
0.737779
0.611735
0.732624
0.682278
0.756502
0.615697
0.732558
0.702603
0.666215
0.714014
0.651203
0.652701
0.550757
0.629988
0.705435
0.658351
0.742814
0.705756
0.664450
0.608813
0.633598
0.643273
0.717926
0.706618
0.651742
0.607856
0.739902
0.815095
0.530254
0.713670
0.669593
0.781347
0.598449
0.644484
0.660786
0.652356
0.683277
0.748817
0.663965
0.701863
0.700825
0.719288
0.698865
0.562892
0.669427
0.680842
0.610155
0.670129
0.758221
0.647225
0.577808
0.752378
0.600067
0.755625
0.705291
0.732293
0.660444
0.764447
0.644457
0.581975
0.727042
0.630391
0.761308
0.590866
0.632851
0.710983
0.573982
0.674534
0.666328
0.594301
0.729598
0.698522
0.830454
0.592723
0.624335
0.607502
0.815541
0.615638
0.596211
0.619605
0.668571
0.584821
0.502680
0.578440
0.612014
0.590174
0.648048
0.631792
0.582624
0.678203
0.725414
0.750884
0.600445
0.679565
0.661697
0.676987
0.593922
0.582052
0.685287
0.616750
0.638492
0.726677
0.713114
0.713333
0.541766
0.696470
0.716389
0.587575
0.635955
0.602946
0.689333
0.680165
0.519666
0.562020
0.657424
0.801447
0.653791
0.676502
0.712173
0.676326
0.654782
0.674954
0.656585
0.757199
0.611095
0.579043
0.784135
0.668825
0.714905
0.582413
0.706192
0.540893
0.673393
0.632683
0.597571
0.692434
0.610258
0.633600
0.620407
0.647429
0.549955
0.518900
0.743942
0.755328
0.686193
0.785319
0.778880
0.626191
0.712022
0.713760
0.669552
0.650650
0.619911
0.711402
0.687587
0.652093
0.597615
0.737434
0.685258
0.572891
0.628000
0.747815
0.650917
0.522701
0.765166
0.631915
0.682252
0.581400
0.557897
0.651291
0.598898
0.661072
0.707107
0.650369
0.652338
0.736361
0.757586
0.609281
0.737624
0.605601
0.617758
0.692110
0.753042
0.689677
0.623886
0.675374
0.670324
0.669094
0.727978
0.598470
0.653433
0.634294
0.657354
0.607436
0.609562
0.770119
0.561718
0.603378
0.579364
0.613520
0.556030
0.610964
0.681615
0.569079
0.732713
0.588859
0.624719
0.685663
0.606439
0.516497
0.642630
0.655091
0.593573
0.678173
0.725820
0.674649
0.667302
0.570783
0.578106
0.581024
0.718326
0.580747
0.548007
0.566489
0.551203
0.649907
0.612390
0.642965
0.622297
0.708846
0.637315
0.607300
0.648113
0.694759
0.671557
0.544444
0.646143
0.738374
0.595136
0.566832
0.682460
0.641053
0.673666
0.638269
0.612251
0.592849
0.768687
0.660299
0.645950
0.651169
0.588673
0.513716
0.479185
0.610292
0.770497
0.603080
0.548520
0.722107
0.706157
0.659738
0.608220
0.589229
0.564398
0.610593
0.617678
0.680256
0.835693
0.643772
0.595626
0.613989
0.546361
0.659487
0.661867
0.583647
0.555408
0.724343
0.761503
0.684987
0.577773
0.679703
0.568723
0.599516
0.553904
0.671200
0.646647
0.692140
0.673341
0.628328
0.679477
0.597026
0.518207
0.648529
0.565989
0.594859
0.642469
0.610305
0.610179
0.672076
0.603722
0.629013
0.701260
0.630555
0.699176
0.621100
0.625049
0.679705
0.574627
0.642242
0.619514
0.690180
0.607381
0.615060
0.743881
0.625206
0.638056
0.679272
0.477731
0.596816
0.654570
0.675436
0.537513
0.635613
0.557925
0.551874
0.692664
0.628474
0.691361
0.612245
0.651241
0.578705
0.618780
0.694476
0.559111
0.753067
0.689668
0.558603
0.517835
0.708264
0.658263
0.650954
0.624597
0.662517
0.589052
0.543441
0.610774
0.621881
0.626736
0.730222
0.719352
0.486814
0.525086
0.728243
0.630233
0.664576
0.682338
0.543124
0.765274
0.674138
0.682267
0.670913
0.783375
0.703680
0.714263
0.645329
0.606761
0.663224
0.656758
0.695120
0.645151
0.540162
0.691347
0.601987
0.605303
0.581028
0.627940
0.800451
0.811556
0.580978
0.612222
0.594497
0.632913
0.552169
0.721178
0.637356
0.640514
0.607211
0.631942
0.617222
0.609387
0.614452
0.582605
0.579402
0.680713
0.643488
0.639861
0.599736
0.569909
0.643555
0.685500
0.602823
0.652507
0.672455
0.641674
0.584634
0.627036
0.628424
0.638878
0.709967
0.637476
0.604723
0.557278
0.556710
0.587444
0.677516
0.555210
0.566021
0.740702
0.519787
0.649342
0.577709
0.612139
0.578847
0.667294
0.601457
0.635115
0.626253
0.613032
0.612775
0.568925
0.580553
0.515813
0.584752
0.574279
0.613071
0.557278
0.589006
0.552382
0.734543
0.608762
0.563552
0.638210
0.670114
0.588092
0.579106
0.627994
0.576668
0.642227
0.651193
0.471111
0.522816
0.694711
0.637564
0.620276
0.680543
0.645646
0.634540
0.534458
0.614712
0.601836
0.621953
0.558148
0.706854
0.662160
0.613395
0.641336
0.616058
0.693306
0.748807
0.664707
0.534398
0.644197
0.621395
0.661161
0.640732
0.649399
0.637534
0.657916
0.616395
0.637512
0.662808
0.604039
0.586411
0.630880
0.581034
0.441088
0.636949
0.567936
0.516263
0.610502
0.532583
0.675498
0.632307
0.548529
0.539440
0.591993
0.703897
0.721377
0.610419
0.642076
0.563598
0.584642
0.586144
0.552475
0.607210
0.599168
0.618526
0.628577
0.522101
0.715564
0.665454
0.677472
0.764743
0.486666
0.527216
0.596393
0.602981
0.617128
0.697174
0.660318
0.664403
0.653645
0.660535
0.640519
0.491892
0.733713
0.617509
0.593701
0.554484
0.573418
0.558266
0.596855
0.624952
0.465124
0.651847
0.556892
0.632001
0.687276
0.641566
0.640863
0.633879
0.682594
0.559407
0.480288
0.584242
0.549048
0.517009
0.461035
0.550370
0.600284
0.677644
0.645698
0.636773
0.657487
0.603382
0.582060
0.666588
0.580227
0.538379
0.661188
0.564226
0.622720
0.603275
0.595098
0.529790
0.442338
0.517638
0.595486
0.568375
0.582539
0.727151
0.511793
0.565712
0.628153
0.623443
0.586551
0.717171
0.614099
0.613340
0.618924
0.568102
0.600651
0.600255
0.669201
0.604849
0.542406
0.538462
0.575939
0.549737
0.523856
0.582537
0.660406
0.579283
0.615062
0.602612
0.580573
0.623371
0.584448
0.653256
0.631630
0.567198
0.566609
0.683833
0.677427
0.583405
0.442255
0.678585
0.636130
0.568328
0.608449
0.717924
0.570713
0.650969
0.549358
0.543323
0.670457
0.541512
0.698905
0.469972
0.518963
0.541949
0.601116
0.531633
0.548148
0.539497
0.559933
0.763003
0.552862
0.600809
0.564648
0.515829
0.611733
0.544052
0.581579
0.622792
0.486885
0.626032
0.548100
0.601940
0.432023
0.631157
0.691842
0.512648
0.482625
0.589121
0.455475
0.451133
0.677571
0.414952
0.578124
0.583533
0.685090
0.605914
0.569016
0.649912
0.508538
0.557824
0.528649
0.528865
0.535956
0.673721
0.588923
0.577483
0.621286
0.669470
0.608822
0.524579
0.641640
0.506394
0.534955
0.572201
0.485185
0.464725
0.538286
0.609864
0.582652
0.593106
0.650090
0.439773
0.617853
0.629033
0.506045
0.688198
0.500310
0.722826
0.743763
0.657901
0.577422
0.558494
0.713751
0.684077
0.739303
0.607775
0.606649
0.628452
0.567380
0.640796
0.601906
0.587656
0.543870
0.596021
0.553828
0.529707
0.581838
0.598046
0.545262
0.585982
0.437574
0.546522
0.669975
0.518009
0.508424
0.548479
0.557895
0.700412
0.556530
0.583896
0.617060
0.641640
0.646910
0.674056
0.660148
0.545733
0.543726
0.511652
0.574625
0.509717
0.590999
0.698700
0.599854
0.583100
0.561776
0.565320
0.560632
0.629917
0.584788
0.589029
0.492469
0.528292
0.629540
0.631064
0.589189
0.582180
0.654000
0.610309
0.639418
0.582182
0.584418
0.638660
0.504478
0.542104
0.544482
0.605433
0.530278
0.610941
0.561042
0.592575
0.651649
0.685135
0.499586
0.596612
0.540744
0.606730
0.620237
0.621164
0.609510
0.525219
0.731789
0.604877
0.502493
0.524403
0.681720
0.607026
0.664863
0.483476
0.553262
0.526590
0.475838
0.606514
0.489437
0.527830
0.635457
0.532003
0.523663
0.472943
0.571550
0.606389
0.448354
0.538882
0.579424
0.589256
0.532521
0.573662
0.480101
0.534259
0.514467
0.515551
0.562666
0.661995
0.567410
0.488619
0.628745
0.651828
0.602016
0.502489
0.508744
0.550137
0.522078
0.641452
0.569868
0.516955
0.731380
0.586193
0.635399
0.529546
0.611819
0.642723
0.555592
0.595428
0.564545
0.555733
0.576108
0.515672
0.542841
0.565862
0.505218
0.527391
0.527718
0.521525
0.562386
0.548272
0.637854
0.671483
0.602693
0.571380
0.684003
0.648471
0.601573
0.539855
0.529036
0.637954
0.622027
0.614965
0.629561
0.568255
0.563281
0.592430
0.486095
0.618498
0.538568
0.611228
0.557537
0.598089
0.690291
0.579022
0.631053
0.563180
0.578648
0.546502
0.526595
0.516603
0.657655
0.643395
0.571448
0.629117
0.604860
0.511356
0.610319
0.600204
0.519555
0.612654
0.646641
0.581233
0.588643
0.584903
0.535564
0.561206
0.556468
0.593161
0.604294
0.556084
0.660483
0.505227
0.541935
0.575443
0.684290
0.507274
0.468970
0.598772
0.575389
0.659176
0.682778
0.595593
0.654477
0.584191
0.555207
0.620928
0.685332
0.508203
0.556242
0.513597
0.479357
0.604552
0.540272
0.556230
0.583030
0.543239
0.527330
0.489284
0.584033
0.479173
0.676836
0.552066
0.637809
0.574820
0.559051
0.559447
0.665849
0.576964
0.615771
0.445149
0.596086
0.609387
0.525389
0.486690
0.549033
0.576189
0.619945
0.555404
0.516431
0.680352
0.578988
0.471305
0.495944
0.535174
0.576462
0.639218
0.565475
0.518774
0.588885
0.531517
0.664545
0.569608
0.527051
0.544111
0.664916
0.608077
0.599229
0.598998
0.521878
