3.592200
3.647466
3.453820
3.554444
3.367645
3.440263
3.436455
3.412014
3.354441
3.307723
3.338050
3.249141
3.272294
3.299271
3.242836
3.163497
3.140530
3.091338
3.228358
3.052979
3.224388
3.101377
2.913461
3.045015
3.055664
2.976273
3.002171
3.020362
3.057627
3.024395
3.077146
3.020945
2.944597
2.980846
3.067728
2.987224
3.082559
2.859300
2.889894
2.880036
2.751485
2.898447
2.822907
2.817406
2.972279
2.790015
2.814625
2.956211
2.933722
3.212462
2.735682
2.852695
2.872922
2.898959
2.840742
2.843910
2.908869
2.739060
2.667958
2.827795
2.734728
2.821372
2.725421
2.718949
2.724165
2.764699
2.747122
2.671654
2.579028
2.768337
2.746034
2.641408
2.766637
2.730235
2.591738
2.522980
2.657622
2.845201
2.788853
2.696751
2.739675
2.805510
2.611105
2.655665
2.582046
2.573116
2.557233
2.568572
2.701676
2.646991
2.636612
2.555112
2.614854
2.611474
2.600074
2.606047
2.717793
2.674569
2.537186
2.585102
2.606156
2.703696
2.437438
2.597742
2.431914
2.577735
2.691442
2.447792
2.474351
2.555432
2.326976
2.354545
2.659035
2.362452
2.593534
2.549381
2.491280
2.455969
2.414613
2.668433
2.494481
2.470240
2.450724
2.523907
2.505732
2.442261
2.600832
2.570143
2.438807
2.418649
2.519003
2.443925
2.466874
2.481362
2.297008
2.219802
2.480013
2.477321
2.508968
2.363095
2.383122
2.505128
2.420490
2.409513
2.469136
2.378738
2.279269
2.366332
2.288184
2.567014
2.386849
2.465342
2.598324
2.486767
2.336979
2.367275
2.357157
2.296164
2.340260
2.346928
2.434306
2.438495
2.241240
2.218627
2.505544
2.144459
2.263051
2.389134
2.214292
2.342046
2.179478
2.363698
2.209760
2.321452
2.329011
2.296845
2.368093
2.298526
2.279123
2.298903
2.257896
2.255871
2.263723
2.427640
2.215719
2.310386
2.219813
2.390164
2.217744
2.331402
2.080096
2.200024
2.214244
2.222401
2.186489
2.454796
2.144839
2.313420
2.200694
2.162755
2.206635
2.236825
2.325055
2.134660
2.165120
2.340275
2.215365
2.219770
2.236037
2.227320
2.226945
2.272066
2.265486
2.296310
2.146258
2.184920
2.214635
2.268919
2.171991
2.257337
2.227413
2.192622
2.047385
2.255844
1.985815
2.199844
2.063276
2.151091
2.103553
2.198279
2.086869
2.032028
2.146437
1.972567
1.936868
2.020695
2.111612
2.070507
2.054079
2.222610
2.125430
1.884203
2.174950
2.138390
2.127368
2.022764
1.976060
2.079139
2.103362
1.976892
2.164288
2.224600
1.989382
1.973304
2.152448
2.247409
2.160892
1.967427
1.953318
2.060631
2.273634
1.957312
2.006308
2.052339
2.092576
2.013683
2.119652
2.106011
2.180793
2.065958
2.101357
2.009932
2.175924
2.125057
2.082213
1.986364
2.088535
2.127529
2.081867
1.952252
2.146626
2.068817
1.954362
2.090355
2.072924
1.965965
2.056259
1.924349
2.121915
2.070847
1.874662
1.805386
2.041600
2.033729
1.789746
1.854556
1.887277
2.055676
2.087681
1.912747
2.041932
1.918700
2.050792
1.995323
2.021987
1.943906
2.156156
2.060821
1.968124
1.992918
2.148421
1.940114
1.959212
1.888490
2.121490
2.006762
1.990613
1.980604
2.006721
1.991882
1.904219
1.852173
1.975037
2.082510
1.877475
2.036584
1.944252
2.031493
1.893361
2.015499
1.963474
1.923818
1.981947
1.973153
2.207590
2.014246
2.025763
2.031407
2.009663
1.886064
1.915574
1.845789
1.946348
2.054977
1.973991
1.856992
1.849273
1.809741
1.928130
1.908604
1.909178
1.937114
2.094734
1.903264
2.129511
1.900425
2.028933
1.999855
1.877709
2.038024
1.733543
1.994921
1.823224
1.972398
1.888270
1.788542
1.760685
1.826167
1.897368
1.775292
1.887298
1.864422
1.882321
1.756330
1.781554
1.862869
1.820410
1.977648
1.919538
1.883496
1.930057
1.848640
1.777038
1.962809
1.911504
1.794526
1.892619
1.709662
1.968278
2.071904
1.813926
1.882714
1.846864
1.986976
1.850814
1.817933
1.748026
1.732397
1.901480
2.077271
2.064364
1.920672
1.762598
2.078283
1.908663
1.995273
1.990679
1.919484
1.959495
1.832625
1.989011
1.786259
1.635208
1.947284
1.866165
1.818552
1.754919
2.034215
1.963644
1.928330
1.805961
1.739278
1.868688
2.035479
1.764156
1.719542
1.788598
1.868110
1.739691
1.888149
1.705082
1.791483
1.949939
1.822657
1.781395
1.712856
1.784122
1.734720
1.710280
1.652336
1.830410
1.923457
1.943003
1.742579
1.995246
1.910035
1.836031
1.847389
1.856900
1.606811
1.790999
1.694297
1.875565
1.819672
1.732059
1.823413
1.821290
1.679325
1.745026
1.800575
1.870875
1.783094
1.742550
1.854554
1.685927
1.686427
1.761251
1.734289
1.730781
1.855627
1.972159
1.719604
1.832300
1.671886
1.775601
1.677606
1.800466
1.758189
1.884228
1.723890
1.806414
1.849791
1.809934
1.819275
1.777969
1.632530
1.711675
1.803563
1.770341
1.581534
1.776497
1.646690
1.807175
1.767332
1.776473
1.770759
1.722769
1.846755
1.882420
1.679044
1.764742
1.736101
1.740232
1.842579
1.887893
1.710707
1.681949
1.660957
1.770156
1.845798
1.713601
1.613418
1.710702
1.634410
1.604528
1.738790
1.742080
1.633549
1.690935
1.619463
1.744031
1.776060
1.824978
1.676906
1.750459
1.724895
1.726262
1.695174
1.848833
1.608281
1.654154
1.678247
1.698098
1.682235
1.764421
1.749474
1.662360
1.606603
1.564810
1.617480
1.626498
1.702400
1.733991
1.778182
1.731813
1.760093
1.747189
1.545597
1.815287
1.616450
1.689220
1.715738
1.798270
1.485278
1.569785
1.675456
1.669826
1.662989
1.578847
1.543054
1.536942
1.757557
1.694288
1.597563
1.719577
1.670266
1.735964
1.875941
1.867190
1.660941
1.520802
1.747016
1.700302
1.599912
1.770561
1.590930
1.846450
1.767776
1.585388
1.750811
1.687051
1.749552
1.767506
1.675163
1.735564
1.685387
1.580507
1.785890
1.777285
1.727076
1.769666
1.680509
1.676718
1.676387
1.657474
1.664133
1.607853
1.669805
1.709389
1.630168
1.705452
1.773807
1.872240
1.682757
1.782253
1.661045
1.698650
1.840930
1.774057
1.779819
1.604828
1.697437
1.672223
1.519307
1.594669
1.785050
1.810773
1.682390
1.671382
1.682290
1.515270
1.460918
1.653865
1.677281
1.533926
1.780565
1.716191
1.557296
1.439595
1.438285
1.546888
1.601785
1.912970
1.436291
1.609567
1.555960
1.723942
1.576367
1.646862
1.538644
1.780354
1.705682
1.574346
1.432332
1.752473
1.603620
1.808427
1.617873
1.686222
1.729655
1.902136
1.793637
1.631327
1.495324
1.570692
1.645713
1.629212
1.688359
1.618514
1.550305
1.706934
1.598166
1.483568
1.720898
1.658250
1.704571
1.652790
1.585606
1.514548
1.600995
1.585256
1.695879
1.456562
1.646824
1.646705
1.878219
1.726879
1.740747
1.546116
1.734804
1.602722
1.618659
1.632617
1.687982
1.620164
1.601686
1.662116
1.689256
1.550246
1.722185
1.576913
1.541750
1.589545
1.733705
1.699081
1.798634
1.755547
1.632577
1.691437
1.668725
1.621928
1.555336
1.650951
1.490291
1.514480
1.483365
1.522044
1.541812
1.437058
1.626594
1.751483
1.664871
1.556947
1.565800
1.629893
1.435488
1.670387
1.696429
1.550353
1.561521
1.460830
1.598216
1.566973
1.577952
1.673030
1.594503
1.496711
1.597537
1.574330
1.548549
1.692484
1.629984
1.585365
1.463855
1.407892
1.579171
1.779308
1.437408
1.686221
1.482561
1.532607
1.431384
1.428971
1.528749
1.355574
1.481531
1.516947
1.707508
1.574275
1.658379
1.446262
1.396013
1.474782
1.511745
1.465986
1.470456
1.571938
1.648036
1.663302
1.736660
1.550573
1.548961
1.685603
1.485904
1.588124
1.607112
1.605923
1.411965
1.369906
1.590997
1.358505
1.530613
1.769064
1.584978
1.509161
1.519823
1.437186
1.549879
1.634585
1.480665
1.529616
1.521978
1.647241
1.501052
1.521674
1.464537
1.637211
1.621299
1.597675
1.456129
1.504185
1.551057
1.631135
1.662070
1.525000
1.587929
1.557037
1.630984
1.578012
1.433710
1.485565
1.490490
1.618458
1.472111
1.501897
1.451494
1.292518
1.511422
1.473048
1.509105
1.409175
1.464440
1.720170
1.633307
1.514589
1.500973
1.640750
1.519219
1.652790
1.711123
1.623082
1.627145
1.583542
1.557678
1.589384
1.635576
1.510109
1.401245
1.464399
1.395317
1.452557
1.382751
1.372638
1.555612
1.475469
1.444441
1.654182
1.629123
1.534598
1.581783
1.677271
1.619553
1.580451
1.445488
1.480915
1.576779
1.700701
1.366974
1.484123
1.777236
1.508672
1.544067
1.449398
1.611125
1.463122
1.484425
1.479567
1.386075
1.532259
1.469978
1.427396
1.478453
1.453968
1.488089
1.376046
1.265450
1.356195
1.520572
1.478519
1.344115
1.506533
1.513790
1.544612
1.417003
1.665872
1.346710
1.356438
1.455096
1.541708
1.577205
1.486800
1.460978
1.457971
1.426187
1.527204
1.500648
1.505613
1.553588
1.555852
1.623760
1.678436
1.592540
1.616276
1.557707
1.500276
1.484518
1.342597
1.418750
1.532044
1.355646
1.540624
1.479744
1.417801
1.467381
1.420413
1.366642
1.341218
1.513709
1.688748
1.368959
1.417045
1.607222
1.500622
1.451977
1.576945
1.474879
1.442044
1.538383
1.498250
1.423053
1.477519
1.637046
1.347363
1.431867
1.485145
1.458488
1.423899
1.473175
1.501132
1.253923
1.402973
1.439791
1.488670
1.414412
1.374008
1.531890
1.455049
1.482099
1.440235
1.518813
1.346215
1.447922
1.551340
1.373404
1.639164
1.569086
1.324763
1.557376
1.432631
1.361537
1.389327
1.549131
1.374632
1.530612
1.420175
1.456880
1.361403
1.319082
1.514755
1.408754
1.513449
1.264335
1.443547
1.347001
1.408815
1.470255
1.437351
1.451245
1.428469
1.503683
1.450065
1.537334
1.345452
1.416703
1.713657
1.480135
1.294811
1.451820
1.504837
1.402094
1.481815
1.625706
1.428033
1.331077
1.364051
1.292296
1.507635
1.412849
1.558758
1.608423
1.408528
1.512662
1.468102
1.348134
1.505428
1.475992
1.589303
1.516576
1.333323
1.211399
1.322774
1.326683
1.293270
1.396991
1.370215
1.395547
1.400699
1.321428
1.484914
1.422163
1.416485
1.509018
1.476346
1.746254
1.591379
1.473676
1.304026
1.560166
1.347149
1.321377
1.486333
1.649360
1.518862
1.616917
1.238876
1.346999
1.595650
1.397823
1.392864
1.461416
1.357654
1.370797
1.601182
1.654187
1.484540
1.387391
1.394262
1.467694
1.468912
1.295350
1.342538
1.211834
1.387943
1.482514
1.332666
1.397779
1.544835
1.378072
1.441903
1.497175
1.369060
1.563382
1.410211
1.550770
1.541819
1.506078
1.374566
1.287676
1.404550
1.307130
1.446204
1.478039
1.301205
1.376759
1.564751
1.460492
1.305118
1.436787
1.452522
1.397216
1.369440
1.394036
1.473340
1.318135
1.263906
1.529078
1.409682
1.504986
1.492039
1.377285
1.351700
1.424063
1.367265
1.443812
1.353214
1.368606
1.528376
1.533839
1.436781
1.292548
1.271905
1.294281
1.281332
1.373703
1.306132
1.470721
1.452088
1.407137
1.323677
1.337862
1.524442
1.288517
1.429326
1.413632
1.146687
1.340220
1.488022
1.318148
1.426066
1.321908
1.164591
1.384246
1.200745
1.400687
1.081487
1.269007
1.288487
1.235740
1.263143
1.415931
1.340803
1.328943
1.151357
1.130873
1.238955
1.588817
1.243185
1.306816
1.186101
1.381098
1.441676
1.272598
1.449335
1.310739
1.299383
1.409723
1.209096
1.277990
1.430439
1.352778
1.595682
1.666713
1.339842
1.339052
1.399766
1.447144
1.436116
1.428167
1.137791
1.456865
1.363546
1.430078
1.448985
1.284240
1.394503
1.355090
1.300960
1.431874
1.294556
1.253580
1.783396
1.438355
1.330627
1.392246
1.288329
1.326306
1.196284
1.417757
1.412973
1.405112
1.290011
1.332175
1.261268
1.406345
1.286900
1.500730
1.372525
1.321820
1.433427
1.387194
1.315594
1.399038
1.400923
1.469587
1.304555
1.413378
1.579705
1.306974
1.225995
1.328029
1.351523
1.377519
1.413285
1.257762
1.247836
1.337029
1.324775
1.182468
1.458648
1.272117
1.490022
1.428222
1.401433
1.490932
1.547235
1.377207
1.241300
1.452033
1.506315
1.318091
1.383839
1.583167
1.572726
1.333405
1.310720
1.459534
1.274092
1.345532
1.483474
1.544453
1.382283
1.325474
1.431331
1.359773
1.330663
1.335112
1.161393
1.237411
1.296640
1.474636
1.125094
1.292533
1.444639
1.241913
1.266584
1.488435
1.256831
1.264868
1.542708
1.234624
1.321554
1.148841
1.133620
1.367835
1.399409
1.277201
1.257433
1.328632
1.139871
1.298933
1.378370
1.362087
1.275050
1.351388
1.283046
1.038497
1.309789
1.281917
1.359543
1.315099
1.178344
1.270608
1.278794
1.291712
1.172508
1.285576
1.619164
1.391697
1.160068
1.429919
1.495744
1.322849
1.267959
1.282423
1.403661
1.324100
1.391346
1.301131
1.188238
1.158962
1.291307
1.257688
1.287589
1.225775
1.277742
1.343141
1.210749
1.394439
1.276695
1.158144
1.241810
1.153750
1.225286
1.257725
1.216713
1.212904
1.145819
1.248274
1.361139
1.277011
1.372311
1.205595
1.161306
1.223519
1.441031
1.087000
1.339519
1.417416
1.415424
1.292127
1.331797
1.320608
1.257185
1.161350
1.347532
1.291993
1.389035
1.312908
1.364465
1.302206
1.264711
1.233607
1.383752
1.366127
1.240102
1.351432
1.302697
1.239010
1.264245
1.289992
1.297167
1.373517
1.431549
1.350456
1.292529
1.301643
1.326558
1.141959
1.185814
1.285036
1.387375
1.250048
1.277760
1.096555
1.357605
1.319462
1.040105
1.195827
1.491305
1.394927
1.080320
1.284207
1.145903
1.218671
1.282520
1.172224
1.579142
1.195801
1.404436
1.377467
1.324364
1.322863
1.290141
1.355267
1.437331
1.335959
1.448293
1.141912
1.159391
1.172075
1.441396
1.319217
1.189659
1.283534
1.283795
1.197186
1.166450
1.230984
1.239427
1.184829
1.410134
1.375033
1.272508
1.225596
1.210574
1.315220
1.204806
1.191127
1.293131
1.090707
1.291398
1.302448
1.551898
1.277578
1.407735
1.286449
1.367693
1.270364
1.214001
1.297031
1.280450
1.217446
1.325909
1.307831
1.307264
1.338158
1.181690
1.322937
1.341132
1.225282
1.253755
1.340036
1.105109
1.288403
1.456261
1.511875
1.318622
1.332377
1.243186
1.565482
1.545718
1.238927
1.407724
1.228824
1.226100
1.359753
1.425736
1.231337
1.110104
1.322478
1.405999
1.201737
1.084795
1.268379
1.345107
1.333270
1.292172
1.301034
1.359375
1.211094
1.201802
1.302604
1.224650
1.301871
1.286208
1.073160
1.404607
1.396761
1.180862
1.470765
1.302055
1.358403
1.384290
1.413413
1.202192
1.173624
1.203543
1.237597
1.141090
1.385861
1.185435
1.204431
1.231016
1.174705
1.189640
1.225625
1.374287
1.079468
1.215636
1.076086
1.079696
1.207942
1.156338
1.163312
1.257454
1.192404
1.289323
1.266006
1.104351
1.096872
1.182045
1.252947
1.334502
1.260758
1.112925
1.056292
1.061815
1.099555
1.223301
1.289293
1.331439
1.264687
1.132986
1.232642
1.128088
1.126881
1.200082
1.223941
1.055867
1.317216
1.080896
1.017848
1.115566
1.382221
1.447093
1.193995
1.174457
1.354074
1.133263
1.050390
1.221773
1.277269
1.194546
1.202896
1.223590
1.209172
1.281968
1.291815
1.126211
1.174807
1.154462
1.138775
1.176882
1.027996
1.326197
1.140272
1.327110
1.329890
1.194609
1.161083
1.407931
1.345798
1.320189
1.234991
1.191001
1.122484
1.224277
1.137443
1.138131
1.329155
1.400922
1.253127
1.169713
1.176373
1.197740
1.424716
1.158432
1.295702
1.143970
1.179471
1.131795
1.330534
1.179520
1.243283
1.118725
1.140571
1.208211
1.189098
1.221777
1.083415
1.287703
1.213256
1.247005
1.152166
1.328525
1.248964
1.207924
1.300956
1.166240
1.415519
1.327894
1.248762
1.152191
1.139520
1.190465
1.177564
1.174719
1.239787
1.213990
1.179703
1.076268
1.216831
1.196685
1.202024
1.237607
1.320372
1.360849
1.303084
1.368273
1.198721
1.081144
1.185595
1.333292
1.291163
1.122296
1.373692
1.284349
1.133519
1.091946
1.165416
1.127472
1.160635
1.144490
1.195076
1.193906
1.163988
1.380495
1.421037
1.249835
1.325958
1.421783
1.120407
1.118739
1.267926
1.229483
1.177786
1.147194
1.250623
1.228672
1.217132
1.159195
1.346305
1.181992
1.175465
1.108063
1.091928
1.395738
1.158816
1.081039
1.362134
1.141319
1.370870
1.112215
1.047407
1.285092
1.276303
1.127932
1.171324
1.196339
1.197976
1.318230
1.155912
1.239064
1.135925
1.123148
1.506769
1.197825
1.050583
1.326709
1.171772
1.078323
1.016263
1.203304
1.358526
1.170408
1.230465
1.217287
1.081186
1.075608
1.254287
1.222408
1.008104
1.114614
1.081413
1.145514
1.275987
1.340016
1.140246
0.986209
1.211886
1.270067
1.128539
1.140142
1.099935
1.274474
1.159003
1.209853
1.323936
1.241952
1.171149
1.091391
1.209728
1.169070
1.301548
1.278476
1.107189
1.317822
1.300239
1.143684
1.302100
1.217299
1.083045
1.067181
1.129558
1.213835
1.087090
1.158714
1.105285
1.293760
1.001507
1.288361
1.338856
1.135222
1.373107
1.131955
1.090463
1.079754
0.993065
1.118038
1.210442
1.132626
1.151288
1.094820
1.105945
1.204496
1.201495
1.131350
1.122707
1.212235
1.156628
1.312750
1.318289
1.128916
1.472714
1.132075
1.154727
1.135176
1.159146
1.222924
1.042965
1.416124
1.092344
1.089989
1.235497
1.074908
1.138480
1.029037
1.204445
1.144215
1.226407
1.185352
1.010236
1.324458
1.198856
0.949976
1.020234
1.179474
1.296619
1.294596
1.151692
1.095975
1.163229
1.128114
1.128094
1.177810
1.138067
1.170779
1.073146
1.026694
1.095003
1.091371
1.207332
1.080347
1.188997
1.046468
0.952904
1.227808
1.264353
1.003941
1.010490
1.053131
1.191368
1.207916
1.158678
1.231477
1.072342
1.197987
1.079155
1.109538
1.064383
1.110607
1.095840
1.221268
1.260148
1.131586
1.399607
1.161764
1.138857
1.271255
1.224925
1.123168
1.277421
1.258488
1.392418
1.106382
0.990413
1.246057
1.051930
1.217555
1.071443
1.396171
1.175092
1.155028
1.272164
1.181721
1.179291
1.193826
0.973180
1.005183
1.162349
1.207711
1.127192
0.997311
1.077060
1.039833
1.068783
1.083191
1.125416
1.048002
1.005745
1.259413
1.043231
1.188506
1.119342
1.187357
1.192731
1.151619
1.040117
1.129414
1.005667
1.151314
1.174114
1.326852
1.175300
1.159214
1.137425
1.150380
1.115649
1.103685
1.162604
1.005436
1.116063
1.059361
1.075625
1.290511
0.955580
0.982096
1.121318
1.297868
1.072111
1.137068
1.092913
0.992225
1.051387
1.117701
1.008778
1.073624
1.157841
1.118285
1.185836
1.086377
1.194631
1.073925
1.189091
1.017582
1.109521
1.145994
1.154614
1.041285
0.965717
0.983330
1.119742
1.154318
0.980199
1.125491
1.112198
1.307023
0.996626
1.230601
1.350743
1.035952
1.094404
1.117964
1.030277
1.039256
1.081938
1.192978
1.145297
1.214987
1.008136
0.964873
1.241860
1.049372
1.141160
0.978862
1.061549
0.952701
0.979118
1.243509
1.166159
1.168850
1.083120
1.031351
1.197474
0.992626
1.041390
1.210853
1.187095
1.109435
1.211813
1.003781
1.118317
1.265028
1.075507
0.998871
1.046454
1.181031
1.114724
0.945149
1.235767
1.073971
1.283827
1.057981
1.154850
1.038251
1.121341
1.104649
1.090453
1.198215
1.153181
1.150573
1.186046
0.975724
1.061651
1.057710
1.046328
1.256025
1.025954
1.089329
0.990666
0.939414
1.083203
1.025835
1.051996
0.977719
1.009098
1.148342
1.068852
1.029870
1.055525
1.018872
1.055158
1.440082
1.282520
1.390256
1.143152
1.042740
1.072341
1.073517
1.023269
0.890105
1.194702
1.073936
1.153644
1.118980
0.981063
1.114483
0.877859
1.066661
0.977836
1.091328
1.107398
1.111776
1.172889
0.977563
1.120373
1.169389
1.089848
1.145138
1.218180
1.205598
1.306324
1.100259
1.224749
1.134542
1.133831
1.249936
1.123195
1.064149
1.030780
1.181746
1.004965
1.153441
0.978339
1.119971
1.001674
1.215884
0.976476
1.065605
1.000253
1.251992
1.083809
1.006354
0.991871
0.985693
1.284184
1.204477
1.083005
0.996243
1.028527
1.001557
0.903201
1.120663
1.015665
0.975410
1.022096
1.053192
1.127475
1.070812
1.195677
1.090053
1.138725
0.962261
1.077002
1.028901
0.998745
1.013197
1.098182
1.066836
0.946759
1.124331
1.148354
1.116740
1.081432
0.995771
0.932065
1.160468
1.167789
1.094552
1.006952
1.060232
1.157455
1.080834
1.072030
0.919569
1.109388
1.225285
1.224997
1.150023
1.071676
0.992263
0.982307
1.037912
1.027144
1.104322
1.192765
1.008187
1.104408
1.176752
1.278466
1.147379
1.320963
1.059263
1.108624
1.172659
1.180329
1.072409
1.229659
0.959475
1.196849
1.123672
1.057177
1.043543
1.020701
1.086505
1.101113
0.971753
1.060164
1.028914
1.006656
0.966337
1.010118
1.133411
1.097156
0.965756
0.921770
0.933637
1.153726
1.054465
1.162250
1.140577
0.965442
1.083916
1.156762
0.903016
1.139112
1.045296
1.244828
1.115775
1.136907
0.871419
1.047064
0.897358
1.135612
1.046207
1.174478
1.090257
1.049531
0.941812
1.168000
0.911615
1.098530
1.180237
0.958069
0.991263
0.926593
1.298982
1.114177
1.002827
0.948676
1.016468
1.121356
1.029636
0.952812
0.973271
1.020310
0.882701
0.999137
1.028122
0.996917
1.038158
0.979870
1.036192
1.124001
1.100327
0.953541
1.231157
0.949753
1.069767
1.014383
1.035189
1.052405
1.002604
1.207415
1.045599
1.059859
1.063586
1.165062
1.079386
1.016976
1.061409
0.923191
1.077029
1.051104
1.098150
1.008937
1.175524
0.946039
1.097444
1.145619
1.108517
0.972353
0.981104
1.010410
0.947578
1.186592
1.098873
0.975512
1.062893
0.935764
0.863141
0.922459
0.935454
1.032021
1.094467
0.991340
1.051453
1.072548
1.135672
0.781124
1.024112
1.078684
1.040643
0.985339
1.029358
0.983311
0.995175
1.133637
1.048240
1.010042
1.053491
0.987015
0.997622
1.159446
0.971498
1.141883
0.962666
1.093215
0.955238
1.012751
0.980182
0.901683
0.892658
1.093839
0.963825
1.219245
1.031665
1.110144
1.117476
1.072474
1.171741
1.010978
1.158147
0.962104
1.050031
0.831690
0.845274
1.122326
0.924484
1.100604
0.930598
1.271117
0.930387
1.221202
1.161678
0.977846
1.061969
1.087689
1.010699
0.969284
1.066581
0.980700
1.256543
1.143396
1.140631
0.990538
0.928036
0.950308
0.994467
1.040657
0.980868
1.168898
1.049882
1.026313
0.936146
1.116188
1.140628
1.057666
1.060446
0.899021
0.953959
1.058542
1.097558
1.165050
1.093354
1.020571
0.986852
1.018138
1.213649
1.041235
1.186826
1.097882
1.035603
1.018157
1.096989
0.980441
0.978688
1.129038
1.231587
0.868064
0.824268
0.989122
1.067322
1.108071
0.979618
0.985985
1.114858
1.076044
1.092128
1.029566
1.080041
0.985233
1.039409
0.888138
1.249113
1.099378
1.037581
0.880567
0.947618
1.008990
1.218800
1.014039
1.048260
1.076235
0.927259
1.044955
1.026474
1.157138
1.124589
0.899745
1.059472
1.080305
0.935419
0.846941
1.011665
1.043544
0.937808
0.915299
0.981697
1.105804
1.100044
0.855673
0.916733
0.995659
1.090971
1.092741
1.008161
1.034308
1.094375
0.869083
1.047351
1.022679
0.993769
1.086819
1.207163
0.994656
1.043157
1.023168
0.940201
1.007020
1.114876
0.979485
1.078216
1.181783
1.018873
1.059165
0.914718
0.980600
1.081318
1.135903
1.083294
0.997103
0.942318
0.924358
1.008796
1.016872
1.008845
0.939674
1.013380
1.030661
0.857405
1.028248
1.122489
0.879073
0.918842
1.048258
1.234824
0.938485
0.915901
0.952814
0.985346
1.045724
1.070966
0.985108
1.131403
0.941779
0.947359
1.020216
1.003599
1.010543
0.821854
0.887091
0.992183
0.937140
0.998086
0.950048
1.039197
1.007610
1.027190
0.973959
1.044951
1.011214
0.913775
1.226006
1.151945
1.118504
1.009979
1.018266
1.247327
0.934795
1.154232
1.057499
0.959702
0.932956
0.980395
1.035168
0.920941
1.096670
1.096842
1.313561
0.962561
0.990565
0.938661
0.951784
1.019642
0.777662
0.979818
1.032006
0.944911
0.978754
0.911750
1.234056
1.134297
0.908728
0.941416
0.854530
1.312353
1.049530
0.948595
1.230955
1.073890
0.947060
0.992369
0.840879
0.899216
1.053070
0.999065
1.219574
0.978765
1.050429
1.056825
0.839094
1.062989
0.916322
0.934687
0.938066
1.079758
0.990231
0.986031
0.842190
1.021762
1.066164
1.104535
1.141216
0.878354
1.085733
0.966474
0.939611
0.910911
0.868071
0.904593
0.934001
0.995307
0.950670
0.907571
0.947861
0.956726
0.885178
1.054783
1.096348
1.168905
1.117368
0.919688
0.996283
0.919227
0.957403
0.991177
0.779045
0.859169
0.917605
0.910098
0.948940
0.958192
1.192719
0.945480
0.914932
1.063600
0.947145
1.086998
0.986331
0.943483
0.953404
0.990760
0.985097
0.856528
1.054121
1.076866
0.991707
0.898991
1.118849
1.053186
0.963237
0.962725
1.024226
0.921380
0.944753
0.962257
1.098512
0.862295
0.885209
1.129579
0.971533
1.008220
1.065019
0.990074
0.927983
1.022689
1.001028
0.829713
0.861968
1.004694
0.858981
0.955770
0.999275
0.977521
1.023807
0.891327
0.968733
1.010528
0.916306
0.867725
0.923213
0.987419
1.009076
1.033761
0.946824
0.923859
1.021541
0.992905
0.888344
0.976452
0.925538
0.995596
0.998120
1.075341
1.035428
1.060831
0.859320
0.957918
0.992546
0.778364
0.943775
0.947292
0.906501
1.047855
0.944836
0.828274
1.029044
1.000131
0.822490
0.742192
0.994995
0.797584
0.847019
1.085926
1.234748
1.023052
1.035981
0.976842
0.916925
0.947912
0.898161
1.129603
1.073990
0.913764
0.893050
1.023686
0.980414
0.931445
1.031363
0.836693
1.024840
0.992996
0.956912
1.129533
1.089196
0.873007
1.005254
0.958814
0.996401
0.818455
0.986838
1.009591
1.094026
0.939368
0.787742
1.037399
0.980397
0.909118
1.217284
0.997907
0.829649
1.023330
1.133147
0.901687
0.921309
0.844731
1.098517
0.982648
0.957651
1.015877
0.988533
0.978324
0.823109
0.987217
0.905451
1.002801
0.973981
0.833468
1.030458
1.002674
0.847959
0.843161
1.132942
1.158724
1.127721
1.060953
0.912115
1.219013
1.210009
1.104685
1.002526
1.004175
1.061541
1.056202
0.838488
0.898848
1.005628
0.951928
0.966175
0.866127
0.943931
0.929459
0.904133
0.793823
0.865203
0.922028
0.942088
0.854839
0.895841
0.763434
0.941428
0.935273
1.085724
1.153214
1.000876
0.928695
0.965962
0.907462
0.930785
0.899630
1.012271
0.884237
0.857915
0.971117
0.911943
0.866385
1.021981
0.979334
1.009638
0.843270
1.005393
0.962219
0.739421
0.908746
0.951444
0.877539
0.835395
0.878118
1.027875
0.894961
1.103535
1.043625
0.853929
0.925698
0.862573
0.813451
0.944849
0.886452
0.833480
0.936118
0.947790
0.924774
0.811038
1.069359
0.926950
0.882739
0.910537
0.960696
0.861901
0.890611
1.165611
0.965239
0.866779
0.996739
0.901732
1.019500
0.817836
0.744063
1.016317
0.888728
0.877793
0.921218
0.917419
0.939431
0.785546
0.961818
0.825288
0.806347
1.098177
1.091078
1.145048
0.713363
0.998518
1.051664
0.865706
0.967481
1.096061
0.898688
0.849567
0.945085
0.938486
0.891446
0.953987
0.978134
0.807605
0.828848
1.084899
0.863879
0.913281
0.881744
0.968444
0.911983
0.856420
0.894404
0.910732
0.869451
1.086771
1.067566
0.788012
0.949128
0.746429
0.881791
1.020484
0.898213
0.818762
0.797381
0.968270
1.017752
0.986951
0.876487
1.007851
0.804252
0.920454
0.899213
0.949969
0.961095
0.738771
1.207898
1.022771
0.967776
0.916526
0.858210
0.995171
0.833583
0.958087
0.946878
0.895709
1.041132
0.859826
0.888125
1.076963
0.824067
0.882192
0.924026
0.881211
0.892387
0.898574
0.981048
0.830230
0.835959
0.841165
0.938699
0.886756
1.028488
0.777393
1.038543
0.967463
0.915988
0.942536
1.010940
0.827853
1.035858
0.918976
0.898501
0.903183
0.985622
1.034276
0.957052
0.836512
1.010720
1.006190
0.990345
0.828646
0.928948
0.840665
0.963306
0.905782
0.942771
1.076606
1.099712
0.942386
0.917237
0.889521
0.835264
0.949689
0.977323
1.047001
0.926443
0.965478
1.231309
0.920894
0.834742
1.074712
0.877656
1.093299
0.864890
0.932080
0.759647
1.093045
0.897503
0.762821
0.957437
0.904586
0.845081
0.901908
0.832116
0.752704
0.924131
0.824089
0.844947
1.050769
0.900706
1.100313
0.916304
0.907392
0.761647
0.919157
0.914729
0.958556
0.950327
0.982365
0.981360
0.898993
0.904266
0.858191
0.983804
0.802215
0.834174
0.920867
1.006509
0.898745
1.069095
0.936404
0.818650
1.087962
1.127393
0.811722
0.995076
0.767763
0.965548
0.935010
0.896614
0.976609
0.817861
1.002429
0.842829
0.828619
0.720179
0.801448
0.807979
0.906446
0.872439
0.885227
1.016098
0.888231
0.811815
0.792933
0.985731
0.870978
0.933956
1.102594
0.885557
0.924831
0.780811
0.899322
0.837172
1.045686
0.747925
0.777836
0.775146
1.132965
0.822561
0.936985
0.839717
0.788564
0.783403
1.121356
0.883736
1.019243
0.864623
0.874043
0.981367
0.961058
0.847999
0.816326
0.869802
1.021973
0.990438
0.919569
0.872788
0.827020
0.735146
1.020977
0.873027
0.927516
0.932921
0.908980
0.838576
0.940519
0.914897
1.012194
0.976383
0.790890
0.723890
1.022991
0.836109
0.955390
0.924644
0.857037
0.884900
0.928984
0.900253
0.932732
1.180525
0.829956
1.182015
0.893501
1.093035
0.898675
1.003766
0.796778
1.026459
0.863575
0.966718
0.867923
0.781609
0.778718
1.004879
0.981529
0.866531
1.036073
0.892367
0.871614
0.894562
1.117269
0.839897
0.919684
0.824638
0.931708
1.224303
0.822515
0.996859
0.849672
0.893661
0.901178
0.786519
0.883764
0.775231
0.854524
0.837371
0.847417
0.791211
0.923141
0.787149
0.787106
1.043612
0.857741
0.995752
0.736179
0.830247
0.959167
0.752563
0.967967
0.747241
0.877065
0.857409
0.820419
0.895645
1.005037
0.930461
0.774141
0.881880
0.646830
0.866494
0.678850
0.741810
0.936169
1.003405
0.798190
0.722630
0.734381
0.869231
0.916651
0.811147
0.917531
1.074617
0.996756
0.841820
0.605608
0.843661
0.885007
0.793616
0.780425
0.853877
0.780454
0.860767
0.808507
0.837401
0.994205
0.804983
0.840884
0.886196
0.829177
1.168330
1.003669
0.971160
0.842589
0.889374
0.779337
0.924694
0.964378
0.996233
0.951145
1.008155
0.987337
0.735641
0.850106
0.768072
0.800288
0.837858
0.960108
1.111695
1.024235
0.965272
0.692466
0.915630
0.933116
0.935281
0.824488
0.911892
0.683555
0.947751
0.879093
0.744100
0.824590
0.830517
0.762289
1.009197
0.987131
0.867131
0.826055
0.845330
0.991785
0.799625
0.903783
0.742843
0.885306
0.717068
0.954394
0.859205
0.897676
0.924235
1.054807
0.834367
0.959988
0.832052
0.830290
0.748329
0.935728
0.878617
0.841725
0.806053
0.874173
0.727015
0.827431
0.808637
0.858884
0.943005
0.826619
0.826499
0.787742
0.864773
1.144518
0.784245
1.032360
1.137133
0.854600
0.951245
0.993342
0.747589
0.894958
0.830984
0.952222
1.087653
0.889489
0.837674
0.915662
0.852081
0.886488
0.716816
0.862339
0.849722
0.806513
0.926234
0.781534
0.991364
1.088456
0.764763
0.867243
0.844512
0.732500
0.751722
0.904767
0.745144
0.745709
0.879571
0.932183
0.918979
0.980263
0.847400
0.850659
0.728183
1.046662
0.741177
0.957423
0.805395
0.943041
0.764849
0.816115
0.890555
0.877446
0.772173
0.837645
0.880040
0.945663
0.841445
0.781443
0.947097
0.880118
0.783540
0.672531
0.763345
0.996719
0.722343
0.952473
0.876622
0.822235
0.858754
0.722432
0.720625
0.890488
0.863139
0.940114
0.891379
0.994914
0.951606
0.929558
0.695969
0.829248
0.914623
0.835299
0.842151
0.947051
0.877524
0.844979
0.823148
0.720652
0.988979
0.738815
0.761286
0.969867
0.895155
0.724909
0.692485
0.765951
0.749681
0.995297
0.982737
0.821839
0.913001
0.803333
0.908613
0.850476
0.803582
0.787558
0.955420
0.919537
0.755151
0.916201
0.906547
0.880646
0.886144
0.854720
0.768946
0.901819
0.669117
0.720774
1.101546
1.126743
0.725633
0.833507
0.760130
0.820988
0.964780
0.775625
0.858885
0.749485
0.982312
0.781431
0.697037
0.739925
0.760751
0.956218
0.732903
0.818621
0.859925
0.917295
0.835338
0.808537
0.931565
0.880488
0.778908
0.845523
0.913493
0.931223
0.796717
0.738631
0.731523
0.913638
0.867018
0.932546
0.823557
0.878091
0.738865
0.908271
0.825114
0.799620
0.837804
0.705427
0.778789
0.716357
0.910850
0.882063
0.924629
0.822987
0.653896
0.824550
0.950764
0.832618
0.716646
0.821786
0.838376
0.942695
0.621465
0.915407
0.899621
0.853911
0.716208
0.874553
0.845061
0.732130
1.025141
0.919089
1.015169
0.822300
0.872037
0.831869
0.775630
0.969676
0.826003
0.965710
0.789757
0.917262
0.715298
1.057012
0.828075
0.912367
0.894925
1.055314
0.798783
0.900538
0.767292
0.701283
0.936034
0.774490
0.822030
0.816386
0.793028
0.807162
0.740440
0.780951
0.893706
0.737934
0.859275
0.953475
0.724810
1.057094
0.791694
0.742643
0.940538
0.853708
0.767253
0.750467
0.900287
0.886048
0.788527
0.928963
0.891594
0.835151
0.717202
0.790834
0.682113
0.708641
0.826136
0.804322
0.858940
0.793797
0.919950
0.786798
0.709186
0.850372
0.706443
0.898241
0.684010
0.804460
0.773145
0.766363
0.806341
0.734311
0.831591
0.796366
0.982068
0.750481
0.709394
0.855261
0.864978
0.908568
0.672101
0.726083
0.876313
0.929684
0.782428
0.768654
0.979132
0.950457
0.765944
0.814873
0.980619
0.868079
0.866055
0.863720
0.875968
0.852725
1.050690
0.964694
0.820033
0.975439
0.779542
0.701273
0.761288
0.758129
0.871945
0.916746
0.762405
0.961459
0.881876
0.896620
0.888295
0.694548
0.732505
0.871836
0.863714
0.861314
0.776542
0.790472
0.801404
0.848580
0.986350
0.977571
0.804094
0.835212
0.746080
0.667621
0.834342
0.837101
0.903712
0.742836
1.217071
0.836562
0.863722
0.800580
0.902004
0.791163
0.797833
0.684836
0.765859
0.942379
0.674710
0.780874
0.764142
0.782638
0.815593
0.826902
0.866558
0.861762
0.893091
0.835083
0.872917
0.909606
0.909450
0.783493
0.841570
0.926726
0.779480
0.935684
0.858813
0.696288
0.795580
0.897270
0.924768
0.865994
0.974555
0.833577
0.763835
0.827978
0.837342
0.944801
0.748984
0.750182
0.726976
0.779737
0.911203
0.878632
0.961270
0.769514
0.770155
0.738648
0.807045
0.723263
0.804661
0.885154
0.842369
0.871909
0.737391
1.015478
1.019235
0.865389
1.040344
1.033430
0.696979
0.813246
0.825461
0.708186
0.866904
0.721543
0.917531
0.910051
0.891588
0.867595
0.799099
0.670708
1.026616
1.053086
0.887792
0.803356
0.843959
0.904415
0.941980
0.885411
0.865029
0.711232
0.674728
0.895782
0.794842
0.769138
0.953829
0.944329
0.830003
0.872042
0.721688
0.883227
0.694366
0.832227
0.816558
0.729056
0.846128
0.899061
0.873775
0.792901
0.814032
0.684671
0.797551
0.799427
0.741206
0.615031
0.908663
0.691085
0.791724
0.659906
0.884584
0.728293
0.777606
0.874087
0.975239
0.762777
0.755809
0.738923
0.594671
0.715382
0.984007
0.785004
0.970442
0.784792
0.775733
0.797185
0.794817
0.841720
0.762097
0.817301
0.959212
0.943935
0.836620
0.830317
0.740628
0.931555
0.815171
0.900517
0.837144
0.768942
0.950344
0.659109
0.861378
0.740613
0.928879
0.835673
0.886727
0.864585
0.906812
0.670708
0.999848
0.767631
0.912154
0.881986
0.707176
0.928311
0.787322
0.867844
0.767416
0.850313
0.749036
0.889034
0.782180
0.731026
0.777439
0.809611
0.853032
0.850776
0.920710
0.654818
0.816711
0.803773
0.685412
0.733480
0.865903
0.793764
0.811161
0.950612
0.749915
0.735389
0.806309
0.689285
0.839034
0.740507
0.729265
0.844060
0.708353
0.814468
0.848718
0.773109
0.713466
0.734451
0.828812
0.842716
0.638025
0.834288
0.709679
0.816459
0.751448
0.989101
0.893533
0.740069
0.947517
0.821877
0.727572
0.743195
0.755973
0.738330
0.818976
0.795951
0.824401
1.055261
0.899513
0.776175
0.778162
0.820111
0.759716
0.656102
0.751969
0.747290
0.750520
0.858891
0.842427
0.713359
0.798526
0.835952
0.759114
0.777547
0.739762
0.891888
0.733869
0.853611
0.802509
0.865020
0.751164
0.761002
1.017879
0.885183
0.830838
0.694853
0.796568
0.759921
0.840186
0.940251
0.811913
0.728676
0.824610
0.980452
0.700711
0.809181
0.693770
0.755979
0.742975
0.698161
0.810498
0.807346
0.600086
0.974965
0.692387
0.798026
0.726765
0.909595
0.858767
0.841207
0.996910
0.682283
0.922198
0.766563
0.738991
0.682660
0.710295
0.777720
0.844394
0.952119
0.753685
0.744864
0.676055
0.714894
0.742736
1.023749
0.763566
0.670948
0.721730
0.885808
0.855674
0.664617
0.966697
0.817818
0.824638
0.827086
0.753149
0.762301
0.766515
0.831727
0.716322
0.741587
0.656265
0.761466
0.842827
0.917095
0.723426
0.862289
0.861083
0.885060
0.799863
0.665875
0.852809
0.836426
0.875937
0.779120
0.692589
0.729528
0.903134
0.750685
0.740148
0.826027
0.806572
1.055717
0.814513
0.762989
0.778161
0.753065
0.733937
0.738965
0.749998
0.793710
0.719996
0.844819
0.845830
0.736651
0.750826
0.691890
0.790901
0.703834
0.751406
0.665607
0.746146
0.771946
0.734097
0.776504
0.829734
0.692714
0.771696
0.775326
0.669195
0.835790
0.959184
0.762444
0.743348
0.803518
0.818649
0.723620
0.840727
0.716166
0.744857
0.814973
0.817348
0.754596
0.894778
0.880202
0.698770
0.834731
0.863137
0.829645
0.834072
0.843748
0.768937
0.762493
0.774170
0.849083
0.868360
0.875249
0.802132
0.829799
0.738274
0.769073
0.998224
0.821837
0.858020
0.826024
0.881433
1.044469
0.757672
0.832362
0.733068
0.987499
0.940677
0.808116
0.950367
0.806946
0.878978
0.816468
0.761297
1.009833
0.670043
0.784526
0.719025
0.624124
0.890805
0.694557
0.793578
0.748828
1.010570
0.929821
0.991268
0.759491
0.784350
0.862815
0.579480
0.789300
0.706366
0.724419
0.739074
0.797513
0.720504
0.746722
0.692028
0.781266
0.677336
0.741946
0.816660
0.540133
0.724857
0.672995
0.680803
0.733057
0.759953
0.834547
0.868684
0.750350
0.678073
0.770204
0.740473
0.870200
0.720698
0.687461
0.769160
0.883099
0.687311
0.651393
0.837571
0.794209
0.686069
0.872315
0.725888
0.766047
0.781305
0.711116
0.738877
0.797234
0.857002
0.946237
0.752427
0.625431
0.781521
0.765308
0.800811
0.869266
0.789514
0.789741
0.805426
0.681859
1.013222
0.868626
0.757545
0.793993
0.795809
0.771423
0.704966
0.758379
0.748744
0.815576
0.686788
0.769959
0.758585
0.634978
0.797895
0.648558
0.786112
0.866645
0.828127
0.676902
0.615556
0.808781
0.706278
0.613982
0.723508
0.643581
0.627493
0.693056
0.709549
0.754429
0.642869
0.873597
0.666047
0.682014
0.837402
0.726760
0.690206
0.645571
0.799565
0.757978
0.936962
0.835616
0.744711
0.761944
0.844666
0.814243
0.695579
0.993327
0.890788
0.588022
0.747600
0.771425
0.711990
0.695826
0.708686
0.720673
0.767263
0.777872
0.785070
0.532671
0.772631
0.762177
0.920850
0.631593
0.838645
0.793099
0.745590
0.755681
0.735271
0.693290
0.632043
0.617603
0.636525
0.727527
0.721736
0.641951
0.802221
0.742450
0.671938
0.769454
0.748469
0.702596
0.775180
0.808927
0.865650
0.717010
0.597716
0.686434
0.812563
0.690014
0.809903
0.694590
0.758197
0.730797
0.837183
0.673951
0.773075
0.802252
0.851789
0.638639
0.661253
0.769861
0.757418
0.854284
0.711792
0.701152
0.738980
0.645204
0.895121
0.667065
0.748333
0.779154
0.860454
0.840913
0.730111
0.802408
0.860620
0.746745
0.841522
0.695214
0.689671
0.830623
0.727632
0.799025
0.652007
0.838623
0.842590
0.720646
0.995290
0.666318
0.791166
0.731641
0.772905
0.752623
0.951820
0.707681
0.892712
0.796639
0.578631
0.872590
0.764355
0.806229
0.711474
0.738030
0.823149
0.789796
0.697074
0.826174
0.687170
0.997604
0.860275
0.754146
0.758654
0.764126
0.736432
0.733994
0.783096
0.761840
0.739769
0.785257
0.625145
0.750685
0.729058
0.727169
0.823242
0.708654
0.756954
0.691020
0.750139
0.925365
0.722503
0.780487
0.738649
0.771294
0.784286
0.743911
0.742711
0.772354
0.678100
0.715060
0.783692
0.796301
0.730752
0.818509
0.795866
0.750751
0.725100
0.551937
0.700556
0.791957
0.683740
0.635638
0.748602
0.797158
0.870996
0.728079
0.912126
0.798714
0.852827
0.666244
0.701638
0.896981
0.856185
0.745676
0.987412
0.748843
0.787287
0.853675
0.786646
0.804397
0.656649
0.748777
0.797868
1.078215
0.674305
0.740646
0.711959
0.805184
0.870246
0.672373
0.679098
0.877933
0.733277
0.622381
0.825553
0.809502
0.708965
0.676412
0.749697
0.679230
0.852166
0.749929
0.740045
0.833129
0.691157
0.840497
0.891641
0.737670
0.710734
0.671448
0.573819
0.928284
0.765712
0.774963
0.745255
0.702793
0.714392
0.757013
0.742461
0.659424
0.868903
0.695488
0.743532
0.877150
0.769560
0.683218
0.656703
0.760724
0.743621
0.682820
0.733018
0.836617
0.674554
0.733310
0.664419
0.706245
0.852246
0.703893
0.755196
0.818005
0.889754
0.657192
0.785104
0.781113
0.700096
0.802218
0.794241
0.728829
0.639009
0.774579
0.727335
0.862984
0.787552
0.744318
0.994150
0.695127
0.837274
0.776098
0.910228
0.749304
0.672556
0.789530
0.819831
0.665509
0.729316
0.808344
0.685485
0.759389
0.738769
0.803727
0.660775
0.750404
0.634231
0.668878
0.650626
0.668885
0.828240
0.770704
0.709534
0.593536
0.849580
0.813923
0.765074
0.714262
0.738500
0.840837
0.756355
0.745121
0.643278
0.865563
0.870875
0.838866
1.003424
0.749800
0.864518
0.661249
0.731463
0.647641
0.749526
0.720202
0.845496
0.764663
0.879207
0.724540
0.731960
0.759693
0.862261
0.745240
0.795472
0.739223
0.891784
0.627521
0.764335
0.930231
0.731788
0.732289
0.660138
0.654061
0.710850
0.642324
0.662571
0.795368
0.700667
0.676762
0.818364
0.675654
0.828051
0.957152
0.833937
0.790308
0.842541
0.782194
0.843542
0.739995
0.809232
0.733363
0.840524
0.706154
0.655048
0.719008
0.713655
0.600271
0.649741
0.749835
0.687452
0.657953
0.616589
0.820575
0.723177
0.723415
0.739367
0.793841
0.860851
0.597105
0.705254
0.725956
0.608848
0.670838
0.743465
0.689316
0.721388
0.694828
0.663409
0.772217
0.738422
0.729308
0.762930
0.854735
0.803518
0.666331
0.667513
0.631224
0.651585
0.668095
0.759082
0.697618
0.603775
0.654986
0.841160
0.913573
0.646157
0.578216
0.823126
0.594960
0.735532
0.650859
0.689648
0.814513
0.757695
0.842891
0.712565
0.626224
0.670769
0.770933
0.741038
0.664991
0.684914
0.843111
0.608860
0.652831
0.781312
0.720456
0.611434
0.730997
0.723502
0.650303
0.790866
0.661904
0.750386
0.813510
0.743124
0.766578
0.813714
0.709141
0.590577
0.750817
0.829100
0.695588
0.747694
0.810262
0.763447
0.801187
0.759718
0.713067
0.590135
0.733664
0.713582
0.707788
0.918826
0.761882
0.834882
0.785283
0.657877
0.743433
0.683373
0.670778
0.797280
0.849196
0.628115
0.789343
0.762032
0.695143
0.882382
0.693196
0.933800
0.623255
0.846136
0.661493
0.687517
0.745352
0.661050
0.873536
0.771976
0.722735
0.808770
0.703828
0.852895
0.647138
0.603849
0.756218
0.822000
0.712754
0.691824
0.663506
0.624516
0.684985
0.638196
0.767682
0.714009
0.616992
0.621262
0.805889
0.682988
0.596229
0.730135
0.601136
0.621143
0.729882
0.653155
0.648839
0.826015
0.798579
0.717027
0.640622
0.630416
0.688496
0.668467
0.720302
0.730175
0.835629
0.761362
0.715634
0.794164
0.736727
0.591968
0.642954
0.743458
0.720990
0.833227
0.716700
0.756415
0.818852
0.850406
0.745338
0.705846
0.652826
0.772564
0.708639
0.923040
0.741853
0.741637
0.762055
0.751075
0.648830
0.649017
0.731400
0.877901
0.550913
0.713968
0.616959
0.812729
0.790530
0.691252
0.662138
0.906471
0.664431
0.710461
0.670342
0.654764
0.611614
0.792553
0.738647
0.911494
0.855671
0.669819
0.674921
0.733809
0.750935
0.608504
0.802880
0.689669
0.770168
0.674765
0.826128
0.750570
0.644738
0.684414
0.832382
0.839713
0.635592
0.684039
0.771371
0.720513
0.675214
0.750153
0.795272
0.657388
0.777384
0.802275
0.823414
0.822141
0.734984
0.641791
0.695565
0.681813
0.705444
0.655580
0.623168
0.796178
0.616132
0.725354
0.711876
0.601772
0.581367
0.878972
0.697372
0.687418
0.693296
0.846361
0.813629
0.756527
0.627914
0.744029
0.594334
0.794280
0.722740
0.688284
0.687286
0.661902
0.661459
0.628506
0.939015
0.612153
0.661606
0.649606
0.719460
0.813001
0.634898
0.731706
0.591935
0.560859
0.799760
0.769251
0.980230
0.754190
0.634459
0.748712
0.858864
0.659997
0.714402
0.614597
0.752273
0.725004
0.808071
0.849541
0.634602
0.671318
0.679995
0.734050
0.593384
0.859556
0.831696
0.846361
0.793391
0.707613
0.611996
0.880071
0.737953
0.852589
0.807199
0.709954
0.741430
0.761665
0.685629
0.833188
0.698864
0.722201
0.776887
0.604856
0.602323
0.787456
0.714415
0.565790
0.720750
0.686378
0.618029
0.676745
0.671097
0.591339
0.687002
0.577780
0.611142
0.785439
0.797647
0.835893
0.667718
0.801287
0.686215
0.770734
0.605912
0.689627
0.744616
0.590151
0.776292
0.942224
0.671516
0.675017
0.827050
0.711624
0.615807
0.678031
0.738876
0.626466
0.602002
0.659698
0.724011
0.770633
0.582569
0.721781
0.862408
0.685301
0.842408
0.580063
0.591856
0.651499
0.647983
0.683623
0.638491
0.664239
0.719613
0.724474
0.716057
0.843865
0.664433
0.630942
0.676010
0.831735
0.693887
0.822961
0.683475
0.715252
0.726346
0.681023
0.879465
0.759399
0.695582
0.632912
0.670902
0.697203
0.834120
0.835813
0.764091
0.727536
0.833170
0.732272
0.651719
0.661065
0.711390
0.765359
0.762405
0.636800
0.728518
0.662653
0.757398
0.690401
0.666709
0.797944
0.658390
0.746758
0.726258
0.691176
0.724994
0.788837
0.678788
0.779275
0.536672
0.603830
0.583443
0.607189
0.638782
0.715248
0.683344
0.822170
0.705039
0.657619
0.836506
0.802478
0.732067
0.544284
0.758528
0.714811
0.792465
0.698654
0.656030
0.633794
0.626371
0.725346
0.817173
0.515073
0.612377
0.730944
0.542525
0.654332
0.786119
0.698809
0.753722
0.530280
0.810296
0.815148
0.652528
0.668446
0.721204
0.827300
0.793753
0.802255
0.518381
0.595986
0.702875
0.690167
0.744701
0.777913
0.608438
0.743056
0.704081
0.631409
0.597614
0.609301
0.686131
0.763406
0.586562
0.581500
0.714443
0.738548
0.687885
0.738301
0.762643
0.683694
0.823111
0.650397
0.618007
0.590661
0.675084
0.609204
0.781112
0.770823
0.631945
0.574086
0.748548
0.719276
0.657717
0.567691
0.715621
0.684156
0.591716
0.704130
0.629294
0.590627
0.647102
0.646208
0.757731
0.646255
0.583925
0.599074
0.903628
0.652305
0.751704
0.582198
0.644859
0.669932
0.661057
0.652964
0.698842
0.595266
0.736189
0.646302
0.643069
0.587465
0.760893
0.801162
0.792830
0.727250
0.591780
0.675140
0.633267
0.693613
0.803951
0.667105
0.657091
0.706185
0.748650
0.662130
0.637289
0.824874
0.707980
0.683053
0.639642
0.746365
0.719583
0.806090
0.519592
0.551944
0.729967
0.681694
0.650414
0.608109
0.712608
0.648305
0.668660
0.622700
0.723318
0.607875
0.657583
0.602422
0.769344
0.893195
0.607642
0.663603
0.743575
0.760656
0.646443
0.538630
0.617883
0.588144
0.702965
0.564242
0.544137
0.755054
0.716077
0.806534
0.617330
0.593335
0.606315
0.666495
0.732043
0.667803
0.672150
0.763605
0.716538
0.438608
0.615313
0.667754
0.657160
0.581091
0.643645
0.747572
0.797947
0.553407
0.717541
0.590194
0.710741
0.666752
0.806772
0.630204
0.619241
0.676704
0.649307
0.774807
0.661065
0.692281
0.704514
0.601299
0.623414
0.879165
0.700809
0.798060
0.699163
0.722965
0.540439
0.664377
0.592047
0.780956
0.551661
0.645397
0.746342
0.714745
0.934613
0.725433
0.609099
0.519397
0.715242
0.767552
0.794184
0.667039
0.627862
0.689886
0.638658
0.705835
0.775083
0.541736
0.612527
0.584136
0.807702
0.576462
0.757387
0.546381
0.707302
0.727028
0.567740
0.833765
0.561343
0.670452
0.606578
0.591960
0.697130
0.757975
0.579420
0.755613
0.722618
0.664807
0.725010
0.720700
0.688530
0.678845
0.571616
0.607051
0.638145
0.717425
0.727204
0.555921
0.785494
0.701406
0.678929
0.663079
0.714469
0.734280
0.634973
0.735104
0.718006
0.689494
0.706530
0.747139
0.595712
0.716549
0.640183
0.691712
0.658318
0.786297
0.642668
0.788601
0.601413
0.684515
0.686828
0.605316
0.732370
0.616109
0.698865
0.785360
0.627887
0.800567
0.732170
0.865920
0.810943
0.597128
0.660077
0.604127
0.651517
0.478124
0.592048
0.637787
0.708900
0.604471
0.834857
0.673825
0.743520
0.755766
0.749053
0.615913
0.602640
0.716324
0.662322
0.579199
0.732864
0.629731
0.652219
0.547891
0.831550
0.614635
0.661878
0.690345
0.551363
0.666946
0.670113
0.629442
0.721485
0.689246
0.654921
0.669670
0.647100
0.616862
0.722422
0.721074
0.614242
0.558259
0.679293
0.591648
0.544240
0.513065
0.666410
0.629156
0.565707
0.533314
0.775652
0.594973
0.605792
0.614113
0.688442
0.612344
0.690313
0.669973
0.660090
0.819466
0.678136
0.569271
0.682674
0.528090
0.810591
0.712958
0.617316
0.633038
0.704637
0.698255
0.535943
0.515554
0.601532
0.607846
0.604211
0.834707
0.660851
0.787308
0.762951
0.521729
0.658818
0.689329
0.630121
0.618343
0.767108
0.598071
0.558043
0.669228
0.633766
0.669033
0.715354
0.649340
0.790269
0.649049
0.730496
0.714283
0.610179
0.757618
0.611699
0.582097
0.610527
0.656842
0.646626
0.498822
0.643510
0.705498
0.542601
0.620949
0.695727
0.642634
0.590295
0.873209
0.706636
0.639083
0.483453
0.637890
0.651127
0.634243
0.581690
0.699965
0.609581
0.626513
0.772633
0.530160
0.549803
0.708000
0.549011
0.686269
0.844678
0.652132
0.665804
0.849452
0.697788
0.677800
0.597824
0.707645
0.735556
0.525800
0.694629
0.583351
0.773591
0.722458
0.720281
0.560555
0.593219
0.698577
0.723889
0.726929
0.629761
0.621408
0.657145
0.753879
0.745701
0.650593
0.595678
0.589896
0.613992
0.737539
0.671288
0.543885
0.614300
0.674412
0.832081
0.817222
0.692705
0.757717
0.607500
0.813255
0.607212
0.633153
0.872931
0.713589
0.705568
0.547958
0.671707
0.783098
0.782856
0.588849
0.697525
0.638095
0.613611
0.775930
0.740339
0.632146
0.589397
0.649723
0.840040
0.577780
0.630201
0.504856
0.691176
0.659518
0.578102
0.686226
0.624661
0.603221
0.574558
0.613038
0.749514
0.637684
0.661468
0.684948
0.721421
0.658128
0.584214
0.601758
0.657060
0.582488
0.661410
0.619272
0.790844
0.729212
0.603156
0.658727
0.584676
0.712331
0.679986
0.749944
0.535980
0.544654
0.686949
0.837109
0.705542
0.607214
0.658410
0.561580
0.724451
0.587117
0.581880
0.553515
0.522151
0.593538
0.568582
0.577054
0.643540
0.610852
0.654940
0.662516
0.770845
0.572250
0.583001
0.575673
0.568822
0.617826
0.734154
0.721608
0.660759
0.541241
0.643964
0.665324
0.688256
0.680006
0.588293
0.725528
0.628173
0.828527
0.669647
0.623860
0.673837
0.651502
0.673604
0.727960
0.677616
0.665422
0.456000
0.691591
0.601798
0.681076
0.648769
0.573499
0.610747
0.561473
0.652120
0.622558
0.740597
0.780092
0.665469
0.665130
0.619140
0.629672
0.591924
0.566673
0.625309
0.700665
0.534477
0.773260
0.677850
0.657340
0.719721
0.813416
0.792766
0.692533
0.632366
0.762722
0.666324
0.575888
0.729243
0.666944
0.697788
0.681931
0.553351
0.716502
0.616342
0.677145
0.601207
0.699659
0.580039
0.770207
0.652366
0.613614
0.786680
0.672175
0.744134
0.530124
0.651788
0.861322
0.741442
0.594529
0.617969
0.704055
0.529141
0.618495
0.578157
0.578765
0.606598
0.820720
0.797984
0.761003
0.502643
0.650123
0.663267
0.620013
0.581107
0.587288
0.558434
0.642472
0.551857
0.556891
0.756012
0.619410
0.640872
0.738567
0.815772
0.571660
0.737767
0.603779
0.672521
0.781967
0.786797
0.645749
0.584614
0.599100
0.662688
0.540276
0.649302
0.690580
0.645030
0.603755
0.684964
0.690831
0.615855
0.587093
0.569791
0.652328
0.651801
0.630801
0.862589
0.552669
0.703315
0.537185
0.799976
0.642760
0.695150
0.746831
0.669819
0.576799
0.561924
0.567098
0.714661
0.581379
0.600856
0.608513
0.708685
0.860969
0.688651
0.656027
0.612349
0.556372
0.776400
0.514048
0.566886
0.615196
0.850482
0.728050
0.668175
0.718066
0.592196
0.758702
0.703046
0.569585
0.680638
0.719228
0.668776
0.591357
0.655226
0.637673
0.708959
0.638777
0.704826
0.689087
0.457179
0.718349
0.566499
0.685054
0.572642
0.628955
0.539252
0.679415
0.710253
0.632494
0.607949
0.754084
0.555101
0.735596
0.521158
0.592220
0.656789
0.801264
0.701513
0.647991
0.543445
0.633586
0.738934
0.501453
0.613087
0.765242
0.639357
0.624507
0.580821
0.629277
0.535796
0.571520
0.754103
0.740515
0.667932
0.632955
0.722174
0.702463
0.637700
0.557903
0.669935
0.688330
0.583450
0.670093
0.541325
0.614702
0.596156
0.629819
0.542710
0.721994
0.655972
0.565734
0.635181
0.616822
0.640549
0.607944
0.583480
0.719862
0.671871
0.828601
0.571038
0.626468
0.652935
0.499776
0.660724
0.645962
0.574789
0.638769
0.623665
0.598442
0.582926
0.585519
0.597370
0.724170
0.574995
0.577681
0.578060
0.639238
0.539818
0.723475
0.709213
0.757939
0.496999
0.642930
0.661600
0.640255
0.688144
0.482904
0.497153
0.560155
0.577991
0.688723
0.604693
0.658149
0.618296
0.654625
0.541773
0.519620
0.640514
0.744961
0.618860
0.549533
0.660261
0.536657
0.547187
0.616998
0.614665
0.687347
0.676621
0.689765
0.535608
0.701189
0.767900
0.570724
0.561974
0.501813
0.497798
0.607346
0.590965
0.604572
0.594256
0.802242
0.741875
0.599081
0.533517
0.608178
0.563695
0.544764
0.672688
0.876340
0.568350
0.497705
0.644492
0.672532
0.631329
0.761523
0.645173
0.598795
0.553996
0.658972
0.527714
0.438928
0.754812
0.574408
0.499705
0.612758
0.628090
0.601498
0.637274
0.750092
0.730148
0.667140
0.652930
0.619951
0.599775
0.714327
0.741641
0.617757
0.595525
0.601799
0.643052
0.761875
0.579982
0.552760
0.628738
0.540062
0.656468
0.547394
0.532888
0.476731
0.546146
0.544831
0.709953
0.688549
0.584057
0.678116
0.665752
0.646605
0.704857
0.658692
0.677876
0.646975
0.501801
0.791077
0.603168
0.667707
0.673302
0.613482
0.770401
0.662304
0.716810
0.596436
0.533556
0.605269
0.571512
0.743700
0.617857
0.636970
0.586874
0.584232
0.652949
0.494120
0.660799
0.594798
0.659494
0.554786
0.697555
0.681223
0.551957
0.782242
0.692314
0.632819
0.622135
0.527019
0.639083
0.745834
0.663911
0.499810
0.553279
0.506011
0.562576
0.767725
0.585562
0.604262
0.573608
0.605857
0.639540
0.720290
0.633178
0.490993
0.654759
0.624079
0.565017
0.498562
0.729038
0.576763
0.612616
0.740870
0.573095
0.585237
0.605577
0.940991
0.604458
0.637735
0.630575
0.568923
0.515509
0.584576
0.565254
0.724268
0.628740
0.571733
0.687530
0.570760
0.724099
0.563887
0.688664
0.568822
0.523991
0.671549
0.612989
0.537963
0.725098
0.573875
0.652286
0.737814
0.785175
0.722159
0.517690
0.611782
0.670962
0.563742
0.682337
0.682870
0.633249
0.582978
0.597786
0.441001
0.664412
0.601557
0.623408
0.642331
0.604863
0.614176
0.686387
0.610949
0.664157
0.545254
0.578758
0.490889
0.496342
0.645878
0.684296
0.559703
0.552968
0.491405
0.502142
0.556787
0.794337
0.703210
0.556562
0.592305
0.525798
0.537256
0.550219
0.754407
0.506083
0.793678
0.652967
0.624379
0.637198
0.568302
0.637632
0.452091
0.687755
0.606534
0.634899
0.723890
0.615455
0.746992
0.534500
0.715968
0.513886
0.691352
0.596766
0.549342
0.677592
0.649049
0.480914
0.555510
0.559007
0.563974
0.511115
0.642019
0.512680
0.765449
0.569493
0.662369
0.675198
0.537422
0.493815
0.699807
0.518572
0.652927
0.553801
0.551989
0.730601
0.676483
0.484432
0.567073
0.520671
0.676170
0.472896
0.535218
0.551277
0.670449
0.565882
0.556558
0.535842
0.556412
0.469991
0.480019
0.589733
0.636758
0.508784
0.599657
0.610678
0.732207
0.797059
0.471071
0.662314
0.670195
0.720203
0.593987
0.603455
0.589262
0.474021
0.613497
0.578117
0.689604
0.702389
0.692746
0.623784
0.663368
0.562387
0.562571
0.594246
0.521382
0.608994
0.582289
0.631976
0.537347
0.576807
0.609585
0.511288
0.686502
0.597562
0.640549
0.507156
0.565319
0.765589
0.651708
0.582965
0.710246
0.626922
0.475921
0.724052
0.576305
0.626257
0.518651
0.649278
0.498129
0.525756
0.573436
0.628896
0.620034
0.647587
0.615750
0.620417
0.513191
0.573168
0.564960
0.698270
0.585406
0.652988
0.624655
0.596821
0.534966
0.589915
0.628613
0.570735
0.407321
0.615755
0.606710
0.458326
0.632781
0.579769
0.519593
0.727573
0.582814
0.660810
0.523996
0.636707
0.512387
0.535745
0.652132
0.599049
0.578192
0.502853
0.837878
0.413505
0.536352
0.725382
0.647123
0.581787
0.682266
0.637528
0.596933
0.652543
0.520453
0.552057
0.533671
0.582163
0.716170
0.617626
0.660140
0.655435
0.458819
0.666477
0.639390
0.469963
0.703521
0.573703
0.490251
0.443099
0.510457
0.541488
0.572037
0.593595
0.601458
0.614882
0.550627
0.635484
0.566500
0.459557
0.647946
0.540015
0.709885
0.533880
0.584232
0.490560
0.636935
0.607266
0.584340
0.643308
0.700152
0.550372
0.576383
0.617424
0.749265
0.739542
0.575433
0.539212
0.632199
0.604903
0.546700
0.754194
0.635840
0.539013
0.659933
0.605044
0.649463
0.586527
0.690287
0.570055
0.688504
0.585414
0.781234
0.693493
0.569715
0.552078
0.654263
0.558953
0.645293
0.621225
0.663638
0.604564
0.647404
0.529967
0.559401
0.562749
0.630102
0.694620
0.517276
0.508076
0.653928
0.491253
0.544297
0.621884
0.513628
0.544705
0.506096
0.534814
0.580169
0.674214
0.553948
0.669817
0.517684
0.527570
0.686143
0.662003
0.470775
0.567548
0.528048
0.603789
0.501611
0.678769
0.537634
0.499005
0.611851
0.539031
0.496722
0.568767
0.532179
0.605744
0.548919
0.530615
0.615599
0.765166
0.707849
0.570030
0.521563
0.511011
0.657721
0.529636
0.569820
0.588620
0.524009
0.534849
0.642533
0.715620
0.570785
0.527974
0.581226
0.617825
0.530425
0.616047
0.704590
0.532396
0.666849
0.677583
0.688572
0.569317
0.674657
0.643347
0.486163
0.603499
0.587023
0.544956
0.519168
0.564854
0.551764
0.652793
0.488170
0.580824
0.680081
0.692198
0.510264
0.608299
0.831694
0.492385
0.593866
0.798846
0.942408
0.568254
0.597463
0.604618
0.659577
0.546049
0.562256
0.629275
0.600425
0.599970
0.565307
0.676537
0.574101
0.528958
0.659595
0.525027
0.659904
0.511498
0.465727
0.630863
0.591251
0.553025
0.635971
0.515613
0.578837
0.498107
0.577411
0.555664
0.531365
0.578781
0.661172
0.580272
0.456837
0.554929
0.570005
0.690147
0.585943
0.721816
0.599548
0.562542
0.845420
0.618286
0.539354
0.690422
0.499588
0.729528
0.560865
0.583186
0.599812
0.470007
0.585677
0.557145
0.544837
0.651971
0.577495
0.762388
0.615388
0.659232
0.458255
0.500838
0.599996
0.565570
0.515781
0.562444
0.568204
0.565417
0.634690
0.476130
0.512138
0.501358
0.745451
0.541476
0.547903
0.628375
0.614470
0.488498
0.533088
0.599116
0.591459
0.590431
0.480464
0.677557
0.571169
0.577389
0.603643
0.566002
0.594344
0.722451
0.632778
0.556507
0.658756
0.554319
0.569013
0.523917
0.412374
0.540080
0.597978
0.535998
0.607886
0.556089
0.538570
0.570315
0.659461
0.584894
0.554910
0.569683
0.596322
0.450438
0.585902
0.494466
0.647674
0.518964
0.535595
0.500199
0.531958
0.496529
0.543905
0.521646
0.685895
0.722689
0.722606
0.718623
0.620360
0.461220
0.514619
0.650284
0.715401
0.607194
0.461435
0.601071
0.583098
0.655134
0.707586
0.541296
0.579149
0.605504
0.563582
0.639477
0.610608
0.572808
0.474718
0.630679
0.523459
0.534227
0.552366
0.600891
0.586058
0.544300
0.600285
0.586947
0.446387
0.603628
0.500454
0.555191
0.656216
0.627276
0.524609
0.468040
0.470608
0.580061
0.533390
0.598836
0.764683
0.504603
0.565289
0.468013
0.661440
0.573187
0.455347
0.516939
0.609916
0.590294
0.570157
0.621668
0.483547
0.483810
0.563012
0.587115
0.546098
0.546842
0.574275
0.422853
0.557637
0.612786
0.602108
0.626682
0.701725
0.596478
0.668929
0.491098
0.597166
0.646155
0.522578
0.473225
0.735509
0.580004
0.414919
0.511632
0.524297
0.608942
0.504363
0.651226
0.560474
0.607143
0.508117
0.592633
0.563264
0.576425
0.646370
0.517951
0.559876
0.632027
0.541306
0.640701
0.695110
0.611217
0.515271
0.666275
0.553837
0.471205
0.616438
0.638044
0.547794
0.649316
0.571299
0.516679
0.446654
0.720111
0.515334
0.507789
0.643510
0.490884
0.529171
0.591695
0.680844
0.597276
0.568630
0.722745
0.583612
0.588582
0.568577
0.624349
0.652273
0.639418
0.558378
0.500688
0.533017
0.595062
0.570455
0.635383
0.615104
0.582559
0.460090
0.537446
0.512253
0.579516
0.517267
0.510799
0.569014
0.616077
0.625113
0.608739
0.626338
0.477171
0.451431
0.437130
0.525199
0.553439
0.515772
0.533118
0.627645
0.692212
0.650141
0.514752
0.552833
0.519243
0.503438
0.526075
0.397541
0.677080
0.576567
0.396189
0.486665
0.553197
0.531943
0.641219
0.596657
0.475132
0.589515
0.598136
0.484182
0.484103
0.590753
0.508741
0.663156
0.506565
0.588991
0.679051
0.665900
0.573763
0.514824
0.612263
0.549048
0.557965
0.484739
0.607078
0.556427
0.682557
0.651860
0.515760
0.677291
0.484669
0.533643
0.552032
0.720110
0.632508
0.490005
0.485567
0.521800
0.576195
0.527068
0.629393
0.537970
0.686188
0.538210
0.716615
0.589269
0.650195
0.627100
0.534098
0.475656
0.576090
0.550690
0.520169
0.575494
0.485234
0.593925
0.619800
0.551834
0.653143
0.646159
0.670975
0.651862
0.619258
0.488181
0.632257
0.572586
0.543865
0.621116
0.520217
0.619172
0.632885
0.565838
0.617036
0.637424
0.533140
0.514103
0.603578
0.580069
0.576985
0.612712
0.617188
0.752145
0.453600
0.480207
0.501193
0.552037
0.523634
0.424023
0.659369
0.637355
0.664467
0.704809
0.530005
0.622379
0.604828
0.636227
0.676805
0.567654
0.498654
0.558247
0.508563
0.522259
0.561534
0.569575
0.615821
0.568233
0.460035
0.581017
0.508384
0.614354
0.562393
0.578147
0.529625
0.629756
0.592300
0.451981
0.535454
0.464021
0.601734
0.506742
0.418745
0.443966
0.557764
0.681864
0.624074
0.589775
0.591965
0.596129
0.704108
0.480177
0.498940
0.535534
0.525671
0.503941
0.582252
0.583565
0.597053
0.570819
0.543113
0.560598
0.596992
0.575147
0.470980
0.625181
0.628989
0.547146
0.456438
0.454085
0.579220
0.516608
0.550777
0.543483
0.624850
0.663151
0.641176
0.477863
0.578119
0.683029
0.658102
0.446675
0.510068
0.480479
0.685744
0.562725
0.616980
0.666874
0.450755
0.521541
0.490901
0.425621
0.595250
0.475577
0.457103
0.394913
0.568102
0.597402
0.487489
0.623552
0.570588
0.463100
0.676119
0.585114
0.658367
0.554321
0.592597
0.492293
0.651857
0.627186
0.544015
0.522683
0.604938
0.658154
0.625600
0.510903
0.490976
0.566141
0.442738
0.523631
0.517003
0.524011
0.559502
0.479945
0.543828
0.667598
0.546628
0.630744
0.530775
0.550275
0.499625
0.636176
0.498681
0.364159
0.535588
0.552654
0.583036
0.518044
0.536562
0.603592
0.483007
0.443466
0.631136
0.552380
0.461440
0.414416
0.561554
0.622958
0.443721
0.626552
0.650181
0.630541
0.519449
0.665677
0.516774
0.586419
0.533389
0.567372
0.625509
0.558251
0.496716
0.446878
0.548186
0.518274
0.494703
0.553099
0.582914
0.463244
0.658948
0.612559
0.511220
0.632975
0.455376
0.553551
0.482259
0.585300
0.532287
0.587172
0.496120
0.500316
0.588840
0.473874
0.492859
0.479619
0.564815
0.468113
0.514868
0.573050
0.589910
0.626296
0.458021
0.539813
0.417509
0.489114
0.527180
0.614676
0.570819
0.587305
0.541013
0.563834
0.598987
0.538606
0.601788
0.540490
0.575051
0.489455
0.687350
0.504803
0.528682
0.520255
0.602707
0.514411
0.602569
0.567268
0.544034
0.590113
0.520781
0.422211
0.550218
0.558722
0.647076
0.465620
0.349590
0.591845
0.506541
0.485306
0.482191
0.520131
0.643724
0.522175
0.645213
0.472749
0.570601
0.410965
0.444900
0.633283
0.402406
0.618071
0.513927
0.514844
0.495074
0.545377
0.591134
0.541029
0.484037
0.593749
0.580365
0.537864
0.534692
0.466643
0.551972
0.439550
0.582282
0.718600
0.597673
0.486031
0.527958
0.685222
0.509444
0.543448
0.613842
0.540676
0.451493
0.489583
0.498374
0.527567
0.500022
0.535048
0.505036
0.532970
0.547765
0.481236
0.507686
0.545190
0.616700
0.608998
0.581848
0.587459
0.531679
0.514075
0.692049
0.538895
0.608426
0.411539
0.524786
0.436302
0.394132
0.510096
0.538784
0.465716
0.607673
0.541513
0.582219
0.536503
0.551985
0.794731
0.529575
0.433986
0.585627
0.494741
0.427661
0.466018
0.527358
0.495816
0.609625
0.515006
0.552146
0.519562
0.485377
0.694893
0.374622
0.547899
0.646345
0.672263
0.490570
0.542621
0.458944
0.532754
0.531896
0.402708
0.570181
0.525454
0.576656
0.446971
0.501814
0.446280
0.607354
0.463408
0.511969
0.561072
0.615714
0.650668
0.618107
0.481913
0.517681
0.625108
0.457985
0.555666
0.640060
0.540635
0.447505
0.674666
0.660027
0.419136
0.462701
0.471991
0.529987
0.483639
0.515439
0.511790
0.643231
0.600324
0.554287
0.465422
0.589465
0.629943
0.479585
0.501691
0.501601
0.528823
0.495064
0.453279
0.584077
0.692591
0.557808
0.579843
0.496641
0.527819
0.500343
0.596039
0.458502
0.534724
0.676487
0.448252
0.538236
0.492177
0.514577
0.608906
0.435956
0.625039
0.528050
0.610955
0.484975
0.608691
0.667993
0.444440
0.552065
0.554939
0.646705
0.582579
0.538646
0.609672
0.481847
0.487125
0.592195
0.452434
0.503540
0.476100
0.466838
0.471826
0.426232
0.582098
0.559857
0.392205
0.488170
0.618225
0.589667
0.514418
0.532245
0.455090
0.474151
0.530136
0.572584
0.514802
0.497589
0.363173
0.531808
0.509099
0.429926
0.391556
0.461952
0.480948
0.550958
0.556448
0.465392
0.614688
0.594459
0.426708
0.490391
0.517159
0.507911
0.443953
0.538254
0.517193
0.586512
0.683123
0.430430
0.481431
0.526190
0.476290
0.541554
0.504550
0.615607
0.465049
0.470888
0.450102
0.597832
0.564979
0.580766
0.636738
0.566763
0.643867
0.536289
0.515238
0.487805
0.534242
0.410704
0.653559
0.422181
0.400594
0.404518
0.614485
0.784783
0.576441
0.542289
0.439144
0.633421
0.497835
0.501954
0.615616
0.544113
0.579194
0.468984
0.449721
0.619346
0.616398
0.641163
0.542718
0.498500
0.553960
0.448294
0.511386
0.432914
0.436778
0.478694
0.515998
0.380120
0.494856
0.457711
0.519239
0.540589
0.475158
0.533775
0.665939
0.537035
0.470433
0.375595
0.494490
0.578588
0.461896
0.539281
0.559680
0.540479
0.304908
0.512613
0.485177
0.507701
0.513427
0.508189
0.524055
0.480166
0.491984
0.564039
0.528855
0.580570
0.408310
0.601666
0.437528
0.597558
0.528472
0.510261
0.555264
0.579593
0.564982
0.484466
0.531050
0.397647
0.466653
0.427870
0.486829
0.520449
0.470203
0.560038
0.617400
0.561401
0.514225
0.567601
0.478089
0.567718
0.408999
0.578363
0.561959
0.611122
0.524675
0.563651
0.417363
0.541487
0.494519
0.474942
0.436444
0.441975
0.544425
0.506461
0.579457
0.513512
0.571902
0.521716
0.464820
0.559312
0.489078
0.430085
0.441573
0.574312
0.500019
0.605950
0.594069
0.481871
0.630838
0.464916
0.539776
0.572767
0.519376
0.636415
0.534471
0.424634
0.535068
0.494259
0.451035
0.580562
0.538850
0.584509
0.488798
0.402404
0.537858
0.502665
0.548499
0.448706
0.517935
0.509086
0.530880
0.483684
0.437079
0.482074
0.337031
0.546394
0.473211
0.540646
0.451116
0.438418
0.583894
0.609512
0.454282
0.478097
0.667440
0.495683
0.609928
0.603096
0.348303
0.442015
0.448887
0.607061
0.498871
0.449072
0.524331
0.459873
0.547431
0.508936
0.430828
0.483366
0.382488
0.419402
0.515418
0.533705
0.465013
0.734868
0.437722
0.539916
0.562762
0.670989
0.534499
0.502348
0.581154
0.524832
0.673944
0.492879
0.577521
0.492363
0.421037
0.520146
0.517605
0.489994
0.591052
0.412626
0.588828
0.563259
0.517634
0.519445
0.492840
0.551615
0.546740
0.532525
0.548389
0.454847
0.443809
0.398393
0.467001
0.494711
0.440148
0.509237
0.452600
0.534183
0.594154
0.475025
0.556601
0.531346
0.354423
0.465505
0.681341
0.508458
0.382736
0.603262
0.525324
0.734313
0.487627
0.470951
0.760749
0.650205
0.463705
0.534827
0.547699
0.504905
0.425692
0.432068
0.464119
0.365885
0.507715
0.535610
0.550131
0.469728
0.463952
0.446793
0.661979
0.509412
0.542232
0.437460
0.490178
0.476758
0.690935
0.518826
0.453112
0.520893
0.666043
0.428436
0.500325
0.639683
0.611099
0.596983
0.661045
0.644766
0.536057
0.567301
0.493676
0.697425
0.522340
0.625107
0.454952
0.550239
0.467036
0.448539
0.421548
0.603604
0.335693
0.481874
0.417238
0.431402
0.466518
0.497688
0.466355
0.500706
0.460621
0.476264
0.508608
0.544109
0.427960
0.463611
0.476362
0.542720
0.461751
0.400304
0.699897
0.555704
0.536774
0.480973
0.385669
0.596431
0.384110
0.518603
0.456380
0.397264
0.469430
0.415559
0.512424
0.526134
0.502646
0.574057
0.469912
0.490784
0.488552
0.426766
0.522548
0.571500
0.490050
0.455980
0.538046
0.518800
0.490912
0.462684
0.528063
0.538966
0.451276
0.481881
0.573615
0.549013
0.482810
0.459922
0.518297
0.510104
0.561135
0.499930
0.633403
0.525088
0.454744
0.522400
0.599870
0.510951
0.526871
0.547714
0.472967
0.482818
0.506657
0.444297
0.561133
0.458133
0.484180
0.411357
0.414243
0.660902
0.439020
0.485702
0.444237
0.404852
0.430951
0.436417
0.439876
0.448358
0.496012
0.718325
0.429133
0.429448
0.459998
0.458696
0.453912
0.557001
0.384657
0.487967
0.581540
0.443461
0.545703
0.407534
0.494556
0.554260
0.591724
0.505808
0.488373
0.495634
0.681504
0.577108
0.469901
0.411029
0.478631
0.459647
0.339072
0.498364
0.404341
0.429867
0.442351
0.484699
0.465053
0.518258
0.504690
0.639372
0.421414
0.475535
0.504652
0.523297
0.489942
0.553210
0.486368
0.540198
0.480563
0.433086
0.416743
0.495809
0.560160
0.336975
0.447358
0.481164
0.473808
0.518069
0.390338
0.520225
0.428620
0.491643
0.448799
0.519113
0.593801
0.475650
0.469844
0.450425
0.521957
0.542340
0.479600
0.569681
0.575416
0.443321
0.402415
0.438503
0.505647
0.396474
0.515717
0.415455
0.621553
0.540416
0.460232
0.478037
0.526135
0.399761
0.481703
0.506172
0.531307
0.630591
0.467247
0.489340
0.483783
0.459434
0.511980
0.373512
0.488401
0.478313
0.487883
0.514512
0.375528
0.458006
0.451862
0.528009
0.521186
0.521938
0.416323
0.526226
0.493953
0.589685
0.522329
0.674274
0.445506
0.537425
0.515497
0.505432
0.405564
0.546884
0.476616
0.411954
0.463713
0.413201
0.442799
0.459066
0.518209
0.444195
0.532012
0.606441
0.521404
0.395176
0.403042
0.481394
0.487606
0.598983
0.433939
0.483406
0.478237
0.484349
0.366518
0.455806
0.459479
0.405424
0.473606
0.389798
0.564437
0.465124
0.486112
0.578484
0.408442
0.438125
0.458438
0.398478
0.594662
0.494184
0.327807
0.330832
0.430128
0.503751
0.490222
0.462525
0.493656
0.613997
0.644393
0.502305
0.565740
0.378855
0.608341
0.545146
0.403521
0.465794
0.492371
0.468846
0.383456
0.524365
0.444122
0.471004
0.610841
0.515576
0.608702
0.517046
0.454911
0.373275
0.554051
0.504935
0.532483
0.528335
0.552404
0.386126
0.535861
0.470593
0.572892
0.486335
0.524820
0.483556
0.476074
0.495220
0.537141
0.496826
0.543300
0.396866
0.514025
0.538441
0.488644
0.557039
0.485778
0.473812
0.456110
0.497515
0.404439
0.380862
0.433868
0.603168
0.420831
0.560041
0.495375
0.542953
0.443977
0.543856
0.367801
0.562655
0.464417
0.608228
0.431491
0.534445
0.419096
0.537599
0.490522
0.575638
0.478358
0.493595
0.435608
0.506714
0.529891
0.446362
0.432293
0.542726
0.564552
0.447045
0.558091
0.482601
0.494574
0.546410
0.578172
0.428964
0.571416
0.454411
0.508181
0.449107
0.544398
0.503748
0.517150
0.468100
0.478659
0.552888
0.535226
0.403190
0.589922
0.525844
0.522185
0.410835
0.420774
0.445240
0.487794
0.363107
0.564387
0.524959
0.516829
0.357034
0.459927
0.565882
0.438666
0.509663
0.411409
0.581581
0.348558
0.617194
0.426768
0.483723
0.524146
0.408353
0.610745
0.503747
0.512147
0.579963
0.403512
0.369219
0.479724
0.468039
0.384340
0.581042
0.473880
0.481831
0.580492
0.445166
0.406468
0.395794
0.406693
0.400530
0.462754
0.366773
0.469698
0.400700
0.568497
0.605216
0.426844
0.500430
0.478766
0.347069
0.468862
0.458872
0.421707
0.458982
0.552695
0.471319
0.622710
0.394079
0.466890
0.365245
0.371473
0.492321
0.589775
0.438365
0.465981
0.371971
0.459102
0.423252
0.443025
0.452445
0.452189
0.394854
0.460753
0.438791
0.565639
0.512856
0.486282
0.386635
0.371634
0.384143
0.492434
0.385189
0.443779
0.598610
0.566128
0.448680
0.411704
0.382210
0.496722
0.499395
0.395927
0.413869
0.362647
0.567834
0.355274
0.490138
0.458736
0.403517
0.370728
0.474998
0.493148
0.471695
0.499526
0.503817
0.481005
0.405641
0.537569
0.575773
0.505359
0.554390
0.484097
0.589478
0.450280
0.537326
0.320239
0.433876
0.376716
0.385728
0.434285
0.395910
0.414177
0.479598
0.557092
0.431140
0.464930
0.438405
0.418857
0.433816
0.494721
0.538457
0.392689
0.506807
0.406762
0.487768
0.513737
0.370694
0.584961
0.573669
0.462164
0.533526
0.516253
0.612078
0.436121
0.411573
0.498099
0.616139
0.504654
0.590658
0.402054
0.489608
0.516365
0.495255
0.519290
0.459024
0.595980
0.582835
0.382624
0.473937
0.461379
0.493476
0.596303
0.371812
0.631322
0.565498
0.432744
0.436483
0.369017
0.574266
0.409039
0.396955
0.447222
0.479183
0.558148
0.432878
0.465706
0.421060
0.534572
0.504151
0.438545
0.427527
0.472475
0.466488
0.531544
0.361442
0.405667
0.528964
0.467277
0.434785
0.440146
0.417257
0.414201
0.421577
0.507954
0.330365
0.498603
0.486055
0.585214
0.519850
0.409229
0.536320
0.456168
0.514698
0.462642
0.424233
0.385508
0.583826
0.480083
0.429327
0.431263
0.461865
0.580940
0.422959
0.393317
0.378226
0.460058
0.474399
0.475359
0.522123
0.439163
0.540512
0.513011
0.541418
0.471306
0.478166
0.406602
0.599852
0.506449
0.478334
0.520935
0.370392
0.463980
0.395697
0.433157
0.528012
0.405614
0.419348
0.491598
0.431265
0.487121
0.477271
0.537106
0.373402
0.438988
0.504185
0.478856
0.596369
0.438991
0.322619
0.489843
0.389763
0.370872
0.378130
0.454535
0.443983
0.463846
0.384342
0.407613
0.547727
0.452533
0.575926
0.414491
0.395377
0.466351
0.461628
0.435459
0.442518
0.373048
0.534609
0.531899
0.545072
0.392310
0.499777
0.504977
0.402754
0.382446
0.477214
0.580128
0.554001
0.441736
0.361388
0.434455
0.530592
0.462982
0.382365
0.608483
0.450102
0.441997
0.539150
0.559887
0.559962
0.459896
0.360365
0.429243
0.437524
0.455803
0.486095
0.605662
0.558533
0.490154
0.423931
0.567262
0.453263
0.579234
0.571440
0.423885
0.412723
0.428909
0.433686
0.408280
0.486420
0.378455
0.534054
0.444848
0.553294
0.430159
0.554732
0.433219
0.449146
0.479188
0.456207
0.465917
0.500016
0.539698
0.427811
0.513467
0.504595
0.601448
0.518990
0.542159
0.397241
0.545652
0.376568
0.475755
0.447058
0.519260
0.460959
0.418432
0.466259
0.466875
0.415296
0.536328
0.428476
0.379750
0.357674
0.546120
0.377388
0.434059
0.524479
0.493249
0.435554
0.506142
0.612596
0.477232
0.365132
0.463173
0.504450
0.492000
0.440076
0.415381
0.524271
0.495222
0.427770
0.511364
0.386028
0.484894
0.473430
0.433776
0.520394
0.538243
0.432799
0.537611
0.513688
0.412768
0.476204
0.423543
0.436158
0.441277
0.423143
0.496081
0.515496
0.548664
0.508540
0.525006
0.603552
0.370984
0.469270
0.441609
0.419283
0.504701
0.443740
0.565834
0.415378
0.474942
0.356680
0.487884
0.484724
0.396858
0.414916
0.470476
0.507438
0.290284
0.408811
0.396320
0.381943
0.404336
0.482125
0.576640
0.388981
0.419790
0.461407
0.413629
0.405887
0.536877
0.456688
0.404962
0.595427
0.440013
0.373460
0.380584
0.496979
0.425579
0.460542
0.410197
0.377516
0.433663
0.450876
0.448769
0.447926
0.422520
0.463187
0.515140
0.341752
0.527519
0.519369
0.505590
0.346555
0.393168
0.542289
0.377014
0.405141
0.495284
0.404162
0.463641
0.398581
0.474946
0.449278
0.438621
0.377877
0.444758
0.330617
0.446424
0.435169
0.445339
0.428388
0.412974
0.427642
0.368318
0.427278
0.406096
0.524495
0.458221
0.470214
0.449169
0.421178
0.576782
0.550283
0.464498
0.451384
0.354580
0.464352
0.321332
0.381062
0.417425
0.518842
0.324244
0.407287
0.478291
0.466463
0.408295
0.432794
0.306917
0.419536
0.429434
0.530415
0.437929
0.565291
0.687941
0.426226
0.457720
0.403858
0.459033
0.504137
0.431691
0.394896
0.503414
0.358494
0.427140
0.433016
0.441425
0.612460
0.545982
0.391736
0.410916
0.332774
0.562798
0.462985
0.401116
0.419696
0.395671
0.562395
0.376410
0.521565
0.380897
0.366829
0.415452
0.569207
0.474604
0.435262
0.520071
0.493364
0.382322
0.476182
0.404776
0.456138
0.405687
0.494913
0.394113
0.562120
0.437148
0.390559
0.424963
0.374261
0.433412
0.534228
0.462313
0.563932
0.464371
0.582189
0.434213
0.456803
0.466248
0.425111
0.593313
0.472767
0.417560
0.455728
0.471149
0.313450
0.549298
0.418428
0.441427
0.472750
0.366458
0.527747
0.519365
0.627701
0.405115
0.472555
0.525610
0.432411
0.465695
0.445587
0.435826
0.482240
0.409739
0.449710
0.491718
0.482959
0.399936
0.377629
0.491691
0.453368
0.408545
0.514727
0.388007
0.427730
0.328428
0.471424
0.339098
0.443741
0.453222
0.362480
0.440517
0.460280
0.412177
0.448583
0.436342
0.501648
0.398679
0.506560
0.446039
0.479690
0.340820
0.457792
0.399306
0.397489
0.464719
0.422139
0.364881
0.565950
0.388122
0.422527
0.475159
0.474327
0.492642
0.407449
0.365056
0.356166
0.290352
0.399678
0.381632
0.323749
0.595781
0.479939
0.454638
0.444367
0.425799
0.446503
0.410978
0.500691
0.367871
0.432742
0.544803
0.417340
0.441845
0.391774
0.448085
0.472596
0.544770
0.418697
0.398522
0.441351
0.423471
0.504965
0.472052
0.393077
0.398428
0.405600
0.412774
0.339590
0.479292
0.443355
0.616767
0.452036
0.481861
0.459685
0.433446
0.400270
0.375717
0.373431
0.440299
0.344041
0.532879
0.395203
0.418254
0.370833
0.492969
0.524646
0.395716
0.427003
0.571931
0.497366
0.386226
0.366430
0.395918
0.487406
0.441037
0.554360
0.467330
0.322890
0.531435
0.402310
0.498457
0.408796
0.522704
0.331428
0.413336
0.407315
0.409311
0.473310
0.358017
0.377851
0.356830
0.409169
0.358077
0.503776
0.342291
0.370657
0.444255
0.415295
0.416179
0.417171
0.318536
0.464085
0.455879
0.393290
0.522025
0.402288
0.381072
0.472631
0.438907
0.478695
0.404041
0.433782
0.403130
0.458954
0.419346
0.517224
0.538828
0.494347
0.344309
0.365662
0.343582
0.393075
0.391232
0.433236
0.474458
0.438486
0.366306
0.535094
0.460297
0.566436
0.473856
0.439984
0.514438
0.345906
0.420296
0.421558
0.326651
0.479630
0.472440
0.387594
0.332155
0.467274
0.344607
0.520385
0.480466
0.522327
0.418756
0.556381
0.368200
0.375384
0.494256
0.417110
0.345745
0.482447
0.461379
0.402029
0.522769
0.410957
0.428144
0.385719
0.408947
0.358485
0.556012
0.336073
0.404258
0.407724
0.535146
0.377863
0.446596
0.384269
0.462301
0.360615
0.388917
0.499129
0.546332
0.353282
0.513150
0.377455
0.447350
0.400502
0.430717
0.326626
0.431210
0.374880
0.382889
0.481698
0.410159
0.439864
0.433709
0.504742
0.463723
0.495973
0.361385
0.353444
0.492627
0.347120
0.382301
0.434694
0.376640
0.456639
0.484733
0.409573
0.419016
0.447738
0.429440
0.396299
0.414491
0.429829
0.359038
0.351192
0.403624
0.477044
0.345411
0.475760
0.365277
0.574035
0.480151
0.353792
0.426234
0.304363
0.443818
0.476809
0.423950
0.400500
0.356177
0.396969
0.429844
0.436929
0.428561
0.427900
0.355147
0.364176
0.355094
0.443938
0.445963
0.425142
0.436938
0.367047
0.455513
0.395361
0.417053
0.366771
0.335172
0.378371
0.344270
0.400420
0.436877
0.394947
0.443682
0.434736
0.480964
0.479500
0.381252
0.338155
0.414389
0.411549
0.415724
0.490289
0.378969
0.430797
0.438304
0.533094
0.373200
0.432783
0.348747
0.410432
0.387914
0.556459
0.286240
0.405266
0.473739
0.458117
0.517340
0.551903
0.471788
0.517659
0.342058
0.453453
0.501318
0.456494
0.556315
0.551145
0.499320
0.398751
0.380539
0.365020
0.355043
0.486768
0.323086
0.463279
0.322061
0.386821
0.412314
0.370074
0.541012
0.505028
0.508664
0.455074
0.336068
0.428855
0.500961
0.371284
0.460519
0.410611
0.431637
0.336310
0.377310
0.429853
0.438078
0.465870
0.447419
0.373571
0.370456
0.466196
0.319522
0.430708
0.379013
0.433728
0.307708
0.424411
0.466355
0.367665
0.381037
0.395412
0.400215
0.462926
0.399939
0.386356
0.424919
0.425203
0.513160
0.433000
0.410908
0.284829
0.423541
0.520639
0.373206
0.510183
0.325128
0.517922
0.431017
0.449972
0.336071
0.358059
0.530247
0.423210
0.378426
0.376546
0.397108
0.466978
0.746794
0.432874
0.505997
0.366981
0.379325
0.503058
0.427062
0.485523
0.446470
0.357122
0.470232
0.474943
0.435290
0.339299
0.387183
0.443649
0.379166
0.415116
0.364915
0.553773
0.382911
0.448776
0.367827
0.582365
0.390824
0.535119
0.402247
0.441385
0.382974
0.404233
0.340215
0.426580
0.426376
0.390781
0.450601
0.415486
0.320740
0.401805
0.467811
0.384649
0.366054
0.436292
0.495700
0.382331
0.513737
0.524472
0.455353
0.493434
0.424960
0.358034
0.362868
0.369650
0.471074
0.362862
0.435441
0.370276
0.392574
0.327313
0.538124
0.469130
0.281779
0.334053
0.283713
0.352907
0.375423
0.319099
0.467598
0.344056
0.336471
0.394367
0.323036
0.512127
0.473303
0.420714
0.515041
0.467507
0.366495
0.366313
0.469628
0.331876
0.353203
0.456719
0.503719
0.445650
0.428172
0.461382
0.292908
0.514564
0.351674
0.389662
0.344761
0.552727
0.488282
0.368994
0.426574
0.454495
0.454899
0.411750
0.390586
0.495352
0.465425
0.533403
0.405527
0.356043
0.466207
0.324492
0.365222
0.452279
0.356024
0.346553
0.383152
0.497238
0.496188
0.359829
0.481411
0.439255
0.348975
0.480699
0.378966
0.416884
0.419067
0.509138
0.476766
0.432167
0.443264
0.454138
0.473843
0.485558
0.434812
0.422316
0.309450
0.464347
0.373816
0.408961
0.535108
0.549587
0.426183
0.383658
0.432694
0.369529
0.419600
0.459962
0.423602
0.383256
0.417188
0.346483
0.533190
0.327585
0.369869
0.475980
0.395075
0.390001
0.356466
0.439837
0.431449
0.441079
0.498015
0.414441
0.460356
0.485156
0.450007
0.401812
0.274614
0.430075
0.363278
0.422322
0.390152
0.301840
0.448099
0.405631
0.494943
0.301543
0.410684
0.429104
0.420075
0.400232
0.369243
0.361145
0.503307
0.390923
0.335925
0.438933
0.444704
0.380663
0.382107
0.346700
0.486728
0.550500
0.279741
0.398494
0.349275
0.331827
0.367983
0.366256
0.461740
0.405509
0.392470
0.451969
0.542175
0.490926
0.345970
0.413020
0.360448
0.294826
0.359101
0.422181
0.348829
0.364257
0.343350
0.378568
0.390161
0.457566
0.367134
0.438304
0.459867
0.445381
0.359589
0.405987
0.444745
0.381878
0.529761
0.385544
0.444070
0.367692
0.485099
0.383881
0.334339
0.400265
0.324406
0.358449
0.430696
0.408715
0.426106
0.334693
0.344879
0.455800
0.384530
0.568905
0.424406
0.476051
0.377954
0.423205
0.335093
0.407212
0.388987
0.514820
0.433361
0.363847
0.331897
0.392363
0.485652
0.396928
0.356983
0.451322
0.338936
0.482245
0.491711
0.393103
0.408893
0.325339
0.394405
0.428475
0.353235
0.441217
0.366423
0.468770
0.394500
0.395973
0.458413
0.352837
0.500944
0.395051
0.320440
0.363881
0.411153
0.285582
0.369659
0.467010
0.375295
0.369003
0.368953
0.387518
0.374166
0.334543
0.327556
0.445220
0.423560
0.433113
0.364474
0.345215
0.482362
0.421325
0.351786
0.379767
0.420577
0.385427
0.410067
0.517154
0.429290
0.407546
0.439408
0.436652
0.340590
0.353354
0.367268
0.393787
0.328237
0.372337
0.353275
0.308803
0.463943
0.305046
0.406254
0.336580
0.363043
0.423992
0.433008
0.434735
0.296361
0.349995
0.380720
0.517137
0.449942
0.363727
0.458571
0.356018
0.394107
0.363396
0.475210
0.321329
0.480432
0.418117
0.304023
0.373486
0.511997
0.335380
0.496747
0.281754
0.463873
0.339456
0.396226
0.478079
0.373063
0.408079
0.401048
0.384045
0.387764
0.434848
0.352151
0.328979
0.286335
0.496169
0.381135
0.409012
0.370128
0.332002
0.385577
0.451513
0.312738
0.501795
0.435196
0.285004
0.403112
0.397401
0.396275
0.491536
0.351690
0.403096
0.451799
0.433387
0.425426
0.392577
0.458981
0.468880
0.363818
0.468747
0.447739
0.472452
0.426901
0.404373
0.346989
0.501536
0.434256
0.374728
0.434846
0.507426
0.368535
0.437659
0.323738
0.416947
0.372957
0.431870
0.382709
0.408226
0.366290
0.498983
0.449752
0.373304
0.420897
0.477507
0.359060
0.336245
0.494783
0.288984
0.418216
0.290582
0.415157
0.474199
0.327073
0.294733
0.496558
0.403054
0.353764
0.260876
0.366614
0.403898
0.347437
0.410383
0.516945
0.388184
0.409877
0.398791
0.390796
0.333484
0.435477
0.356430
0.373012
0.334615
0.388607
0.342200
0.428679
0.344914
0.491134
0.530158
0.423745
0.435454
0.438389
0.392874
0.341993
0.448201
0.436370
0.354496
0.331751
0.404459
0.351827
0.401102
0.361196
0.446188
0.452862
0.385492
0.339790
0.394477
0.358501
0.375551
0.474768
0.392381
0.377267
0.513563
0.400650
0.526122
0.465195
0.490011
0.390595
0.340501
0.339215
0.478085
0.355055
0.461124
0.464608
0.392248
0.408975
0.307500
0.409656
0.407743
0.358451
0.411759
0.354571
0.550215
0.422384
0.427439
0.306295
0.304126
0.526382
0.374459
0.345934
0.381618
0.405706
0.464436
0.370105
0.361635
0.433394
0.403534
0.572516
0.385429
0.372070
0.424050
0.435102
0.347301
0.333974
0.432464
0.434975
0.382811
0.356725
0.388026
0.413180
0.365740
0.390613
0.460087
0.383693
0.441509
0.312117
0.465845
0.422310
0.375358
0.371018
0.454776
0.447339
0.442742
0.320994
0.421199
0.343034
0.498667
0.496874
0.400708
0.299544
0.457855
0.364311
0.277056
0.417113
0.438905
0.516171
0.343438
0.462726
0.387055
0.331072
0.344208
0.379833
0.387999
0.379777
0.367608
0.378179
0.441622
0.423811
0.419111
0.396431
0.449032
0.421748
0.440543
0.376631
0.332399
0.390831
0.356373
0.364996
0.362427
0.302622
0.401791
0.280782
0.326694
0.374075
0.407169
0.447440
0.436573
0.339177
0.427985
0.349768
0.373627
0.383090
0.414398
0.393109
0.398798
0.371919
0.414834
0.480243
0.364715
0.382693
0.432932
0.400397
0.391170
0.405171
0.353708
0.390263
0.342490
0.355994
0.527337
0.401922
0.437517
0.350077
0.370364
0.415905
0.344226
0.388009
0.448401
0.389626
0.419646
0.435684
0.540308
0.375063
0.372231
0.451969
0.380229
0.373476
0.362945
0.413650
0.317366
0.340286
0.445115
0.367692
0.311822
0.320610
0.335815
0.383400
0.389415
0.334295
0.421443
0.385925
0.449542
0.328325
0.360923
0.391163
0.461966
0.456838
0.273012
0.367370
0.340827
0.452494
0.392929
0.332615
0.350958
0.458224
0.373367
0.488843
0.447519
0.393907
0.365916
0.250178
0.449167
0.361041
0.377219
0.331970
0.340262
0.486454
0.366461
0.373802
0.366278
0.423021
0.357349
0.334754
0.387699
0.414501
0.273307
0.549616
0.325275
0.359797
0.431329
0.410420
0.344341
0.398816
0.453147
0.353367
0.423281
0.416225
0.433983
0.347477
0.561349
0.472558
0.426475
0.286124
0.364178
0.430879
0.370559
0.378392
0.373436
0.370600
0.324037
0.461604
0.460741
0.417763
0.362197
0.316180
0.432813
0.343006
0.343573
0.334160
0.347442
0.330543
0.353393
0.462971
0.454896
0.385224
0.401390
0.364285
0.406237
0.397971
0.326891
0.373351
0.381021
0.407856
0.412594
0.370735
0.342055
0.600404
0.393162
0.397069
0.338437
0.366661
0.368135
0.318649
0.389181
0.351642
0.310861
0.359049
0.329664
0.361978
0.420022
0.413079
0.507509
0.361986
0.339341
0.385174
0.446201
0.302818
0.423341
0.411333
0.341497
0.319937
0.426155
0.408253
0.450670
0.433472
0.462147
0.352680
0.335908
0.320482
0.336592
0.390204
0.364565
0.480438
0.320945
0.295846
0.467389
0.392366
0.361313
0.311348
0.283290
0.383382
0.526542
0.457212
0.425009
0.381729
0.375803
0.453054
0.314199
0.329061
0.422308
0.424252
0.317819
0.413700
0.507073
0.323774
0.408764
0.348059
0.406200
0.280942
0.370260
0.354558
0.418884
0.433421
0.292476
0.402591
0.348912
0.477975
0.324311
0.393567
0.477267
0.353596
0.404220
0.400627
0.318990
0.471912
0.410698
0.328601
0.323599
0.318912
0.434327
0.354284
0.377702
0.360923
0.386749
0.435888
0.409581
0.434721
0.418985
0.303912
0.364738
0.260322
0.380283
0.386412
0.362802
0.391445
0.317545
0.360200
0.421921
0.384385
0.408116
0.371649
0.390167
0.390303
0.417344
0.318530
0.421935
0.491378
0.383766
0.348962
0.297475
0.435990
0.536536
0.324289
0.310731
0.444119
0.416615
0.361677
0.271790
0.346951
0.415983
0.395535
0.444772
0.474304
0.369615
0.378249
0.448558
0.393347
0.415483
0.457162
0.382471
0.359704
0.369462
0.439928
0.472132
0.341766
0.378554
0.289987
0.408042
0.413541
0.402067
0.422428
0.495436
0.479016
0.372359
0.449095
0.405478
0.434129
0.335269
0.295539
0.431885
0.391304
0.535482
0.381387
0.368842
0.359987
0.332154
0.320600
0.422122
0.419530
0.373861
0.455573
0.396879
0.422707
0.352994
0.337848
0.427950
0.545809
0.359556
0.342371
0.379958
0.293559
0.336485
0.321353
0.489685
0.343433
0.303242
0.476881
0.460294
0.273355
0.389212
0.445603
0.273572
0.397804
0.445985
0.345128
0.430866
0.301426
0.298290
0.329426
0.354697
0.418789
0.385844
0.414049
0.419679
0.360600
0.330108
0.373579
0.424103
0.315485
0.370663
0.397370
0.347994
0.363672
0.372792
0.413099
0.468672
0.329401
0.377295
0.240117
0.331017
0.303797
0.412839
0.383050
0.353900
0.489970
0.274472
0.413490
0.435068
0.408807
0.399833
0.270534
0.527517
0.385205
0.310758
0.367929
0.379779
0.398143
0.309216
0.398326
0.341139
0.339908
0.411819
0.390105
0.310553
0.423660
0.349347
0.345608
0.350842
0.453269
0.319347
0.342660
0.360897
0.447249
0.332492
0.335026
0.291523
0.359869
0.336859
0.581724
0.392303
0.408407
0.424298
0.433694
0.406630
0.353118
0.312500
0.387234
0.362648
0.380987
0.491016
0.345235
0.281441
0.408500
0.384369
0.466264
0.360717
0.550092
0.420812
0.383575
0.357121
0.389234
0.385095
0.266820
0.331032
0.328141
0.360744
0.469105
0.368669
0.403014
0.346037
0.269043
0.487723
0.373886
0.354914
0.432700
0.349602
0.404271
0.341760
0.334696
0.446182
0.310123
0.309516
0.347469
0.346473
0.472286
0.365202
0.325110
0.407624
0.271185
0.395970
0.429191
0.353875
0.323069
0.339139
0.468986
0.362723
0.414880
0.371156
0.318296
0.340784
0.335659
0.379876
0.370759
0.295108
0.317749
0.389467
0.494194
0.359231
0.311207
0.365383
0.599350
0.457002
0.377558
0.412731
0.445810
0.428691
0.409398
0.395490
0.301075
0.315505
0.287764
0.399411
0.371695
0.304500
0.512886
0.374597
0.397768
0.266643
0.437912
0.356124
0.467648
0.317782
0.411846
0.282735
0.388898
0.387921
0.317442
0.429969
0.421083
0.301308
0.455976
0.425460
0.385003
0.358917
0.297527
0.325868
0.406489
0.414137
0.407881
0.379931
0.375461
0.377563
0.332691
0.305981
0.318495
0.397153
0.338213
0.341177
0.316941
0.324861
0.285942
0.327482
0.378000
0.352763
0.357646
0.365539
0.441826
0.371806
0.414624
0.294991
0.329280
0.418658
0.519799
0.370356
0.368555
0.319545
0.377661
0.354096
0.355383
0.396266
0.237329
0.350462
0.355980
0.333742
0.423370
0.387001
0.284001
0.483918
0.513772
0.376563
0.319982
0.353733
0.446292
0.258033
0.398185
0.374958
0.465279
0.517554
0.334454
0.315013
0.349001
0.381913
0.403748
0.331214
0.355288
0.409860
0.319913
0.337443
0.354125
0.397232
0.374283
0.344182
0.377087
0.324151
0.514570
0.371922
0.379592
0.295608
0.404651
0.370188
0.380097
0.277272
0.446080
0.389282
0.327503
0.363401
0.332664
0.382735
0.276785
0.322502
0.359647
0.348314
0.326466
0.322414
0.383970
0.383752
0.335420
0.316572
0.324444
0.408168
0.394731
0.449767
0.304077
0.368760
0.381967
0.339117
0.365030
0.371698
0.381147
0.387064
0.415268
0.404849
0.263168
0.405856
0.317746
0.365865
0.389265
0.316550
0.359796
0.305488
0.420577
0.330894
0.470711
0.372048
0.278698
0.433222
0.287006
0.399613
0.360095
0.415352
0.424071
0.346948
0.354111
0.438992
0.334361
0.398555
0.401543
0.334654
0.353510
0.299724
0.412485
0.395856
0.274577
0.329759
0.477179
0.358913
0.312876
0.335456
0.344418
0.287870
0.288392
0.320880
0.362038
0.384176
0.369692
0.304746
0.320844
0.431825
0.421363
0.454752
0.397514
0.340860
0.335808
0.332289
0.343294
0.420652
0.385370
0.388069
0.311584
0.310207
0.393420
0.331009
0.394974
0.418131
0.346971
0.311378
0.329044
0.378361
0.357075
0.365458
0.312452
0.288338
0.446265
0.368208
0.420028
0.348281
0.434082
0.451772
0.293155
0.319212
0.293246
0.475212
0.372377
0.412187
0.346239
0.335192
0.334224
0.361534
0.427511
0.365262
0.425357
0.340726
0.453701
0.344953
0.325175
0.322724
0.388872
0.378895
0.296145
0.328818
0.265177
0.307106
0.291594
0.359222
0.364268
0.276558
0.354597
0.363756
0.402214
0.343225
0.352302
0.262871
0.427968
0.342687
0.376332
0.310350
0.309646
0.334231
0.317687
0.312703
0.342707
0.412337
0.259529
0.289766
0.291920
0.302161
0.388697
0.403310
0.347619
0.281310
0.338536
0.313163
0.466676
0.394266
0.306602
0.274901
0.365359
0.433539
0.353814
0.395015
0.300942
0.358798
0.325691
0.366225
0.289132
0.402055
0.339435
0.431740
0.433265
0.360334
0.401784
0.325968
0.397663
0.350477
0.362039
0.452984
0.352796
0.435901
0.444085
0.410741
0.430954
0.374559
0.286940
0.309540
0.344429
0.305710
0.420762
0.450296
0.361018
0.353190
0.375948
0.334874
0.428683
0.381125
0.363208
0.341687
0.338834
0.343088
0.448469
0.371036
0.455311
0.295850
0.342351
0.417576
0.389415
0.338443
0.292643
0.363761
0.362431
0.318370
0.374661
0.322930
0.326688
0.365500
0.411466
0.334268
0.315338
0.369778
0.335897
0.361106
0.289668
0.345221
0.367320
0.370103
0.388574
0.375482
0.405943
0.388271
0.312965
0.376308
0.367479
0.396571
0.401291
0.278668
0.344788
0.379856
0.270198
0.393796
0.406910
0.430024
0.390053
0.337500
0.349173
0.340423
0.311002
0.405014
0.332324
0.232190
0.308609
0.390663
0.382659
0.369683
0.375634
0.344800
0.368205
0.358935
0.279140
0.350064
0.355660
0.379188
0.277230
0.433981
0.326354
0.363142
0.388571
0.332462
0.536555
0.400140
0.271216
0.332439
0.411482
0.436088
0.301607
0.312773
0.368325
0.402849
0.340858
0.312802
0.340133
0.321405
0.270944
0.436480
0.364645
0.425526
0.389553
0.347537
0.376329
0.350838
0.388240
0.323657
0.370208
0.397865
0.356707
0.401567
0.341538
0.372284
0.405611
0.446777
0.405295
0.323606
0.314600
0.365430
0.435788
0.358691
0.449121
0.365369
0.393404
0.431374
0.423323
0.405501
0.383466
0.304192
0.351656
0.327632
0.342091
0.347909
0.303179
0.319795
0.294429
0.381014
0.412431
0.337723
0.358665
0.338629
0.310834
0.337782
0.377619
0.329007
0.374834
0.376874
0.350715
0.387124
0.289354
0.456814
0.338295
0.270134
0.286683
0.420031
0.351547
0.419150
0.369333
0.376870
0.374439
0.307851
0.452906
0.433610
0.461702
0.310965
0.337694
0.307949
0.338369
0.285747
0.362172
0.373791
0.408984
0.337887
0.440663
0.394461
0.380087
0.363279
0.356572
0.340391
0.292116
0.325355
0.315455
0.334009
0.429717
0.483814
0.318754
0.318461
0.317341
0.308911
0.375537
0.310336
0.319142
0.304772
0.370678
0.393828
0.293004
0.310530
0.339193
0.373001
0.322564
0.342752
0.370684
0.330797
0.249352
0.343167
0.379365
0.300198
0.318789
0.373035
0.386295
0.448905
0.337682
0.413631
0.350158
0.404624
0.305723
0.358063
0.443777
0.386153
0.355927
0.304172
0.314706
0.251885
0.378562
0.339119
0.405489
0.454159
0.365059
0.327834
0.357919
0.269295
0.283878
0.392607
0.354168
0.409630
0.384391
0.292938
0.349002
0.305204
0.367366
0.455056
0.378423
0.320387
0.270467
0.355154
0.298720
0.335962
0.335827
0.354888
0.357457
0.400052
0.504006
0.377919
0.345140
0.343128
0.316123
0.352269
0.390133
0.287078
0.348361
0.381223
0.282634
0.391033
0.272992
0.413502
0.410874
0.312251
0.405920
0.368420
0.436453
0.505292
0.411597
0.459063
0.337899
0.278293
0.377722
0.372155
0.306173
0.320092
0.273418
0.340303
0.328929
0.518449
0.429364
0.436393
0.313843
0.393134
0.337582
0.366184
0.312837
0.405642
0.359669
0.427362
0.356979
0.361618
0.370945
0.343547
0.379358
0.391748
0.286614
0.348781
0.354434
0.324610
0.392180
0.380554
0.525193
0.339002
0.331458
0.378393
0.373495
0.398165
0.378604
0.381216
0.356350
0.286946
0.416639
0.432854
0.377431
0.313189
0.385363
0.349773
0.377574
0.286723
0.393472
0.366070
0.292736
0.336653
0.302211
0.418179
0.338360
0.439192
0.282513
0.309306
0.293475
0.334427
0.311012
0.306227
0.335055
0.314939
0.339650
0.352067
0.416442
0.351287
0.344905
0.274420
0.315274
0.349211
0.359337
0.372538
0.300093
0.375094
0.379342
0.402371
0.324878
0.429679
0.407149
0.381637
0.345619
0.305954
0.338971
0.367162
0.301810
0.478724
0.298361
0.358479
0.364897
0.320372
0.354673
0.395372
0.426029
0.344281
0.374220
0.301443
0.313789
0.381766
0.337813
0.331768
0.325766
0.384309
0.314235
0.391228
0.361448
0.465873
0.312328
0.385485
0.335718
0.252926
0.341085
0.385458
0.282634
0.465931
0.400188
0.373581
0.399235
0.354979
0.293859
0.294865
0.379486
0.351806
0.413806
0.358180
0.420067
0.345140
0.333352
0.372074
0.309093
0.328543
0.291663
0.295088
0.304314
0.353295
0.315730
0.366748
0.265769
0.335594
0.414615
0.374090
0.361906
0.397275
0.346608
0.518902
0.414049
0.265064
0.352256
0.338646
0.407370
0.370109
0.345073
0.494040
0.359929
0.342451
0.394266
0.341046
0.278088
0.422854
0.304847
0.379598
0.349281
0.431641
0.345073
0.281154
0.357357
0.328456
0.372777
0.322597
0.317947
0.329634
0.349822
0.370191
0.329399
0.346627
0.352373
0.366360
0.339126
0.294153
0.367683
0.363771
0.371841
0.420271
0.298939
0.398792
0.316195
0.332136
0.360909
0.350372
0.376197
0.397501
0.294439
0.309379
0.325132
0.336055
0.333495
0.326747
0.372182
0.414908
0.407626
0.539165
0.394984
0.336660
0.382882
0.355143
0.378855
0.374428
0.345643
0.379874
0.380263
0.328955
0.345850
0.319998
0.318813
0.376404
0.371633
0.303836
0.322123
0.358728
0.312046
0.379204
0.377292
0.291510
0.346268
0.374817
0.444707
0.378588
0.259825
0.340257
0.354185
0.304969
0.347510
0.327793
0.419554
0.391776
0.345297
0.256303
0.344531
0.394300
0.287513
0.374144
0.265888
0.350123
0.419378
0.374564
0.322289
0.315014
0.342222
0.329541
0.363074
0.346189
0.374123
0.300248
0.386805
0.396720
0.364948
0.341532
0.330933
0.359718
0.338152
0.361513
0.330167
0.378638
0.314271
0.321986
0.342858
0.383532
0.435870
0.327530
0.478511
0.393225
0.343325
0.397490
0.362717
0.289886
0.342705
0.411304
0.264446
0.415601
0.331124
0.333065
0.299253
0.395597
0.328849
0.355225
0.354222
0.294297
0.347881
0.336717
0.389613
0.339322
0.362259
0.384143
0.341351
0.402199
0.344069
0.245882
0.361803
0.430773
0.295317
0.365785
0.303626
0.349509
0.311484
0.317601
0.283608
0.322836
0.326660
0.416444
0.270772
0.349274
0.318049
0.363325
0.369900
0.367977
0.387438
0.290956
0.362415
0.410325
0.326053
0.404530
0.385483
0.319968
0.287255
0.385754
0.375192
0.297614
0.278569
0.331259
0.327647
0.494095
0.344590
0.327698
0.318675
0.320337
0.393093
0.360383
0.302635
0.361747
0.361492
0.395931
0.395068
0.260531
0.394509
0.332907
0.302870
0.321433
0.346773
0.346171
0.316443
0.409768
0.402168
0.371978
0.342558
0.418572
0.307272
0.297543
0.309832
0.370019
0.314767
0.395376
0.316308
0.349658
0.460169
0.353156
0.468227
0.345621
0.428127
0.324049
0.293559
0.350693
0.402726
0.468468
0.324143
0.398725
0.347986
0.496690
0.377973
0.292581
0.470608
0.315031
0.345698
0.371931
0.436978
0.292057
0.274825
0.365698
0.336962
0.332556
0.340827
0.304994
0.310409
0.431074
0.365570
0.336596
0.403551
0.341649
0.463802
0.395285
0.354984
0.330270
0.392026
0.333290
0.356844
0.332450
0.500184
0.447102
0.315113
0.361454
0.299210
0.371563
0.381923
0.460317
0.393049
0.315106
0.270634
0.293675
0.435984
0.378618
0.369263
0.323304
0.409621
0.367204
0.304203
0.331597
0.412156
0.584367
0.316628
0.350939
0.329502
0.418021
0.291612
0.283859
0.258420
0.273978
0.293729
0.342770
0.311645
0.298711
0.323657
0.245758
0.302317
0.329878
0.276434
0.347876
0.306887
0.367451
0.445960
0.290579
0.424914
0.374161
0.427875
0.368319
0.405404
0.301126
0.368292
0.301192
0.328928
0.520167
0.282506
0.372616
0.416516
0.343459
0.383183
0.405262
0.275288
0.310551
0.350080
0.383289
0.413198
0.269524
0.363998
0.347710
0.319108
0.296672
0.294180
0.349035
0.329813
0.339029
0.289515
0.457941
0.318731
0.457882
0.290011
0.325505
0.389215
0.416596
0.462171
0.349136
0.436843
0.363718
0.416659
0.377085
0.444061
0.327459
0.453669
0.249616
0.358008
0.273022
0.308257
0.455351
0.376245
0.252841
0.321562
0.379305
0.266343
0.332721
0.433169
0.369008
0.410112
0.282982
0.250230
0.324045
0.393833
0.306050
0.357462
0.230831
0.355945
0.327839
0.342693
0.338234
0.407417
0.325947
0.475551
0.327319
0.329573
0.394380
0.301545
0.374480
0.292712
0.314295
0.375210
0.349870
0.342446
0.380131
0.391465
0.396896
0.293175
0.338400
0.343854
0.303348
0.345882
0.362782
0.380633
0.299786
0.308434
0.335734
0.369055
0.394130
0.281324
0.319314
0.341214
0.360817
0.326180
0.300011
0.284474
0.425111
0.356646
0.283516
0.343486
0.304854
0.290892
0.524784
0.341329
0.329700
0.374144
0.265489
0.308371
0.423060
0.389953
0.345960
0.446029
0.321825
0.318360
0.368343
0.340539
0.454034
0.384304
0.343227
0.298822
0.288936
0.353733
0.280637
0.448640
0.381211
0.365807
0.339226
0.282205
0.335204
0.387775
0.340708
0.281142
0.408281
0.390446
0.382081
0.339597
0.369221
0.437938
0.253737
0.330646
0.417876
0.308162
0.425419
0.294621
0.434094
0.385378
0.307682
0.364010
0.432793
0.403104
0.280560
0.333026
0.369806
0.416464
0.377478
0.244478
0.347086
0.338566
0.335629
0.304634
0.351260
0.274884
0.367001
0.306109
0.354199
0.366100
0.427728
0.451408
0.364451
0.348869
0.366078
0.347824
0.360212
0.428926
0.328853
0.307579
0.371176
0.414377
0.378278
0.369114
0.356327
0.379872
0.351013
0.360310
0.329942
0.366831
0.256390
0.334843
0.308876
0.458598
0.408398
0.413428
0.279445
0.391282
0.291125
0.338723
0.299548
0.302157
0.373006
0.354306
0.308776
