3.597232
3.648843
3.507634
3.544937
3.462321
3.476680
3.484503
3.501929
3.366790
3.366400
3.394308
3.289151
3.345830
3.316885
3.296329
3.170167
3.260614
3.166159
3.230618
3.083464
3.289630
3.201301
3.045764
3.084741
3.135514
3.071424
3.041279
3.078364
3.109146
3.083625
3.120299
3.099822
3.024100
3.013415
3.121184
2.998355
3.137342
2.947153
2.997548
2.930599
2.859398
2.897552
2.892498
2.828865
2.970032
2.876294
2.916659
2.910872
2.882894
3.130258
2.874151
2.880726
2.904363
2.917864
2.945448
2.841964
2.899415
2.801153
2.835203
2.826596
2.743428
2.864072
2.779491
2.836498
2.769332
2.724468
2.693033
2.721140
2.704305
2.766036
2.811289
2.714647
2.683181
2.741606
2.661899
2.662151
2.705254
2.809698
2.775305
2.788800
2.805703
2.760821
2.632221
2.676206
2.642420
2.631803
2.560194
2.602262
2.812912
2.608198
2.682416
2.608490
2.703581
2.626372
2.639576
2.644677
2.711114
2.636132
2.586906
2.640320
2.647610
2.666694
2.528094
2.547369
2.539989
2.668140
2.716940
2.413125
2.559634
2.587742
2.470082
2.520396
2.634452
2.411123
2.557819
2.587997
2.532636
2.504982
2.449157
2.706281
2.528297
2.451634
2.557091
2.591051
2.598877
2.554017
2.661406
2.552681
2.500235
2.446916
2.633126
2.586740
2.549619
2.531050
2.415487
2.371516
2.562673
2.503796
2.544661
2.461657
2.425128
2.475085
2.455378
2.415238
2.560247
2.433200
2.339849
2.444032
2.400872
2.550965
2.421126
2.538783
2.575142
2.539361
2.396783
2.415308
2.421710
2.392456
2.337511
2.411639
2.482148
2.518631
2.313238
2.310014
2.502798
2.282483
2.354813
2.395787
2.317428
2.406082
2.305823
2.427998
2.309042
2.368863
2.407692
2.321085
2.470184
2.340290
2.375653
2.366624
2.361781
2.328230
2.315100
2.415068
2.287688
2.456263
2.347913
2.472668
2.363736
2.422522
2.254430
2.273417
2.306149
2.304696
2.317138
2.442196
2.225168
2.354697
2.257217
2.311322
2.298523
2.404542
2.424388
2.256172
2.234433
2.380541
2.347404
2.328721
2.349016
2.432777
2.327785
2.340639
2.380835
2.434299
2.281736
2.265084
2.387484
2.363225
2.314585
2.337481
2.312151
2.276423
2.213512
2.379467
2.179255
2.301507
2.186082
2.269727
2.272063
2.284824
2.204098
2.161409
2.298028
2.169118
2.145965
2.227704
2.196317
2.186259
2.192371
2.263596
2.294112
2.097292
2.276137
2.204284
2.216426
2.155701
2.103628
2.225231
2.164573
2.185115
2.248318
2.352969
2.149920
2.115069
2.232048
2.294369
2.275758
2.121677
2.099767
2.213209
2.275943
2.080602
2.157751
2.191266
2.168629
2.134427
2.227736
2.273920
2.259826
2.168972
2.192653
2.208126
2.319380
2.272441
2.181269
2.155334
2.178402
2.211309
2.191177
2.093785
2.302939
2.160298
2.131589
2.237976
2.206217
2.090461
2.167374
2.123445
2.212983
2.136086
2.072603
1.934086
2.118634
2.070989
1.951943
1.994685
1.995167
2.118997
2.169995
2.090051
2.213919
2.104033
2.166903
2.086158
2.160084
2.149348
2.224882
2.197960
2.119840
2.174194
2.224078
2.039238
2.043503
2.087334
2.213702
2.186834
2.091177
2.131125
2.151534
2.057658
2.086662
2.059250
2.110537
2.180090
1.978727
2.151395
2.048310
2.120242
2.054915
2.074539
2.112630
2.110157
2.061941
2.070553
2.205390
2.137618
2.176868
2.111371
2.170820
2.032700
2.048432
2.002914
1.990464
2.062522
2.108522
1.996188
1.943081
1.966605
2.041618
2.070295
1.992379
2.029632
2.209999
2.063493
2.197572
2.064775
2.132295
2.149162
2.063253
2.143870
1.957838
2.121648
1.954379
2.070912
2.083941
1.981563
1.895258
2.023799
2.116713
2.005390
2.139252
2.155508
2.076404
1.986225
2.005380
2.058583
1.955005
2.050170
2.047723
1.997175
2.135468
2.021216
1.896970
2.028105
2.040801
1.949399
1.943506
1.819600
2.016069
2.133243
2.051809
1.978686
1.976291
2.066877
1.950322
1.960868
1.934063
1.929017
2.037331
2.186894
2.177016
2.088523
1.988262
2.151797
2.026734
2.108806
2.078593
1.980065
2.041861
2.010213
2.115575
1.970850
1.843160
2.103316
2.067135
1.998809
1.938826
2.092218
2.059039
1.962882
1.915005
1.983151
1.955327
2.080045
1.934958
1.951052
1.850780
1.989001
1.850996
2.050793
1.927373
1.917997
2.090622
1.920928
1.884037
1.888439
1.971092
1.868297
1.829081
1.866816
1.964651
2.017588
2.087482
1.940209
2.162330
1.978844
1.894625
1.894464
1.974316
1.832734
1.920248
1.894360
1.997145
1.945802
1.922740
1.952431
1.937318
1.906106
1.909917
1.850002
1.971297
2.005391
1.882073
1.941590
1.915802
1.890514
1.929639
1.906692
1.948879
1.948279
2.038164
1.880101
1.970397
1.901304
1.950987
1.903663
1.932916
1.878301
1.941629
1.917774
1.976213
1.958617
1.901492
2.027193
1.918132
1.813778
1.913833
1.939042
1.912514
1.813628
1.975047
1.797667
1.952966
1.905772
1.955894
1.948560
1.858207
1.918243
2.018968
1.846232
1.950508
1.928833
1.837650
1.955135
2.041687
1.841368
1.910778
1.912357
1.967684
1.951288
1.834159
1.800621
1.857899
1.778936
1.864322
1.898757
1.920704
1.778184
1.910680
1.871215
1.892863
1.852386
1.876122
1.804653
1.993058
1.871211
1.873474
1.845196
1.900760
1.807744
1.821882
1.763801
1.869049
1.740587
1.863615
1.900816
1.859489
1.740959
1.747589
1.855536
1.790295
1.905243
1.861024
1.867916
1.897089
1.899151
1.886736
1.735330
1.872731
1.805405
1.910285
1.864380
1.953583
1.715498
1.876298
1.781204
1.779051
1.932490
1.702327
1.816722
1.762894
1.972104
1.891180
1.755182
1.835219
1.862685
1.941320
1.956419
1.923767
1.818652
1.655543
1.866909
1.804223
1.812989
1.838468
1.690818
1.936621
1.883212
1.782343
1.851345
1.898010
1.880646
1.852037
1.798681
1.910359
1.928904
1.707608
1.952823
1.876349
1.875377
1.855086
1.880726
1.858790
1.849894
1.889477
1.838965
1.795482
1.888529
1.894081
1.818750
1.893893
1.952302
1.976083
1.826429
1.929817
1.728799
1.792887
2.036806
1.907506
1.887822
1.777337
1.830587
1.809972
1.720022
1.813215
1.872376
1.906011
1.784725
1.852312
1.852291
1.683154
1.634241
1.813555
1.922435
1.809914
1.860856
1.771804
1.728447
1.738551
1.736241
1.845552
1.849109
1.997472
1.742736
1.784782
1.687933
1.842471
1.769573
1.839632
1.777865
1.868070
1.891702
1.730023
1.693118
1.834137
1.740243
1.909132
1.795821
1.849662
1.889107
1.966400
2.003249
1.776601
1.731839
1.737775
1.812196
1.786282
1.852855
1.799886
1.741221
1.787493
1.721711
1.710049
1.811263
1.767370
1.825444
1.816417
1.749291
1.728214
1.781681
1.787157
1.837239
1.707031
1.876662
1.764966
1.924576
1.834600
1.797756
1.697948
1.819098
1.771149
1.659094
1.822797
1.825076
1.751664
1.702828
1.809184
1.776261
1.742095
1.827546
1.742073
1.722368
1.741088
1.811352
1.817623
1.878393
1.844268
1.777278
1.773507
1.877877
1.846930
1.687818
1.785988
1.616038
1.700404
1.630379
1.707699
1.765195
1.717365
1.786483
1.787382
1.863103
1.744816
1.690130
1.809922
1.664994
1.822574
1.783244
1.816167
1.683011
1.727754
1.819966
1.775636
1.769695
1.801826
1.721859
1.717561
1.766996
1.787511
1.777004
1.737163
1.800174
1.720667
1.692437
1.604283
1.786151
1.838400
1.654524
1.766156
1.716675
1.750527
1.600579
1.642135
1.704786
1.641164
1.653176
1.744554
1.810610
1.775060
1.813981
1.629072
1.574003
1.660793
1.650757
1.643852
1.655303
1.756450
1.769332
1.728376
1.740404
1.755088
1.744638
1.816933
1.626977
1.767567
1.742927
1.688863
1.681819
1.542782
1.825077
1.584457
1.682100
1.832460
1.787322
1.745024
1.792983
1.664535
1.734575
1.800061
1.669604
1.728922
1.730678
1.839181
1.763306
1.681342
1.621920
1.747399
1.795512
1.773321
1.570439
1.596122
1.699759
1.764533
1.749103
1.681919
1.755366
1.717708
1.708478
1.732019
1.686851
1.685361
1.681970
1.704626
1.656349
1.672233
1.666854
1.549898
1.715077
1.683301
1.714599
1.665132
1.716906
1.754279
1.720238
1.647356
1.748705
1.773762
1.642518
1.786242
1.850419
1.748495
1.741980
1.817811
1.721088
1.669274
1.705443
1.632436
1.552342
1.605495
1.574494
1.633758
1.572084
1.598749
1.675557
1.629549
1.676724
1.719262
1.707586
1.649944
1.724166
1.693630
1.756754
1.690216
1.646113
1.656110
1.695966
1.844608
1.589371
1.581460
1.838824
1.615197
1.664190
1.653419
1.843549
1.702356
1.749454
1.661356
1.609026
1.697963
1.639611
1.601100
1.646239
1.679342
1.643708
1.635988
1.536254
1.614551
1.669589
1.688322
1.545724
1.719082
1.757269
1.691170
1.608103
1.712970
1.641521
1.577666
1.643109
1.735077
1.770338
1.644852
1.631237
1.644935
1.684101
1.776548
1.725064
1.737946
1.727501
1.657535
1.694859
1.646719
1.671454
1.759542
1.708037
1.688582
1.618835
1.575060
1.540551
1.690226
1.564315
1.593654
1.654630
1.586419
1.623245
1.590766
1.565825
1.514737
1.663219
1.810508
1.563650
1.599744
1.799275
1.602139
1.602913
1.789087
1.616174
1.604252
1.682908
1.739826
1.615524
1.633810
1.716488
1.501919
1.666749
1.622087
1.664086
1.654695
1.607957
1.691933
1.462876
1.597566
1.613044
1.630163
1.544329
1.611283
1.620879
1.617905
1.682139
1.606083
1.670470
1.614922
1.611463
1.647116
1.535214
1.721298
1.625563
1.524269
1.698593
1.524515
1.505055
1.575853
1.642781
1.567450
1.592645
1.603818
1.698074
1.615751
1.523223
1.670275
1.577318
1.638788
1.588353
1.588263
1.630216
1.595321
1.679788
1.661687
1.622123
1.560918
1.691477
1.681908
1.701575
1.613549
1.600394
1.794834
1.600009
1.532035
1.578866
1.595649
1.539021
1.626975
1.645231
1.598832
1.512000
1.546701
1.527787
1.684090
1.609825
1.676841
1.708126
1.577904
1.723921
1.612789
1.577741
1.592174
1.633204
1.735500
1.655296
1.518750
1.498174
1.505800
1.582193
1.578934
1.506078
1.578462
1.612337
1.551604
1.539521
1.632402
1.633571
1.589729
1.620554
1.608392
1.750664
1.662926
1.712440
1.494292
1.686537
1.663709
1.584743
1.679773
1.639223
1.658098
1.679214
1.496141
1.560315
1.806611
1.620437
1.555212
1.555144
1.498256
1.571082
1.712887
1.784401
1.646060
1.532029
1.557966
1.617099
1.647516
1.631059
1.584542
1.532917
1.544159
1.715273
1.496346
1.620655
1.700722
1.598119
1.581507
1.584468
1.486048
1.683817
1.577292
1.719805
1.631301
1.531128
1.496494
1.519023
1.616122
1.517537
1.613299
1.593849
1.496274
1.603837
1.696490
1.688029
1.452946
1.549688
1.548341
1.503574
1.536707
1.463189
1.645570
1.491917
1.434351
1.696526
1.605036
1.634694
1.599649
1.643272
1.466987
1.630680
1.483019
1.616068
1.576246
1.580675
1.695689
1.645506
1.592161
1.495612
1.466883
1.549499
1.527037
1.572528
1.540880
1.624503
1.613078
1.551885
1.566329
1.508561
1.653600
1.505237
1.642275
1.540691
1.414183
1.556733
1.646605
1.503017
1.588161
1.485633
1.374406
1.589943
1.485905
1.619396
1.319177
1.445686
1.545978
1.486763
1.558877
1.592755
1.633827
1.474532
1.374872
1.424135
1.464156
1.701545
1.427497
1.466420
1.395028
1.624572
1.599087
1.481134
1.521925
1.490259
1.465014
1.606606
1.393927
1.465101
1.483034
1.430695
1.703504
1.772998
1.489204
1.549780
1.614686
1.618971
1.617841
1.616722
1.410740
1.561235
1.529085
1.579652
1.590770
1.500547
1.498122
1.545906
1.565576
1.547870
1.479074
1.456969
1.755624
1.530485
1.516809
1.554634
1.449236
1.488414
1.454812
1.613936
1.598181
1.512391
1.514890
1.515692
1.515437
1.702405
1.493052
1.671232
1.480425
1.539566
1.660973
1.589099
1.472077
1.611925
1.523472
1.628671
1.540316
1.584999
1.695533
1.495568
1.530285
1.469006
1.608763
1.578242
1.562058
1.547970
1.355146
1.570490
1.550736
1.388296
1.589009
1.450413
1.654530
1.568357
1.471524
1.624935
1.572017
1.535876
1.515474
1.639205
1.682650
1.593325
1.592137
1.676026
1.736229
1.550726
1.559053
1.570969
1.502298
1.497869
1.608955
1.657918
1.563148
1.518895
1.634326
1.559105
1.538395
1.599721
1.427182
1.450271
1.567483
1.572105
1.416051
1.485286
1.594648
1.434127
1.520560
1.688750
1.449814
1.514964
1.721224
1.510215
1.498344
1.412119
1.428006
1.542588
1.531023
1.534818
1.500237
1.599819
1.373251
1.493765
1.518215
1.495870
1.464945
1.551145
1.467089
1.320012
1.528027
1.422195
1.579803
1.474847
1.432804
1.520692
1.485933
1.508172
1.428719
1.461876
1.637776
1.496168
1.448024
1.570566
1.658989
1.527083
1.509628
1.493693
1.620290
1.515703
1.546084
1.491550
1.385090
1.358908
1.519901
1.485549
1.425424
1.403987
1.573538
1.560477
1.390872
1.512107
1.448570
1.356755
1.470707
1.503256
1.422457
1.551811
1.478458
1.478542
1.366439
1.496873
1.502703
1.510900
1.543884
1.483573
1.469450
1.464793
1.586842
1.345539
1.545410
1.525551
1.632035
1.554017
1.502770
1.462932
1.483828
1.453075
1.527473
1.444630
1.542795
1.517295
1.520974
1.512095
1.461174
1.402797
1.535139
1.652804
1.504162
1.523331
1.486608
1.425130
1.607430
1.478263
1.459220
1.451389
1.601445
1.558097
1.474905
1.540065
1.519877
1.373984
1.386576
1.493649
1.602903
1.481390
1.543670
1.298911
1.556812
1.454379
1.333427
1.407517
1.558462
1.520797
1.362086
1.497871
1.367391
1.420550
1.457681
1.413123
1.624924
1.387594
1.513499
1.577858
1.504875
1.485988
1.423005
1.517329
1.635005
1.550195
1.565920
1.371222
1.328492
1.436657
1.525295
1.548389
1.412220
1.481419
1.449455
1.414779
1.408556
1.426454
1.492900
1.418160
1.604416
1.526500
1.449328
1.404451
1.482303
1.535134
1.496629
1.381075
1.415893
1.357320
1.437431
1.454756
1.746167
1.479005
1.539645
1.500172
1.532566
1.459017
1.451265
1.454628
1.466017
1.450451
1.536700
1.557838
1.556000
1.620162
1.413964
1.369584
1.589818
1.391469
1.458577
1.544990
1.320830
1.419726
1.495646
1.643138
1.521024
1.546668
1.474926
1.677817
1.689385
1.503327
1.505669
1.437084
1.453871
1.482951
1.538673
1.499276
1.335109
1.512182
1.565320
1.364134
1.359710
1.429493
1.549922
1.564919
1.437047
1.473006
1.617851
1.386083
1.382394
1.467866
1.427546
1.506087
1.516138
1.299727
1.566767
1.486146
1.435144
1.672861
1.493305
1.574517
1.504777
1.586840
1.458561
1.430595
1.388185
1.453114
1.373874
1.573074
1.430801
1.339616
1.459140
1.364863
1.414037
1.494866
1.461616
1.371329
1.401888
1.328604
1.360260
1.503296
1.343900
1.381339
1.487911
1.397987
1.617561
1.430285
1.338705
1.408099
1.409435
1.419841
1.515545
1.459749
1.360362
1.284090
1.274580
1.389542
1.412162
1.436291
1.422107
1.492578
1.369691
1.430233
1.284475
1.353146
1.386218
1.448717
1.346613
1.557701
1.356433
1.359693
1.315846
1.500765
1.638643
1.410828
1.416982
1.466311
1.398865
1.276616
1.451196
1.432905
1.425725
1.382389
1.396652
1.409529
1.459940
1.521452
1.300824
1.404097
1.486264
1.390836
1.381987
1.315879
1.477975
1.370756
1.519015
1.528471
1.358473
1.343373
1.504991
1.479784
1.524195
1.413664
1.460048
1.419199
1.470660
1.441434
1.336579
1.487980
1.577815
1.536906
1.463080
1.445828
1.405377
1.414204
1.388266
1.429469
1.310292
1.403394
1.416190
1.546840
1.426019
1.432138
1.346696
1.397383
1.391788
1.469832
1.455216
1.426504
1.459959
1.391088
1.430850
1.357455
1.500605
1.446733
1.429381
1.448902
1.411715
1.512053
1.463466
1.499998
1.394584
1.327266
1.414770
1.364453
1.371456
1.326503
1.444189
1.385206
1.285616
1.398103
1.406767
1.313120
1.430989
1.404549
1.476560
1.420215
1.479429
1.414204
1.354194
1.354926
1.513659
1.449952
1.351499
1.558802
1.502902
1.349707
1.346233
1.361592
1.308983
1.318755
1.392290
1.388377
1.380599
1.401985
1.506402
1.547288
1.456327
1.480245
1.507622
1.339383
1.308150
1.367526
1.410599
1.378378
1.374608
1.337098
1.451412
1.375100
1.303867
1.413870
1.388842
1.404452
1.410943
1.337912
1.542972
1.399037
1.297550
1.594640
1.385133
1.504893
1.412489
1.288339
1.390631
1.517385
1.325005
1.429025
1.376227
1.327546
1.486787
1.364910
1.386597
1.347511
1.335312
1.625971
1.371437
1.263019
1.576885
1.390389
1.373274
1.295666
1.360734
1.463280
1.349664
1.370249
1.386460
1.291465
1.338179
1.468550
1.417428
1.345077
1.368294
1.366473
1.383253
1.473205
1.494155
1.329441
1.264112
1.438984
1.462691
1.384241
1.383483
1.314179
1.477036
1.364165
1.414395
1.507596
1.378044
1.344658
1.339516
1.389242
1.367707
1.409555
1.459561
1.380052
1.496977
1.451970
1.400104
1.459466
1.436867
1.329838
1.274891
1.331160
1.384388
1.300700
1.422529
1.334093
1.470004
1.233848
1.512610
1.473178
1.348018
1.469625
1.301199
1.284033
1.403727
1.245383
1.311717
1.339261
1.339984
1.351692
1.336805
1.293155
1.430429
1.402420
1.328431
1.402450
1.473185
1.362905
1.533519
1.575524
1.374251
1.533531
1.383791
1.400696
1.285192
1.404721
1.488292
1.301216
1.482030
1.274298
1.299016
1.396597
1.351896
1.337132
1.366077
1.464807
1.349357
1.379325
1.335969
1.239213
1.397193
1.421760
1.271992
1.309628
1.462979
1.486184
1.508461
1.308851
1.384174
1.330295
1.342843
1.320842
1.420728
1.303119
1.407629
1.264090
1.281353
1.343860
1.339514
1.443919
1.345865
1.308085
1.306714
1.243705
1.413945
1.441469
1.284169
1.338383
1.268031
1.400813
1.439766
1.341619
1.399629
1.316200
1.432526
1.357381
1.281280
1.304533
1.303521
1.422428
1.408704
1.436969
1.390571
1.549556
1.430643
1.437115
1.481223
1.372911
1.357649
1.427499
1.412834
1.452577
1.346670
1.278069
1.438406
1.205373
1.420519
1.253027
1.577244
1.347493
1.347285
1.366903
1.332067
1.318677
1.424087
1.249116
1.295247
1.382445
1.411555
1.398669
1.205894
1.320903
1.329813
1.395555
1.248161
1.317448
1.334584
1.170570
1.405872
1.247016
1.422752
1.398194
1.446898
1.342921
1.311506
1.286668
1.305669
1.320699
1.352749
1.354039
1.499836
1.358434
1.355548
1.338596
1.355289
1.322026
1.386215
1.355223
1.246725
1.314395
1.275133
1.274279
1.482674
1.238711
1.224549
1.403420
1.488406
1.286980
1.339457
1.264244
1.264939
1.263677
1.283017
1.153527
1.321669
1.342506
1.397778
1.328509
1.329288
1.342824
1.354089
1.345540
1.282277
1.341389
1.310869
1.314049
1.152983
1.271241
1.296483
1.323370
1.389307
1.194781
1.282269
1.287889
1.473896
1.339062
1.422442
1.499620
1.313846
1.275192
1.316937
1.215204
1.246321
1.329356
1.352101
1.296139
1.443914
1.282831
1.229942
1.487033
1.270118
1.361207
1.287834
1.300863
1.203743
1.324274
1.361811
1.362062
1.371443
1.232362
1.343293
1.402546
1.272016
1.300662
1.378531
1.376075
1.318022
1.416436
1.210739
1.310747
1.381532
1.264119
1.225906
1.302101
1.403601
1.295122
1.316330
1.341914
1.281013
1.456324
1.313486
1.367568
1.272804
1.304893
1.282541
1.325007
1.409675
1.343193
1.349178
1.373300
1.265804
1.319540
1.300530
1.287165
1.474655
1.309210
1.362370
1.250591
1.273229
1.364530
1.227989
1.265536
1.239076
1.177037
1.311538
1.285608
1.320152
1.330237
1.339890
1.303293
1.536014
1.502861
1.513923
1.447046
1.334957
1.238051
1.265178
1.254885
1.204845
1.377614
1.389179
1.360347
1.411176
1.262973
1.336500
1.204292
1.353601
1.208592
1.383137
1.307506
1.394665
1.428003
1.233992
1.346092
1.333609
1.325695
1.369460
1.424702
1.420397
1.454069
1.297257
1.392502
1.286937
1.333179
1.399266
1.358101
1.270171
1.335606
1.374830
1.227821
1.353877
1.264919
1.416615
1.179734
1.456013
1.254938
1.276904
1.296346
1.378235
1.309016
1.283372
1.304431
1.274329
1.468040
1.321851
1.280510
1.266889
1.336639
1.240548
1.171133
1.310051
1.208813
1.193525
1.332888
1.227286
1.305642
1.331735
1.363230
1.372520
1.360672
1.239280
1.276289
1.305028
1.256090
1.257608
1.359088
1.300277
1.199137
1.347898
1.383307
1.363161
1.328136
1.261587
1.199584
1.369999
1.422187
1.288459
1.276973
1.296081
1.393009
1.371654
1.372861
1.285538
1.374514
1.363851
1.392867
1.401376
1.335931
1.238814
1.250591
1.295756
1.230918
1.324755
1.378084
1.256381
1.289503
1.378384
1.417768
1.340496
1.447990
1.307285
1.401541
1.418176
1.428483
1.274500
1.430555
1.204552
1.420071
1.342554
1.348987
1.208268
1.228892
1.348623
1.301345
1.331549
1.296199
1.296216
1.273614
1.224847
1.326420
1.410671
1.332740
1.231592
1.224035
1.216863
1.336460
1.289732
1.373859
1.325764
1.231931
1.326157
1.404303
1.229026
1.340613
1.347516
1.368510
1.402970
1.352082
1.196369
1.296715
1.204091
1.402920
1.289660
1.345107
1.276500
1.262723
1.216992
1.452923
1.230036
1.382054
1.337010
1.150644
1.252896
1.155858
1.419878
1.286867
1.221324
1.197220
1.208175
1.329768
1.200198
1.222619
1.218760
1.289228
1.164347
1.230348
1.252074
1.277356
1.339689
1.261374
1.239557
1.286366
1.361526
1.304700
1.430247
1.309854
1.317080
1.305333
1.288393
1.379188
1.272338
1.407866
1.273275
1.230292
1.257306
1.346994
1.316249
1.282573
1.292572
1.189886
1.281881
1.303064
1.335142
1.288213
1.400028
1.190829
1.264586
1.371270
1.291572
1.230577
1.239930
1.261791
1.213934
1.345856
1.284424
1.205301
1.285988
1.135915
1.159458
1.247624
1.231276
1.273342
1.273086
1.277566
1.305809
1.326456
1.356546
1.192720
1.194166
1.311290
1.283130
1.244459
1.243017
1.278045
1.290095
1.343527
1.294707
1.290079
1.284582
1.241449
1.244307
1.319210
1.292590
1.408301
1.268158
1.307865
1.189392
1.232043
1.234996
1.221208
1.203846
1.373561
1.294557
1.292653
1.292481
1.318925
1.275081
1.258954
1.324612
1.240779
1.290783
1.222617
1.247707
1.091601
1.161449
1.356975
1.224499
1.271778
1.157468
1.480510
1.209307
1.381974
1.348698
1.188939
1.359055
1.312956
1.225236
1.166707
1.303070
1.171509
1.430654
1.400267
1.295739
1.285241
1.229033
1.230964
1.292809
1.235144
1.251796
1.387858
1.335515
1.268431
1.157084
1.263395
1.271737
1.312626
1.289839
1.168526
1.210124
1.320869
1.353818
1.391234
1.356876
1.301349
1.266490
1.196695
1.397088
1.265860
1.332679
1.320137
1.316806
1.288702
1.372791
1.238431
1.273632
1.366042
1.475118
1.159133
1.218135
1.252689
1.320525
1.303901
1.242228
1.273248
1.365711
1.251499
1.260789
1.215632
1.258379
1.226947
1.266300
1.154405
1.394169
1.312992
1.235087
1.155620
1.239008
1.301789
1.444290
1.190925
1.212490
1.254383
1.200537
1.270865
1.292950
1.352328
1.317317
1.159885
1.318200
1.278803
1.160956
1.157003
1.232051
1.296319
1.230951
1.161310
1.300930
1.319277
1.342361
1.170626
1.201750
1.257751
1.271713
1.324637
1.185663
1.295786
1.323915
1.206310
1.249631
1.262507
1.280923
1.323950
1.338441
1.214222
1.284368
1.217541
1.142830
1.290109
1.316667
1.168334
1.335250
1.373273
1.241812
1.249890
1.202709
1.183400
1.261108
1.298010
1.253475
1.242873
1.178078
1.271885
1.242873
1.205529
1.227266
1.189667
1.294725
1.277263
1.122886
1.241307
1.417342
1.118189
1.157906
1.225459
1.356878
1.196603
1.232465
1.228704
1.247045
1.312000
1.307999
1.259667
1.414679
1.275814
1.231921
1.225708
1.268480
1.280506
1.091893
1.169779
1.287033
1.243806
1.301061
1.318098
1.273133
1.282259
1.266525
1.297454
1.294271
1.269117
1.149372
1.401606
1.348839
1.315477
1.288395
1.279562
1.331298
1.191868
1.353924
1.346101
1.156682
1.275080
1.207219
1.263140
1.190844
1.317523
1.266637
1.374069
1.231059
1.187772
1.189588
1.238319
1.236424
1.072923
1.197213
1.206837
1.224109
1.229919
1.187693
1.447118
1.370314
1.182367
1.191059
1.183164
1.449790
1.202607
1.255786
1.470001
1.339288
1.255887
1.282007
1.154107
1.162205
1.280404
1.270585
1.384720
1.184054
1.217290
1.269135
1.176700
1.239097
1.208888
1.210097
1.177273
1.355040
1.248587
1.230494
1.136660
1.269483
1.266452
1.357739
1.362613
1.110580
1.329479
1.225143
1.207697
1.188441
1.152555
1.199995
1.189632
1.242355
1.199979
1.141389
1.199634
1.217935
1.138753
1.286309
1.304111
1.384656
1.371608
1.196909
1.256692
1.168007
1.228198
1.213216
1.122005
1.138812
1.232370
1.213086
1.239678
1.277292
1.393164
1.242589
1.151179
1.294056
1.279390
1.259004
1.264980
1.167568
1.176366
1.236725
1.197815
1.160219
1.230329
1.294144
1.233465
1.184696
1.362900
1.298337
1.170815
1.195484
1.201393
1.168258
1.220059
1.201953
1.309751
1.125221
1.132090
1.288595
1.241560
1.258861
1.245615
1.209593
1.209965
1.300485
1.220263
1.163186
1.151776
1.271641
1.160686
1.245080
1.282354
1.271334
1.377928
1.182463
1.222400
1.218059
1.135852
1.153075
1.186782
1.242786
1.243866
1.314019
1.296860
1.176905
1.253180
1.194604
1.061116
1.265049
1.198327
1.250950
1.218286
1.273967
1.296423
1.226029
1.139816
1.193251
1.308882
1.057972
1.226757
1.250521
1.150030
1.312330
1.246203
1.209036
1.244810
1.294829
1.121359
1.030279
1.231826
1.143299
1.175304
1.376518
1.515556
1.260611
1.255626
1.252867
1.152274
1.186393
1.151811
1.290131
1.268183
1.182585
1.129187
1.312201
1.264643
1.151193
1.264170
1.108315
1.256866
1.228744
1.228959
1.280448
1.217298
1.161830
1.206608
1.232565
1.259986
1.213348
1.251423
1.244316
1.214161
1.277213
1.125993
1.282817
1.297299
1.174707
1.390789
1.255095
1.155446
1.230425
1.354502
1.123338
1.173957
1.201421
1.274582
1.260408
1.222453
1.240846
1.259480
1.282892
1.087003
1.134236
1.153363
1.276168
1.273015
1.102110
1.256694
1.224312
1.164992
1.198393
1.279265
1.337073
1.347884
1.227121
1.181991
1.341720
1.453505
1.402425
1.225585
1.269544
1.229353
1.288948
1.164596
1.153057
1.295879
1.202944
1.264888
1.196053
1.184979
1.271699
1.185840
1.129111
1.191896
1.197815
1.212426
1.151107
1.205246
1.112768
1.261835
1.165999
1.322917
1.361410
1.220474
1.151024
1.224091
1.250566
1.204852
1.168000
1.290963
1.174940
1.131545
1.266760
1.182862
1.198979
1.264079
1.209926
1.240646
1.129039
1.220948
1.222674
1.127401
1.195337
1.220269
1.148671
1.232256
1.118079
1.221757
1.190115
1.321678
1.254707
1.112358
1.188054
1.181290
1.081455
1.226704
1.171847
1.203372
1.201294
1.231884
1.228214
1.069922
1.283774
1.171527
1.242462
1.205761
1.148004
1.075474
1.195761
1.422557
1.203387
1.119306
1.221985
1.183616
1.317400
1.147724
1.093253
1.199395
1.168348
1.120722
1.170457
1.160071
1.173736
1.120261
1.234984
1.098433
1.165649
1.314975
1.316380
1.344071
1.092233
1.223760
1.329927
1.169351
1.168138
1.272521
1.098977
1.145504
1.223577
1.180501
1.154926
1.339404
1.231207
1.135056
1.134349
1.289510
1.190163
1.245727
1.196212
1.249206
1.210763
1.129822
1.150019
1.144841
1.175328
1.350249
1.313610
1.116462
1.276664
1.107126
1.114722
1.246884
1.172363
1.095389
1.132815
1.233122
1.291374
1.189756
1.134289
1.291733
1.132828
1.200666
1.205506
1.200996
1.169827
1.058666
1.423337
1.246098
1.187818
1.261845
1.221045
1.337583
1.115415
1.145613
1.207839
1.147887
1.277469
1.141967
1.147179
1.287408
1.150130
1.155666
1.198653
1.115485
1.167459
1.141046
1.189528
1.096790
1.099269
1.080853
1.221663
1.166048
1.258596
1.105211
1.259411
1.197910
1.191963
1.217033
1.200599
1.114433
1.230677
1.212408
1.135816
1.220837
1.234545
1.260314
1.216720
1.095938
1.275181
1.167702
1.234839
1.103399
1.151322
1.153046
1.264910
1.216777
1.150105
1.222443
1.348617
1.175521
1.209140
1.202210
1.130673
1.271519
1.195228
1.273943
1.197051
1.199576
1.336955
1.155886
1.140703
1.275968
1.144518
1.308889
1.179529
1.204077
1.111057
1.248413
1.144331
1.084704
1.239023
1.215664
1.080206
1.139217
1.126423
1.100531
1.185698
1.170944
1.108050
1.337759
1.228078
1.258159
1.243536
1.193200
1.022745
1.216740
1.155911
1.136515
1.239576
1.197814
1.203321
1.144272
1.132347
1.134484
1.235713
1.115038
1.162890
1.137775
1.319210
1.163990
1.293139
1.224191
1.057806
1.281640
1.331902
1.092782
1.235235
1.110019
1.228054
1.186837
1.146244
1.183213
1.100718
1.197598
1.084880
1.062043
1.052690
1.108145
1.153161
1.239740
1.068204
1.128306
1.202091
1.193974
1.145105
1.150785
1.234074
1.173932
1.259184
1.280805
1.137805
1.235308
1.154826
1.097972
1.100617
1.208839
1.076055
1.155772
1.050589
1.246310
1.109923
1.186084
1.145981
1.159120
1.104856
1.384494
1.089136
1.249416
1.169450
1.094188
1.156120
1.220267
1.096906
1.176507
1.162873
1.273720
1.225410
1.168660
1.160261
1.067494
1.041989
1.230286
1.198733
1.178825
1.216079
1.138225
1.149136
1.211050
1.163106
1.196463
1.219985
1.176626
1.106589
1.291970
1.133396
1.238678
1.169234
1.184048
1.161931
1.164354
1.145447
1.138795
1.365853
1.175981
1.299457
1.130757
1.271020
1.174824
1.299029
1.128650
1.234661
1.124667
1.273578
1.233217
1.167494
1.069916
1.226366
1.286953
1.129300
1.328062
1.204669
1.096190
1.180376
1.351862
1.113937
1.136584
1.187083
1.179409
1.401908
1.078353
1.175144
1.113299
1.175122
1.164137
1.118556
1.112137
1.088024
1.110502
1.182641
1.165952
1.073739
1.182147
1.095802
1.168440
1.251526
1.132983
1.193856
1.025341
1.091668
1.152081
1.064939
1.211990
1.138871
1.132773
1.174397
1.163452
1.094218
1.236743
1.231387
1.072788
1.173248
1.062564
1.208040
1.029136
1.128823
1.161466
1.230295
1.101997
1.022317
1.049084
1.167284
1.157942
1.101267
1.228408
1.196526
1.179246
1.180752
1.013432
1.211790
1.202949
1.054078
1.099157
1.134113
1.071291
1.083913
1.114105
1.151747
1.200199
1.035605
1.104783
1.117288
1.131888
1.283220
1.239893
1.266983
1.097342
1.149374
1.084915
1.209719
1.184282
1.160235
1.230595
1.213588
1.173190
1.053966
1.144130
1.134024
1.057230
1.137268
1.240893
1.325531
1.301497
1.157868
1.003890
1.231813
1.145828
1.201960
1.220488
1.208444
1.065058
1.171067
1.170314
1.078563
1.185277
1.146237
1.083722
1.209099
1.265961
1.176514
1.141727
1.194278
1.144843
1.101307
1.188401
1.111161
1.198604
1.115034
1.214388
1.130497
1.188683
1.209249
1.296020
1.168279
1.189247
1.192325
1.156502
1.115664
1.152202
1.124062
1.134894
1.087780
1.136636
1.049891
1.075673
1.088260
1.198938
1.158791
1.107942
1.162773
1.144027
1.157821
1.274780
1.064825
1.239172
1.368888
1.165122
1.240873
1.169955
1.144745
1.259900
1.123260
1.251309
1.265619
1.097325
1.140214
1.213941
1.142686
1.149388
1.087171
1.110706
1.134942
1.206370
1.147385
1.098709
1.207126
1.211554
1.077491
1.191674
1.132246
1.113640
1.078796
1.120905
1.052251
0.998600
1.131292
1.282681
1.256077
1.186548
1.152720
1.122879
1.137066
1.251243
1.141483
1.176721
1.109151
1.187644
1.124541
1.114020
1.204233
1.217834
1.091371
1.172638
1.167104
1.214830
1.145445
1.109831
1.181322
1.190709
1.098301
1.006719
1.140594
1.245388
0.954712
1.165988
1.166571
1.148901
1.154434
1.058526
1.055154
1.116689
1.092219
1.185390
1.135871
1.223204
1.138645
1.165708
1.025827
1.155846
1.159872
1.102968
1.150634
1.252213
1.062211
1.131484
1.072154
1.059929
1.257543
1.089486
1.048334
1.258863
1.179101
1.080571
1.020533
1.044466
1.136751
1.245526
1.191404
1.172916
1.225437
1.124853
1.098215
1.105609
0.991647
1.075299
1.201842
1.231564
1.113505
1.237689
1.142379
1.090681
1.156625
1.164775
1.139666
1.085970
1.043251
1.049346
1.341491
1.274625
1.086821
1.149017
1.081457
1.112731
1.220741
1.111116
1.235478
1.046239
1.275496
1.109498
0.987906
0.992372
1.077784
1.189867
1.046187
1.062065
1.153235
1.162908
1.073367
1.084009
1.255040
1.126450
1.098797
1.142402
1.269745
1.214337
1.089574
1.042348
1.071497
1.181984
1.127188
1.206966
1.122333
1.204829
1.085000
1.164475
1.171013
1.054340
1.136892
1.013446
1.030243
1.047400
1.089905
1.153150
1.177273
1.164201
1.002802
1.117689
1.197336
1.191798
1.067354
1.058900
1.189841
1.156161
0.962075
1.200389
1.193404
1.169931
1.038569
1.129068
1.116263
1.041757
1.278710
1.196959
1.174390
1.091452
1.183445
1.172161
1.118082
1.186746
1.091810
1.207350
1.068326
1.146755
1.059646
1.303980
1.159849
1.145723
1.095662
1.248023
1.070475
1.098768
1.095602
1.033748
1.188085
1.157233
1.102875
1.147952
1.072987
1.158691
1.052702
1.116428
1.119186
1.091885
1.159795
1.252076
1.038636
1.178540
1.129283
1.098634
1.173954
1.192052
1.073271
1.105576
1.129071
1.142960
1.169795
1.215847
1.167518
1.192538
0.988157
1.151087
1.034725
1.069445
1.162264
1.175210
1.124635
1.120995
1.201667
1.154723
1.060095
1.135208
1.023107
1.125942
1.020239
1.055394
1.087860
1.116348
1.172670
1.036101
1.114803
1.166720
1.203733
1.041592
1.087796
1.091133
1.106537
1.152367
1.008978
1.053201
1.208900
1.210244
1.141989
1.057554
1.163214
1.213764
1.083891
1.029432
1.190622
1.181309
1.107158
1.159407
1.118432
1.093333
1.247211
1.178898
1.135083
1.224333
1.137331
1.058094
1.159680
1.077150
1.099951
1.164070
1.078537
1.262302
1.102248
1.136181
1.183573
1.056970
1.058078
1.150274
1.165717
1.137595
1.004073
1.079398
1.103636
1.148740
1.273534
1.231187
1.147084
1.064327
1.091274
1.043056
1.117962
1.112153
1.177647
1.075005
1.279467
1.107141
1.141793
1.109376
1.221401
1.144761
1.140618
1.042974
1.102308
1.173031
1.066031
1.161234
1.126543
1.096069
1.123498
1.166617
1.144897
1.132144
1.169034
1.134225
1.168074
1.166800
1.186007
1.078051
1.179160
1.235154
1.105949
1.158895
1.067352
1.048241
1.128028
1.153428
1.200982
1.091987
1.260399
1.120311
1.033673
1.150191
1.141712
1.272475
1.046160
1.058551
1.064877
1.053782
1.156862
1.167479
1.224640
1.045283
1.097539
1.047778
1.117049
1.023793
1.131846
1.212048
1.155333
1.140158
1.068896
1.268986
1.266792
1.199689
1.308934
1.214992
0.981810
1.111165
1.097940
1.041511
1.129094
1.065961
1.187080
1.157317
1.173444
1.171968
1.137830
1.009353
1.286924
1.239935
1.140665
1.097796
1.159077
1.158504
1.194695
1.150699
1.208095
1.039371
1.070054
1.191561
1.087257
1.047479
1.202853
1.243901
1.106635
1.081591
1.075861
1.135258
1.015531
1.135059
1.077829
1.089173
1.097669
1.147906
1.188054
1.153659
1.151900
0.962259
1.112190
1.105140
1.050600
0.998286
1.139131
1.086041
1.087567
1.027459
1.172129
1.019062
1.036131
1.178988
1.164546
1.112247
1.036438
1.072970
0.991836
1.024123
1.155744
1.050982
1.148424
1.065373
1.098236
1.045871
1.054782
1.149011
1.068216
1.156439
1.241790
1.192279
1.116568
1.147726
1.101452
1.153131
1.109491
1.176061
1.160405
1.153749
1.187453
1.018824
1.082211
1.045746
1.206925
1.124839
1.066962
1.150215
1.250528
1.010750
1.175123
1.104393
1.192932
1.194797
1.100496
1.209737
1.073753
1.127570
1.102626
1.068920
1.050410
1.143366
1.082487
1.014864
1.067151
1.140870
1.154776
1.101469
1.129596
0.997303
1.086502
1.170630
1.052693
1.076665
1.177718
1.014596
1.105976
1.116723
1.075729
1.027464
1.118998
1.057585
1.154962
1.045349
1.009968
1.220241
1.040526
1.178109
1.149001
1.092931
1.093578
1.133602
1.109257
1.099292
0.995138
1.125632
1.081808
1.114043
1.131769
1.243150
1.162055
1.050229
1.170662
1.080499
1.031895
0.979057
1.055317
1.114194
1.074974
1.069286
1.123485
1.320460
1.126017
1.044929
1.042794
1.080116
1.109280
1.003820
1.095410
1.029676
1.010102
1.113927
1.133081
1.142908
1.157902
1.118140
1.069024
1.067232
1.004554
1.115896
1.028898
1.096348
1.023332
1.120514
0.993080
1.127562
1.267440
1.144599
1.166915
1.068111
1.108662
1.036291
1.127751
1.072027
1.085798
1.028092
1.164825
1.198105
1.034754
1.130366
1.003631
1.063778
1.039640
0.977935
1.077538
1.090003
0.913996
1.141488
1.005179
1.087040
1.043782
1.146164
1.045509
1.127889
1.148408
0.998152
1.177234
1.058349
1.114601
1.112668
1.004112
1.152082
1.049559
1.242521
1.092878
1.083082
1.071021
1.011450
1.035179
1.321117
1.079426
1.038672
1.099428
1.128995
1.097780
1.041476
1.212022
1.087753
1.093094
1.130010
1.113500
1.106770
1.070837
1.088256
1.026914
1.073609
1.049765
1.060848
1.145686
1.184249
0.970683
1.111293
1.161902
1.086284
1.167706
0.953615
1.166263
1.136084
1.131769
1.025979
1.029418
0.999502
1.209089
1.049111
1.107081
1.116976
1.127504
1.219246
1.113285
1.052498
1.114122
1.005713
1.087918
1.092346
1.063887
1.162185
1.086776
1.150516
1.072402
1.099178
1.015422
1.048516
1.077521
1.001618
1.063703
1.017121
1.039867
1.129696
1.077698
1.102444
1.117824
1.004174
1.093908
1.117856
0.996446
1.073184
1.134141
1.130689
1.078068
1.176193
1.097294
1.075958
1.086647
1.089160
1.077810
1.106519
1.108766
1.056525
1.138066
1.078697
1.041882
1.178560
1.137126
1.142415
1.108094
1.156906
1.088271
1.036294
1.121284
1.126212
1.091047
1.147065
1.112265
1.089464
1.117913
1.136330
1.191384
1.070434
1.163715
1.159252
1.106565
1.278992
1.084077
1.117215
1.032002
1.219289
1.204107
1.152287
1.214155
1.124882
1.136750
1.060638
0.968859
1.151550
1.021447
1.130253
1.071008
1.025344
1.139981
1.046964
1.115893
1.041733
1.269513
1.226061
1.192542
1.022078
1.093625
1.147096
0.983578
1.151507
1.092705
1.029379
1.110577
1.116145
1.001187
1.124485
1.098813
1.086220
1.001292
0.994756
1.128699
0.953125
1.054325
1.061652
1.044133
1.115035
1.073625
1.101081
1.141655
1.149072
1.029990
1.125865
1.026760
1.110457
1.001276
0.997754
1.039545
1.095622
1.056647
1.065663
1.119358
1.086936
1.001570
1.209845
1.089326
1.162917
1.098582
1.124758
1.096612
1.094342
1.180897
1.217379
1.095961
1.024342
1.034924
1.115617
1.085951
1.134818
1.100737
1.081082
1.105231
1.060163
1.250458
1.131056
1.107843
1.151378
1.081187
1.080196
1.026599
1.055998
1.045519
1.138575
1.046093
1.110698
1.039315
1.021280
1.156892
1.001793
1.074188
1.132975
1.055992
1.039325
0.978639
1.103613
1.027073
0.992534
1.036311
0.981782
0.954524
1.081449
1.046523
1.095164
0.982762
1.075260
1.016676
1.012992
1.118921
1.059234
1.013457
0.961483
1.013391
1.080730
1.160950
1.118309
0.985908
1.030787
1.113285
1.116714
1.068954
1.143871
1.118581
0.951790
1.052447
1.069824
1.056596
1.024396
1.019238
1.035971
1.034017
0.997170
1.104223
0.915398
1.044169
1.066814
1.262480
1.008561
1.117413
1.104605
1.045421
1.102727
1.040317
0.986854
1.040483
0.931411
1.048524
1.017205
1.070766
0.993894
1.099055
1.113672
1.087802
1.018132
1.038030
1.050906
1.078095
1.086690
1.162989
1.030095
0.906578
1.023613
1.136872
1.048771
1.100227
1.062456
1.036182
1.077740
1.063339
1.048529
1.163832
1.073501
1.177073
0.983782
1.005720
1.083445
1.104089
1.092116
1.050339
1.055260
1.104453
0.996509
1.150325
1.049514
1.103326
1.033108
1.107402
1.134026
1.034375
1.127507
1.109563
1.070355
1.056240
1.006611
1.104307
1.073297
1.088079
1.087150
1.005667
1.119951
1.125801
1.023585
1.176987
1.036301
1.108360
1.059378
1.059959
1.055860
1.169786
1.101162
1.200235
1.103299
0.949660
1.094816
1.069802
1.100346
1.042635
1.098050
1.100531
1.064304
1.048427
1.080944
1.037208
1.239084
1.103394
1.114101
1.072471
1.059543
1.053689
1.093249
1.065174
1.090258
1.041762
1.063073
0.955145
1.033532
1.060643
1.025419
1.092588
1.042465
1.054477
1.029895
1.046235
1.178606
0.996277
1.129040
1.002354
1.049597
1.131266
1.072251
1.055794
1.039956
1.020111
1.090176
1.013834
1.133266
1.030602
1.111940
1.043122
1.107765
1.010277
0.966313
1.046456
1.113654
1.019671
0.981687
1.099704
1.040416
1.133044
1.096178
1.187419
1.069542
1.191934
1.035281
1.046304
1.218825
1.120834
1.063018
1.207764
1.055547
1.113246
1.156611
1.067712
1.161491
1.005909
1.035619
1.129870
1.223334
1.001206
1.076703
1.036185
1.113821
1.166259
1.066912
0.986999
1.160126
1.100517
0.945521
1.108039
1.058819
1.024728
1.020728
1.022468
0.977678
1.134869
0.992128
1.023985
1.089753
0.972336
1.151829
1.154729
1.091298
0.996136
1.058108
0.930692
1.191260
1.035234
1.089604
1.052532
1.006043
1.074302
1.008250
1.134806
1.005897
1.191434
1.043386
1.004763
1.101376
1.095268
0.999581
0.997043
1.061206
1.065222
0.996040
1.103443
1.165072
1.081068
1.070185
0.963738
1.037304
1.114214
1.056761
1.141695
1.194441
1.185260
1.032592
1.111493
1.111238
1.017431
0.977936
1.036216
1.074408
0.988544
1.097865
1.079093
1.081822
1.042603
1.071702
1.180071
0.971096
1.111323
1.096184
1.158519
1.047453
1.033590
1.133523
1.084506
0.993034
1.058447
1.116674
1.039014
1.047750
1.046266
1.054424
1.106078
1.129245
0.995928
1.051295
0.952703
1.085934
1.071678
1.088349
0.986172
0.960001
1.153566
1.093037
1.122736
1.054539
1.023942
1.035791
1.100744
0.978137
0.951353
1.186169
1.172376
1.122281
1.216258
1.063989
1.179329
0.947871
1.004539
0.946811
1.075608
1.063677
1.148434
1.061382
1.104205
1.039026
1.071389
1.092005
1.098003
1.012388
1.078721
1.032703
1.147509
1.027857
1.051199
1.207517
1.086976
0.986100
1.042712
0.948096
1.057281
0.987795
1.002511
1.053370
0.989555
1.018316
1.176779
1.018174
1.102731
1.140021
1.130252
1.036985
1.102493
1.060385
1.080867
1.074350
1.125576
1.101593
1.149099
1.039195
0.998394
1.013574
1.043479
0.979841
1.013976
1.083981
0.993367
1.011963
1.082458
1.101076
1.027457
1.095990
1.045692
1.074245
1.107939
0.983956
1.097008
1.034643
0.949733
1.038663
1.094028
1.014391
1.092435
1.057138
1.015499
1.071057
1.067948
1.034389
1.056820
1.121261
1.074623
0.957203
0.945285
1.003655
1.068843
1.051149
1.023085
0.996132
0.905239
0.974462
1.068963
1.133644
0.942905
0.908580
1.125333
1.027410
0.993379
0.996946
1.064450
1.141812
1.046808
1.072973
0.998024
1.035424
1.003428
1.022697
0.968671
0.972709
1.034844
1.100275
1.024036
0.948139
1.051145
1.037769
0.935260
1.022065
1.056778
1.045848
1.063542
1.007188
1.089928
1.077747
0.990629
1.023119
1.175769
1.030236
0.939082
1.031491
1.147329
1.014397
1.008315
1.141170
1.063296
1.131831
1.096598
1.020679
0.925864
1.006328
0.955993
1.004130
1.091604
1.039842
1.131633
1.054000
1.029981
1.071212
1.107548
0.992423
1.151187
1.118028
1.019341
1.090993
1.061363
1.063442
1.194432
1.037914
1.156137
0.948696
1.054368
1.055368
0.985146
1.059340
0.979669
1.070589
1.060245
1.061298
1.147205
1.042061
1.095574
0.979291
0.927083
1.035676
1.102369
1.076247
1.038386
1.010275
1.024205
1.030105
0.964494
1.043158
1.026978
1.006861
0.998731
1.172710
1.029344
0.960520
1.058679
0.951565
1.003676
1.026437
0.963277
1.000909
1.113459
1.071590
1.082578
1.068051
1.039480
1.016697
1.051401
0.990314
1.035806
1.133360
1.119256
1.069907
1.053286
1.058613
0.922534
0.967423
1.104870
1.090645
1.127975
1.025746
1.038077
1.088426
1.087872
1.013642
1.027298
1.021410
1.162011
1.056234
1.119082
1.043999
1.070729
1.085488
1.069838
1.038033
0.971856
1.091380
1.104353
1.061174
1.032495
1.042415
1.035789
0.993660
0.942188
0.972363
1.171437
0.973364
1.045014
1.050405
1.039840
0.953568
1.104888
1.014431
1.182276
1.182346
0.998617
1.055884
1.111874
1.036034
0.943245
1.083785
0.954178
1.045941
1.017868
1.081299
1.082951
0.970639
1.060119
1.127506
1.099781
0.971064
1.021126
1.082777
1.138856
1.013202
1.118603
1.131319
1.006570
1.150754
1.165183
1.187768
1.113452
1.109020
1.033248
1.009872
1.027358
1.081663
1.030454
1.030489
1.187286
0.972626
1.033696
1.010051
0.927351
0.954447
1.150563
1.061601
0.998970
0.970406
1.149772
1.156405
1.072004
0.996491
1.095930
0.975106
1.094490
1.034949
0.991891
1.033819
0.964922
0.989353
1.070343
1.161953
0.916625
0.993704
1.049518
0.939507
1.123604
0.977281
1.019593
0.962653
0.926573
1.091001
0.996462
1.187345
1.080341
0.989315
1.021815
1.106016
1.016513
0.970910
0.988146
1.004022
1.127232
1.130373
1.163523
0.990653
1.012561
1.058302
1.059137
0.921516
1.123586
1.097403
1.114440
1.076231
1.028227
0.992620
1.109936
1.079940
1.074792
1.059463
1.062114
1.089581
1.157239
1.021837
1.135658
1.049840
1.050291
1.077075
0.999577
0.954847
1.050681
1.005013
0.967090
1.025598
1.003431
1.040354
1.125417
1.034892
0.953704
0.997681
0.942566
1.011840
1.059715
1.081946
1.185286
1.070007
1.070210
0.991508
1.139439
0.989815
0.990295
1.038356
1.020179
1.094338
1.212233
1.013860
1.036941
1.153301
1.008738
0.972021
1.003855
1.022129
1.018148
0.925725
0.990208
1.065515
1.089954
0.951556
1.060575
1.150618
1.014080
1.108180
0.954367
0.951812
0.963433
1.010710
1.095063
0.951623
0.995884
1.002625
1.058357
1.059975
1.078590
1.020621
0.975162
0.991094
1.020727
1.005885
1.110208
1.005286
1.023567
0.959451
1.028156
1.114585
1.023213
1.036381
0.988050
0.933904
0.955136
1.168627
1.122242
1.027211
0.987951
1.062271
1.077131
0.976960
1.025971
0.995236
1.042219
1.023276
1.049860
0.964894
1.012143
1.091241
1.011130
0.990196
1.029281
0.995275
1.095511
1.011555
1.044384
1.045758
1.085144
0.992408
1.122950
0.911715
0.998155
1.003326
0.976150
0.996677
0.969009
0.962286
1.074635
1.057507
0.985644
1.059064
1.095988
1.051250
0.925764
1.115418
1.024018
1.039071
1.086619
0.993051
0.979772
1.027693
0.975906
1.049737
0.994630
1.019675
1.021884
0.954365
0.995855
1.087331
1.072063
1.017341
0.882249
1.006280
1.105875
0.959020
1.001731
1.071184
1.087006
1.079922
1.117647
0.892471
0.944799
1.053344
1.096934
0.982597
1.076085
0.936852
1.045660
1.042353
1.004268
0.972279
1.005075
0.988849
1.077941
0.925492
0.948115
1.087391
1.032754
1.014673
1.030530
1.085841
1.025775
1.022678
0.929290
1.021966
0.935604
1.011990
1.002867
1.058414
1.057521
0.992507
0.936680
0.978691
1.002739
1.030326
0.908480
1.114982
0.990232
0.951254
0.950747
1.012224
0.947451
0.962759
0.987740
1.052982
1.035787
0.896708
0.971838
1.194624
0.988116
1.017348
0.947270
0.989798
0.988500
1.029636
1.013876
1.032820
0.975536
1.077762
0.990745
0.953628
0.980704
1.061996
1.085859
1.075129
1.017030
1.005510
1.054595
1.046122
1.001714
1.036358
1.004527
0.986938
0.996232
1.064262
1.050282
0.907854
1.089176
1.048081
0.994749
0.944413
1.058911
1.027894
1.086643
0.874119
0.932799
1.074234
1.006297
1.057412
0.939746
1.055969
1.010107
1.061134
0.963253
0.985708
0.922932
1.048580
0.893599
1.089294
1.129325
0.960991
1.033084
1.028811
1.046212
1.022613
0.914715
0.961849
0.963312
0.985446
0.930864
0.994110
1.141350
1.053878
1.073969
0.936470
0.934193
0.995865
1.030539
1.058889
1.061113
0.941484
1.099923
0.998785
0.870453
0.938039
1.003638
0.998529
1.035605
0.992073
1.070511
1.111324
0.954636
1.000934
0.931749
1.049417
1.078179
1.022947
0.934846
0.966492
0.987126
0.918573
1.000893
1.035792
1.035865
1.078186
0.999776
0.998102
1.190473
1.017412
1.033144
1.038453
1.047543
0.910470
0.998375
1.004023
1.095152
0.928553
0.999139
1.051982
1.061371
1.186740
1.021376
1.036598
0.963070
1.023793
1.088240
1.083842
0.991401
0.965627
1.016191
0.996699
0.991041
1.046315
0.921374
0.984864
0.964278
1.126341
0.976981
1.071063
0.951454
1.034043
1.024943
1.018173
1.103127
0.923285
0.965024
0.939905
0.964508
1.042152
1.103586
0.917633
1.056098
1.053668
0.994768
1.017701
1.025606
1.053640
0.968942
0.929258
0.965767
0.893297
1.071396
1.115743
0.954628
1.056874
1.080137
0.933202
1.009778
1.016337
1.063213
0.965027
0.968937
1.057494
0.989999
1.000317
1.089733
0.996683
1.029734
1.069077
0.992187
0.987272
1.080454
0.985383
1.078694
0.952954
1.000075
0.993826
0.961106
1.020306
0.992802
1.005881
1.109752
0.973307
1.071380
1.075323
1.191730
0.970339
0.968937
0.999885
0.997933
1.034770
0.869550
0.959511
1.000970
0.979177
1.039761
1.108948
1.068701
1.013730
1.103328
1.055467
0.931322
0.932118
1.018166
1.005517
0.876596
1.091464
1.034739
1.042029
0.921895
1.092899
1.007599
1.008799
1.063592
0.913227
1.056272
1.050332
0.987884
1.035433
1.019358
1.032027
1.011107
0.989400
0.909164
1.035208
1.037039
0.919747
0.883148
1.019517
0.999530
0.875211
0.873021
1.024122
0.976977
0.989122
0.910914
1.101560
0.985139
0.936768
0.949328
0.984059
0.927401
1.028380
1.000347
0.953696
1.048933
0.990571
0.924124
1.024779
0.879933
1.087324
0.978179
0.974098
0.940706
1.077985
0.951079
0.944034
0.889307
0.993614
0.972003
0.959636
0.988389
0.980786
1.065950
0.981131
0.929638
0.929059
1.034845
0.957098
0.965014
0.987408
0.967620
0.897781
0.996321
0.925231
1.008021
1.060509
0.976812
1.086661
0.964651
1.004792
1.012644
0.961147
0.982172
1.000597
0.953519
0.933246
1.030182
1.009306
0.874264
0.969537
1.033180
0.956860
0.903280
1.004504
0.992284
0.903281
1.114055
1.009638
1.016325
0.840030
1.037227
0.979378
1.002623
1.004225
1.081032
1.003349
0.977210
1.072099
0.932373
0.912638
1.036998
0.976700
0.981566
1.140993
1.015152
0.985330
1.083585
1.021610
0.941712
0.950749
1.018299
1.068110
0.888086
0.989574
0.910170
1.082754
1.044376
1.019697
0.921769
0.967451
1.049864
1.036865
0.993098
0.938089
0.953829
1.020898
1.048357
1.002094
1.004998
0.927900
0.974996
0.947441
1.023195
1.083537
0.908026
0.934733
0.996294
1.129375
1.101132
1.069138
1.060008
0.990488
1.023507
0.936242
0.943242
1.161617
1.050418
1.005441
0.921012
1.067521
1.056900
1.036113
0.916066
0.944569
0.975950
0.914505
1.075621
1.049837
1.002556
0.955576
0.931898
1.078540
0.987336
1.010428
0.901951
0.959744
0.996985
0.993580
1.045097
0.993420
0.947374
0.914657
0.997303
1.016220
0.996758
0.974859
1.065058
1.070208
0.950895
0.985396
0.980515
1.022014
0.946391
0.921778
1.023459
1.047029
0.998396
1.016140
1.006376
0.904675
1.050371
1.043841
1.035917
0.950555
0.910523
0.982101
1.151770
1.036137
0.945293
1.044651
0.884660
1.065406
0.987457
0.970671
0.985700
0.931464
0.976990
0.942528
0.994592
1.049331
1.036306
0.979234
0.922436
0.971572
0.945237
0.977647
0.948839
0.963877
0.925518
0.972427
1.007548
0.972840
0.918118
0.936114
0.972230
1.024271
0.987457
0.911550
1.057054
0.940580
1.123891
1.045785
0.948757
1.014260
0.956781
1.046806
1.060691
0.983482
1.051941
0.921973
1.037039
1.014934
1.048182
1.031025
0.947090
1.041297
0.999424
1.045060
0.957958
1.112116
1.085836
1.003169
1.054469
0.911174
0.966955
0.977821
0.913517
0.943593
1.015236
0.868311
1.083776
0.997506
1.002873
1.038627
1.039244
1.099946
0.959986
0.993006
1.070521
1.017012
0.983629
0.938039
1.007829
1.017738
1.048427
0.926149
0.984122
1.033189
0.987078
0.955422
1.063356
0.947946
1.048207
0.945344
0.977321
1.117576
1.025633
0.995386
0.928134
0.996985
1.093895
1.097182
0.964112
0.923074
1.036801
0.935123
0.959362
1.006027
0.949679
0.964926
1.090938
1.072256
1.017816
0.929820
0.999584
1.011688
1.040681
0.909405
0.967090
0.888339
0.965142
0.916656
0.905026
1.062436
0.974341
0.949616
1.036962
1.042805
0.931959
1.097442
0.943643
1.016816
1.114556
1.122477
0.984868
0.947839
0.972477
0.988367
0.885579
0.923807
1.018044
0.971287
0.894583
1.001310
0.947399
0.980112
0.945359
0.954994
0.974757
1.058393
0.959706
1.184144
0.929479
0.998140
0.926113
1.137827
0.997595
1.022136
1.034624
1.043996
0.932449
0.994653
0.931751
1.026977
0.980730
0.938603
0.930361
1.033679
1.101736
0.977966
1.045329
0.955387
0.913775
1.140619
0.947328
0.871476
0.958708
1.118691
1.036736
1.012505
0.991344
0.959991
0.986518
1.009088
1.012512
0.982153
1.009006
0.988193
0.919699
1.046165
0.997911
1.006299
1.021395
1.033920
1.003458
0.814124
0.976141
0.992893
0.993960
0.917393
0.941278
0.961248
1.057483
1.002350
0.975241
0.923445
1.042747
0.989230
0.996764
0.892051
0.974747
1.004930
1.044874
1.034931
1.003780
1.015166
0.945337
1.005316
0.888396
0.996931
1.078356
0.974171
0.939307
0.967700
0.970188
0.855243
0.890623
1.008107
0.973393
0.946157
0.947368
0.989696
0.966939
1.021816
0.960890
1.069596
0.977406
0.903735
0.963324
0.937723
0.986552
0.912151
0.975418
0.932722
1.031268
0.989721
0.947001
1.009078
0.973446
0.926646
0.947429
0.881382
0.972548
0.979486
1.030335
0.888662
0.937516
0.917864
0.871804
0.988387
1.005107
0.946448
0.961065
0.943945
0.934354
0.926809
0.897932
1.027282
1.000983
0.935827
0.947238
0.976706
0.985870
0.916095
1.031605
1.031740
1.037626
0.928200
0.959361
0.958892
1.024958
1.023250
0.864174
0.942805
1.039735
0.925022
1.004935
0.955213
1.009827
0.941465
1.032763
0.911457
0.877954
0.979693
1.037190
0.987901
0.890088
1.039972
0.955922
0.947641
0.924858
1.010468
0.983322
0.980107
1.058447
0.954040
0.996090
1.054153
0.927713
0.961397
0.902548
0.920776
0.942095
0.950263
0.969654
0.938145
1.035882
1.073593
0.921007
0.909406
0.959673
0.920611
0.857015
0.994835
1.110548
0.994723
0.893884
1.003356
0.953889
0.986545
0.976357
0.930591
0.944775
0.969675
0.993189
0.919687
0.888646
1.076186
0.973052
0.894267
0.924610
0.979771
0.961046
1.010054
1.027214
1.029720
0.978686
0.978454
0.950447
0.958442
0.996830
1.053031
0.995073
0.961933
1.005893
0.969875
1.044024
0.882138
0.878267
0.973078
0.938021
0.963261
0.983969
0.901742
0.891440
0.927318
0.910831
1.066168
0.997565
0.952471
1.017207
0.972223
0.962595
1.047636
1.002388
1.079074
0.995773
0.913375
1.150982
0.891029
1.039301
0.979696
0.985005
1.006589
1.000770
1.011667
0.944055
0.883683
0.963730
0.943888
1.001137
0.961155
1.007012
0.893993
0.950339
0.965501
0.860476
0.992902
1.025190
0.949953
0.930796
1.030380
1.037898
0.895363
1.076961
0.989912
0.935746
1.036273
0.968744
1.053786
1.067090
1.019983
0.899409
0.957114
0.890556
0.932606
1.009990
0.967413
0.952245
0.946200
0.940515
0.975591
1.041312
0.962340
0.885965
1.019060
0.939790
0.940874
0.904367
0.976920
0.939075
0.955209
1.004111
0.957482
0.954366
0.981788
1.050726
1.010940
0.946319
0.933009
0.952827
0.962846
0.862969
0.933965
0.966922
0.900757
0.929888
0.988231
0.911713
1.021663
0.932771
0.946129
0.903391
0.916143
1.005242
0.950334
0.925309
1.022848
0.938945
0.964781
0.980490
1.115398
1.057795
0.863618
0.945120
0.948062
0.882695
0.959602
1.044090
0.956943
0.947477
0.908673
0.893469
0.985137
0.961016
0.930633
0.955745
1.002629
0.936710
1.039572
0.988107
1.018169
0.957749
0.958325
0.900138
0.922385
0.995289
1.074308
0.984754
0.929493
0.860867
0.872732
0.921017
1.070905
1.067033
1.003922
0.900671
0.930504
0.908154
0.931615
0.996331
0.993543
1.123686
0.982588
0.950941
0.962473
0.954406
0.994388
0.853742
0.951922
0.990235
1.051281
1.017855
0.933074
1.018063
0.860537
1.034791
0.932605
1.005481
0.930128
0.887038
1.038008
1.017862
0.895914
0.887115
0.952348
0.960435
0.901677
0.983915
0.879181
1.055325
0.898848
0.972298
0.949181
0.864880
0.910401
1.060435
0.863563
0.920130
0.886465
0.930269
0.994428
1.006941
0.907641
0.937505
0.889807
0.960298
0.905580
0.946856
0.952781
1.037495
0.947809
0.935293
0.865780
0.943336
0.827753
0.816720
0.975253
0.990463
0.893984
0.941062
0.942172
1.046072
1.032100
0.894740
0.963694
0.935865
1.004091
0.908641
1.012240
0.931776
0.885704
0.920717
0.936993
0.924439
0.976557
0.969107
0.959781
1.005537
0.916955
0.935993
0.963718
0.893090
0.938922
0.932511
0.945258
0.901058
0.956852
0.925707
0.856049
1.013213
1.030012
0.981608
0.919931
0.932822
1.048253
1.009435
0.918308
1.086562
0.969907
0.872847
0.995013
0.979657
0.971372
0.922915
1.036334
0.883600
0.909011
0.959057
0.992750
0.884781
0.976094
1.001421
0.950439
0.920498
0.949444
0.941354
1.003366
0.951790
0.986187
0.977938
0.934913
0.953242
0.903326
1.077515
0.886642
0.851366
0.902947
0.998247
0.834483
1.022483
0.921242
0.897324
1.064011
0.958548
0.973287
0.936043
0.997795
0.896290
0.941249
0.942666
0.937022
0.863679
0.887491
1.123723
0.835595
0.920550
1.025663
1.041112
0.920149
1.003539
1.018555
0.966492
0.878928
0.874914
0.845591
0.937498
0.920332
1.055197
0.872722
1.000924
1.050008
0.857922
0.945077
0.951327
0.890449
0.994550
0.894249
0.938597
0.864727
0.928670
0.890238
0.923168
0.910730
0.965399
0.935384
0.978133
0.997365
0.879464
0.848250
0.984266
0.973614
0.950955
0.931392
0.957295
0.847416
0.966647
1.022489
0.938168
0.949910
0.980523
0.878175
0.899983
0.869825
1.022070
0.991286
0.863964
0.926231
0.988878
0.943978
0.898810
0.971681
0.902429
0.887330
0.975022
0.947831
1.030099
0.973384
0.989681
0.926973
1.034696
0.909857
1.073328
1.007911
0.903496
0.875879
0.992145
0.904505
0.909177
0.943008
1.037051
0.955711
0.967525
0.866429
0.919300
0.935473
0.961401
1.090064
0.899310
0.882428
1.002015
0.887617
0.894188
0.982961
0.894565
0.898110
0.888691
0.922017
0.951659
1.001672
0.941080
1.032139
0.876961
0.894942
0.983470
1.017811
0.883075
0.963473
0.892094
0.938934
0.894488
0.959769
0.987174
0.882939
0.960653
0.925499
0.898279
0.922806
0.980976
0.923590
0.911733
0.987192
1.011559
1.010043
0.984746
0.954288
0.883284
0.948999
0.989368
0.923371
1.001213
0.930168
0.919181
0.856372
0.949170
1.027422
0.911329
0.909598
0.953916
1.063817
0.914107
0.952982
0.939467
0.907149
1.000802
0.968234
0.981079
0.987271
1.021221
1.018065
0.889112
1.004672
0.942020
0.981884
0.966295
0.948088
0.907761
1.024500
0.900002
0.859515
0.979408
1.027080
0.885292
0.892552
1.067950
0.923962
0.953467
1.049322
1.127192
0.841824
0.959396
1.089097
0.959431
0.915549
0.949002
0.954521
0.997611
0.988686
0.934265
1.022744
0.881430
0.932698
1.052791
0.854485
0.984133
0.898469
0.867652
0.941468
1.001944
0.895048
0.981310
0.940011
0.962759
0.924008
0.923929
0.932492
0.950355
0.979389
0.993003
1.026973
0.854621
0.894044
0.924212
0.967835
0.918376
0.974737
0.963552
0.942323
1.194241
0.935157
0.948087
0.949399
0.827471
1.022359
0.930861
0.977118
0.933009
0.864409
0.974429
1.003910
0.875532
0.972005
0.913266
1.057160
0.961231
1.012985
0.890309
0.875415
0.927701
0.863366
0.849789
0.897935
0.892179
0.871260
1.044692
0.855796
0.874824
0.925722
1.004023
0.838238
0.932766
0.923147
0.901642
0.907357
0.927469
1.015491
0.973515
0.920225
0.847419
0.977727
0.979999
0.927612
0.904841
1.013400
0.938012
1.065126
0.930050
0.911266
1.020264
0.898227
0.988305
0.854269
0.792743
0.887442
0.944142
0.875845
0.933224
0.974837
0.923948
0.958781
0.963700
0.941276
0.965700
0.908251
0.938927
0.863045
0.979884
0.869931
0.939880
0.890938
0.936327
0.877610
0.901819
0.900435
0.893400
0.871166
0.930351
1.017916
1.029989
1.000380
0.913009
0.856932
0.927092
0.920911
1.094988
0.964024
0.844468
0.921060
0.903567
0.991646
0.981995
0.891549
0.941542
0.926083
0.901986
0.937335
0.923382
0.978393
0.862066
0.952773
0.918205
0.900984
0.915925
0.923356
0.893695
0.901946
0.900799
0.905901
0.840048
0.967038
0.895568
0.900391
0.960448
0.958016
0.812589
0.848655
0.876372
0.957926
0.878450
0.876199
1.062796
0.929591
0.875971
0.882540
0.976856
0.951373
0.823901
0.884590
0.978717
0.910441
0.937160
0.922145
0.874421
0.866610
0.938380
0.973775
0.938257
0.886752
0.984029
0.847569
0.837852
1.030022
0.992668
0.967793
1.108085
0.930624
0.998247
0.873929
0.928593
1.105708
0.863182
0.832063
1.087221
0.947016
0.839698
0.935444
0.886295
0.883786
0.897066
0.921027
0.978840
0.999715
0.858987
0.938502
0.949129
0.955689
0.988703
0.899639
0.916350
0.970967
0.932335
0.966059
0.961113
0.959960
0.845987
0.944457
0.916579
0.858918
0.980043
0.961191
0.951613
0.946138
0.938597
0.893920
0.887208
1.038615
0.839390
0.877880
0.927031
0.860807
0.880198
0.918609
0.984010
0.939774
0.956277
0.984633
0.975278
0.957236
0.934442
0.912886
0.962192
0.981959
0.892396
0.871130
0.916943
0.981259
0.912395
0.967393
0.908577
0.952533
0.862975
0.856960
0.897542
0.879372
0.873696
0.911876
0.905871
0.901126
0.934758
0.887918
0.913043
0.851614
0.852580
0.875404
0.875962
0.918658
0.925654
0.830692
0.916934
1.041185
1.053766
0.833915
0.882428
0.854509
0.881680
0.967654
0.845720
1.008386
0.907760
0.821928
0.863791
0.898892
0.893160
0.978726
0.897207
0.900383
0.906491
0.951375
0.848483
0.868304
0.940809
0.908282
0.992325
0.850774
0.924178
1.014717
1.036174
0.953454
0.880560
0.923469
0.913432
0.891977
0.930262
0.898561
0.917406
1.050251
0.952218
0.880366
1.014682
0.871737
0.922316
0.913626
0.947227
0.921365
0.860463
0.882063
0.900499
0.923962
0.915162
1.007131
0.884250
0.980420
0.876980
1.028009
0.933251
0.912021
0.952045
0.903746
0.826551
0.922837
0.937392
0.875947
0.864585
0.908299
0.964434
0.999389
0.922764
1.020190
0.914634
0.999638
1.013680
0.902926
0.867904
0.994494
0.883450
0.889546
0.957652
0.930106
0.995267
0.957030
0.967070
0.943598
0.951366
0.859294
0.919821
0.954939
0.895368
0.867989
0.937439
0.970243
0.977967
0.907569
0.848692
0.875147
0.921592
0.870590
0.834873
0.944764
0.954266
0.964413
1.008862
0.902618
0.955913
0.931921
0.981494
0.996980
0.932834
0.915062
0.922026
0.858866
0.909545
0.925056
0.925365
0.893595
0.911041
0.898713
0.974695
0.914471
0.932309
0.880512
0.918895
0.909107
0.986750
0.888421
0.827535
0.881988
0.796505
0.941165
0.878522
0.826816
0.821593
0.924458
0.959423
0.949292
0.902452
0.939031
0.933133
0.885075
0.920977
0.854903
0.970177
0.880356
0.870444
0.871156
0.897259
0.870486
0.925948
0.919177
0.956589
0.921801
0.875484
0.888781
0.999275
0.913065
0.895908
0.827189
0.858521
0.935702
0.903550
0.927043
0.874026
1.018280
0.958161
0.937057
0.884250
0.918476
0.946456
0.956719
0.868165
0.884335
0.877588
1.015520
0.953574
0.962244
0.979184
0.827329
0.928775
0.875983
0.823663
0.926642
0.837045
0.838885
0.851098
0.912817
0.888485
0.834866
0.985861
0.943041
0.783445
1.011591
0.948542
0.935036
0.925284
0.921210
0.871416
0.945249
0.906516
0.910571
0.872872
0.993923
0.880851
0.909452
0.890264
0.910387
0.919306
0.834892
0.913572
0.873318
0.858375
0.982023
0.884491
0.875969
1.002983
0.933291
0.908430
0.860036
0.875048
0.859489
0.891914
0.875347
0.810263
0.827270
0.927430
0.972433
0.929827
0.982481
0.860952
0.838989
0.799377
0.945317
0.895840
0.850187
0.804905
0.852499
0.897563
0.884475
0.987368
0.993117
0.968478
0.908280
1.004583
0.954293
0.876603
0.958431
0.885026
0.988508
0.917551
0.932980
0.892685
0.935578
0.891174
0.918565
0.898668
1.000806
0.816974
0.909470
0.955792
0.905104
0.965768
0.890387
0.892272
0.932944
0.921330
0.928465
0.916714
0.898276
0.811832
0.899482
0.952596
0.863157
0.868715
0.871285
0.867884
0.847088
0.912311
0.926694
0.951018
0.806903
0.904707
0.854630
0.849328
0.867119
0.991758
0.965577
0.926148
0.849927
0.906751
0.930405
0.961648
0.906997
0.862521
0.931484
0.914994
1.030832
0.846645
0.905445
0.917101
0.994767
0.945201
0.925308
0.882431
0.939549
0.927959
0.913581
0.811550
0.901142
0.907963
0.940463
0.820379
0.749521
0.927648
0.854955
0.871532
0.865526
0.975781
1.013521
0.877208
0.968483
0.820098
0.984658
0.836504
0.867299
0.950056
0.886254
0.891762
0.858143
0.906216
0.838647
0.921814
0.901039
0.871174
0.869910
0.966775
0.914278
0.879928
0.866068
0.879291
0.860338
0.900399
0.933784
0.984903
0.918917
0.926332
0.919673
1.043230
0.899721
0.923373
0.931147
0.896986
0.817431
0.901673
0.898457
0.929041
0.893069
0.891792
0.914639
0.907960
0.893007
0.855396
0.846380
0.935178
0.926829
0.851181
0.897854
0.879587
0.932105
0.941532
0.973601
0.869774
0.924283
0.817516
0.859136
0.826057
0.786114
0.908719
0.939302
0.812875
0.933787
0.851930
0.941358
0.949498
0.881998
0.998568
0.867301
0.839948
0.876530
0.859366
0.833496
0.894749
0.879152
0.865023
0.921044
0.858959
0.894918
0.946720
0.904235
0.978805
0.854208
0.912324
1.001157
0.970539
0.888513
0.891776
0.824931
0.898336
0.907716
0.810521
0.944125
0.912515
0.922788
0.850838
0.868697
0.870486
0.971119
0.936070
0.934635
0.985784
0.952131
0.946031
0.975716
0.869921
0.876582
0.972701
0.868496
0.878169
0.947278
0.829769
0.864096
0.986488
0.987806
0.870391
0.885693
0.854874
0.888240
0.895165
0.883050
0.946908
0.975064
0.964953
0.925335
0.881986
0.972237
0.907574
0.863900
0.910380
0.865019
0.879193
0.870128
0.842567
0.959413
0.962834
0.909205
0.908715
0.885716
0.907128
0.861971
0.937323
0.872646
0.932143
0.954643
0.875992
0.880363
0.834739
0.873267
0.919908
0.878669
0.939084
0.901764
0.983759
0.810977
0.962567
0.970833
0.867801
0.881659
0.918241
0.965987
1.027197
0.920582
0.898441
0.836409
0.833139
0.911029
0.854333
0.894859
0.845849
0.862877
0.861022
0.835481
0.886790
0.855857
0.823471
0.867187
0.927038
0.987748
0.891759
0.895076
0.869498
0.873974
0.928208
0.952718
0.905085
0.893712
0.769642
0.918075
0.853881
0.861014
0.874979
0.807861
0.828727
0.903957
0.906617
0.968511
0.923924
0.901288
0.868505
0.900108
0.873563
0.916761
0.859505
0.888820
0.856108
0.932048
0.970936
0.863188
0.891371
0.906362
0.805579
0.895480
0.952849
0.975746
0.836489
0.867060
0.829419
0.926600
0.905663
0.914792
0.985629
0.947210
1.000423
0.941534
0.890949
0.858132
0.871228
0.839181
0.955115
0.827770
0.808631
0.817352
0.940960
1.020645
0.911751
0.925298
0.790149
0.932131
0.877553
0.846566
0.903526
0.876338
0.884221
0.842395
0.853425
1.007060
0.925413
0.950837
0.920985
0.916152
0.924209
0.860971
0.860006
0.825121
0.861872
0.838306
0.841604
0.801249
0.903616
0.805442
0.893512
0.863171
0.876069
0.861304
0.980153
0.895784
0.863610
0.804522
0.888701
0.936473
0.823112
0.872818
0.917336
0.870228
0.744378
0.871626
0.859289
0.855481
0.908079
0.884293
0.898193
0.826970
0.864110
0.938394
0.914722
0.951376
0.841632
0.941781
0.858374
0.839712
0.848187
0.908971
0.893591
0.944517
0.962068
0.895323
0.901038
0.818938
0.869460
0.814017
0.931038
0.931803
0.786052
0.924233
0.967888
0.883015
0.890255
0.957423
0.889032
0.909735
0.830625
0.872119
0.916178
0.970501
0.839403
0.889126
0.855165
0.859676
0.850537
0.927834
0.857185
0.871981
0.893283
0.869677
0.858075
0.891822
0.892502
0.846815
0.823659
0.896409
0.870326
0.854990
0.842969
0.899543
0.828051
0.970861
0.909844
0.849246
0.924907
0.839464
0.888649
0.873992
0.862800
0.944051
0.892594
0.847670
0.893197
0.837013
0.801932
0.950383
0.857212
0.930782
0.870969
0.792476
0.929251
0.856700
0.890411
0.828947
0.829300
0.854690
0.871171
0.838231
0.833001
0.897856
0.773209
0.848846
0.791447
0.880119
0.855165
0.803685
0.969593
0.959222
0.841194
0.899944
0.964514
0.881194
0.945085
0.914957
0.794050
0.790995
0.892478
0.887234
0.847274
0.863277
0.839730
0.898659
0.887829
0.888408
0.854244
0.881081
0.817747
0.812855
0.882469
0.801000
0.832698
0.942233
0.843153
0.948123
0.892820
0.980898
0.844668
0.937304
0.910337
0.835213
0.945609
0.901503
1.011248
0.853445
0.857991
0.878159
0.911327
0.908626
0.895861
0.830922
0.894295
0.862358
0.838052
0.849856
0.813288
0.926742
0.872712
0.882731
0.864832
0.902215
0.803733
0.823172
0.836362
0.833708
0.848182
0.894963
0.868115
0.892858
0.960659
0.843074
0.901385
0.902081
0.795427
0.835021
0.974071
0.887686
0.820607
0.893935
0.885256
0.957429
0.860754
0.880551
0.990984
0.949489
0.851833
0.892969
0.882587
0.813921
0.844887
0.818629
0.842283
0.737727
0.863768
0.887012
0.914031
0.873082
0.874535
0.833137
0.949960
0.930996
0.923298
0.883116
0.852160
0.833975
0.933436
0.870567
0.852051
0.893216
1.002167
0.793074
0.886724
0.990537
1.002556
0.882579
0.943378
0.893133
0.900616
0.892164
0.863540
1.041007
0.898870
0.989231
0.820074
0.892175
0.885297
0.835787
0.775597
0.894151
0.787716
0.862812
0.832158
0.829618
0.879369
0.908718
0.776812
0.864503
0.810708
0.837146
0.909988
0.876751
0.824862
0.842820
0.825356
0.928960
0.831354
0.821334
0.969979
0.904171
0.895261
0.828684
0.821593
0.944038
0.821997
0.929940
0.787066
0.833001
0.872880
0.823550
0.884296
0.882921
0.847139
0.972351
0.878567
0.867663
0.877987
0.877433
0.904243
0.961015
0.848823
0.850732
0.907560
0.852592
0.846586
0.910275
0.806171
0.892526
0.870276
0.834556
0.888848
0.923458
0.892950
0.841938
0.921529
0.863395
0.919132
0.875573
0.917732
0.904367
0.845931
0.918644
0.979384
0.891805
0.898571
0.870380
0.904136
0.840935
0.880162
0.810732
0.893136
0.814268
0.838921
0.843747
0.754763
0.924622
0.824196
0.844425
0.840895
0.783612
0.799738
0.792198
0.823566
0.822219
0.850765
1.010631
0.783282
0.822850
0.874631
0.858354
0.878153
0.888483
0.788839
0.891830
0.885268
0.844832
0.835858
0.787736
0.845288
0.899167
0.967927
0.868044
0.828131
0.858192
0.982947
0.957955
0.817141
0.842443
0.837724
0.851148
0.787535
0.860179
0.804410
0.886262
0.855526
0.893178
0.810206
0.887693
0.878114
0.947704
0.859204
0.900542
0.884081
0.862625
0.841862
0.850031
0.905933
0.952866
0.873807
0.838448
0.806802
0.869966
0.907241
0.745224
0.823936
0.819482
0.828333
0.844532
0.798794
0.865257
0.813408
0.838907
0.861115
0.895653
0.973522
0.814381
0.859006
0.813338
0.845963
0.859060
0.821718
1.006384
0.872357
0.863848
0.808716
0.783367
0.873011
0.822055
0.871938
0.802943
0.947447
0.930622
0.855135
0.830698
0.892716
0.781137
0.871075
0.873317
0.934196
0.927971
0.853127
0.897728
0.892067
0.860530
0.850086
0.870507
0.856133
0.886652
0.914220
0.856056
0.793161
0.818199
0.841433
0.923415
0.870357
0.886005
0.816219
0.954533
0.834828
0.960438
0.835468
0.973944
0.850246
0.883173
0.926322
0.905430
0.828049
0.932721
0.865407
0.826031
0.830115
0.821738
0.845706
0.870954
0.816839
0.837708
0.918084
0.898781
0.919767
0.782218
0.800081
0.857312
0.877204
0.924805
0.888996
0.848169
0.890587
0.859400
0.807242
0.844492
0.852687
0.852341
0.867286
0.782935
0.854496
0.840921
0.849273
0.940890
0.835367
0.848821
0.841024
0.807594
0.897619
0.812848
0.742185
0.762579
0.807503
0.877861
0.853684
0.818020
0.826201
0.955604
0.981035
0.891593
0.886266
0.760033
0.942410
0.868297
0.788397
0.853541
0.860280
0.834216
0.830265
0.917272
0.867462
0.916289
0.945784
0.877811
0.917487
0.886820
0.862749
0.742124
0.925628
0.875912
0.857145
0.852443
0.843652
0.778067
0.841410
0.893468
0.970671
0.844601
0.865594
0.854232
0.852467
0.891788
0.902305
0.856007
0.883831
0.880190
0.923579
0.971787
0.840018
0.891372
0.900656
0.856437
0.847648
0.890099
0.806636
0.788869
0.837847
0.962335
0.858342
0.925707
0.837427
0.947983
0.847856
0.901644
0.766708
0.926731
0.825779
0.960481
0.804780
0.886179
0.877303
0.886653
0.892434
0.969138
0.838775
0.832098
0.860829
0.862556
0.872795
0.846658
0.807262
0.830332
0.920357
0.790149
0.947994
0.807940
0.841049
0.914860
0.889022
0.804921
0.918279
0.789076
0.890595
0.890924
0.986241
0.910067
0.861501
0.885420
0.808359
0.992636
0.932554
0.812691
0.964226
0.922798
0.869793
0.825331
0.792343
0.866760
0.839404
0.805113
0.889766
0.913745
0.945659
0.802958
0.868964
0.880231
0.865886
0.831394
0.821300
0.934198
0.765816
0.963488
0.801543
0.826300
0.890444
0.821580
0.969218
0.857671
0.891166
0.927763
0.818171
0.782571
0.867968
0.839271
0.795547
0.903223
0.832847
0.829221
0.951261
0.794449
0.801783
0.812352
0.827459
0.781100
0.918362
0.757673
0.877476
0.824905
0.803181
0.909950
0.822751
0.827288
0.834666
0.749983
0.827863
0.830825
0.794356
0.813294
0.899843
0.891589
0.941667
0.798589
0.812896
0.751096
0.766960
0.845922
0.845445
0.816973
0.807370
0.781560
0.855579
0.867338
0.799419
0.796631
0.871345
0.793929
0.886918
0.817157
0.863869
0.861406
0.857761
0.762755
0.739281
0.796891
0.848135
0.768790
0.865248
0.922461
0.904763
0.853454
0.780805
0.748613
0.834508
0.850054
0.808886
0.828759
0.782562
0.927640
0.770134
0.912407
0.882283
0.827752
0.767425
0.818323
0.871221
0.799228
0.820923
0.896638
0.855073
0.847376
0.851252
0.884570
0.862351
0.899746
0.844586
0.929198
0.772930
0.901945
0.793807
0.812454
0.796027
0.793847
0.900728
0.805053
0.834842
0.912047
0.901943
0.794848
0.859805
0.869481
0.836125
0.799154
0.816069
0.832273
0.839574
0.862481
0.840341
0.875461
0.816444
0.771363
0.894048
0.923139
0.833960
0.847382
0.889061
0.875758
0.800928
0.852100
0.870654
0.918594
0.876167
0.860402
0.816059
0.840502
0.881503
0.874395
0.850260
0.804650
0.873475
0.955175
0.802712
0.855014
0.824272
0.849160
0.896299
0.831317
0.905178
0.907103
0.821743
0.867186
0.796125
0.881729
0.799887
0.812864
0.787075
0.839108
0.888287
0.808627
0.798729
0.843672
0.887212
0.912361
0.802873
0.866446
0.846974
0.894259
0.895654
0.798790
0.761903
0.854761
0.850583
0.826769
0.836916
0.841845
0.816899
0.817906
0.826529
0.739578
0.854646
0.893534
0.893416
0.868219
0.791982
0.849550
0.804896
0.867575
0.855053
0.830019
0.768080
0.932737
0.842570
0.800707
0.823857
0.777323
0.925283
0.804409
0.805232
0.854055
0.780254
0.861881
0.896891
0.901715
0.792135
0.851856
0.841629
0.941028
0.789008
0.862896
0.813499
0.952167
0.861157
0.820855
0.891392
0.806437
0.888253
0.808749
0.810888
0.856050
0.780131
0.822743
0.819213
0.804106
0.914558
0.858635
0.863732
0.760899
0.770503
0.880691
0.843551
0.911876
0.796616
0.738452
0.801463
0.812683
0.833606
0.819506
0.838473
0.810836
0.830801
0.821526
0.811227
0.938800
0.796506
0.925683
0.864185
0.834598
0.902561
0.832708
0.792470
0.818421
0.791516
0.887473
0.844722
0.921872
0.832034
0.816566
0.903422
0.805356
0.763653
0.835047
0.884520
0.867383
0.807389
0.777430
0.870196
0.844324
0.866672
0.778537
0.909306
0.790929
0.830451
0.884786
0.902358
0.859957
0.793439
0.780526
0.797886
0.825347
0.840176
0.938267
0.916859
0.965126
0.808729
0.886299
0.871161
0.787888
0.969777
0.952174
0.788603
0.838470
0.819454
0.787907
0.821093
0.903955
0.813584
0.859291
0.758491
0.880777
0.812005
0.905926
0.808418
0.857516
0.811852
0.936310
0.854637
0.881371
0.890912
0.865147
0.850375
0.855611
0.958240
0.907031
0.879998
0.832785
1.016953
0.777850
0.850101
0.871395
0.874523
0.834988
0.799468
0.860768
0.828506
0.843704
0.896961
0.819895
0.752392
0.787983
0.836393
0.782194
0.862263
0.828024
0.831261
0.839679
0.899240
0.871577
0.809724
0.807925
0.876430
0.865716
0.873244
0.801208
0.836559
0.853058
0.827326
0.847649
0.887322
0.813027
0.820250
0.863388
0.789562
0.848522
0.943358
0.841912
0.924417
0.882442
0.767384
0.845073
0.817278
0.842770
0.835696
0.840485
0.881206
0.844624
0.902112
0.904862
0.866021
0.980202
0.796791
0.904784
0.870209
0.852229
0.875545
0.844065
0.862068
0.814451
0.795841
0.752927
0.801437
0.871659
0.805016
0.756458
0.882605
0.841008
0.742978
0.788236
0.794133
0.842624
0.855935
0.836625
0.879801
0.791074
0.838888
0.812523
0.821235
0.819315
0.806844
0.837796
0.831242
0.893991
0.822222
0.738240
0.789342
0.908299
0.817517
0.830992
0.762757
0.820898
0.831151
0.783372
0.827746
0.836662
0.837923
0.859586
0.837083
0.759072
0.834649
0.932616
0.865237
0.740456
0.827437
0.925555
0.869652
0.796444
0.853955
0.809732
0.844037
0.779016
0.845824
0.815929
0.846013
0.782005
0.857152
0.747954
0.831224
0.776126
0.776871
0.808260
0.752874
0.820786
0.773019
0.867858
0.805788
0.885042
0.815552
0.793242
0.864873
0.778539
0.886049
0.832153
0.884108
0.807455
0.768014
0.831857
0.743495
0.778003
0.822342
0.964013
0.774225
0.793214
0.851711
0.784245
0.781853
0.808417
0.722228
0.810054
0.812630
0.843627
0.823813
0.927711
0.944172
0.785089
0.879281
0.802422
0.890734
0.869390
0.916085
0.769997
0.883033
0.804130
0.818280
0.818836
0.825712
1.005933
0.916974
0.712725
0.784586
0.779625
0.927515
0.825514
0.799418
0.802979
0.807393
0.881616
0.783952
0.886300
0.807793
0.799041
0.768607
0.873885
0.816566
0.808054
0.858313
0.901207
0.761308
0.905575
0.782594
0.847563
0.842861
0.899847
0.762025
0.886052
0.811956
0.819929
0.798332
0.788457
0.804650
0.856298
0.819459
0.905447
0.859719
0.854288
0.780645
0.808125
0.904014
0.795863
0.951210
0.857416
0.801925
0.853883
0.847704
0.742979
0.900815
0.800545
0.857195
0.822735
0.795635
0.836598
0.870952
0.934409
0.771112
0.825690
0.858013
0.849338
0.828215
0.812866
0.772110
0.874121
0.814335
0.814216
0.801864
0.835421
0.870764
0.821299
0.808053
0.808901
0.862476
0.919615
0.813898
0.803070
0.762877
0.851378
0.819639
0.850572
0.771939
0.750268
0.910073
0.906592
0.798486
0.831511
0.804766
0.828216
0.852962
0.882236
0.820000
0.830936
0.769407
0.847688
0.781182
0.742526
0.865856
0.806778
0.774659
0.881476
0.822065
0.844640
0.825301
0.833917
0.848593
0.800074
0.791085
0.788750
0.729761
0.731195
0.797588
0.765153
0.915796
0.866095
0.831438
0.812306
0.851826
0.801622
0.785341
0.801254
0.881386
0.837331
0.845195
0.841449
0.804795
0.777565
0.815791
0.869603
0.902887
0.792989
0.784875
0.832905
0.809492
0.920662
0.832997
0.804208
0.830801
0.783278
0.796471
0.725932
0.847419
0.796701
0.963607
0.835827
0.874971
0.829302
0.813867
0.849726
0.860127
0.782409
0.849989
0.777169
0.914104
0.864772
0.870293
0.782795
0.880503
0.875394
0.830086
0.840131
0.812416
0.933056
0.792036
0.761232
0.834432
0.839479
0.867913
0.916531
0.810591
0.795689
0.864912
0.807784
0.876150
0.828645
0.840253
0.745807
0.821140
0.820276
0.808739
0.813127
0.777770
0.800141
0.802813
0.846614
0.779374
0.822717
0.759271
0.780986
0.786000
0.797583
0.851660
0.842962
0.775019
0.856964
0.874604
0.763580
0.846843
0.754234
0.764758
0.892416
0.795407
0.862157
0.848089
0.832226
0.795748
0.814912
0.828988
0.889517
0.891213
0.829742
0.762860
0.751879
0.764907
0.824404
0.821979
0.831011
0.780425
0.864686
0.791970
0.899547
0.835572
0.862406
0.846044
0.780175
0.894785
0.773359
0.841666
0.810798
0.753481
0.843035
0.879876
0.776143
0.762482
0.852312
0.714148
0.871522
0.882595
0.899751
0.881520
0.954055
0.730170
0.794440
0.830656
0.831906
0.763123
0.882735
0.837852
0.760451
0.883445
0.849550
0.838646
0.777224
0.786265
0.746271
0.917060
0.785351
0.796929
0.755408
0.900037
0.768787
0.832266
0.790577
0.890458
0.802644
0.799581
0.826398
0.913337
0.737056
0.808691
0.817956
0.819778
0.803759
0.814292
0.743614
0.784107
0.802700
0.758435
0.835427
0.822109
0.801827
0.827532
0.859534
0.870395
0.766223
0.800353
0.789851
0.827802
0.782463
0.836409
0.815910
0.798902
0.800863
0.923221
0.771533
0.834081
0.830614
0.772933
0.797846
0.789068
0.809503
0.756256
0.762997
0.747905
0.792806
0.777537
0.860929
0.801334
0.889368
0.833520
0.758185
0.790418
0.706873
0.829150
0.843201
0.820215
0.823523
0.788946
0.802179
0.871734
0.804930
0.819791
0.851706
0.755272
0.763677
0.731062
0.816946
0.823710
0.850501
0.792686
0.768450
0.821693
0.772999
0.854402
0.774995
0.745946
0.808811
0.768951
0.830293
0.810539
0.831785
0.794959
0.826050
0.819839
0.789376
0.766509
0.792743
0.849664
0.816531
0.755395
0.908065
0.812055
0.863984
0.851347
0.869080
0.807473
0.812826
0.763941
0.818524
0.823322
0.885953
0.712520
0.762070
0.773034
0.801666
0.883546
0.840385
0.893242
0.880216
0.759714
0.814089
0.877635
0.845127
0.937739
0.833908
0.840846
0.791059
0.778627
0.753547
0.738840
0.891409
0.762556
0.829722
0.741468
0.763885
0.770753
0.759100
0.964986
0.868087
0.881263
0.834606
0.754452
0.873433
0.834702
0.788989
0.843321
0.788140
0.803604
0.769723
0.832410
0.811401
0.823486
0.847861
0.768625
0.777518
0.788229
0.871904
0.727219
0.822382
0.742454
0.804240
0.737934
0.843249
0.852518
0.784026
0.772339
0.808824
0.771201
0.819045
0.775712
0.802060
0.790958
0.775282
0.903162
0.841668
0.817803
0.717439
0.784730
0.868632
0.779160
0.901909
0.759686
0.894558
0.809778
0.801696
0.738328
0.761019
0.828846
0.811873
0.791815
0.755895
0.757136
0.843199
1.007948
0.851627
0.882400
0.729069
0.766928
0.822329
0.875642
0.830680
0.824515
0.821168
0.884135
0.873806
0.838304
0.783868
0.811422
0.771224
0.761118
0.844113
0.755556
0.901764
0.802849
0.863017
0.810325
0.883735
0.832166
0.841334
0.826489
0.786899
0.774046
0.798618
0.772549
0.844407
0.859068
0.829791
0.816181
0.793644
0.734622
0.782597
0.819945
0.772632
0.786628
0.806139
0.847488
0.802158
0.874110
0.866763
0.827614
0.882807
0.813712
0.776491
0.818569
0.791446
0.839980
0.789969
0.740517
0.759520
0.801586
0.815021
0.879463
0.854587
0.717791
0.757792
0.723480
0.792030
0.738748
0.809475
0.851212
0.742350
0.757782
0.779766
0.755341
0.938031
0.868766
0.822011
0.969252
0.868026
0.824934
0.789785
0.820992
0.726192
0.816986
0.838090
0.870650
0.809713
0.894716
0.856181
0.755528
0.876514
0.763118
0.793285
0.773946
0.860435
0.825897
0.798754
0.806098
0.896907
0.841490
0.809386
0.796450
0.871388
0.814890
0.902577
0.806973
0.798889
0.793101
0.754824
0.805752
0.811057
0.718992
0.739760
0.771385
0.857920
0.859017
0.775252
0.807427
0.765613
0.770407
0.921894
0.763834
0.794472
0.788953
0.817054
0.881261
0.807878
0.793187
0.831399
0.827535
0.842407
0.828311
0.810263
0.762475
0.858725
0.775026
0.831639
0.835250
0.943748
0.834813
0.780892
0.787250
0.790082
0.863249
0.809492
0.832440
0.801000
0.809104
0.747740
0.830081
0.769543
0.784466
0.820752
0.813644
0.851345
0.734350
0.771284
0.801117
0.794101
0.858828
0.818991
0.821631
0.823105
0.819965
0.752048
0.713961
0.792035
0.726724
0.840952
0.784850
0.755502
0.819542
0.786119
0.813676
0.730765
0.765054
0.820429
0.788569
0.776859
0.793520
0.797429
0.861506
0.766494
0.772667
0.797321
0.862156
0.805621
0.811601
0.805453
0.803742
0.891272
0.736407
0.790321
0.787719
0.754471
0.811809
0.767179
0.824993
0.855587
0.797157
0.821659
0.916880
0.825974
0.753392
0.739628
0.742537
0.721489
0.758561
0.783602
0.730291
0.741311
0.775973
0.732886
0.782166
0.859982
0.767368
0.817128
0.821303
0.816262
0.790840
0.811990
0.821423
0.801035
0.790966
0.776188
0.793497
0.741817
0.827011
0.758342
0.753767
0.785113
0.765520
0.724336
0.824942
0.785177
0.837580
0.792820
0.802282
0.815984
0.787842
0.852031
0.802389
0.822202
0.745072
0.835387
0.798833
0.786168
0.767005
0.888198
0.803483
0.758791
0.780572
0.754812
0.792069
0.805970
0.721938
0.849557
0.773058
0.858490
0.843793
0.781400
0.777121
0.743050
0.787594
0.789044
0.739937
0.831517
0.794098
0.807712
0.774710
0.848284
0.847786
0.753818
0.818469
0.841020
0.763300
0.731788
0.728765
0.707769
0.765308
0.775800
0.751493
0.788745
0.766497
0.784027
0.716949
0.805080
0.802681
0.781745
0.801213
0.823156
0.777764
0.753456
0.818960
0.737139
0.776392
0.803167
0.823817
0.829045
0.810729
0.926140
0.808430
0.789600
0.875617
0.782391
0.798505
0.805974
0.769934
0.785030
0.793451
0.767928
0.781004
0.740634
0.856745
0.725166
0.800789
0.728230
0.748641
0.797109
0.819735
0.836186
0.750285
0.782382
0.728251
0.863352
0.805446
0.812462
0.851482
0.784812
0.737133
0.728917
0.825789
0.767109
0.856075
0.855396
0.735336
0.792630
0.826962
0.786366
0.834327
0.714508
0.833017
0.740593
0.810777
0.801604
0.758668
0.796197
0.803674
0.819576
0.766479
0.874848
0.745435
0.756507
0.747714
0.806638
0.757324
0.802557
0.818321
0.737124
0.770316
0.765899
0.755813
0.815806
0.797237
0.758920
0.859634
0.881122
0.794312
0.861837
0.774836
0.798127
0.783282
0.780661
0.834315
0.780163
0.864999
0.852107
0.805032
0.811453
0.854302
0.817685
0.797716
0.797984
0.771891
0.847689
0.819787
0.799844
0.778663
0.843983
0.803616
0.808192
0.729103
0.805359
0.761919
0.822824
0.815368
0.801206
0.802824
0.858136
0.789218
0.740825
0.797533
0.861115
0.802939
0.769337
0.846399
0.741490
0.799144
0.714675
0.765871
0.771405
0.743708
0.727986
0.861751
0.814486
0.810806
0.725681
0.756896
0.793673
0.777131
0.795190
0.895017
0.827392
0.793818
0.797447
0.794419
0.738839
0.841608
0.783286
0.789088
0.756405
0.730316
0.792487
0.776545
0.776367
0.887822
0.869374
0.812062
0.804561
0.816775
0.829318
0.748427
0.904411
0.845230
0.791332
0.736093
0.813723
0.762263
0.787169
0.728329
0.826856
0.798460
0.756387
0.748015
0.822332
0.740168
0.768619
0.859756
0.764086
0.770504
0.879055
0.756893
0.878526
0.858766
0.841502
0.741978
0.768618
0.771216
0.844980
0.801655
0.804604
0.834092
0.750859
0.824685
0.721091
0.800413
0.844277
0.791456
0.796853
0.738581
0.839625
0.797782
0.822590
0.797510
0.768114
0.902713
0.792226
0.722960
0.774537
0.781965
0.855632
0.737489
0.776073
0.843489
0.837926
0.936018
0.788344
0.822749
0.763633
0.787188
0.764191
0.758812
0.802610
0.792211
0.821687
0.751198
0.728943
0.759587
0.777525
0.753404
0.875868
0.758398
0.789876
0.732668
0.806541
0.836333
0.789012
0.736642
0.845011
0.811406
0.811028
0.772840
0.819051
0.789233
0.840957
0.861685
0.758293
0.721190
0.820738
0.738446
0.700375
0.825734
0.854884
0.863021
0.773846
0.863993
0.808939
0.793470
0.785396
0.805791
0.764274
0.752717
0.791089
0.797245
0.748316
0.814873
0.834360
0.811347
0.784141
0.764857
0.824563
0.798318
0.752391
0.804251
0.769342
0.793156
0.755233
0.803036
0.790160
0.689752
0.767427
0.740019
0.789521
0.800596
0.788507
0.778136
0.819878
0.754050
0.795757
0.749069
0.832657
0.783837
0.757404
0.793001
0.819192
0.805707
0.745620
0.809344
0.778604
0.831162
0.809231
0.846141
0.768053
0.831414
0.774137
0.741525
0.840412
0.758348
0.836355
0.765644
0.734793
0.734103
0.753747
0.824046
0.786274
0.775589
0.837551
0.817360
0.824427
0.794660
0.813419
0.821459
0.750933
0.764917
0.732292
0.761672
0.709733
0.801435
0.773033
0.755672
0.744500
0.756744
0.783993
0.780374
0.784264
0.763807
0.804527
0.790621
0.871306
0.732893
0.739464
0.765655
0.814799
0.827869
0.743749
0.807630
0.748797
0.848398
0.784813
0.714655
0.756581
0.854605
0.755385
0.859673
0.832765
0.818890
0.821778
0.726168
0.817341
0.838958
0.728328
0.740173
0.774435
0.810808
0.786419
0.743865
0.744603
0.762209
0.775837
0.765282
0.792105
0.791062
0.709330
0.840849
0.725087
0.793577
0.819274
0.795598
0.749317
0.804273
0.792588
0.754994
0.831249
0.816015
0.803889
0.718014
0.928697
0.834964
0.761010
0.703133
0.799208
0.804376
0.778298
0.789891
0.787104
0.774139
0.756670
0.792173
0.781543
0.779303
0.825447
0.709667
0.831532
0.779149
0.753607
0.754889
0.749567
0.759650
0.766989
0.795150
0.775216
0.785954
0.792920
0.763502
0.783252
0.805173
0.766482
0.764863
0.761614
0.795208
0.797964
0.792178
0.759112
0.868830
0.763074
0.748813
0.783610
0.781973
0.805029
0.768728
0.757854
0.782126
0.729749
0.776949
0.747663
0.731063
0.879172
0.735462
0.825810
0.755966
0.733564
0.784201
0.841836
0.725951
0.792000
0.816855
0.792548
0.743703
0.792522
0.794372
0.804736
0.815084
0.840683
0.799118
0.743438
0.750570
0.736141
0.787323
0.748721
0.777530
0.758603
0.767199
0.845814
0.821420
0.779858
0.732178
0.732092
0.800610
0.831620
0.816480
0.821194
0.805786
0.787352
0.856881
0.764975
0.738118
0.838135
0.797780
0.743084
0.758359
0.849531
0.782835
0.767576
0.762326
0.773026
0.739533
0.779129
0.766755
0.838753
0.792539
0.750782
0.776906
0.786469
0.882321
0.772023
0.800533
0.829754
0.753044
0.818962
0.773959
0.747197
0.844673
0.778873
0.736996
0.744046
0.731171
0.809444
0.736691
0.777113
0.704660
0.812017
0.805350
0.803954
0.764189
0.810539
0.747504
0.743186
0.764265
0.763567
0.733062
0.767825
0.749777
0.724595
0.725210
0.843529
0.798119
0.801919
0.815096
0.743114
0.782264
0.784894
0.722639
0.801204
0.814498
0.775695
0.756898
0.734434
0.798690
0.879842
0.766827
0.722794
0.788836
0.810898
0.723481
0.725469
0.759833
0.764530
0.814159
0.789199
0.788349
0.755837
0.800142
0.793944
0.773095
0.774010
0.835903
0.776031
0.772161
0.765182
0.809061
0.759863
0.759688
0.826387
0.697534
0.792166
0.735669
0.838937
0.832231
0.822829
0.852076
0.842388
0.811174
0.794886
0.859485
0.826916
0.720712
0.862694
0.757401
0.958366
0.787652
0.800400
0.799571
0.775476
0.716771
0.763410
0.804162
0.796372
0.834178
0.765036
0.819661
0.763568
0.776922
0.803651
0.912739
0.761341
0.764169
0.734216
0.738620
0.751815
0.775138
0.804528
0.734754
0.744968
0.855878
0.868452
0.694969
0.768812
0.789066
0.733533
0.779237
0.894664
0.754318
0.819555
0.705134
0.741059
0.733392
0.756727
0.761286
0.741527
0.846406
0.810288
0.734438
0.815183
0.757659
0.770720
0.719081
0.790132
0.842954
0.820459
0.750148
0.756087
0.799238
0.860327
0.833211
0.759892
0.728575
0.701738
0.705310
0.754918
0.751638
0.779532
0.829602
0.696441
0.821355
0.842207
0.832342
0.766104
0.694963
0.877407
0.754199
0.770813
0.761308
0.780845
0.748004
0.743953
0.801889
0.743315
0.753414
0.763359
0.781871
0.753968
0.835740
0.719330
0.763068
0.751425
0.791718
0.726450
0.738145
0.769531
0.806345
0.752389
0.749644
0.726963
0.755360
0.718720
0.889427
0.811141
0.776494
0.831364
0.816133
0.776955
0.755965
0.763837
0.782631
0.752709
0.761391
0.826564
0.736160
0.713130
0.768415
0.739261
0.878736
0.764981
0.878068
0.756205
0.740143
0.786345
0.740303
0.766288
0.689404
0.740763
0.744623
0.756686
0.807876
0.756654
0.777804
0.732520
0.714033
0.846965
0.764369
0.714569
0.803652
0.758761
0.807733
0.741846
0.742525
0.824789
0.760019
0.752468
0.743441
0.763183
0.828425
0.729463
0.742360
0.796559
0.719984
0.777084
0.745719
0.752013
0.742681
0.765645
0.832803
0.770040
0.784542
0.790514
0.721791
0.724784
0.709136
0.786019
0.761593
0.749855
0.761324
0.812099
0.882176
0.771159
0.768965
0.752410
0.846990
0.827880
0.747597
0.823562
0.783360
0.815223
0.781665
0.808107
0.712353
0.730322
0.741778
0.776479
0.747308
0.747543
0.852535
0.763440
0.764628
0.699454
0.803672
0.741665
0.882021
0.738203
0.785396
0.720367
0.811182
0.813751
0.718821
0.794398
0.762223
0.736975
0.767263
0.791918
0.767989
0.783519
0.726426
0.724295
0.784363
0.744723
0.775503
0.809889
0.769736
0.826293
0.792094
0.731256
0.742517
0.802630
0.779138
0.765031
0.709067
0.736351
0.727841
0.754714
0.745470
0.781495
0.779938
0.853841
0.876376
0.797644
0.810720
0.687941
0.770524
0.842623
0.859039
0.717053
0.717983
0.714772
0.785261
0.750517
0.821449
0.786341
0.676550
0.761429
0.738000
0.774849
0.831483
0.785680
0.731020
0.824531
0.853360
0.789035
0.744681
0.813948
0.808114
0.716353
0.838645
0.805908
0.871949
0.817414
0.776392
0.772834
0.778144
0.768884
0.832560
0.757402
0.723922
0.764315
0.802331
0.743773
0.725896
0.756864
0.784519
0.764473
0.754027
0.778793
0.848616
0.774265
0.787021
0.725363
0.804417
0.832211
0.792728
0.695213
0.821482
0.761980
0.743301
0.773152
0.763833
0.752311
0.741924
0.734211
0.786507
0.740473
0.734838
0.752745
0.803210
0.749052
0.807987
0.731705
0.754670
0.824228
0.788256
0.851525
0.757300
0.749711
0.799451
0.785823
0.824157
0.805819
0.734614
0.779559
0.866512
0.779713
0.712732
0.748838
0.770097
0.725225
0.812386
0.735979
0.793407
0.718237
0.823249
0.729694
0.854993
0.806554
0.716065
0.810938
0.728947
0.835998
0.793321
0.778904
0.830097
0.748126
0.774609
0.836897
0.730449
0.773647
0.746781
0.772629
0.738253
0.750481
0.763704
0.738184
0.734099
0.758706
0.866929
0.765945
0.733174
0.749998
0.811002
0.730585
0.755472
0.742784
0.772512
0.788319
0.737986
0.720793
0.730828
0.804511
0.772321
0.851662
0.802642
0.754770
0.772798
0.720307
0.749819
0.825322
0.775996
0.758355
0.751914
0.678551
0.830132
0.758737
0.814314
0.849059
0.795778
0.704538
0.756750
0.791304
0.771996
0.794047
0.743292
0.690308
0.801446
0.750103
0.775201
0.767207
0.791209
0.798817
0.705781
0.729586
0.721661
0.884557
0.756729
0.729419
0.738379
0.748775
0.730368
0.757570
0.787055
0.770446
0.799520
0.758215
0.837912
0.735060
0.808174
0.717511
0.811948
0.763709
0.731404
0.750095
0.756088
0.727617
0.731876
0.795997
0.807641
0.724407
0.786604
0.754224
0.750214
0.749358
0.732346
0.684222
0.753526
0.759987
0.793953
0.711885
0.787774
0.706148
0.724975
0.721649
0.762701
0.784049
0.714980
0.722622
0.705779
0.711332
0.760186
0.812987
0.781954
0.727690
0.751796
0.754795
0.800924
0.741852
0.703865
0.728859
0.762607
0.814479
0.751979
0.782376
0.734420
0.798169
0.697435
0.749641
0.719487
0.780737
0.786582
0.862948
0.789047
0.723544
0.769877
0.745814
0.782660
0.806320
0.778703
0.853869
0.787927
0.832798
0.774291
0.818803
0.775081
0.763782
0.734049
0.726900
0.794157
0.731071
0.824680
0.827078
0.754074
0.760302
0.746098
0.718696
0.804910
0.765409
0.789512
0.775328
0.736409
0.748244
0.831234
0.755297
0.798478
0.747760
0.750721
0.775974
0.822082
0.787575
0.714958
0.759891
0.775048
0.747697
0.802691
0.744932
0.724957
0.733459
0.803332
0.736922
0.754881
0.813038
0.778978
0.758028
0.724323
0.791619
0.734975
0.781657
0.777501
0.746979
0.815704
0.776589
0.746791
0.818666
0.790305
0.799819
0.731948
0.730471
0.721523
0.773744
0.709433
0.799977
0.785710
0.801283
0.780415
0.712058
0.795604
0.765108
0.730927
0.861727
0.807961
0.715153
0.734201
0.779248
0.793161
0.801144
0.780471
0.784239
0.787488
0.758491
0.713591
0.769795
0.769695
0.779706
0.731879
0.761914
0.718077
0.831654
0.787369
0.756598
0.846473
0.802257
0.724036
0.804071
0.794404
0.785209
0.735364
0.760271
0.760806
0.808819
0.738904
0.682909
0.759410
0.767393
0.687236
0.800872
0.790175
0.817886
0.811149
0.739005
0.768489
0.734663
0.773803
0.719999
0.746605
0.765990
0.783964
0.795355
0.788113
0.753500
0.759041
0.797703
0.804626
0.784364
0.700256
0.795459
0.810820
0.749656
0.786543
0.821837
0.789719
0.776093
0.797854
0.778183
0.763705
0.746238
0.793545
0.771941
0.737635
0.807961
0.751217
0.743789
0.744486
0.769588
0.805192
0.729487
0.747274
0.751862
0.749938
0.779031
0.790101
0.719345
0.760856
0.766617
0.783613
0.793377
0.738484
0.803865
0.752845
0.725025
0.689887
0.741758
0.765589
0.803315
0.731943
0.829443
0.800263
0.688780
0.811754
0.790726
0.788005
0.730285
0.746553
0.722109
0.778540
0.700723
0.708510
0.787895
0.811195
0.840456
0.791203
0.781743
0.732253
0.744523
0.773750
0.693281
0.727934
0.736933
0.755914
0.807829
0.821794
0.859048
0.712512
0.747141
0.758318
0.746009
0.739248
0.725257
0.738911
0.750354
0.733372
0.825746
0.725735
0.753559
0.783917
0.747817
0.745911
0.729967
0.728246
0.790547
0.672706
0.718063
0.750260
0.770746
0.771488
0.753065
0.773923
0.805157
0.759392
0.753347
0.753777
0.726395
0.700699
0.744403
0.855673
0.782076
0.778919
0.711367
0.708691
0.724838
0.794976
0.750144
0.764432
0.829933
0.771718
0.735226
0.749983
0.773099
0.738608
0.809044
0.736701
0.795495
0.758068
0.718846
0.761579
0.686925
0.782986
0.816041
0.740254
0.729271
0.687781
0.780168
0.739938
0.737084
0.742288
0.766411
0.763688
0.834011
0.803453
0.760312
0.739605
0.787209
0.732836
0.767738
0.791759
0.699211
0.724223
0.766006
0.778965
0.783595
0.704486
0.815657
0.828742
0.795401
0.810395
0.768467
0.778212
0.801021
0.809814
0.808068
0.736597
0.688442
0.781907
0.771714
0.785068
0.727355
0.727263
0.778641
0.752050
0.891123
0.762057
0.787869
0.753788
0.735232
0.752714
0.748558
0.745157
0.775600
0.721055
0.777801
0.786092
0.776969
0.756743
0.750117
0.780032
0.808272
0.710578
0.764248
0.743194
0.714013
0.747435
0.764017
0.900407
0.732917
0.735938
0.758634
0.766453
0.820140
0.772256
0.781886
0.743075
0.736119
0.750242
0.785365
0.768292
0.753845
0.757269
0.692596
0.800727
0.697250
0.755898
0.724508
0.683461
0.738005
0.722375
0.804085
0.736357
0.771700
0.725529
0.705154
0.702142
0.744048
0.726954
0.730792
0.774246
0.791887
0.789496
0.731476
0.793754
0.762318
0.787213
0.721770
0.739831
0.726716
0.784945
0.766997
0.726407
0.793746
0.808109
0.794230
0.772767
0.799958
0.809441
0.740984
0.762524
0.748544
0.770355
0.748656
0.739401
0.833629
0.725425
0.762362
0.755690
0.786785
0.769205
0.743505
0.794759
0.781196
0.797290
0.716075
0.731092
0.765572
0.756840
0.787474
0.727532
0.805453
0.761973
0.784912
0.760390
0.825805
0.746157
0.756873
0.751667
0.687254
0.715210
0.803477
0.742733
0.821555
0.795273
0.751476
0.765037
0.738682
0.722149
0.705155
0.793492
0.756532
0.786981
0.755118
0.820532
0.754348
0.735458
0.807262
0.722305
0.738162
0.736275
0.717030
0.745635
0.777076
0.705541
0.736930
0.705185
0.748330
0.727236
0.781544
0.746962
0.770019
0.707390
0.870271
0.769936
0.714608
0.751664
0.759228
0.777406
0.767073
0.783496
0.811049
0.786663
0.767469
0.798185
0.747353
0.708483
0.771261
0.717967
0.723209
0.753241
0.815709
0.763156
0.771063
0.740475
0.696344
0.799434
0.719325
0.721876
0.768583
0.783586
0.813046
0.756853
0.752217
0.808785
0.715236
0.756105
0.739012
0.744530
0.754687
0.728761
0.809779
0.768631
0.845835
0.751282
0.728446
0.750055
0.750306
0.741170
0.784590
0.699378
0.727218
0.703239
0.799492
0.752492
0.767130
0.749399
0.785424
0.760622
0.843410
0.823112
0.738234
0.757926
0.740039
0.767622
0.763855
0.788817
0.762254
0.764580
0.715971
0.772475
0.734327
0.743761
0.798265
0.715517
0.732221
0.780246
0.810802
0.753262
0.794344
0.804151
0.736338
0.735178
0.745812
0.800942
0.755608
0.709571
0.743380
0.757987
0.738692
0.777603
0.756230
0.789179
0.786313
0.724845
0.719790
0.764807
0.799071
0.727159
0.762123
0.705915
0.749818
0.822844
0.758558
0.736688
0.777627
0.724648
0.761299
0.753356
0.739909
0.795129
0.738513
0.785556
0.756789
0.760018
0.711737
0.750329
0.751764
0.771688
0.780065
0.798231
0.776503
0.727198
0.762743
0.780168
0.800747
0.810413
0.697594
0.814214
0.765730
0.761928
0.842177
0.752410
0.718966
0.745358
0.817426
0.709080
0.782804
0.733550
0.745144
0.739454
0.820633
0.762957
0.786237
0.760000
0.749962
0.757771
0.786919
0.793198
0.762305
0.753027
0.785297
0.743553
0.796006
0.749170
0.669310
0.811012
0.777243
0.722416
0.735653
0.730999
0.709768
0.736277
0.730229
0.735761
0.763919
0.709381
0.781930
0.743436
0.802055
0.756172
0.780331
0.826993
0.765595
0.766879
0.706645
0.797643
0.818858
0.724179
0.770180
0.801595
0.789083
0.712547
0.798951
0.801929
0.729370
0.705008
0.767403
0.707766
0.802411
0.729946
0.738577
0.780456
0.752176
0.750175
0.771967
0.690998
0.743522
0.721444
0.786019
0.797457
0.729416
0.754487
0.780301
0.772702
0.775194
0.768799
0.726864
0.730132
0.790584
0.779246
0.774554
0.730157
0.775723
0.718171
0.740204
0.738360
0.781627
0.729846
0.777847
0.764132
0.737704
0.814878
0.793369
0.835317
0.734540
0.812347
0.748099
0.772952
0.742845
0.783128
0.827308
0.726481
0.840833
0.765336
0.854252
0.785412
0.700311
0.815048
0.750870
0.787837
0.788013
0.823232
0.756013
0.690938
0.755453
0.763825
0.774849
0.745024
0.706598
0.722042
0.770174
0.761634
0.714170
0.785268
0.739262
0.851985
0.806431
0.760535
0.781015
0.817232
0.760777
0.738846
0.725713
0.865366
0.794411
0.726846
0.740123
0.722808
0.782457
0.764373
0.809250
0.797954
0.774160
0.731095
0.738433
0.761861
0.744775
0.790232
0.732092
0.833105
0.731624
0.756371
0.726758
0.794259
0.883019
0.747668
0.807212
0.738364
0.800227
0.731912
0.705778
0.713533
0.722651
0.728930
0.791332
0.797896
0.724043
0.772992
0.703722
0.722791
0.753687
0.739543
0.770791
0.724143
0.782576
0.791304
0.693550
0.788547
0.739529
0.796115
0.786293
0.793960
0.772464
0.792054
0.717009
0.717381
0.816588
0.723854
0.754367
0.821445
0.794225
0.780860
0.805881
0.724060
0.704920
0.774408
0.767717
0.757768
0.749095
0.784313
0.716427
0.723411
0.717382
0.722285
0.760510
0.744863
0.772887
0.769126
0.803845
0.737247
0.794144
0.734879
0.785943
0.762883
0.799949
0.798412
0.754896
0.814746
0.804410
0.804776
0.778823
0.823635
0.732135
0.811548
0.685279
0.727834
0.741876
0.719372
0.860596
0.742414
0.695831
0.746652
0.797794
0.693078
0.734220
0.843199
0.758056
0.790884
0.744162
0.691120
0.741126
0.739308
0.742530
0.740013
0.709197
0.776533
0.770377
0.732589
0.765890
0.779043
0.763029
0.758395
0.762928
0.755985
0.790644
0.747786
0.771671
0.751995
0.749603
0.762641
0.746876
0.755763
0.760167
0.765833
0.826690
0.720810
0.740639
0.728882
0.701239
0.789268
0.724581
0.765262
0.746139
0.686797
0.769657
0.774937
0.715381
0.737221
0.734264
0.767310
0.751856
0.782632
0.750079
0.737120
0.744918
0.760494
0.698565
0.729263
0.717030
0.742556
0.851820
0.729628
0.791404
0.729746
0.732608
0.750195
0.757724
0.759792
0.714208
0.782211
0.713564
0.749751
0.803474
0.739689
0.863560
0.749815
0.795621
0.708487
0.763192
0.738629
0.713914
0.792854
0.829344
0.774720
0.736043
0.765228
0.742069
0.751958
0.739174
0.707129
0.766362
0.803910
0.845116
0.765687
0.737453
0.791417
0.676089
0.720838
0.847487
0.729536
0.774128
0.705555
0.769545
0.791627
0.745794
0.778852
0.773827
0.827507
0.730502
0.721576
0.803360
0.790180
0.758664
0.700434
0.791860
0.748360
0.709762
0.713866
0.757335
0.755574
0.782879
0.726446
0.798345
0.797211
0.830888
0.791119
0.738322
0.725571
0.797352
0.729429
0.780640
0.825245
0.741730
0.721470
0.766494
0.773300
0.762825
0.752072
0.769163
0.778828
0.725435
0.756396
0.709799
0.776955
0.703846
0.740050
0.756524
0.832288
0.787239
0.776615
0.727384
0.768977
0.797983
0.757592
0.753759
0.723051
0.759352
0.776941
0.691425
