2.710156
2.694079
2.684961
2.655428
2.591525
2.531356
2.646716
2.458577
2.521499
2.524163
2.421207
2.340095
2.305655
2.336150
2.451501
2.440566
2.256331
2.390372
2.451726
2.211909
2.367362
2.334633
2.355975
2.388131
2.407920
2.365289
2.282424
2.304965
2.289265
2.321757
2.221541
2.191994
2.371758
2.310545
2.246544
2.224737
2.344177
2.297231
2.251699
2.498504
2.122320
2.156790
2.208070
2.192458
2.308657
2.229056
2.217926
2.125499
2.213607
2.085787
2.230834
2.281414
2.183350
2.170830
2.221492
2.176812
2.156328
2.117173
2.100775
2.306194
2.174676
2.139207
2.149109
2.190422
2.100312
2.102620
2.115794
2.129839
2.089994
2.153709
2.082810
2.183330
2.067909
2.182935
2.033915
2.017259
1.982985
2.129047
2.157831
2.130423
2.049450
2.000030
2.168254
2.181611
2.058111
2.096784
2.211222
2.024588
2.111045
2.085690
2.199312
2.034888
1.994541
2.197224
2.112400
1.953194
2.015636
2.030400
1.945811
2.206281
1.915039
1.876915
2.060852
1.983546
1.879493
1.829724
2.151113
2.063558
2.060335
1.923945
2.065194
1.994501
1.993130
1.914030
2.050854
2.110209
2.061853
2.008451
1.942187
1.966087
2.008441
1.998847
2.044628
1.942479
1.874041
1.899392
1.896531
2.089015
1.806526
2.122230
2.007464
2.167457
2.237161
1.994624
1.984488
2.036736
1.845493
1.959266
1.922351
1.934880
1.891816
2.023596
1.887388
1.916659
2.081357
1.978423
1.993276
1.926837
1.873407
2.006447
1.898181
1.930847
1.847387
1.886947
2.004734
1.834451
1.847534
1.875529
2.045479
1.780320
2.016761
1.821374
1.830064
1.917577
1.801155
1.999359
1.997800
2.033974
1.945702
1.865567
1.867056
1.844430
1.951997
1.884482
1.924024
1.840876
1.915200
1.799387
1.891715
1.840292
1.811446
1.892445
1.864346
1.826891
2.000090
1.971703
1.867276
2.048782
1.772708
1.763574
1.803600
1.869144
1.819924
1.810231
1.891631
1.879271
1.920325
1.950879
1.807593
1.813733
1.802986
1.795186
1.992617
1.542870
1.819587
1.726324
2.119986
1.938955
1.795716
2.002759
1.858418
1.742638
1.758103
2.001565
1.809457
1.804839
1.851758
1.831196
2.061292
1.934431
1.754570
1.992190
1.824442
1.834328
1.920393
1.976623
1.848901
1.880426
1.767208
1.879382
1.719056
1.885960
1.864035
1.849872
1.894046
1.908435
1.804748
1.724856
1.896977
1.759072
1.850956
1.732751
1.729394
1.785271
1.784312
1.796452
1.782109
1.737765
1.709040
1.785679
1.781239
1.702709
1.580577
1.721233
1.704157
1.650896
1.616353
1.803149
1.865163
1.704404
1.617580
1.736570
1.931568
1.802061
1.723739
1.718113
1.755407
1.928033
1.711970
1.647642
1.739089
1.840266
1.751594
1.689869
1.767035
1.731367
1.593108
1.704125
1.759755
1.748084
1.615141
1.695783
1.712365
1.795612
1.803873
1.704739
1.830115
1.664171
1.740585
1.714066
1.715237
1.824731
1.738526
1.694961
1.617135
1.823504
1.777451
1.809478
1.888366
1.819251
1.805237
1.838201
1.583585
1.978811
1.960389
1.886620
1.863120
1.738826
1.786863
1.755191
1.677074
1.669062
1.677792
1.869374
1.836842
1.726236
1.776999
1.702791
1.686673
1.653122
1.637024
1.789050
1.645391
1.918910
1.688006
1.854619
1.703014
1.839465
1.854133
1.650436
1.733357
1.749542
1.640832
1.600691
1.738765
1.818897
1.705243
1.717803
1.710545
1.717865
1.731069
1.636952
1.799846
1.687833
1.585393
1.725324
1.684538
1.715982
1.763695
1.650009
1.479911
1.768944
1.823992
1.833361
1.782400
1.670964
1.686265
1.779360
1.676848
1.549048
1.719673
1.597218
1.643621
1.698787
1.803851
1.657983
1.718773
1.730311
1.736158
1.624615
1.543968
1.518501
1.945035
1.771685
1.879258
1.607769
1.731027
1.641140
1.465277
1.707144
1.820132
1.775523
1.571833
1.678213
1.782679
1.420213
1.615580
1.630398
1.774995
1.476748
1.558467
1.668100
1.556011
1.510562
1.571747
1.724494
1.756729
1.711689
1.731476
1.611706
1.568509
1.508999
1.545030
1.730642
1.509054
1.603172
1.886231
1.609535
1.595729
1.515800
1.563249
1.497726
1.396087
1.501703
1.545732
1.974401
1.729213
1.657514
1.606532
1.490872
1.677625
1.415536
1.480879
1.402363
1.673296
1.790778
1.431801
1.397295
1.769117
1.583891
1.500000
1.524544
1.786148
1.483997
1.652291
1.692734
1.776843
1.538995
1.769600
1.789382
1.678123
1.662427
1.701684
1.676844
1.718709
1.643924
1.738576
1.712695
1.558882
1.766715
1.638912
1.531523
1.540483
1.672347
1.603869
1.617029
1.556489
1.581222
1.715679
1.713901
1.597756
1.809783
1.717449
1.667326
1.715580
1.598502
1.547777
1.591029
1.566218
1.702901
1.528695
1.585188
1.682320
1.563962
1.591427
1.607326
1.551726
1.583154
1.778043
1.617580
1.501767
1.686279
1.640016
1.562451
1.429190
1.404902
1.666848
1.642009
1.454921
1.692208
1.523900
1.602878
1.578913
1.680747
1.447892
1.935661
1.435460
1.636642
1.409909
1.434405
1.547541
1.385070
1.471752
1.624067
1.345645
1.546345
1.597219
1.516679
1.520202
1.499245
1.538346
1.573568
1.703822
1.547699
1.736326
1.299149
1.668826
1.314773
1.442215
1.546821
1.452737
1.496267
1.385115
1.575007
1.427309
1.542315
1.464245
1.446869
1.321449
1.511349
1.677888
1.627234
1.769250
1.632460
1.743918
1.540891
1.547947
1.543131
1.495412
1.560130
1.589467
1.606734
1.458237
1.526251
1.388437
1.626780
1.569982
1.561359
1.622729
1.473731
1.732130
1.640686
1.589179
1.413374
1.448685
1.461092
1.712462
1.630708
1.486546
1.615739
1.456620
1.525123
1.529476
1.438653
1.379779
1.603287
1.415411
1.651913
1.547966
1.268988
1.383366
1.406514
1.446927
1.402001
1.577350
1.409609
1.569358
1.538518
1.595211
1.605846
1.490120
1.634537
1.427062
1.467025
1.667535
1.728250
1.361949
1.577016
1.808299
1.443973
1.569230
1.521118
1.594751
1.556698
1.620480
1.430212
1.413264
1.377804
1.575614
1.465229
1.311113
1.337358
1.675564
1.455212
1.201948
1.496781
1.464701
1.519534
1.327306
1.399039
1.502932
1.554654
1.788073
1.557859
1.569644
1.501111
1.581965
1.681447
1.590240
1.398161
1.528358
1.636597
1.540356
1.430231
1.558953
1.543188
1.486344
1.503415
1.588207
1.612896
1.304313
1.461971
1.430166
1.522775
1.618548
1.434177
1.470361
1.440094
1.407954
1.457224
1.456938
1.630549
1.581191
1.643320
1.308995
1.360881
1.651061
1.487873
1.632182
1.482670
1.618847
1.549251
1.654245
1.500368
1.507854
1.495584
1.566718
1.383490
1.403619
1.375211
1.609456
1.537408
1.325217
1.292422
1.609279
1.513827
1.699072
1.324711
1.435020
1.374303
1.450165
1.494000
1.493651
1.424727
1.430053
1.443113
1.472001
1.400866
1.520940
1.459902
1.548589
1.338214
1.476760
1.405574
1.724759
1.704963
1.340288
1.323082
1.500046
1.566735
1.326206
1.575314
1.585747
1.377439
1.360471
1.435959
1.481185
1.420137
1.450657
1.462109
1.482181
1.441249
1.567490
1.430576
1.580179
1.346571
1.455620
1.388777
1.329462
1.434490
1.317339
1.521433
1.399575
1.469547
1.383693
1.337513
1.330456
1.402014
1.217240
1.388582
1.429058
1.486478
1.387769
1.498832
1.395760
1.436004
1.450711
1.491195
1.500771
1.260913
1.395542
1.488771
1.305527
1.473721
1.626119
1.550414
1.449421
1.498596
1.442092
1.442843
1.480622
1.413995
1.353701
1.407049
1.440083
1.417529
1.355775
1.551761
1.405080
1.520749
1.312178
1.488169
1.549181
1.352105
1.595390
1.389067
1.469388
1.386016
1.392761
1.328483
1.458580
1.492164
1.417906
1.567452
1.537230
1.469428
1.390157
1.339224
1.380816
1.327176
1.542500
1.517837
1.276880
1.511594
1.398167
1.364878
1.540693
1.489601
1.471919
1.508922
1.325130
1.455124
1.486622
1.535720
1.447830
1.407336
1.564583
1.626231
1.416540
1.414971
1.434915
1.363737
1.405409
1.314026
1.306658
1.389755
1.476345
1.314169
1.349667
1.294638
1.329811
1.522783
1.287433
1.313798
1.083317
1.425431
1.329651
1.514235
1.513335
1.497533
1.591025
1.373182
1.489514
1.443936
1.466676
1.359578
1.655505
1.330425
1.526237
1.385939
1.333797
1.335876
1.517108
1.516100
1.529894
1.390423
1.452522
1.425067
1.322580
1.408166
1.441537
1.459124
1.318537
1.310158
1.517801
1.350798
1.290189
1.339644
1.273708
1.259825
1.434225
1.317277
1.331400
1.249519
1.384294
1.483807
1.300622
1.272200
1.328364
1.518989
1.156706
1.456929
1.323183
1.369614
1.296499
1.315903
1.359776
1.414822
1.364302
1.297883
1.455414
1.370848
1.572867
1.346115
1.552783
1.307603
1.434499
1.354610
1.519697
1.315119
1.329268
1.435891
1.295218
1.201102
1.243134
1.335406
1.316963
1.448519
1.312159
1.517345
1.294864
1.489308
1.271260
1.188794
1.257770
1.418837
1.425055
1.303053
1.238315
1.297362
1.356155
1.473133
1.364364
1.423133
1.304223
1.431151
1.238756
1.327017
1.535141
1.463902
1.510415
1.360865
1.508296
1.312280
1.187124
1.441927
1.309313
1.566970
1.447580
1.329798
1.245892
1.432364
1.188887
1.465160
1.528318
1.225414
1.392608
1.324726
1.435784
1.335625
1.358929
1.303459
1.326797
1.362491
1.210490
1.486244
1.373132
1.282416
1.362151
1.247667
1.351412
1.186207
1.507653
1.316023
1.187471
1.358379
1.502200
1.248164
1.240290
1.332898
1.411256
1.345792
1.410681
1.395971
1.421835
1.391334
1.449986
1.357739
1.230531
1.252903
1.380621
1.517255
1.347910
1.330244
1.257257
1.321217
1.545125
1.260501
1.254300
1.128462
1.430300
1.332788
1.339543
1.287695
1.431942
1.193724
1.428872
1.387259
1.279333
1.401377
1.283435
1.339759
1.515341
1.349198
1.319200
1.329311
1.398828
1.171341
1.423017
1.322815
1.157901
1.269867
1.266728
1.346048
1.124046
1.388758
1.260790
1.352989
1.397669
1.149853
1.219017
1.202687
1.321336
1.270569
1.492402
1.222172
1.459590
1.311016
1.403991
1.240194
1.222977
1.322445
1.236626
1.254570
1.387082
1.447636
1.351465
1.352927
1.189707
1.436357
1.308243
1.293319
1.602128
1.377873
1.281709
1.475570
1.523577
1.365455
1.486784
1.439200
1.223251
1.219696
1.262829
1.346261
1.160708
1.469184
1.297075
1.262460
1.339906
1.489481
1.331432
1.454221
1.422302
1.329861
1.197937
1.333627
1.267309
1.171975
1.261539
1.506634
1.370729
1.187840
1.340732
1.326132
1.261972
1.439797
1.263077
1.339194
1.251460
1.322290
1.185932
1.102683
1.470880
1.187312
1.158256
1.379745
1.389776
1.193468
1.299811
1.465034
1.338849
1.275207
1.224451
1.175064
1.162043
1.113376
1.255058
1.186630
1.145848
1.340922
1.112197
1.512205
1.247835
1.247053
1.224917
1.252884
1.538522
1.328179
1.437529
1.344106
1.320797
1.236375
1.251252
1.312758
1.191012
1.191479
1.213306
1.050487
1.134578
1.313603
1.201080
1.282468
1.157729
1.248077
1.239285
1.209197
1.403066
1.381673
1.310430
1.188597
1.378130
1.533879
1.162980
1.326905
1.271338
1.215602
1.221450
1.289713
1.397236
1.371697
1.488772
1.305711
1.333171
1.305690
1.142259
1.199020
1.312396
1.416453
1.311610
1.362589
1.252940
1.200458
1.362454
1.242780
1.265002
1.313832
1.337528
1.089120
1.376739
1.170580
1.155557
1.332978
1.396452
1.307383
1.350429
1.249230
1.511725
1.139466
1.280003
1.268776
1.244849
1.228550
1.192663
1.296943
1.222371
1.158009
1.309098
1.315241
1.311611
1.250005
1.260042
1.366457
1.359245
1.224146
1.299763
1.312034
1.252315
1.219334
1.088189
1.458824
1.285367
1.262502
1.132597
1.314407
1.258058
1.223313
1.178279
1.370165
1.338210
1.521837
1.243236
1.283110
1.301403
1.239277
1.264732
1.191715
1.231033
1.415396
1.172419
0.922680
1.357949
1.317266
1.181073
1.319201
1.125230
1.325554
1.472577
1.431575
1.195930
1.377337
1.139096
1.495842
1.310626
1.517568
1.338089
1.087479
1.275433
1.190860
1.291726
1.175882
1.189289
1.149706
1.224298
1.289678
1.390899
1.123383
1.151403
1.339341
1.142030
1.128380
1.277734
1.261136
1.423715
1.230349
1.110570
1.487583
1.155398
1.480622
1.040944
1.117020
1.283269
1.371307
1.236862
1.425740
1.358974
1.348515
1.366706
1.095227
1.202767
1.205440
1.317933
1.133428
1.384455
1.207083
1.306740
1.229776
1.346164
1.258576
1.324988
1.170251
1.177776
1.196584
1.195731
1.123561
1.340832
1.259566
1.186924
1.161537
1.271500
1.262215
1.187186
1.350559
1.207684
1.316414
1.273358
1.150376
1.195086
1.187538
1.197857
1.144182
1.453219
1.063308
1.138151
1.352081
1.221045
1.322343
1.116400
1.101490
1.355461
1.368982
1.503669
1.364353
1.144794
1.175718
1.029548
1.333188
1.293346
1.177199
1.320951
1.114287
1.202715
1.201933
1.183151
1.213966
1.223883
1.192299
1.056741
1.050673
1.159943
1.221703
1.108372
1.100724
1.113290
1.270124
1.174115
1.088768
1.046715
1.219597
1.155422
1.343789
1.081792
1.105477
1.140907
1.280592
1.072327
1.227681
1.339147
1.073324
1.223667
1.294532
1.413230
1.173120
1.259967
1.174446
1.177982
1.151494
1.192008
1.307571
1.204340
1.435616
1.347004
1.147993
1.032651
1.205005
1.314272
1.207692
1.049306
1.179991
1.197767
1.076293
1.136999
1.338042
1.268690
1.435825
1.095102
1.081432
1.325154
1.077694
1.072567
1.120964
1.126381
1.106660
1.417066
1.156058
1.056918
1.102764
1.133657
1.329830
1.106878
1.079281
1.293934
1.251846
1.212419
1.528426
1.236567
1.140898
1.155264
1.391806
1.242694
1.083091
1.317595
1.311354
1.316522
1.297194
1.363949
1.288559
1.394778
1.475272
1.249516
1.289830
1.146337
1.288814
1.124768
1.228103
1.048375
1.467975
1.109836
1.298130
1.427975
1.111280
1.143039
1.173790
1.425258
1.198608
1.311020
1.275105
1.192881
1.115409
1.123716
1.386985
1.247805
1.193697
1.312770
1.255789
1.387406
1.156057
1.226839
1.402076
1.200689
1.157761
1.185035
1.294589
1.175916
1.180640
1.430422
1.221825
1.053152
1.127579
1.277301
1.268019
1.148816
1.237507
1.178537
1.146016
1.161347
1.078761
1.255806
1.308506
0.941295
1.142861
1.149517
1.191349
1.018694
1.008915
1.110076
1.206794
1.102650
1.288116
1.085346
1.082116
1.172638
1.055249
1.272963
1.223133
1.189909
1.167561
1.082263
1.113959
1.217394
1.213108
1.077340
1.336190
1.170829
1.090984
1.176258
1.175335
1.193541
1.245090
1.296758
1.167930
1.162163
1.218002
1.001553
1.387620
1.175610
1.321312
1.146639
1.108481
1.090989
1.322641
1.178596
1.230000
1.140477
1.201254
1.287121
1.372172
1.237901
1.295782
1.011911
1.247692
1.083811
1.178000
1.279730
1.083943
1.276607
1.215801
1.225759
1.359458
1.298311
1.151204
1.317375
1.286607
1.217712
1.166133
1.263322
1.211527
1.212644
1.142704
1.121441
1.082606
1.170865
1.181093
1.152690
1.098905
1.253862
1.253973
1.247717
1.094775
1.176357
1.320041
1.150804
1.149527
1.296766
1.110627
1.157058
1.003527
1.109563
1.108296
1.222476
1.256076
1.167100
1.095888
1.071756
1.195683
1.301470
1.155149
1.211470
1.159404
1.185133
1.095169
1.254372
1.218892
1.249228
1.191590
1.187556
1.222305
1.064533
1.214990
1.240643
1.161306
1.245917
1.103313
1.078128
1.248442
1.167653
1.014693
1.215505
1.133638
1.045418
0.976427
1.274364
1.199205
1.165071
1.220477
1.112260
0.987524
1.099328
1.206174
1.288689
1.185803
1.258770
1.227941
1.182049
1.098932
1.087318
1.111922
1.014011
1.198626
1.231455
1.183708
1.142872
1.073467
1.166306
1.046234
1.204751
1.323154
1.287509
1.298327
1.168770
1.179491
1.293404
1.192107
1.206535
1.472337
1.126449
1.150288
1.220190
1.138117
1.047086
1.216955
1.175370
1.103844
1.078103
1.016363
1.302716
1.182866
1.052777
1.251750
1.168081
1.086098
1.269913
1.113611
1.263159
1.230921
1.102595
1.101124
1.187056
0.988629
1.063346
1.209960
1.096903
1.216751
1.015287
1.143856
1.031919
1.267047
1.105285
1.267830
1.275298
1.057744
1.594806
1.009730
1.178126
1.180509
1.087680
1.116646
1.078455
1.146224
1.050372
1.153620
1.117220
1.277857
1.110174
1.365492
1.303465
1.158915
1.227633
1.090938
1.112937
1.238668
1.149576
1.098215
1.067399
1.009667
1.059520
1.049454
1.220432
1.175265
1.217018
1.222156
1.134162
1.170354
1.239908
1.150720
1.247655
0.963107
1.110028
1.138651
1.221617
1.208015
1.230228
1.364841
1.194523
1.252003
1.420910
1.193656
1.230659
1.238480
1.200514
1.080816
1.220581
1.061147
1.016930
1.136254
1.178926
1.160178
1.142698
1.038779
1.136183
1.313999
1.294431
1.058679
1.159125
1.120453
1.246112
1.232210
1.102961
1.050073
1.145344
1.131776
1.196374
1.101432
1.001629
0.989091
1.050104
1.108198
1.077884
1.194207
1.099840
1.143939
1.253695
1.033541
1.038755
1.121489
1.311770
1.239100
1.172315
1.102866
1.226107
0.962149
0.958281
1.232216
1.265869
1.169932
0.926706
1.254553
1.086832
1.208640
1.024079
1.235647
1.329581
1.181728
1.169168
1.039672
1.138388
1.188356
1.151930
0.975839
1.037485
1.263751
1.266490
1.277648
1.202465
1.318263
1.156700
1.194199
1.141132
1.071271
1.331335
1.042709
1.232464
1.118043
1.239282
1.167626
1.171910
1.236572
1.204330
1.141727
1.244115
1.178115
1.089691
1.232154
1.092286
0.935561
1.035980
1.168011
1.324245
1.046561
1.243222
1.282009
1.075254
0.977542
1.221555
1.063463
0.967807
1.160019
1.163533
1.084212
1.039358
1.008098
0.959598
1.128532
1.088072
1.154169
1.011939
1.143858
1.125485
1.103703
1.158180
1.208326
1.290208
1.227723
1.115922
1.171174
1.019514
1.161366
1.088732
1.097518
1.113979
1.144687
1.121196
1.183307
1.158699
1.236385
1.066305
1.060908
1.157653
0.989436
1.051520
1.098493
1.055336
1.067318
1.058226
1.096150
1.130666
1.114422
1.166988
1.094505
1.122780
1.128541
1.165714
0.976176
1.083587
1.184774
1.059721
1.010061
1.152735
1.194366
1.176436
1.207396
0.908120
0.963409
1.089096
1.365311
1.035226
1.180340
1.140513
1.085526
1.000934
1.124149
0.996633
1.164969
1.066977
1.112927
1.206320
1.043967
1.149119
1.052540
1.055487
1.123481
1.044201
1.170178
1.013129
1.109830
1.109147
1.162493
1.096799
1.132687
1.075281
1.004682
1.010220
1.077418
1.092647
1.006812
1.028085
1.040042
1.280759
0.994421
1.077734
1.407684
1.083921
1.037875
1.254742
1.103325
1.114911
1.241386
1.066885
1.209324
0.959104
1.128009
1.281401
1.118459
1.030368
1.005579
1.060650
0.940664
0.906817
1.288293
0.943661
1.098148
1.150455
1.043769
1.181185
0.976990
1.113507
1.237516
1.044536
0.964909
1.060661
0.917662
1.076577
0.965387
1.157790
1.086214
1.184231
1.163714
1.073976
1.053117
1.042934
1.109447
1.054744
1.006050
1.047382
0.991601
1.156004
1.195567
1.013515
1.206330
1.060306
1.065771
1.119007
1.128742
1.371861
0.960159
1.015101
1.061088
1.147100
1.128157
1.162969
1.306452
1.150863
1.158170
1.123389
1.000239
0.992633
1.110321
1.008394
1.140573
1.227804
1.110521
0.990383
1.124725
1.216505
1.244421
1.078346
1.212307
1.035619
1.113906
0.993192
0.877322
0.996089
0.945399
1.107795
1.081665
0.924280
1.004950
1.125660
1.137985
0.923713
0.940642
1.275525
1.124424
1.084783
0.996670
1.100413
1.020381
1.203102
1.172538
1.032672
1.295387
1.104814
1.026427
1.037966
1.120398
1.131408
1.097601
1.106698
1.020748
1.102102
1.167468
0.904361
0.955526
1.047261
1.083159
1.019442
1.077936
1.079865
0.967453
0.986915
0.916377
1.007333
1.062906
0.942272
0.962344
0.927972
1.157062
1.168572
1.111042
1.156155
1.056211
0.965051
1.068447
0.964146
1.052112
1.034422
1.169221
1.159557
1.018005
1.120873
1.051187
1.229589
1.228504
1.030331
0.977918
1.310492
1.099380
1.131192
1.076307
1.133590
1.066956
1.046237
1.100644
1.198501
1.047712
0.959275
0.955065
0.911428
1.100313
0.980079
0.966895
0.954284
1.024873
1.038157
1.074568
0.979690
0.872908
1.218393
1.058243
0.967137
1.019167
1.129917
0.961161
1.078683
1.091226
1.004435
1.038746
1.169655
1.034163
0.872261
1.039070
1.006929
1.099888
1.071795
0.961580
0.864368
1.063236
1.023201
1.065693
1.047190
1.269145
1.200683
1.262258
1.098166
1.166494
1.085156
0.884473
1.241169
1.225922
0.946862
1.241472
0.856611
1.104557
1.115902
1.029937
1.035647
1.008166
1.094920
1.097789
1.196945
1.003942
0.906220
0.984163
1.034308
1.010341
0.847018
0.822184
0.957881
0.944084
1.143907
1.131324
1.039602
0.946827
1.094582
1.159968
1.064591
1.123464
0.853584
0.988368
1.276305
1.055481
1.060289
1.158073
1.162372
1.003745
0.898286
1.073848
1.185760
0.839936
0.978457
1.159762
0.971366
1.120789
0.944054
1.055464
0.980082
1.075461
1.052680
0.941958
1.061814
1.066340
1.102987
0.945535
1.214102
0.991994
1.267586
0.950165
0.994399
1.155800
1.115432
0.968789
0.931781
1.280569
1.020738
1.074511
0.774513
1.081267
0.883310
1.080806
1.064803
0.990346
1.336406
0.993707
0.918230
1.034313
0.965255
0.883359
0.897089
1.164843
0.959705
1.104957
0.911348
0.879187
0.963470
1.174132
1.150720
1.128722
0.901257
1.079532
1.069041
1.165527
1.024625
0.950690
1.053958
1.233552
1.163453
1.021805
1.079328
1.043565
0.914546
1.090433
1.018528
1.076491
1.032809
0.924104
0.815515
1.102113
1.162486
0.990919
0.935453
1.040893
0.925406
0.963775
1.212794
0.955137
0.965500
0.897880
1.138049
1.197217
1.092717
1.154941
0.945508
0.965841
1.044667
1.152521
1.109028
1.025159
1.029433
1.227629
1.058047
0.999636
1.079079
1.048185
1.031766
1.217813
1.149100
1.054140
0.911470
1.088762
0.992288
1.060607
0.965982
1.285118
1.175375
0.996101
1.101535
1.073746
0.897084
1.049995
0.975371
1.012725
1.142140
0.983755
0.918769
0.944063
0.901287
0.890435
1.048376
1.046662
0.921121
0.942494
0.877739
1.341837
0.968775
0.828992
1.249272
0.820771
1.019098
1.010268
1.086607
1.102711
0.996086
0.952156
1.124891
0.946244
1.135536
0.887426
1.005351
0.964954
0.958676
0.885012
0.934856
0.943536
0.982852
1.047266
1.222941
0.993736
0.908692
1.046417
0.996675
1.075247
1.051411
1.097087
1.007423
0.990608
0.926009
0.869136
1.170640
0.908744
1.003172
1.038405
0.792713
1.263937
0.910219
0.931262
1.224815
0.980118
1.143155
1.029829
1.022944
0.983273
1.112332
0.938941
1.132992
0.958386
1.020945
0.896475
1.084395
0.986677
1.036937
0.969418
0.926371
1.075616
1.071832
1.095294
0.856063
1.062398
0.870832
0.936934
1.160897
1.022154
0.943731
1.107676
1.026987
1.198756
1.115244
1.014295
0.991375
1.070740
0.985237
1.078963
0.950483
0.990433
1.011779
0.937523
0.904775
0.930156
0.976256
1.113189
0.970234
0.979502
1.168740
0.949192
1.107454
0.925063
1.082939
1.162344
1.092450
0.954884
1.197685
0.982407
1.102922
1.211476
1.048648
1.084118
1.123890
1.023967
0.948508
1.045916
0.913709
1.060613
1.113643
0.977130
1.178399
0.999823
1.011398
0.905016
1.066916
0.928115
0.876270
0.947392
1.033005
1.038698
1.072515
0.940458
1.059658
1.180342
0.966186
0.916995
1.009291
1.036021
0.955710
1.110746
1.065950
0.965796
1.094866
0.855213
0.862918
1.106105
0.926594
0.999390
1.055093
1.370450
1.011419
1.027424
0.959858
0.923833
1.050081
0.982238
1.147695
0.933631
1.152267
1.215857
1.129324
1.199342
1.043904
1.074657
1.038056
0.851778
0.977475
0.984131
0.983668
0.976420
1.046067
0.862853
0.954148
0.935611
0.937775
0.945902
1.012442
1.098734
0.962388
1.010568
1.233054
0.854432
0.870352
0.986665
0.990088
0.993930
1.043677
1.116103
1.113716
1.117474
0.853816
1.023625
0.877148
1.127287
0.994431
1.125680
1.146908
0.965900
1.006037
1.021776
0.798633
0.900969
0.927086
1.091217
1.092262
1.121697
1.148754
1.034034
0.972275
1.011356
0.889241
1.047242
0.957636
0.987613
0.988375
0.809501
1.165006
1.103900
1.011501
1.004431
1.156255
0.809437
1.056896
0.929802
1.144829
0.961497
0.904291
0.958484
0.921017
1.091009
0.905443
0.969608
0.988643
0.902427
1.073030
0.876903
0.948718
1.174913
0.959619
1.054412
0.939505
1.286260
0.889560
1.188430
0.914777
0.920875
0.794862
0.980710
1.036087
0.927328
0.916327
0.944347
1.206363
0.909011
1.116519
1.310796
0.977624
0.973632
0.942838
1.090816
0.980292
1.005885
0.952843
0.874421
1.086518
1.242924
1.170525
1.190510
0.928909
0.975381
0.928326
1.032318
0.981526
0.908192
0.977288
0.921766
1.010460
1.034941
1.078917
0.800173
0.876636
1.000004
0.980928
1.031513
0.897509
0.870351
1.076195
1.046809
0.980012
0.970299
0.923678
0.745724
1.020763
0.928079
0.898291
0.964915
0.792956
0.977498
0.996750
0.994644
1.004558
0.959597
0.990148
0.984107
0.932589
0.928684
1.141609
0.937400
1.046540
0.952340
1.007725
0.929210
0.802165
0.984466
0.872780
0.990121
1.067825
1.065716
0.929357
0.836893
0.959864
1.101394
0.972703
1.077810
0.809003
0.857299
0.907171
1.002669
1.070531
1.259316
0.915231
0.947671
1.016423
0.947324
1.018679
1.022499
1.119482
0.926430
0.969398
0.943717
0.951786
1.148478
1.192125
0.984738
0.981537
1.255588
0.907359
0.858051
1.044122
1.014874
0.919623
0.931588
0.914875
0.960255
1.006929
0.897835
0.970500
0.872068
0.940423
0.963397
1.017436
0.817962
0.833786
0.851101
0.934850
0.970632
0.954575
0.882182
0.975964
1.096105
1.034569
0.889701
0.871401
1.184434
0.970352
1.009287
0.923891
1.035041
0.813046
1.026894
0.883252
1.002918
0.955486
0.985453
1.010897
1.005947
0.913467
0.969063
0.901804
0.922946
0.946275
0.982814
1.001970
0.968938
0.882234
1.018690
1.080948
0.854884
1.076270
1.058687
1.060451
1.151478
1.136024
1.077055
1.038401
0.859338
1.010017
1.026618
0.978832
1.007767
1.016791
1.099696
1.016258
0.999810
0.873171
0.775265
0.968501
1.073540
0.951103
0.972536
0.750693
1.051768
1.037414
0.901142
0.991118
0.908474
0.859923
0.891648
0.911055
0.970674
0.950694
1.178961
0.900134
0.980071
0.839776
0.915985
0.825287
1.012897
0.955298
1.110893
0.907399
0.926289
0.871606
1.161505
1.013819
1.045446
0.983792
1.092779
0.883308
1.038622
1.108490
1.042829
1.034553
0.946030
1.017135
1.053020
0.953831
0.756103
0.975562
0.907959
1.002464
1.011565
0.912694
0.865400
0.875319
1.076939
1.049585
0.812766
0.947174
0.937238
1.261556
0.820000
0.927470
0.789917
0.843311
0.965697
0.972329
0.909162
0.823376
1.087186
1.027367
0.730356
1.071959
1.010781
0.974555
0.998930
0.945355
0.899041
0.866258
1.171321
0.812346
1.041007
0.988322
0.927318
1.048870
0.913143
1.021322
0.946082
0.996069
0.984078
0.907998
0.927215
0.932365
0.954129
0.928201
0.947117
0.955626
0.990453
0.911914
1.003429
1.013712
0.753597
1.035445
0.917657
0.898568
0.839714
0.926078
0.807950
0.988804
1.025643
1.241007
0.986601
0.874636
0.875057
1.027639
0.822190
0.980097
1.016398
1.033825
1.084110
0.893709
0.842359
0.957918
0.890572
0.974560
0.931551
0.996563
1.119428
0.854780
0.965711
0.949988
0.840520
0.819352
1.124007
1.047252
0.815088
0.840403
0.989469
0.908713
1.130994
1.062956
1.217953
0.901927
0.976082
0.849870
0.964846
0.958140
1.005479
0.814773
1.187046
0.919978
0.855282
1.021605
0.951222
0.953806
0.810721
0.995284
0.771450
1.056850
0.976058
1.000244
0.908793
0.921743
1.079181
0.925600
0.903126
0.953940
0.890707
0.788065
0.750942
0.853168
0.852360
0.926013
0.836293
1.071500
1.003016
0.995262
0.870342
0.926288
0.880437
1.081066
1.091115
1.047726
1.044739
0.950155
1.036226
0.890383
0.853814
0.916526
0.955759
0.908350
1.022123
0.868295
0.882513
0.910713
1.110754
0.883545
0.877354
1.002026
0.814162
0.791862
0.867760
0.974499
0.944277
0.819693
0.823267
0.770036
0.897148
0.991135
0.906932
0.764834
1.070420
0.772030
1.075907
0.723425
0.933648
1.007128
0.883576
0.925048
0.962511
0.886777
1.047222
0.807146
1.034917
0.954957
1.007241
0.836215
0.857158
0.926564
0.832781
0.943927
0.999165
0.818237
0.859037
0.827897
0.892430
1.004830
0.902815
0.821209
0.661879
0.937522
0.942084
0.983058
0.914336
1.137446
0.970940
1.094133
0.812287
0.895018
0.974154
0.924396
0.948368
0.856104
1.013287
0.939070
0.767218
0.901872
1.126010
1.019071
1.043600
0.940007
0.851121
0.797177
0.962397
1.048504
0.833512
0.908704
1.040776
1.029011
0.916876
0.870288
0.819222
0.796075
0.938778
0.855095
0.911909
0.921145
0.909763
0.871036
0.965245
0.864655
0.933705
0.868923
0.881651
0.808623
0.834350
1.063647
0.989653
0.984344
0.890212
0.898334
0.828377
0.784132
0.867621
0.897267
1.035318
0.878607
0.947009
0.932419
0.904605
1.136305
0.916809
1.055036
0.761138
0.988994
0.911396
1.008395
0.906500
0.832298
0.668146
0.855904
0.863353
1.030108
1.062898
0.846880
0.880911
0.962016
0.901330
0.839679
1.019943
0.989651
1.025201
0.901592
0.915458
0.883588
1.028464
0.906145
0.893674
0.960409
0.836249
0.841565
1.104764
0.768147
1.161791
0.984633
0.838211
0.843359
0.945682
0.912850
0.855064
0.950709
1.052953
1.060409
0.989753
0.854500
0.974928
1.164357
0.839203
0.954984
1.061967
0.870226
0.982839
0.944577
0.999774
0.836007
0.820222
0.891347
0.994705
0.951272
0.856817
1.069181
0.960079
1.037568
1.191066
0.901182
0.847963
0.884866
0.875674
0.825362
1.081468
0.825271
1.047543
0.758000
0.949607
0.816378
0.965061
0.986922
0.888793
0.985007
0.979917
0.957426
1.115123
0.970408
0.832537
0.905022
0.952541
0.899528
1.102165
0.936245
0.890967
0.947593
0.979306
0.920735
1.081769
0.979677
0.781933
0.965243
1.011534
0.934483
0.971791
0.907226
0.893584
1.065816
0.839083
0.839940
0.939092
1.075582
0.791731
0.984639
1.118871
0.812186
0.668709
0.825661
0.916627
0.836202
0.928455
0.870890
0.867408
0.918881
1.017480
0.996952
0.949019
0.914476
0.870183
0.957763
0.965004
1.092021
0.914773
0.937386
1.262699
0.913343
0.870103
0.836589
0.953677
0.922986
0.961394
0.827566
0.842510
0.853519
0.742099
1.067859
0.965133
0.979933
0.809160
0.821442
0.836736
0.978269
1.005522
0.891263
0.965020
1.016128
1.079571
0.866495
0.747297
1.011071
1.022362
0.860107
0.841444
0.758798
0.879210
0.787497
0.751700
0.827677
0.972864
0.972517
0.902809
1.016594
0.838755
0.782358
0.889168
1.121938
0.904363
0.907749
0.913875
0.834852
0.836275
0.826272
0.711309
1.029148
0.846722
0.923899
0.961854
0.893054
0.907509
0.996103
0.919743
1.136917
1.041932
0.807733
0.864098
0.776493
0.903933
1.091624
0.904170
0.793919
1.026483
0.874568
0.662495
0.957359
0.876916
0.835005
0.915489
0.725609
0.816837
0.883079
0.832301
1.006572
0.904347
0.800379
1.060825
0.816727
0.752346
0.853939
0.829496
0.858588
0.922025
1.003042
0.789677
0.897508
0.935306
0.913653
0.989586
1.148490
0.911404
0.865319
0.817665
0.960209
0.959527
0.922458
0.945156
0.996804
0.892233
0.866397
0.917096
0.890687
0.727696
0.773032
1.033165
0.987379
0.756037
1.006303
0.878688
0.913798
0.824305
0.982709
0.750332
1.162109
0.953078
0.890228
0.878676
0.999649
0.880810
1.061720
0.797009
0.856976
0.839435
1.029379
0.991906
0.833690
0.983897
0.759592
0.849572
0.990548
0.864371
0.812988
1.002698
0.889971
0.809484
1.052814
0.870830
0.920711
1.042068
0.845903
0.869167
0.932824
0.766455
0.971831
0.826877
0.806859
0.750196
0.869494
1.000370
0.980111
0.783688
0.862247
0.715776
0.827872
0.786027
0.835051
0.780939
0.865775
0.779511
1.090322
0.991443
0.853254
1.001249
0.785176
1.003555
0.818920
0.744664
0.947771
0.905366
1.016784
0.940818
0.791366
0.841951
0.758462
0.951004
0.976186
1.078168
0.938246
0.777265
0.826372
0.818009
0.803558
0.771819
0.972112
0.744948
0.748936
0.899426
0.861225
0.881786
0.900645
0.696461
0.758427
0.942131
0.859941
0.875083
0.936883
0.804050
0.855564
0.955828
0.861835
0.800600
0.967887
0.902526
0.827696
0.853826
0.796201
0.862330
0.847168
0.707098
0.897852
0.704214
0.765439
0.731886
0.869502
0.824817
0.865703
0.853110
0.928741
0.759324
0.900074
0.896642
0.920609
0.777942
0.849699
0.731042
0.999009
0.962132
0.826334
0.764437
0.825817
0.828131
0.942951
0.776560
0.909129
0.840966
0.830603
0.699561
0.778597
1.021131
0.943058
1.051563
0.775746
0.710646
0.799875
0.738032
0.954549
0.964824
1.020795
0.818330
0.942368
0.801031
0.950761
0.739239
0.857875
0.875504
0.870876
0.969743
0.926212
0.991986
0.863144
0.800025
0.820304
1.033935
0.890719
0.808652
0.890066
0.943006
0.779390
0.955419
0.863880
0.994904
0.766890
0.766118
0.706351
0.839968
0.953297
0.950459
0.812160
0.891932
0.864330
0.921745
1.020270
0.734941
0.920910
0.831373
0.957822
1.075762
0.844444
0.994591
0.920008
0.903801
0.795622
0.866562
0.869938
0.806592
0.879794
0.739840
0.920811
0.872584
0.856598
0.877958
0.828817
0.915519
1.000884
0.910518
0.900324
0.915517
0.750900
0.979264
1.081499
0.772368
0.915205
0.839101
0.801780
0.808530
0.964474
0.733487
0.960388
0.881460
0.840669
0.905447
0.926867
0.891355
0.813883
1.037683
0.903250
0.750878
1.111225
0.994494
0.861544
0.763058
0.800854
0.871015
0.784702
0.887565
0.760988
0.744553
0.824240
0.926071
0.973824
0.788778
0.860644
0.850747
0.783772
0.943291
0.960355
0.880440
0.932376
0.856547
0.911084
0.857564
0.886617
0.932480
0.779032
0.751287
0.857877
0.878644
0.709167
0.904919
1.060492
0.912700
0.816969
0.788063
0.999683
0.760869
0.849173
0.885261
0.990462
0.936165
0.716584
0.778539
0.918028
0.910388
0.739514
0.895718
0.967895
0.906389
0.745068
1.075718
0.952256
0.951356
1.039937
0.938876
0.816607
0.841861
0.845771
0.873202
1.003132
0.917104
0.789735
0.832525
0.859708
0.894335
1.165328
0.804156
0.930272
0.799588
0.954699
0.848245
0.739514
0.813424
0.909400
1.064076
0.917751
0.996357
0.871329
1.034222
0.762499
0.856748
0.810689
0.889050
0.795271
0.886948
1.016680
0.871720
0.771452
0.779809
0.720279
0.830445
0.815379
0.898562
0.814743
0.961905
0.776119
0.897073
0.865455
0.824387
0.940359
0.840403
0.845327
0.831214
0.919054
0.756657
0.972093
0.918319
0.843154
0.794040
1.070274
0.942630
0.844793
0.858259
0.766532
0.935176
0.756437
1.055145
0.919443
0.849305
0.888247
1.057244
0.880558
0.759137
0.938443
0.803830
0.839247
0.990755
0.805675
0.833244
0.896898
0.803743
0.780002
0.825889
0.876155
0.708641
0.817046
0.743896
1.007974
0.736340
0.963526
0.888271
0.934584
0.894939
0.812676
0.786853
0.874848
0.893899
0.956594
0.859128
0.649702
0.677925
0.816725
0.892478
0.780672
0.719053
0.920146
0.799183
1.013784
0.845043
0.816220
0.655103
0.772983
0.739857
0.935368
0.861546
0.962659
0.907184
0.928355
0.871625
0.837056
0.837575
0.972596
0.852649
0.868080
0.802448
0.870713
0.811781
0.828987
0.889023
0.858736
0.963161
0.593334
0.715963
0.847698
0.708160
0.776773
0.763173
0.976815
0.869628
0.816260
0.767536
0.824357
0.654849
0.665201
0.771300
0.783569
0.772655
0.826740
0.921478
0.899459
0.766700
0.841131
0.728714
0.690187
0.971068
0.930923
1.064158
0.809930
0.859734
0.780220
0.887828
0.835868
0.749272
1.069679
0.830261
1.030138
1.033710
0.917468
0.913909
0.953660
0.660764
0.646767
0.750605
0.860757
0.841593
0.945589
0.857157
0.867455
0.806235
0.692279
0.727121
0.817921
0.738107
0.857331
0.769956
0.774722
0.944449
0.881530
0.896512
0.967980
0.934435
0.805288
0.783302
1.057301
0.794337
0.848888
0.860903
0.916982
0.990683
1.061444
0.784502
0.977274
0.913897
0.820706
0.868198
0.915312
0.821856
0.701974
0.965821
0.762339
0.891183
0.894710
0.862263
0.782556
0.770636
0.794482
0.953535
0.783417
0.761271
0.770525
0.762506
0.766855
0.857172
0.804348
0.923760
0.810181
0.825984
0.891771
0.798600
0.826074
0.850155
1.095085
0.721464
0.960606
0.888299
0.852551
0.801222
0.924873
0.933765
0.859627
0.801575
0.882038
0.804328
0.941691
0.779089
0.903135
0.926971
0.774837
0.798492
0.642800
0.856846
0.602531
0.832111
0.872418
0.912007
0.760974
0.923465
0.886473
0.747959
0.848425
0.931012
0.864347
0.802770
0.778190
0.745886
0.930893
0.860920
0.802922
0.790294
0.662421
1.062488
0.873046
1.020937
0.834575
0.998062
0.937508
0.863119
0.753701
0.978751
0.679811
0.821591
0.768538
0.705568
0.967225
0.924175
0.793500
0.856324
0.848113
0.683111
0.845990
0.980907
0.869481
1.006950
0.996266
0.930119
0.974037
0.765508
0.866976
0.810087
0.828499
0.841285
0.723438
0.726493
0.785920
0.866782
0.874593
0.745591
0.660280
0.820225
0.874902
0.746177
0.774350
0.894753
1.002316
0.841910
0.893934
0.732008
0.767252
0.763495
0.815967
0.862345
0.734854
0.766073
0.841958
0.914191
0.838515
0.864028
0.849269
0.907736
0.689271
0.795414
0.898286
0.788811
0.753175
0.840610
0.853138
0.745680
0.940866
0.961077
0.980703
0.870781
1.028156
1.073325
0.721342
0.780577
0.619401
0.738278
0.984372
0.903176
0.715201
0.841913
0.933641
0.904981
0.775934
0.815719
0.834711
0.773808
0.871104
0.788067
0.974918
0.728583
0.813028
0.634607
1.011122
0.800968
0.799616
0.867867
0.981972
0.897919
1.030850
0.787862
0.735520
1.018136
0.793630
0.856163
0.898802
0.769130
0.714517
0.778591
0.848588
0.658641
0.821157
0.774922
0.928867
0.821219
0.764193
0.696896
0.842041
0.680364
0.658308
0.652684
0.841168
0.941266
0.700382
0.694805
0.722448
0.766936
0.761184
0.718651
0.874474
0.863693
0.717663
1.066960
0.809597
0.913077
0.784818
0.896324
0.800347
0.841513
0.844397
0.935756
0.694637
0.867184
0.799847
0.926591
1.086845
0.800752
0.868175
0.795111
0.629869
0.701782
0.902280
0.759065
0.849175
0.758519
0.854782
1.009723
0.816835
0.751938
0.848297
0.818006
0.824835
0.967317
0.833219
0.877913
1.074679
0.784437
0.926587
0.714416
0.912950
0.917067
0.784383
0.810085
0.804245
0.884491
0.798907
0.705091
0.864890
0.879159
0.729421
0.830975
0.805761
0.886822
0.797607
0.592289
0.818713
0.722506
0.818385
0.891868
0.936196
0.808187
0.687736
0.660661
0.821805
0.765569
0.845728
0.855834
0.853170
0.904504
0.749073
0.711607
0.851089
0.710181
0.718954
0.645274
0.920553
0.687500
0.663427
0.843009
0.809522
0.857330
0.850990
0.686025
0.735862
0.742924
0.909535
0.739605
0.711305
0.784038
0.873468
0.843101
0.734518
0.919594
0.724347
0.670310
0.801753
0.782093
0.720311
0.811875
0.823659
0.725199
0.913781
0.785451
0.654053
0.818881
0.771557
0.753230
1.032362
0.796355
0.714479
0.612018
0.936376
0.869395
0.804666
0.966558
0.776947
0.711901
0.736450
0.925478
0.789887
0.809094
0.760319
0.667687
0.697429
0.895400
0.905019
0.870989
0.943280
0.655569
0.873380
0.706424
0.790982
0.848461
0.876522
0.767581
0.872785
0.743868
0.816770
0.775710
0.928874
0.734936
0.825676
0.707497
0.876268
0.881382
0.760994
0.777315
0.756876
0.952033
1.003581
0.842898
0.834869
0.747404
0.878493
0.927389
0.724688
0.791250
0.743756
0.831423
0.919622
0.884299
0.712013
0.701539
0.870134
0.696588
0.728586
0.780234
0.693642
1.025841
0.777658
0.852885
0.792001
0.777344
0.851188
0.887899
0.833409
0.698002
0.723969
0.833184
0.629470
0.778226
0.857182
0.957088
0.778825
0.706163
0.825154
0.741802
0.646822
0.945340
0.859582
0.783398
0.762212
0.743545
0.976229
0.899240
0.778770
0.924731
0.821135
0.871389
0.954522
0.692756
0.906659
0.751533
0.913259
0.742890
0.876631
0.954547
0.779375
0.892148
0.777294
0.737871
0.861466
0.763379
0.969623
0.996394
0.803793
0.693216
0.692608
0.707866
0.796176
0.731346
0.776200
0.890149
0.778590
0.675428
0.911965
0.960043
0.951756
0.798558
0.800045
0.787819
0.703387
0.850062
0.796690
0.778665
0.629028
0.781050
0.780106
0.729498
0.761857
0.766540
0.733011
0.760799
0.775874
0.742691
0.765990
0.811206
0.879449
0.761921
0.729991
0.776734
0.657420
0.856313
0.878531
0.630373
0.814402
0.928129
0.955259
0.782290
0.848295
0.845955
0.701703
0.723618
0.821034
0.778660
0.859600
0.949057
0.807754
0.818999
0.706358
0.874806
0.859040
0.691013
1.059599
0.748079
0.769123
0.771475
0.939753
0.749938
0.671548
0.724643
0.791504
0.854597
0.888250
0.946039
0.775039
0.772422
0.788236
0.666968
0.827798
0.783059
0.751065
1.013126
1.098607
0.920808
0.840433
0.890385
0.860820
0.722790
0.810174
0.772807
0.853649
0.856150
0.772366
0.882058
0.783725
0.713090
0.957156
0.687349
0.933935
0.682867
0.807387
0.823191
0.795470
0.692719
0.650379
0.925843
0.760416
0.681799
0.904631
0.717617
0.716434
0.665429
0.967470
0.801249
0.561526
0.681707
0.754351
0.712216
0.876886
0.662006
0.773025
0.742553
0.746335
0.900959
0.875743
0.934794
0.849181
0.798576
0.859477
0.825276
0.893771
0.639881
0.577356
0.697878
0.959899
0.630943
0.750558
0.726678
0.569972
0.688826
0.771906
0.742414
0.793050
1.024077
0.760343
0.746890
0.741661
0.784410
0.724827
0.724007
0.611920
0.852958
0.843811
0.806006
0.763658
0.783032
0.686489
0.744021
0.736111
0.819342
0.792626
0.915273
0.781852
0.722411
0.662050
0.936880
0.654571
0.842165
0.806638
0.721640
0.624375
0.656022
0.604858
0.689407
0.684560
0.817643
0.721718
0.607222
0.853677
1.012476
0.819512
0.720792
0.778010
0.825423
0.960714
0.672602
0.748120
0.728697
0.762657
0.863746
0.835292
0.705186
0.590711
0.700169
0.759880
0.670137
0.785335
0.716948
0.721628
0.959769
0.847893
0.572821
0.862389
0.676514
0.726563
0.724239
0.968454
0.850293
0.677580
0.815714
0.818781
0.805789
0.617976
0.766622
0.783461
0.670121
0.717394
0.597020
0.710452
0.911834
0.657954
0.770924
0.912135
0.738076
0.763090
0.732667
0.777137
0.772846
0.882960
0.782838
0.835798
0.746748
0.748162
0.840268
0.762449
0.919520
0.725592
0.666352
0.862960
0.747032
0.724814
0.879689
0.723355
0.841904
0.741995
0.819834
0.687353
0.835123
0.856974
0.649629
0.800108
0.857648
0.731758
0.638652
0.769932
0.718692
0.817215
0.549377
0.776330
0.702613
0.945692
0.634966
0.730143
0.729006
0.852738
0.567310
0.763386
0.718439
0.787316
0.743859
0.702526
0.728856
0.741034
0.741468
0.849064
0.875185
0.764948
0.697719
0.736311
0.822634
0.792603
0.920028
0.735494
0.716614
0.664863
0.658848
0.961380
1.008074
0.624383
0.840416
0.694743
0.703289
0.924314
0.724827
0.968313
0.803301
0.708533
0.771979
0.901884
0.809421
0.842584
0.787096
0.792668
0.805659
0.711984
0.630983
0.861783
0.594809
0.776392
0.670824
0.663794
0.688475
0.699063
0.700740
0.727270
0.777185
0.671244
0.717036
0.766275
0.728240
0.816978
1.032578
0.782978
0.819392
0.742322
0.784990
0.591115
0.802075
0.819273
0.628829
0.965006
0.747091
0.729650
0.845265
0.752757
0.828857
0.736548
0.719991
0.854857
0.679826
0.809439
0.658318
0.706843
0.854028
0.733605
0.777425
0.711242
0.863820
0.609317
0.802821
0.742917
0.727814
0.711769
0.744017
0.881033
0.714551
0.857491
0.745929
0.771597
0.737262
0.632255
0.706725
0.914569
0.648747
0.655858
0.788452
0.643587
0.682900
0.908178
0.774765
0.761693
0.859093
0.724490
0.845119
0.645814
0.704437
0.774855
0.706798
0.669619
0.725351
0.698313
0.754542
0.716402
0.907851
0.813532
0.894859
0.834739
0.705001
0.826517
0.838982
0.784185
0.664744
0.708997
0.572650
0.801475
0.928679
0.834088
0.644392
0.772144
0.730581
0.853032
0.679346
0.669808
0.828736
0.556652
0.743235
0.749635
0.824402
0.698140
0.836211
0.801479
0.826349
0.818171
0.731362
0.776644
0.748684
0.782139
0.763097
0.835725
0.855785
0.792527
0.676990
0.801751
0.784942
0.915338
0.733830
0.837704
0.840094
0.761517
0.693194
0.682927
0.778393
0.799901
0.921237
0.799156
0.763843
0.778183
1.002730
0.779753
0.764259
0.714442
0.751950
0.894248
0.789766
0.772579
0.827200
0.834651
0.774616
0.681017
0.646703
0.783678
0.699928
0.635852
0.858329
0.791084
0.727095
0.613955
0.652191
0.808485
0.818891
0.710337
0.799669
0.616804
0.702984
0.662927
0.887439
0.715590
0.743779
0.679017
0.765811
0.832408
0.698523
0.841934
0.662641
0.609163
0.845554
0.826051
0.489803
0.730429
0.706783
0.643067
0.638895
0.788923
0.591002
0.789789
0.949965
0.740376
0.988235
0.816642
0.733639
0.720017
0.697123
0.700561
0.869662
0.622726
0.692727
0.776545
0.815294
0.784367
0.777055
0.726369
0.635947
0.691746
0.724745
0.664689
0.798815
0.728671
0.753447
0.689169
0.672975
0.788845
0.777555
0.767118
0.884968
0.871309
0.793197
0.706619
0.671316
0.794105
0.821253
0.846303
0.718527
0.661964
0.702009
0.773433
0.832206
0.789708
0.688237
0.668891
0.754501
0.682985
0.801932
0.694948
0.703849
0.853773
0.593022
0.759298
0.609627
0.858429
0.671868
0.918752
1.020039
0.605111
0.787326
0.670276
0.772138
0.650532
0.845537
0.710232
0.749136
0.625799
0.721456
0.780770
0.656961
0.868553
0.815496
0.741346
0.682004
0.714967
0.637432
0.735741
0.620171
0.721599
0.978200
0.658988
0.620826
0.791781
0.727646
0.724929
0.739096
0.606897
0.757012
0.654617
0.745159
0.755812
0.730808
0.783596
0.761397
0.647360
0.765079
0.652528
0.555571
0.601586
0.780510
0.790354
0.738085
0.727243
0.656740
0.751335
0.732801
0.718045
0.910662
0.653781
0.705839
0.657775
0.757082
0.771428
0.764269
0.732729
0.811781
0.610203
0.633305
0.746775
0.839725
0.944342
0.658754
0.668243
0.833541
0.608906
0.706540
0.751920
0.675092
0.782976
0.685943
0.665041
0.585444
0.796421
0.747919
0.771469
0.718810
0.509054
0.868539
0.725875
0.634420
0.691610
0.681398
0.701387
0.676444
0.638344
0.799004
0.941317
0.731304
0.736564
0.703773
0.795692
0.690296
0.709317
0.847785
0.792832
0.741450
0.646843
0.588929
0.832803
0.924598
0.752730
0.831825
0.685306
0.620772
0.793602
0.659859
0.699670
0.680867
0.608929
0.660075
0.966480
0.727052
0.841107
0.866341
0.669608
0.644717
0.664831
0.834584
0.838742
0.792643
0.634998
0.681170
0.739844
0.953866
0.764485
0.713153
0.666006
0.558717
0.660018
0.718900
0.802194
0.839576
0.626378
0.824941
0.719395
0.657287
0.880723
0.689153
0.720255
0.735886
0.623429
0.794172
0.739901
0.862511
0.676583
0.779152
0.714675
0.668249
0.877296
0.681786
0.852822
0.626477
0.740238
0.737090
0.614766
0.780280
0.771506
0.760809
0.826560
0.762053
0.612897
0.715430
0.592394
0.764461
0.843476
0.717449
0.707457
0.798088
0.845516
0.842096
0.625713
0.724450
0.898820
0.756453
0.734530
0.755281
0.897898
0.833537
0.873320
0.800832
0.737024
0.951088
0.611217
0.611468
0.644137
0.781935
0.676275
0.783747
0.855273
0.824253
0.682335
0.875423
0.782314
0.704702
0.599751
0.736490
0.596545
0.697746
0.738524
0.789941
0.642177
0.634058
0.765942
0.747656
0.700281
0.795530
0.699623
0.709792
0.755853
0.732608
0.719712
0.570313
0.807016
0.827201
0.752554
0.767429
0.906248
0.758549
0.583716
0.960546
0.774019
0.711177
0.564892
0.735446
0.922601
0.787172
0.731854
0.650656
0.684872
0.767453
0.685206
0.709483
0.643921
0.765075
0.691411
0.849184
0.738648
0.917938
0.634357
0.641591
0.796212
0.773057
0.740393
0.747025
0.670516
0.714245
0.735463
0.904376
0.668381
0.771962
0.650294
0.852223
0.590185
0.620376
0.625230
0.787899
0.708925
0.727828
0.795608
0.982152
0.895002
0.708817
0.880318
0.946028
0.851345
0.743405
0.741551
0.586677
0.851501
0.745694
0.669721
0.793379
0.648393
0.881107
0.893583
0.754749
0.653951
0.775641
0.691070
0.736882
0.654155
0.896920
0.798759
0.568547
0.630548
0.779677
0.670764
0.752265
0.650857
0.664711
0.640900
0.686491
0.673739
0.723597
0.601244
0.851806
0.714704
0.624487
0.713910
0.880420
0.672653
0.633971
0.637993
0.835937
0.653790
0.606874
0.726266
0.779146
0.721593
0.735559
0.842876
0.858438
0.713672
0.798880
0.568866
0.669750
0.810496
0.847944
0.727633
0.673276
0.750419
0.723326
0.660611
0.838881
0.826721
0.806197
0.621243
0.627072
0.761002
0.728008
0.655756
0.750620
0.799956
0.777385
0.745612
0.703674
0.659172
0.648155
0.798104
0.642289
0.878379
0.880465
0.699808
0.729653
0.791152
0.667858
0.802037
0.718665
0.802062
0.688903
0.780564
0.768993
0.652394
0.757305
0.745609
0.822792
0.718549
0.788929
0.676817
0.646908
0.732389
0.761743
0.813412
0.733199
0.752965
0.780458
0.774359
0.634201
0.577733
0.758775
0.669683
0.821066
0.497851
0.720735
0.810344
0.638601
0.628413
0.766394
0.686231
0.616976
0.545927
0.588158
0.835756
0.761303
0.679771
0.882328
0.857782
0.562425
0.746841
0.436660
0.752855
0.684173
0.735643
0.691978
0.624200
0.685870
0.713724
0.650721
0.606513
0.753003
0.610330
0.779261
0.783815
0.721367
0.618388
0.682225
0.752469
0.735441
0.746130
0.671109
0.668452
0.853559
0.841492
0.711015
0.680609
0.624687
0.577845
0.598476
0.659679
0.636235
0.801024
0.648756
0.700136
0.711030
0.894365
0.660627
0.721547
0.684719
0.690975
0.759138
0.788651
0.659232
0.661078
0.599992
0.641272
0.606654
0.809619
0.748516
0.826278
0.618792
0.722644
0.595900
0.716250
0.640421
0.591445
0.645428
0.711736
0.966893
0.724597
0.661592
0.562059
0.725294
0.564002
0.754095
0.813156
0.743654
0.592636
0.711033
0.742724
0.663292
0.638215
0.756933
0.765439
0.615293
0.796600
0.677295
0.577960
0.687977
0.651979
0.800539
0.738601
0.650914
0.721291
0.681188
0.719366
0.593905
0.647790
0.749696
0.736671
0.607427
0.733658
0.644328
0.701453
0.674172
0.487657
0.701799
0.628781
0.893094
0.642199
0.717750
0.722495
0.686029
0.699737
0.870658
0.754704
0.673203
0.692050
0.655024
0.876970
0.615021
0.606946
0.645002
0.761829
0.620227
0.733029
0.692343
0.735431
0.766113
0.808368
0.608095
0.556234
0.696625
0.790004
0.627731
0.693049
0.622876
0.682306
0.804554
0.707920
0.702796
0.630258
0.685913
0.738295
0.724672
0.785836
0.642608
0.672050
0.736013
0.644682
0.620369
0.587450
0.578576
0.782782
0.896980
0.716003
0.898460
0.617912
0.791039
0.630916
0.742873
0.753191
0.711684
0.634419
0.630397
0.757920
0.717931
0.736784
0.771878
0.589295
0.657982
0.734088
0.769928
0.892688
0.557429
0.650227
0.670574
0.598905
0.668599
0.742837
0.642772
0.596874
0.830871
0.666028
0.719983
0.850869
0.551779
0.592992
0.720184
0.602711
0.811468
0.711110
0.781162
0.699350
0.830996
0.525613
0.591899
1.006311
0.709352
0.614753
0.700698
0.541347
0.810127
0.681729
0.604182
0.590970
0.582562
0.667356
0.710894
0.626572
0.629894
0.729343
0.707195
0.873095
0.585828
0.586060
0.737358
0.595052
0.628793
0.540277
0.643268
0.779641
0.779024
0.685985
0.769187
0.751779
0.637601
0.737758
0.654449
0.723647
0.607146
0.611157
0.791375
0.654541
0.773260
0.947725
0.756190
0.730427
0.612089
0.692457
0.638948
0.689268
0.692913
0.624032
0.652790
0.743502
0.684716
0.644801
0.653955
0.644524
0.521181
0.670850
0.847979
0.665027
0.674291
0.616006
0.833916
0.676604
0.687731
0.618354
0.635851
0.727771
0.569522
0.799239
0.696601
0.696608
0.625063
0.684154
0.897339
0.765967
0.866632
0.591144
0.673949
0.738559
0.579499
0.744673
0.621125
0.710655
0.565371
0.727300
0.702806
0.621600
0.707319
0.598156
0.622477
0.906108
0.734470
0.740931
0.522289
0.628068
0.849750
0.726981
0.626449
0.682668
0.630145
0.645933
0.814482
0.809294
0.695318
0.762808
0.588132
0.880551
0.708558
0.740053
0.784741
0.568585
0.664630
0.679538
0.645988
0.674715
0.531226
0.767126
0.759857
0.663555
0.641235
0.594962
0.668024
0.608730
0.599188
0.609136
0.663379
0.801706
0.529871
0.620511
0.516717
0.703859
0.701264
0.619233
0.698499
0.597910
0.610882
0.669225
0.584055
0.479096
0.630684
0.601083
0.630940
0.675621
0.704624
0.547095
0.809598
0.750241
0.887884
0.584192
0.696918
0.749561
0.548245
0.644265
0.666871
0.625890
0.656224
0.749438
0.900046
0.612525
0.723887
0.584601
0.654564
0.634071
0.570076
0.799054
0.620229
0.523919
0.652443
0.726315
0.546956
0.538805
0.662957
0.623385
0.666662
0.592507
0.669975
0.763419
0.801948
0.690478
0.690079
0.605217
0.626477
0.549599
0.616316
0.608097
0.740161
0.618360
0.539989
0.639341
0.750806
0.643342
0.617935
0.874401
0.699350
0.723369
0.667345
0.625053
0.529132
0.746375
0.708389
0.869834
0.695966
0.625161
0.651097
0.664991
0.670748
0.766435
0.707538
0.702789
0.642738
0.487643
0.642057
0.596197
0.534719
0.565367
0.792090
0.660659
0.584134
0.582142
0.554005
0.786423
0.615044
0.603074
0.668584
0.605164
0.883897
0.595891
0.533918
0.800686
0.624941
0.572070
0.557156
0.513277
0.612958
0.722385
0.793579
0.466960
0.838986
0.634567
0.738579
0.652117
0.757025
0.720909
0.672492
0.788340
0.720368
0.720534
0.720748
0.630457
0.583504
0.579745
0.624248
0.785968
0.665913
0.557368
0.665810
0.599461
0.748472
0.509204
0.586189
0.544967
0.680987
0.600587
0.749483
0.711432
0.787498
0.672242
0.520834
0.701783
0.574711
0.746266
0.596676
0.640161
0.567187
0.582328
0.668550
0.709970
0.910722
0.769803
0.585072
0.548860
0.475676
0.733873
0.824630
0.638724
0.719437
0.677549
0.681463
0.583071
0.698799
0.610582
0.658027
0.640997
0.749504
0.573338
0.530416
0.664699
0.573140
0.650617
0.765777
0.687414
0.581504
0.782269
0.621723
0.687877
0.660508
0.710088
0.723378
0.706276
0.684457
0.558810
0.596403
0.779195
0.708395
0.669389
0.574551
0.563615
0.525775
0.537698
0.959012
0.712609
0.749616
0.630154
0.687553
0.661317
0.644410
0.682087
0.640662
0.585189
0.795650
0.769335
0.697756
0.712218
0.752899
0.685997
0.815214
0.680595
0.664029
0.657384
0.686680
0.686623
0.620290
0.639049
0.703026
0.543775
0.606843
0.602770
0.703874
0.582062
0.658633
0.693137
0.632665
0.618930
0.795445
0.739833
0.751377
0.747544
0.716364
0.634306
0.526951
0.624147
0.597900
0.569676
0.728178
0.645593
0.679402
0.652440
0.682475
0.617604
0.671673
0.594474
0.800661
0.686344
0.625963
0.675384
0.754948
0.787525
0.573601
0.637784
0.697292
0.489879
0.776695
0.592135
0.738724
0.657440
0.614653
0.868326
0.901031
0.731654
0.703521
0.598870
0.779833
0.574309
0.739358
0.616741
0.585381
0.576920
0.747467
0.663676
0.626446
0.708466
0.508218
0.493826
0.546755
0.817264
0.542206
0.685946
0.769194
0.639512
0.631385
0.706691
0.713299
0.670012
0.537868
0.669953
0.618578
0.645125
0.656566
0.599854
0.648769
0.627493
0.877224
0.765811
0.607642
0.567838
0.582265
0.789131
0.637280
0.820231
0.789994
0.593793
0.594118
0.630919
0.546834
0.801469
0.505967
0.676473
0.756141
0.499065
0.591445
0.752426
0.611060
0.539074
0.733420
0.628303
0.543440
0.613533
0.608175
0.679928
0.648630
0.889850
0.683008
0.602499
0.564047
0.597252
0.694026
0.659460
0.549123
0.732832
0.511337
0.701105
0.604116
0.683428
0.578657
0.674505
0.756264
0.721015
0.647509
0.644626
0.815702
0.691212
0.689326
0.619179
0.868482
0.785319
0.623799
0.705836
0.581055
0.734150
0.591407
0.549242
0.540833
0.799468
0.574964
0.751247
0.685699
0.713848
0.550801
0.673996
0.597754
0.669409
0.648887
0.631663
0.720033
0.601535
0.699919
0.531242
0.651978
0.621137
0.647854
0.632349
0.524365
0.680588
0.601014
0.541409
0.567810
0.570743
0.786730
0.678890
0.618496
0.534586
0.677046
0.486513
0.601284
0.687817
0.552622
0.519088
0.723548
0.645274
0.757767
0.441386
0.595702
0.653661
0.482864
0.590557
0.599504
0.441307
0.786014
0.553712
0.545994
0.528204
0.631317
0.642018
0.697741
0.564314
0.513889
0.542270
0.868709
0.730718
0.678154
0.560700
0.605754
0.591619
0.562905
0.759465
0.812610
0.616496
0.603089
0.629560
0.638753
0.630079
0.641595
0.662019
0.546933
0.500042
0.610744
0.865895
0.533658
0.722973
0.707372
0.521146
0.683322
0.590903
0.696092
0.739406
0.630180
0.659977
0.771086
0.756170
0.648557
0.708159
0.585121
0.822455
0.656728
0.660953
0.702625
0.819162
0.582046
0.692245
0.566602
0.619256
0.596145
0.693600
0.645733
0.625503
0.664610
0.753112
0.636394
0.619679
0.687708
0.685612
0.601146
0.660982
0.719176
0.497493
0.679660
0.559510
0.586972
0.629042
0.764379
0.743258
0.702690
0.513759
0.676632
0.747534
0.846624
0.838785
0.657728
0.696152
0.650208
0.524386
0.607874
0.529350
0.654791
0.613879
0.528932
0.627829
0.664214
0.553007
0.621448
0.579205
0.571660
0.549264
0.685143
0.584753
0.607706
0.632113
0.702403
0.767360
0.574540
0.635229
0.616426
0.505297
0.669965
0.653309
0.855088
0.655768
0.649282
0.787659
0.531973
0.857117
0.705186
0.610790
0.612707
0.552907
0.598041
0.678552
0.580738
0.505790
0.598420
0.624834
0.689577
0.666135
0.607705
0.490978
0.638205
0.583669
0.618496
0.598508
0.798929
0.621732
0.648393
0.545258
0.594389
0.486125
0.669959
0.581620
0.668741
0.519361
0.658648
0.561216
0.533567
0.586985
0.660739
0.722917
0.528060
0.670923
0.777515
0.666973
0.675938
0.758365
0.620166
0.615652
0.503540
0.603752
0.616218
0.624535
0.513964
0.537331
0.484082
0.719147
0.577304
0.736004
0.671562
0.638896
0.549739
0.515572
0.605739
0.576792
0.682090
0.758833
0.582076
0.662353
0.663522
0.631349
0.580979
0.684410
0.631011
0.486142
0.795988
0.753665
0.599635
0.563096
0.551737
0.622868
0.648134
0.756646
0.440010
0.588289
0.838873
0.507794
0.639888
0.761766
0.736756
0.595805
0.574414
0.724079
0.614843
0.636554
0.638214
0.533418
0.660652
0.691087
0.530789
0.492145
0.684941
0.651510
0.692725
0.483838
0.697911
0.598085
0.580832
0.638100
0.479086
0.607337
0.655184
0.624734
0.444825
0.633483
0.559874
0.834691
0.583848
0.724043
0.732049
0.626764
0.593848
0.619833
0.743138
0.548336
0.654586
0.539392
0.672519
0.672865
0.666771
0.837992
0.717241
0.703534
0.658659
0.564427
0.728452
0.718049
0.601851
0.690935
0.570575
0.818649
0.545383
0.547015
0.627864
0.595095
0.741369
0.576387
0.818243
0.639506
0.729492
0.643128
0.699010
0.692452
0.740898
0.451367
0.506434
0.656071
0.676617
0.533484
0.649565
0.450562
0.721245
0.694155
0.686246
0.645490
0.533082
0.674674
0.573127
0.659622
0.588705
0.538824
0.624026
0.812311
0.613897
0.518107
0.700391
0.696872
0.578828
0.632309
0.590060
0.777446
0.550236
0.500663
0.577776
0.532641
0.659078
0.678925
0.532746
0.640359
0.567209
0.688676
0.585186
0.654228
0.657641
0.534754
0.680418
0.804860
0.587858
0.602373
0.523319
0.512827
0.684135
0.570246
0.572940
0.587883
0.569248
0.692443
0.622428
0.616117
0.612636
0.568064
0.624069
0.653020
0.648808
0.638793
0.647277
0.574562
0.655899
0.653222
0.569639
0.641611
0.602814
0.535432
0.603444
0.671418
0.801154
0.541146
0.538281
0.582605
0.557486
0.439745
0.643245
0.598532
0.725706
0.696273
0.584089
0.557498
0.651100
0.739589
0.674179
0.707102
0.525384
0.560246
0.645480
0.578114
0.790902
0.722861
0.602057
0.493643
0.724032
0.584490
0.552881
0.640175
0.522483
0.561408
0.699326
0.648492
0.537130
0.543035
0.638011
0.708010
0.587139
0.540164
0.596822
0.739915
0.618047
0.573066
0.622412
0.591148
0.603744
0.657638
0.487941
0.630570
0.557579
0.499189
0.603981
0.546537
0.525812
0.533778
0.514009
0.641338
0.555956
0.631262
0.550674
0.563096
0.694336
0.632723
0.574975
0.604421
0.574161
0.589718
0.499352
0.485285
0.582758
0.468709
0.622651
0.555132
0.611064
0.596274
0.689735
0.531834
0.509836
0.499037
0.610170
0.685840
0.666208
0.604567
0.539234
0.574570
0.552467
0.595018
0.432313
0.608851
0.681047
0.568564
0.656859
0.661030
0.710325
0.524816
0.485428
0.631078
0.570319
0.657004
0.624447
0.719493
0.455076
0.653740
0.659735
0.644245
0.462801
0.615627
0.592528
0.634983
0.542034
0.647276
0.553295
0.511072
0.569241
0.568625
0.682402
0.734252
0.552008
0.498774
0.609640
0.516560
0.582192
0.509564
0.608655
0.797541
0.604558
0.601418
0.660539
0.647629
0.575972
0.482602
0.573542
0.562763
0.691664
0.643439
0.635451
0.593316
0.487767
0.668650
0.629141
0.588906
0.459571
0.561251
0.526822
0.718337
0.572533
0.712312
0.632482
0.754554
0.509358
0.722943
0.570463
0.583061
0.512078
0.884543
0.537511
0.691678
0.715555
0.485300
0.594886
0.703282
0.688454
0.608444
0.562494
0.442821
0.675597
0.659923
0.555358
0.638278
0.475748
0.739130
0.609439
0.526897
0.524923
0.466488
0.529454
0.616006
0.489462
0.527610
0.637794
0.594732
0.509654
0.669030
0.523702
0.727287
0.619823
0.540301
0.693524
0.591424
0.648459
0.568364
0.534319
0.734583
0.647512
0.588021
0.736653
0.578892
0.814707
0.594645
0.654182
0.601107
0.709175
0.629317
0.541325
0.674686
0.562664
0.533362
0.659383
0.559169
0.505915
0.541986
0.520957
0.582809
0.532831
0.636185
0.594677
0.582756
0.728679
0.692516
0.581776
0.456664
0.502253
0.526563
0.561839
0.576749
0.576797
0.704381
0.610726
0.653559
0.793024
0.615605
0.665921
0.767112
0.593666
0.513730
0.497915
0.599239
0.585310
0.676315
0.578848
0.680686
0.669839
0.570182
0.607176
0.682959
0.785505
0.505410
0.596555
0.630006
0.631572
0.650939
0.527094
0.613881
0.617661
0.564216
0.686341
0.656953
0.651316
0.554713
0.499687
0.767461
0.739350
0.625490
0.694504
0.542564
0.600922
0.541540
0.495128
0.582604
0.630723
0.707437
0.617748
0.564388
0.647739
0.512211
0.618640
0.727710
0.514863
0.670473
0.491465
0.430447
0.511187
0.582294
0.584001
0.491270
0.515549
0.527358
0.514183
0.579118
0.604151
0.663620
0.449737
0.650564
0.433400
0.477920
0.659041
0.712056
0.628306
0.489307
0.668200
0.826304
0.615359
0.610164
0.533350
0.638054
0.518405
0.689095
0.585619
0.672564
0.734371
0.723593
0.558786
0.639124
0.573967
0.619511
0.626984
0.606822
0.676459
0.714321
0.614284
0.572235
0.635555
0.587474
0.707828
0.580575
0.603433
0.616812
0.511304
0.692963
0.555285
0.750580
0.480098
0.511029
0.631925
0.577642
0.568930
0.620388
0.556695
0.504798
0.456458
0.707925
0.650542
0.674545
0.559181
0.596911
0.605072
0.470937
0.597175
0.524761
0.635028
0.578110
0.674171
0.576071
0.696024
0.616845
0.657356
0.537443
0.497542
0.505616
0.632823
0.570830
0.592592
0.573183
0.569228
0.649919
0.645410
0.528957
0.679043
0.644508
0.520023
0.531214
0.575878
0.522140
0.628622
0.653828
0.582682
0.511076
0.578164
0.602485
0.624920
0.641335
0.649438
0.500212
0.582005
0.476803
0.597292
0.587030
0.614300
0.491597
0.382561
0.480400
0.604165
0.487997
0.631435
0.555115
0.548066
0.611874
0.496556
0.527916
0.515348
0.666581
0.586343
0.546732
0.506251
0.534902
0.525126
0.518043
0.526492
0.422035
0.691888
0.524449
0.488709
0.542779
0.615020
0.520463
0.592052
0.631441
0.569814
0.552999
0.535234
0.587589
0.574844
0.594551
0.506783
0.489709
0.531659
0.590823
0.614455
0.583089
0.517641
0.702883
0.594037
0.506262
0.602647
0.588407
0.675789
0.585097
0.683345
0.617904
0.579360
0.660763
0.640566
0.644389
0.585003
0.478098
0.575436
0.639952
0.623252
0.656629
0.577186
0.479396
0.664882
0.647345
0.561472
0.635728
0.566458
0.519918
0.584486
0.611725
0.522928
0.602719
0.420363
0.570940
0.611075
0.568769
0.607141
0.459435
0.607286
0.583360
0.470272
0.737889
0.697023
0.760890
0.601642
0.595828
0.608211
0.475657
0.573941
0.549443
0.521874
0.579446
0.581424
0.655829
0.460373
0.615933
0.553738
0.472052
0.673617
0.587636
0.567226
0.657087
0.494950
0.524325
0.502773
0.605911
0.580273
0.654886
0.501754
0.565249
0.761411
0.626696
0.625175
0.461644
0.440013
0.488132
0.637990
0.542025
0.574635
0.605422
0.627138
0.442464
0.595579
0.555102
0.493813
0.509232
0.548176
0.644289
0.738696
0.612012
0.498079
0.503103
0.516527
0.757584
0.582216
0.576696
0.536529
0.667036
0.582870
0.523031
0.504961
0.552286
0.561096
0.558320
0.508241
0.422078
0.576082
0.496068
0.516908
0.548171
0.626358
0.637422
0.688395
0.564244
0.599914
0.523384
0.578312
0.522647
0.602332
0.593371
0.657723
0.563608
0.539175
0.634424
0.623127
0.587145
0.491064
0.506881
0.621086
0.535229
0.539736
0.614434
0.556124
0.627024
0.536073
0.543623
0.559678
0.528247
0.574841
0.647200
0.495488
0.704940
0.642652
0.641496
0.474439
0.527446
0.547355
0.389267
0.640484
0.559933
0.578276
0.455373
0.493142
0.641790
0.594231
0.659240
0.465077
0.596350
0.777053
0.605711
0.705754
0.704990
0.675746
0.618266
0.524514
0.626277
0.621556
0.668434
0.627855
0.568456
0.525669
0.705676
0.696299
0.541050
0.650296
0.588520
0.594655
0.589802
0.571709
0.690385
0.537793
0.617513
0.604082
0.582499
0.558962
0.504559
0.600810
0.688898
0.464778
0.639565
0.608247
0.490764
0.590887
0.520815
0.475178
0.574980
0.568911
0.494553
0.511277
0.536344
0.687716
0.650763
0.620285
0.418469
0.579284
0.525917
0.430722
0.443719
0.507826
0.434349
0.451319
0.694664
0.490876
0.517849
0.604582
0.551286
0.591739
0.561421
0.578768
0.501772
0.442124
0.461997
0.525917
0.526096
0.559559
0.615628
0.625594
0.502491
0.593697
0.477931
0.511925
0.699122
0.473476
0.433906
0.481255
0.616696
0.638865
0.700830
0.458599
0.533292
0.736515
0.536949
0.470932
0.603199
0.549107
0.547602
0.659012
0.554191
0.587520
0.575040
0.539468
0.501948
0.464731
0.636089
0.665564
0.585928
0.543680
0.578054
0.614824
0.576618
0.510387
0.533713
0.572653
0.556432
0.479214
0.466609
0.497630
0.587008
0.608648
0.679137
0.530483
0.593662
0.628122
0.454838
0.513511
0.536214
0.543691
0.450725
0.595832
0.466196
0.513254
0.737807
0.627011
0.527267
0.571668
0.492013
0.579617
0.520937
0.629672
0.566885
0.552194
0.689096
0.785186
0.476240
0.457334
0.502891
0.552769
0.518657
0.505484
0.603359
0.490516
0.528414
0.512575
0.573312
0.566571
0.539794
0.514505
0.458671
0.546079
0.665081
0.591780
0.571952
0.501210
0.554433
0.582845
0.510807
0.525269
0.478285
0.639660
0.475633
0.450881
0.600899
0.530003
0.385394
0.568471
0.476335
0.665842
0.553158
0.777596
0.599052
0.562954
0.550772
0.474130
0.451145
0.579451
0.435715
0.471488
0.639822
0.502040
0.446847
0.569974
0.605493
0.638214
0.424599
0.572002
0.575411
0.614651
0.617658
0.547011
0.483633
0.598879
0.579607
0.553503
0.470997
0.620129
0.595829
0.771183
0.478617
0.617271
0.552507
0.679968
0.477315
0.474895
0.582578
0.727841
0.554762
0.666368
0.470136
0.530046
0.522738
0.509964
0.700953
0.615150
0.498362
0.576746
0.435973
0.393131
0.546567
0.453110
0.713584
0.701397
0.543148
0.545217
0.614538
0.557997
0.492826
0.510265
0.730370
0.643812
0.757500
0.616508
0.480730
0.473808
0.594899
0.569397
0.596012
0.560367
0.636411
0.645130
0.578866
0.542635
0.548690
0.601864
0.504917
0.494174
0.571458
0.496980
0.554637
0.520499
0.604445
0.563147
0.577043
0.569664
0.480861
0.533590
0.560442
0.556456
0.674108
0.498353
0.553113
0.481928
0.489888
0.591573
0.463777
0.540472
0.606469
0.710387
0.633299
0.588041
0.524779
0.446356
0.545101
0.630325
0.511907
0.464813
0.457879
0.708894
0.411649
0.469336
0.568911
0.468746
0.548642
0.499504
0.607349
0.500780
0.553670
0.565914
0.531857
0.543750
0.591596
0.497071
0.401836
0.570787
0.562649
0.509083
0.575126
0.490632
0.659506
0.689556
0.515517
0.640179
0.527547
0.567398
0.444251
0.629250
0.546208
0.412662
0.571817
0.592909
0.581101
0.535388
0.604566
0.572048
0.646399
0.578375
0.515086
0.596159
0.501925
0.627637
0.517609
0.572569
0.714899
0.641652
0.506980
0.463130
0.502771
0.534478
0.746513
0.547730
0.638207
0.544674
0.524812
0.411442
0.658322
0.544351
0.633003
0.449439
0.460245
0.470304
0.572794
0.575271
0.463756
0.503316
0.582773
0.537207
0.579573
0.546626
0.600760
0.437291
0.531625
0.583232
0.522053
0.592763
0.584920
0.565384
0.558946
0.497922
0.455990
0.532529
0.568012
0.544506
0.581167
0.469073
0.598299
0.621994
0.594345
0.628524
0.483377
0.531117
0.603948
0.679284
0.654973
0.604399
0.663062
0.554942
0.611506
0.631658
0.557156
0.470567
0.453847
0.527138
0.524538
0.577944
0.439467
0.422842
0.461653
0.462024
0.509397
0.565844
0.602063
0.548329
0.683009
0.501222
0.537529
0.572420
0.607333
0.554415
0.620405
0.574648
0.598924
0.580782
0.489388
0.553278
0.548301
0.575712
0.504457
0.583963
0.546492
0.467902
0.518503
0.422707
0.524886
0.583724
0.609539
0.509391
0.583942
0.480651
0.649302
0.562649
0.587764
0.414074
0.473783
0.427572
0.574331
0.595158
0.491768
0.541687
0.592974
0.584605
0.522114
0.545060
0.507780
0.566640
0.583228
0.455798
0.533368
0.389341
0.676733
0.602599
0.543078
0.557947
0.460990
0.431881
0.618498
0.552711
0.463271
0.532851
0.540689
0.606746
0.580764
0.520081
0.584602
0.506253
0.550908
0.541387
0.726007
0.563226
0.390051
0.471109
0.542058
0.574042
0.430116
0.543923
0.560772
0.453484
0.597828
0.538512
0.525030
0.545168
0.520657
0.460286
0.541421
0.599099
0.558931
0.429131
0.443423
0.422207
0.665466
0.477572
0.584293
0.523858
0.419635
0.595058
0.434435
0.517874
0.443700
0.658701
0.522219
0.528811
0.528808
0.502191
0.453512
0.478692
0.563023
0.477349
0.529169
0.586187
0.424576
0.517705
0.482165
0.443420
0.445723
0.662067
0.490860
0.539875
0.514878
0.594842
0.465724
0.483048
0.531406
0.515318
0.435023
0.397068
0.389511
0.444385
0.435946
0.600740
0.650833
0.542170
0.465740
0.583152
0.529012
0.596999
0.533427
0.450743
0.420774
0.482347
0.551457
0.460665
0.503853
0.489972
0.493014
0.585042
0.472810
0.404963
0.491955
0.494121
0.618616
0.400898
0.489186
0.504722
0.425085
0.450935
0.486912
0.527662
0.549892
0.584193
0.553011
0.575937
0.563815
0.546355
0.526843
0.505313
0.454584
0.611213
0.553353
0.415192
0.514427
0.543645
0.458766
0.595441
0.586445
0.571185
0.478680
0.500576
0.540747
0.630215
0.433752
0.511594
0.426426
0.549237
0.505813
0.432804
0.554571
0.553754
0.618037
0.501505
0.529887
0.631321
0.516024
0.570332
0.485649
0.577463
0.523389
0.475665
0.370082
0.415165
0.493950
0.549698
0.495533
0.566835
0.555799
0.563191
0.451886
0.581822
0.479292
0.666781
0.606133
0.502559
0.495242
0.555966
0.460091
0.540247
0.455975
0.541185
0.514715
0.709464
0.488659
0.485975
0.625731
0.581132
0.501444
0.596943
0.449664
0.626483
0.425070
0.451429
0.338637
0.444487
0.472839
0.589071
0.430485
0.507848
0.561597
0.545198
0.498385
0.515180
0.439437
0.451193
0.519505
0.719633
0.537076
0.476088
0.393393
0.503953
0.655253
0.609400
0.466949
0.459681
0.535162
0.513001
0.550321
0.448311
0.505631
0.558348
0.447845
0.670100
0.434227
0.490672
0.394836
0.451485
0.543219
0.424934
0.453095
0.592915
0.554316
0.613691
0.391701
0.628773
0.457869
0.637393
0.646897
0.654418
0.435858
0.477219
0.594598
0.513453
0.438911
0.600622
0.616039
0.533400
0.467715
0.517812
0.537180
0.669198
0.578544
0.698725
0.602473
0.514857
0.473448
0.499600
0.438730
0.534203
0.529095
0.543324
0.513903
0.578075
0.678020
0.548897
0.550640
0.484889
0.667936
0.444035
0.487963
0.536381
0.547087
0.564816
0.584397
0.463982
0.543902
0.475797
0.453300
0.543718
0.423997
0.552725
0.487634
0.616200
0.544836
0.419403
0.455831
0.541458
0.478945
0.401291
0.433780
0.452209
0.508478
0.498900
0.381972
0.574734
0.480389
0.482524
0.527526
0.509866
0.618739
0.527388
0.519708
0.622285
0.527305
0.449900
0.498257
0.526065
0.587263
0.457007
0.553328
0.557094
0.594311
0.589788
0.673996
0.559882
0.610071
0.693050
0.461859
0.411463
0.514818
0.546645
0.522570
0.544021
0.505610
0.539698
0.561808
0.528070
0.463154
0.535942
0.438706
0.553044
0.516329
0.382813
0.607905
0.650367
0.543330
0.639041
0.442815
0.469376
0.548881
0.529147
0.540371
0.593230
0.615031
0.519056
0.409843
0.495223
0.590209
0.468785
0.504487
0.478966
0.542063
0.496014
0.589552
0.473439
0.394952
0.529475
0.465574
0.411287
0.520918
0.414806
0.599245
0.533213
0.465204
0.588997
0.467853
0.560741
0.574029
0.451934
0.525809
0.599748
0.453836
0.500140
0.458126
0.489743
0.662603
0.620269
0.428096
0.483541
0.576185
0.571579
0.346193
0.385404
0.523227
0.398812
0.475728
0.385688
0.509720
0.475860
0.480332
0.580997
0.492904
0.411205
0.505888
0.438891
0.459966
0.527569
0.362032
0.472738
0.520250
0.476492
0.435587
0.509506
0.524397
0.504941
0.559242
0.385824
0.490900
0.543241
0.665116
0.463511
0.517619
0.370107
0.479214
0.503886
0.519335
0.456695
0.423136
0.573412
0.512968
0.526599
0.546932
0.461061
0.611889
0.374914
0.488709
0.504422
0.446909
0.622833
0.484683
0.567844
0.378297
0.540686
0.452374
0.550510
0.489402
0.486658
0.498514
0.530511
0.584359
0.496148
0.603101
0.434900
0.494278
0.438422
0.477150
0.584936
0.424440
0.494140
0.474130
0.458532
0.430036
0.516704
0.566329
0.532929
0.482408
0.513215
0.588412
0.475971
0.464761
0.563764
0.433362
0.467028
0.600793
0.539223
0.519755
0.589156
0.444119
0.569072
0.572496
0.497311
0.686685
0.492012
0.464698
0.459304
0.568780
0.538071
0.447031
0.554178
0.424426
0.500648
0.548237
0.650958
0.626406
0.444724
0.435460
0.618293
0.575052
0.361163
0.599530
0.577486
0.536203
0.463030
0.597368
0.574425
0.442318
0.603702
0.525255
0.502916
0.502315
0.497003
0.463709
0.548354
0.483938
0.433179
0.581109
0.440213
0.467706
0.469635
0.660480
0.563197
0.554871
0.528087
0.471473
0.452035
0.458202
0.558775
0.503720
0.484223
0.545683
0.469639
0.479950
0.515527
0.476356
0.523950
0.447698
0.377623
0.431966
0.388432
0.436531
0.475928
0.441492
0.478009
0.467147
0.593949
0.494918
0.463097
0.464183
0.444288
0.453243
0.644697
0.379450
0.605375
0.618580
0.381138
0.516918
0.555986
0.479684
0.599283
0.473266
0.430044
0.448690
0.458178
0.414881
0.419867
0.449449
0.583287
0.397136
0.400315
0.345731
0.525364
0.473071
0.460990
0.596555
0.632756
0.510412
0.559525
0.627051
0.330046
0.413630
0.470638
0.501433
0.423648
0.534578
0.528758
0.423104
0.443087
0.433944
0.540483
0.517103
0.673967
0.549874
0.599806
0.342903
0.562469
0.455933
0.514868
0.460067
0.531845
0.465938
0.505412
0.510158
0.587528
0.595241
0.458911
0.536895
0.595652
0.590407
0.481859
0.399307
0.585176
0.426777
0.547168
0.490002
0.572907
0.469052
0.473076
0.553866
0.498991
0.536157
0.522353
0.483409
0.571507
0.462948
0.502008
0.390967
0.564228
0.563348
0.516457
0.487242
0.407673
0.312789
0.587325
0.410705
0.492250
0.436636
0.491019
0.544939
0.541437
0.438827
0.507383
0.535035
0.439579
0.434810
0.566516
0.472875
0.507271
0.412505
0.533963
0.613865
0.437761
0.405541
0.429842
0.498370
0.459280
0.565210
0.473082
0.428174
0.534846
0.505632
0.469661
0.472539
0.459813
0.465673
0.520015
0.527444
0.354335
0.466935
0.480025
0.432869
0.373575
0.450974
0.578202
0.535144
0.491330
0.501540
0.499722
0.485146
0.533680
0.529037
0.451192
0.439117
0.593134
0.524576
0.518589
0.409253
0.385967
0.533900
0.478715
0.473304
0.395341
0.513445
0.468359
0.475489
0.541735
0.507558
0.497542
0.436437
0.448319
0.400952
0.521738
0.512510
0.446544
0.657164
0.602539
0.589240
0.318709
0.412639
0.627699
0.552448
0.424437
0.544277
0.527809
0.508684
0.413671
0.463032
0.628055
0.531459
0.538174
0.492339
0.542131
0.517232
0.627305
0.612837
0.438896
0.423766
0.446092
0.424840
0.505704
0.452659
0.444754
0.409957
0.516737
0.453911
0.542986
0.508830
0.422314
0.663496
0.456279
0.422247
0.524107
0.368465
0.479373
0.407676
0.542482
0.546935
0.465181
0.491853
0.463694
0.448216
0.556003
0.350500
0.514333
0.563598
0.435358
0.478833
0.459426
0.458736
0.583977
0.435023
0.451716
0.501805
0.582769
0.598220
0.630548
0.494137
0.457810
0.454785
0.313836
0.452702
0.375588
0.503733
0.418839
0.474059
0.548635
0.530351
0.477491
0.380438
0.452833
0.416491
0.513470
0.477472
0.452840
0.509423
0.428398
0.502678
0.431203
0.490216
0.513407
0.454200
0.409908
0.558326
0.475734
0.387963
0.411391
0.372087
0.455824
0.560368
0.463062
0.381751
0.422583
0.438476
0.479142
0.572920
0.459818
0.347668
0.400164
0.465676
0.589636
0.494821
0.451738
0.362860
0.633420
0.421145
0.455084
0.552502
0.476942
0.484246
0.597060
0.398360
0.435227
0.447905
0.421794
0.508432
0.391583
0.332604
0.573898
0.449454
0.390366
0.404489
0.414619
0.535405
0.562417
0.508121
0.451262
0.568961
0.497376
0.458403
0.474123
0.470438
0.438617
0.483224
0.486498
0.422925
0.471652
0.495200
0.479414
0.518547
0.394654
0.395120
0.396830
0.714683
0.569797
0.513038
0.410061
0.422998
0.562164
0.587413
0.514252
0.454635
0.537896
0.487356
0.436353
0.539590
0.510219
0.455830
0.348084
0.487705
0.523037
0.384001
0.401724
0.515045
0.362931
0.497731
0.680506
0.404765
0.420934
0.419441
0.421865
0.458869
0.515523
0.417137
0.579967
0.481819
0.416244
0.425640
0.576567
0.631712
0.566826
0.522538
0.452175
0.358358
0.496842
0.508150
0.458709
0.431666
0.474171
0.479774
0.740431
0.464298
0.498678
0.454355
0.579449
0.432572
0.535817
0.439706
0.512536
0.329087
0.337955
0.533025
0.486646
0.479830
0.448538
0.584517
0.454551
0.458205
0.406700
0.374617
0.433242
0.423162
0.507454
0.474173
0.446146
0.635891
0.519988
0.500857
0.463987
0.391785
0.473155
0.520848
0.512453
0.490688
0.445701
0.548366
0.447039
0.469605
0.430782
0.596769
0.496696
0.463599
0.573349
0.433330
0.499719
0.444194
0.496393
0.372540
0.565986
0.484151
0.540931
0.502977
0.449635
0.470782
0.527448
0.539611
0.379746
0.519336
0.417031
0.390638
0.640106
0.412626
0.482842
0.516104
0.427079
0.546013
0.532921
0.559282
0.393576
0.404158
0.468644
0.575318
0.455223
0.404233
0.445825
0.470813
0.460200
0.530105
0.437704
0.451931
0.522300
0.409057
0.465019
0.342513
0.495050
0.443333
0.423607
0.369973
0.511436
0.457613
0.603140
0.428775
0.583343
0.509719
0.443226
0.479028
0.508225
0.462966
0.442317
0.430042
0.414058
0.507809
0.420302
0.418966
0.667325
0.386154
0.489802
0.438674
0.435025
0.484734
0.441128
0.515465
0.477311
0.359171
0.552764
0.588334
0.514211
0.464980
0.379953
0.540363
0.530953
0.491876
0.458239
0.426198
0.562797
0.357473
0.497174
0.586834
0.537338
0.449106
0.469989
0.501737
0.538116
0.511322
0.503385
0.488706
0.323642
0.423911
0.486978
0.405769
0.572319
0.419387
0.474512
0.414423
0.481379
0.320968
0.454523
0.500166
0.416349
0.538927
0.519854
0.503658
0.720158
0.488162
0.348904
0.573187
0.446941
0.463237
0.413977
0.574295
0.441257
0.483997
0.551606
0.589267
0.520808
0.436450
0.425794
0.494970
0.425044
0.437648
0.352967
0.427010
0.417766
0.452919
0.462377
0.382318
0.390707
0.504502
0.401430
0.701037
0.503990
0.516099
0.421896
0.457145
0.541672
0.503051
0.467728
0.475298
0.477224
0.525877
0.430930
0.324973
0.539555
0.407857
0.556673
0.445523
0.466650
0.408627
0.488592
0.476833
0.505645
0.383607
0.362475
0.548102
0.509645
0.442165
0.429252
0.406191
0.427202
0.470862
0.539999
0.597525
0.485267
0.447305
0.495863
0.424465
0.432265
0.542691
0.487242
0.504123
0.495842
0.483203
0.532547
0.467389
0.478043
0.479705
0.365082
0.449063
0.467968
0.478800
0.401510
0.525066
0.413170
0.442150
0.467340
0.530422
0.458791
0.470905
0.524357
0.304068
0.472726
0.408398
0.547352
0.427799
0.412567
0.575815
0.387345
0.548004
0.421048
0.502756
0.441786
0.469708
0.368234
0.366929
0.542846
0.356614
0.402465
0.542658
0.477082
0.367629
0.511099
0.452089
0.461662
0.425829
0.421407
0.450041
0.611365
0.368584
0.394751
0.497929
0.494579
0.367698
0.441374
0.467491
0.419774
0.547373
0.505019
0.522969
0.439371
0.480769
0.437050
0.521228
0.539759
0.435008
0.422692
0.396180
0.471923
0.400047
0.382201
0.461611
0.424436
0.435649
0.405666
0.507220
0.476931
0.497616
0.350296
0.426485
0.427092
0.485067
0.505062
0.356457
0.562216
0.347458
0.448975
0.366489
0.442703
0.547837
0.427445
0.397760
0.513772
0.517654
0.431671
0.488071
0.384379
0.317633
0.441460
0.455703
0.428101
0.413044
0.393450
0.543716
0.469648
0.383186
0.514401
0.355052
0.386646
0.479448
0.396221
0.452434
0.394053
0.394459
0.529618
0.420484
0.485857
0.361780
0.627911
0.555074
0.597329
0.519229
0.374802
0.498744
0.446067
0.428352
0.458075
0.383891
0.392267
0.408165
0.345475
0.425806
0.464442
0.319586
0.457897
0.429088
0.537219
0.673861
0.390402
0.414554
0.509157
0.374952
0.419675
0.520159
0.410023
0.419512
0.492956
0.598327
0.412687
0.510746
0.404543
0.485752
0.425691
0.411731
0.417752
0.404441
0.533330
0.539630
0.533557
0.333368
0.497505
0.526522
0.521120
0.539385
0.539981
0.493964
0.424778
0.431920
0.531980
0.523745
0.418657
0.441665
0.470388
0.557683
0.443652
0.411632
0.433173
0.344449
0.617978
0.446728
0.445689
0.475698
0.580325
0.413979
0.420639
0.517610
0.351379
0.497988
0.563350
0.523248
0.530298
0.522199
0.420596
0.402479
0.467205
0.444012
0.487611
0.338347
0.458837
0.547384
0.484653
0.633741
0.606116
0.548791
0.451481
0.418255
0.473812
0.582679
0.423769
0.411355
0.424011
0.555716
0.451693
0.435397
0.501397
0.507478
0.463900
0.416223
0.494937
0.418444
0.533870
0.497205
0.533069
0.450566
0.433655
0.392821
0.489681
0.358256
0.504697
0.388321
0.514503
0.563305
0.543957
0.440467
0.503278
0.502988
0.429378
0.385114
0.454729
0.469478
0.489116
0.401979
0.461604
0.467200
0.378243
0.469410
0.403648
0.421521
0.530579
0.433798
0.414758
0.333848
0.415175
0.468288
0.375973
0.356591
0.481380
0.401491
0.426412
0.434146
0.524897
0.465696
0.390949
0.575171
0.420257
0.439630
0.522733
0.470686
0.426647
0.479260
0.402407
0.361162
0.452412
0.521844
0.407242
0.365487
0.454003
0.487542
0.359642
0.369694
0.380936
0.425822
0.399957
0.393728
0.351535
0.394230
0.421247
0.500264
0.458684
0.351082
0.498515
0.373827
0.377607
0.405448
0.368914
0.515196
0.454844
0.313905
0.450730
0.431492
0.391486
0.504403
0.401021
0.420583
0.440453
0.362160
0.496361
0.457993
0.436434
0.443660
0.381098
0.349720
0.600804
0.452512
0.472499
0.484963
0.467800
0.416714
0.327407
0.463100
0.372728
0.407180
0.431711
0.320826
0.513814
0.482592
0.369009
0.333384
0.458278
0.549768
0.408136
0.421155
0.351610
0.505448
0.377673
0.466844
0.424834
0.372085
0.471581
0.324572
0.557461
0.584055
0.395224
0.415991
0.396402
0.523853
0.557577
0.480680
0.437784
0.433008
0.451908
0.487686
0.450678
0.400214
0.454502
0.438525
0.366768
0.312371
0.522454
0.475111
0.391664
0.378557
0.569975
0.410249
0.475541
0.465940
0.476965
0.348478
0.405733
0.418714
0.469463
0.491928
0.413916
0.570145
0.400906
0.347806
0.367648
0.442524
0.355665
0.517171
0.445496
0.402155
0.417101
0.483740
0.496747
0.456568
0.349533
0.436880
0.445914
0.540763
0.462051
0.452156
0.463805
0.414791
0.618019
0.475093
0.400890
0.457213
0.421095
0.362692
0.600512
0.340346
0.340429
0.476977
0.485577
0.515328
0.555296
0.412799
0.430379
0.432548
0.417704
0.388103
0.438770
0.416415
0.380614
0.384818
0.396547
0.592064
0.444999
0.509007
0.506259
0.439439
0.495973
0.400242
0.413862
0.321061
0.419958
0.458988
0.470488
0.443386
0.535225
0.519992
0.361691
0.415814
0.450983
0.355224
0.368840
0.433242
0.418876
0.440993
0.445374
0.386213
0.447859
0.462959
0.465152
0.447660
0.430735
0.430546
0.367284
0.443007
0.435897
0.317563
0.408287
0.509050
0.411212
0.411024
0.435434
0.445248
0.404356
0.381816
0.638279
0.478635
0.572246
0.391090
0.448735
0.394952
0.389292
0.360672
0.456576
0.509352
0.449817
0.383831
0.459459
0.527438
0.368212
0.434920
0.425645
0.466539
0.466378
0.530795
0.359958
0.314881
0.476734
0.438070
0.489075
0.345941
0.387548
0.407761
0.473485
0.454794
0.420566
0.542438
0.486422
0.377261
0.505623
0.388275
0.438049
0.371801
0.419718
0.375321
0.455941
0.417909
0.306305
0.347826
0.418000
0.397289
0.442301
0.447680
0.482337
0.336222
0.441292
0.483878
0.485675
0.416731
0.420232
0.316329
0.402419
0.362449
0.397685
0.403993
0.405324
0.436599
0.515871
0.396986
0.362330
0.487532
0.352060
0.388540
0.402870
0.465973
0.320727
0.361374
0.542884
0.478381
0.359794
0.495776
0.372497
0.508043
0.569697
0.441297
0.368657
0.475079
0.391608
0.487274
0.421159
0.512497
0.489161
0.368108
0.520219
0.431210
0.408175
0.563706
0.396844
0.405354
0.444987
0.426340
0.360199
0.421035
0.552663
0.471823
0.323315
0.439785
0.345607
0.367055
0.529053
0.410733
0.475246
0.401689
0.490563
0.460102
0.329132
0.437583
0.324101
0.421373
0.434451
0.421774
0.414511
0.399640
0.422444
0.456560
0.427458
0.423712
0.456697
0.380804
0.519371
0.404467
0.329660
0.417205
0.483923
0.528666
0.564800
0.420483
0.426114
0.527156
0.364884
0.328169
0.404832
0.511887
0.509384
0.396512
0.465752
0.360837
0.451526
0.496096
0.363109
0.504100
0.377251
0.515145
0.418865
0.467605
0.367338
0.450613
0.488446
0.468491
0.399691
0.468789
0.452307
0.454144
0.342597
0.472358
0.461398
0.451158
0.368727
0.388742
0.458701
0.438972
0.532344
0.386662
0.362591
0.466572
0.482959
0.361887
0.486250
0.454682
0.425699
0.511372
0.473787
0.556795
0.402884
0.455095
0.352878
0.600023
0.402830
0.415919
0.400104
0.414333
0.443671
0.413847
0.403667
0.437284
0.439669
0.454373
0.435179
0.538254
0.397114
0.563242
0.531714
0.422795
0.510681
0.387004
0.359658
0.434735
0.504893
0.423001
0.425984
0.388462
0.326899
0.440716
0.472178
0.437141
0.597999
0.494617
0.404958
0.295828
0.445948
0.408790
0.481349
0.390856
0.406899
0.449823
0.421254
0.457635
0.438814
0.299948
0.418445
0.416746
0.411462
0.448423
0.461441
0.388132
0.463840
0.351126
0.372611
0.510773
0.521687
0.283732
0.438385
0.423077
0.314386
0.500389
0.421662
0.466058
0.305412
0.454498
0.359608
0.457772
0.389223
0.424032
0.374835
0.444109
0.415422
0.545900
0.424598
0.332442
0.440957
0.320433
0.413300
0.390537
0.573335
0.330821
0.447194
0.401246
0.355059
0.508086
0.411206
0.481846
0.359025
0.451016
0.402224
0.371302
0.391304
0.368154
0.452099
0.329573
0.459315
0.315664
0.489612
0.421232
0.386700
0.361518
0.348956
0.421158
0.396087
0.379722
0.478372
0.502510
0.415578
0.567702
0.379737
0.440081
0.387417
0.323857
0.403815
0.490073
0.415895
0.320013
0.350374
0.486692
0.371617
0.336831
0.301914
0.348896
0.321759
0.470654
0.430618
0.447107
0.353789
0.337518
0.391425
0.349261
0.406905
0.509422
0.479937
0.522105
0.357640
0.502406
0.485052
0.451571
0.335673
0.393831
0.393067
0.364347
0.410472
0.443964
0.407716
0.370759
0.463897
0.431183
0.414700
0.380036
0.427483
0.337631
0.280102
0.503122
0.445094
0.325000
0.342482
0.521841
0.368347
0.353954
0.379217
0.409077
0.481715
0.410171
0.472688
0.539109
0.448798
0.341991
0.383305
0.388468
0.415990
0.372940
0.473612
0.620868
0.314279
0.512567
0.463217
0.308866
0.421642
0.489958
0.528488
0.410696
0.646725
0.448817
0.391764
0.434167
0.442988
0.394440
0.394717
0.437083
0.275344
0.326915
0.444500
0.401985
0.353991
0.305631
0.465957
0.369373
0.415179
0.385461
0.426664
0.381418
0.351253
0.435485
0.408682
0.450119
0.348822
0.434894
0.468745
0.472056
0.437361
0.409350
0.378593
0.484440
0.380277
0.302030
0.482849
0.474660
0.430680
0.470777
0.358298
0.509292
0.484877
0.441389
0.418921
0.412897
0.340193
0.431302
0.461583
0.382420
0.422548
0.452635
0.493502
0.348544
0.339447
0.540753
0.432722
0.451100
0.410957
0.500348
0.363119
0.362191
0.320875
0.280483
0.460304
0.425165
0.434420
0.291879
0.386292
0.518297
0.503619
0.396200
0.399704
0.417697
0.478794
0.378818
0.378593
0.480230
0.465620
0.409784
0.343850
0.589254
0.407018
0.409094
0.438453
0.371562
0.359082
0.398758
0.284274
0.429940
0.414896
0.382389
0.379679
0.419460
0.386916
0.408955
0.401398
0.396149
0.357902
0.447792
0.464263
0.513470
0.418674
0.356609
0.416696
0.426340
0.353555
0.447151
0.403862
0.511823
0.318202
0.390112
0.462426
0.422414
0.437105
0.287386
0.390492
0.528554
0.394091
0.472297
0.546574
0.406782
0.458219
0.403320
0.325618
0.354078
0.456264
0.402953
0.462464
0.436014
0.606806
0.528282
0.408605
0.347708
0.366478
0.338545
0.333376
0.304466
0.436182
0.496181
0.328443
0.622554
0.413291
0.349360
0.371060
0.484761
0.387290
0.435484
0.439994
0.600552
0.360101
0.330224
0.404746
0.363212
0.328924
0.421343
0.333380
0.478258
0.400297
0.392126
0.405140
0.475061
0.351202
0.326778
0.432131
0.434771
0.518020
0.376333
0.383765
0.471153
0.483561
0.345067
0.395255
0.389545
0.295394
0.480813
0.478345
0.462874
0.371540
0.463237
0.378943
0.480535
0.313599
0.372172
0.516306
0.403249
0.363859
0.405710
0.403598
0.405332
0.432602
0.389697
0.402341
0.531478
0.442454
0.482439
0.397097
0.533958
0.387721
0.562310
0.449774
0.406946
0.522346
0.483657
0.460864
0.309199
0.401789
0.434430
0.443090
0.363229
0.305521
0.343792
0.540808
0.424995
0.433581
0.330340
0.380415
0.462932
0.338381
0.464103
0.380580
0.357767
0.459052
0.410084
0.433484
0.361301
0.440402
0.361820
0.387699
0.416845
0.406520
0.321676
0.393521
0.320901
0.318422
0.426161
0.405909
0.393849
0.423694
0.404227
0.382381
0.442144
0.468237
0.400624
0.360799
0.432300
0.410805
0.392841
0.471546
0.366651
0.361400
0.416008
0.378933
0.522791
0.302071
0.374174
0.394469
0.466803
0.421294
0.425997
0.350502
0.534768
0.356596
0.385922
0.435146
0.383906
0.357906
0.350475
0.403174
0.409336
0.347288
0.385225
0.444538
0.310379
0.318458
0.433372
0.424353
0.389327
0.359831
0.444812
0.393791
0.487049
0.397132
0.553211
0.361001
0.422155
0.380106
0.393354
0.386109
0.350083
0.397428
0.350674
0.407640
0.439767
0.367879
0.536859
0.404020
0.332345
0.357972
0.444340
0.508506
0.460791
0.402495
0.408369
0.376088
0.357868
0.354914
0.436491
0.421604
0.309448
0.417836
0.249147
0.460901
0.443728
0.391307
0.458454
0.395829
0.455653
0.499535
0.420041
0.445032
0.422852
0.364001
0.397308
0.349006
0.342867
0.419116
0.353995
0.379598
0.307757
0.507420
0.458839
0.465439
0.419573
0.431702
0.421783
0.272742
0.435258
0.342789
0.322173
0.495153
0.452023
0.346138
0.433653
0.418477
0.397012
0.356159
0.455431
0.511992
0.380883
0.363864
0.340784
0.383927
0.490584
0.373319
0.381386
0.454567
0.397958
0.449225
0.479121
0.350269
0.426751
0.335322
0.329943
0.339182
0.330750
0.415431
0.356598
0.419526
0.321967
0.408370
0.261596
0.397097
0.493767
0.463598
0.487225
0.345191
0.457272
0.433151
0.538080
0.320578
0.434620
0.427621
0.350340
0.381812
0.457476
0.444125
0.439889
0.431694
0.456127
0.411507
0.435250
0.478134
0.436114
0.348255
0.385836
0.317400
0.378964
0.378761
0.311893
0.397798
0.323915
0.348605
0.340037
0.486355
0.462508
0.347815
0.491819
0.361964
0.333344
0.470027
0.377550
0.470665
0.452182
0.346201
0.476304
0.429673
0.391997
0.402241
0.337255
0.523548
0.521849
0.451346
0.511839
0.302122
0.442496
0.419536
0.397203
0.386721
0.346479
0.312788
0.405698
0.362141
0.472590
0.539096
0.513144
0.317548
0.522982
0.370048
0.415738
0.395989
0.421151
0.470393
0.416019
0.466105
0.336302
0.363756
0.431411
0.554106
0.454301
0.461835
0.425404
0.449241
0.367872
0.529855
0.399029
0.325709
0.397026
0.347868
0.381633
0.408477
0.338623
0.492453
0.376949
0.336314
0.487371
0.392409
0.385126
0.284698
0.347704
0.393694
0.411546
0.603329
0.358367
0.427354
0.480490
0.329309
0.458540
0.304922
0.386532
0.430112
0.305449
0.381401
0.366927
0.506973
0.503616
0.325164
0.359186
0.385541
0.279856
0.356556
0.383163
0.461051
0.491236
0.362017
0.472520
0.365912
0.524925
0.313454
0.343305
0.430531
0.359880
0.298319
0.349198
0.362775
0.439544
0.451624
0.370485
0.417844
0.332727
0.377840
0.435622
0.416179
0.464007
0.360812
0.316094
0.298772
0.494644
0.415149
0.446687
0.386213
0.430064
0.375556
0.354902
0.359547
0.414096
0.260860
0.375708
0.528169
0.363364
0.371499
0.432043
0.332369
0.364547
0.347107
0.446865
0.422506
0.400771
0.427607
0.408565
0.410843
0.510544
0.433553
0.359740
0.504923
0.379219
0.351451
0.406783
0.341738
0.319321
0.455169
0.445501
0.304226
0.452269
0.374320
0.381977
0.437598
0.438364
0.435861
0.428602
0.364643
0.409981
0.421449
0.341416
0.382287
0.337864
0.310578
0.359809
0.329360
0.277729
0.342781
0.433799
0.424732
0.470832
0.311818
0.314132
0.378108
0.333551
0.428989
0.279165
0.351087
0.307745
0.468468
0.389096
0.454688
0.437940
0.349041
0.380016
0.361927
0.472800
0.380215
0.388852
0.343414
0.288521
0.370241
0.364628
0.344406
0.342396
0.366956
0.358925
0.278408
0.340339
0.399595
0.464507
0.424512
0.437069
0.418839
0.416156
0.413786
0.392003
0.390072
0.337582
0.466449
0.317033
0.423781
0.313200
0.317459
0.286172
0.340768
0.342794
0.486790
0.372612
0.440950
0.349784
0.491652
0.419153
0.365229
0.390625
0.535212
0.347876
0.450971
0.382025
0.501353
0.376034
0.375753
0.423035
0.378718
0.397567
0.421463
0.400883
0.370608
0.446356
0.357938
0.387050
0.386831
0.479162
0.301320
0.459145
0.457259
0.404341
0.442800
0.412747
0.354460
0.419571
0.332560
0.393649
0.377933
0.436678
0.383197
0.377068
0.327124
0.424655
0.398044
0.292940
0.365692
0.506169
0.347889
0.462984
0.364322
0.417561
0.511021
0.250797
0.388554
0.360454
0.498266
0.440166
0.259380
0.267064
0.346461
0.425216
0.536193
0.325389
0.469044
0.360128
0.380608
0.396721
0.371827
0.502599
0.430793
0.332182
0.486775
0.537027
0.394424
0.421135
0.382037
0.350711
0.335430
0.344055
0.380732
0.366346
0.294950
0.366857
0.415558
0.355707
0.323161
0.324644
0.347386
0.412275
0.378789
0.351307
0.375730
0.413032
0.412671
0.432226
0.390883
0.390778
0.375629
0.299913
0.444282
0.459123
0.501106
0.412373
0.296738
0.446373
0.429845
0.601031
0.348561
0.387059
0.470162
0.372454
0.342584
0.348899
0.508312
0.353622
0.341344
0.365795
0.358795
0.314217
0.288773
0.340195
0.425922
0.361022
0.364520
0.397241
0.338524
0.352395
0.349129
0.432211
0.345972
0.456299
0.543316
0.359465
0.417882
0.479778
0.364866
0.404258
0.377830
0.391514
0.469286
0.512250
0.360203
0.409129
0.509897
0.449305
0.364829
0.484881
0.408216
0.464334
0.389219
0.435272
0.354769
0.385134
0.359506
0.459693
0.496702
0.289476
0.359631
0.437642
0.282413
0.357012
0.448889
0.418560
0.293405
0.404450
0.338930
0.414904
0.392715
0.444676
0.397073
0.347960
0.291874
0.436842
0.311127
0.472008
0.403480
0.363982
0.348050
0.328066
0.429803
0.447357
0.494336
0.449128
0.338999
0.368474
0.443800
0.534068
0.405627
0.288097
0.377930
0.367070
0.409724
0.397082
0.423819
0.393185
0.448310
0.344603
0.416809
0.298533
0.445792
0.380337
0.306304
0.461861
0.362483
0.399008
0.418093
0.359526
0.452509
0.357554
0.459868
0.378969
0.364712
0.393064
0.281567
0.458998
0.374648
0.303344
0.375779
0.483589
0.353487
0.346785
0.323984
0.500933
0.403193
0.414777
0.304792
0.324556
0.319187
0.385018
0.409008
0.382698
0.411516
0.379189
0.372739
0.371016
0.369010
0.418460
0.445145
0.431662
0.490875
0.289680
0.442297
0.484841
0.402447
0.368788
0.475104
0.391640
0.396853
0.467128
0.289386
0.366701
0.425940
0.316148
0.373931
0.488177
0.395507
0.398792
0.347835
0.382141
0.467727
0.372254
0.356635
0.409341
0.346493
0.317652
0.282413
0.399224
0.397135
0.471234
0.420564
0.362708
0.506210
0.336242
0.405486
0.438596
0.443865
0.501888
0.373758
0.342300
0.393792
0.501299
0.502966
0.340413
0.443589
0.354377
0.420541
0.403905
0.293754
0.590532
0.353873
0.452525
0.352083
0.365923
0.350064
0.478334
0.422358
0.394020
0.330277
0.378501
0.443907
0.444832
0.274394
0.387528
0.392585
0.461624
0.440848
0.371541
0.434832
0.391840
0.324707
0.362157
0.291512
0.385264
0.302720
0.315694
0.460935
0.459546
0.388264
0.383642
0.338849
0.435401
0.554202
0.392179
0.313744
0.454010
0.374080
0.313807
0.476903
0.506796
0.454661
0.365385
0.370407
0.408370
0.368049
0.342867
0.341180
0.408056
0.403214
0.500112
0.412102
0.312375
0.432255
0.362684
0.289141
0.351313
0.484618
0.410897
0.453596
0.378018
0.402507
0.399754
0.392543
0.366458
0.456616
0.387333
0.410977
0.516954
0.380000
0.452905
0.366290
0.309986
0.566182
0.425612
0.358606
0.324613
0.377635
0.340284
0.466747
0.346089
0.450920
0.382755
0.314222
0.328896
0.460400
0.384741
0.396397
0.363859
0.375051
0.435201
0.366208
0.324375
0.349013
0.346584
0.367653
0.333792
0.374468
0.395561
0.472050
0.422998
0.505507
0.415256
0.513294
0.371394
0.386771
0.383881
0.436144
0.418112
0.441900
0.320928
0.356870
0.393486
0.440069
0.372155
0.319271
0.363684
0.360691
0.421887
0.370830
0.345671
0.382095
0.430095
0.354918
0.324410
0.365876
0.397756
0.398364
0.377141
0.403536
0.396937
0.412142
0.356405
0.366792
0.303633
0.378347
0.415468
0.533178
0.365226
0.302580
0.435445
0.337695
0.486151
0.462614
0.429344
0.338164
0.387772
0.305459
0.451060
0.448661
0.491961
0.375218
0.346641
0.375774
0.363908
0.405545
0.314352
0.392020
0.409383
0.405578
0.374666
0.263346
0.411781
0.421292
0.409791
0.447737
0.406157
0.398687
0.435617
0.344106
0.547231
0.426747
0.313481
0.475595
0.423037
0.330291
0.477243
0.458698
0.332223
0.301697
0.395553
0.401753
0.429629
0.437722
0.338065
0.361280
0.411278
0.286868
0.342803
0.319847
0.429199
0.359329
0.372860
0.343985
0.374877
0.346445
0.504334
0.315875
0.342096
0.427153
0.317826
0.440047
0.406127
0.393538
0.355815
0.458898
0.296639
0.459723
0.339272
0.404362
0.333797
0.464308
0.395874
0.430088
0.361346
0.364488
0.255868
0.436788
0.380791
0.366193
0.374941
0.469090
0.407070
0.397523
0.457986
0.358899
0.456029
0.396718
0.286209
0.373765
0.385072
0.464732
0.458325
0.332912
0.398521
0.304918
0.420121
0.358321
0.328499
0.351771
0.373602
0.473437
0.473945
0.390699
0.440554
0.341440
0.360597
0.369278
0.345220
0.387195
0.388092
0.363893
0.306790
0.431629
0.348220
0.443193
0.464560
0.425907
0.375218
0.389804
0.474043
0.375784
0.417919
0.359423
0.374929
0.356882
0.347324
0.363117
0.425923
0.373487
0.375271
0.322472
0.336699
0.317320
0.314218
0.459942
0.434754
0.347815
0.335136
0.345748
0.511436
0.479813
0.417435
0.378908
0.343097
0.416397
0.364210
0.371872
0.318486
0.512407
0.356012
0.398890
0.387807
0.437673
0.383049
0.365955
0.331759
0.420463
0.454044
0.378427
0.382565
0.377911
0.411107
0.277039
0.272367
0.294346
0.356648
0.432690
0.385747
0.331417
0.423891
0.427764
0.395249
0.316083
0.382517
0.420624
0.363820
0.336754
0.446640
0.465344
0.372437
0.425023
0.404447
0.318417
0.331602
0.353617
0.340588
0.335456
0.409738
0.295602
0.479004
0.379006
0.369747
0.453578
0.360927
0.465611
0.385009
0.284356
0.348596
0.504161
0.438377
0.275840
0.377904
0.285696
0.411462
0.332698
0.372335
0.373292
0.358554
0.370016
0.369202
0.352078
0.426244
0.307561
0.327630
0.348773
0.357813
0.322685
0.472556
0.381799
0.316873
0.258731
0.389209
0.387689
0.291593
0.414515
0.343948
0.488754
0.252117
0.356174
0.477423
0.462810
0.414863
0.350772
0.405773
0.366736
0.391354
0.429715
0.416669
0.338429
0.295803
0.449231
0.444809
0.434269
0.395668
0.407713
0.404565
0.401974
0.344688
0.438518
0.330458
0.381566
0.418243
0.314819
0.335136
0.398751
0.396192
0.324625
0.367905
0.380279
0.262876
0.508428
0.354569
0.451768
0.391094
0.435827
0.378172
0.428065
0.418210
0.372428
0.388105
0.406156
0.317223
0.351223
0.385680
0.453711
0.435996
0.303369
0.256000
0.458198
0.413611
0.365732
0.365141
0.374125
0.382535
0.409840
0.477035
0.318219
0.446980
0.325539
0.318143
0.338219
0.256779
0.298710
0.345083
0.390102
0.438569
0.450996
0.311312
0.318632
0.372536
0.329473
0.379150
0.357300
0.422840
0.403236
0.374816
0.514205
0.269497
0.371650
0.414523
0.337843
0.397165
0.399277
0.400517
0.325790
0.395213
0.313862
0.331796
0.278140
0.285740
0.391460
0.314662
0.442136
0.339168
0.321945
0.434194
0.317458
0.398052
0.451355
0.462759
0.442018
0.312604
0.288959
0.369110
0.405223
0.352594
0.419545
0.429758
0.520340
0.433633
0.389091
0.481545
0.465272
0.338874
0.467220
0.398982
0.391753
0.380109
0.421010
0.339601
0.339605
0.363018
0.399509
0.354772
0.371633
0.417298
0.409099
0.443447
0.496013
0.443478
0.343529
0.481705
0.356305
0.378482
0.387116
0.394429
0.376775
0.437448
0.302345
0.398978
0.423205
0.321397
0.425653
0.408255
0.265689
0.438634
0.448555
0.261295
0.377635
0.443545
0.376391
0.429907
0.360388
0.406821
0.290721
0.449147
0.308084
0.373181
0.263544
0.428162
0.355514
0.446156
0.309578
0.508979
0.430432
0.401511
0.335530
0.413972
0.340881
0.405553
0.407576
0.442444
0.310876
0.466314
0.409437
0.519988
0.323627
0.467534
0.455149
0.397018
0.355108
0.359958
0.318862
0.458977
0.334749
0.441833
0.360956
0.462226
0.383598
0.374071
0.385012
0.369514
0.365978
0.455171
0.372110
0.385870
0.361944
0.461403
0.442304
0.339325
0.389802
0.391880
0.331871
0.380256
0.416527
0.401047
0.451544
0.377327
0.359777
0.441139
0.304964
0.395231
0.433551
0.324355
0.363746
0.312732
0.400713
0.296068
0.428082
0.384197
0.358747
0.454278
0.329588
0.365008
0.348942
0.316378
0.468626
0.310090
0.319338
0.364467
0.396690
0.377142
0.365773
0.337556
0.386488
0.422335
0.395861
0.413572
0.375746
0.385051
0.342024
0.340485
0.372819
0.417112
0.552572
0.341162
0.392640
0.431349
0.320841
0.458442
0.306878
0.363562
0.434347
0.389735
0.455511
0.439517
0.437280
0.527881
0.318054
0.346312
0.374837
0.419313
0.336445
0.317167
0.401169
0.382610
0.423289
0.358322
0.380645
0.406983
0.374187
0.443232
0.395923
0.311092
0.358434
0.333938
0.342861
0.288702
0.250621
0.335283
0.365994
0.304343
0.292470
0.327350
0.378490
0.463796
0.333783
0.393165
0.380782
0.303858
0.344431
0.436473
0.396274
0.352863
0.341122
0.572395
0.322380
0.326259
0.356193
0.356149
0.334625
0.384867
0.480533
0.298982
0.476368
0.452688
0.471552
0.475263
0.475985
0.351242
0.452867
0.336866
0.295582
0.349744
0.430080
0.339014
0.415850
0.314973
0.294238
0.503734
0.316909
0.319674
0.348240
0.311258
0.454454
0.378195
0.321194
0.376281
0.457335
0.531407
0.355711
0.394607
0.418824
