3.206281
3.252892
3.132164
3.166197
3.093681
3.182373
3.075579
3.144233
2.995155
2.976827
3.064655
2.960030
2.885462
2.864855
2.968706
2.788541
2.839191
2.766061
2.914546
2.727106
2.869575
2.751878
2.657742
2.757475
2.859186
2.729789
2.726021
2.759372
2.821714
2.794408
2.785336
2.780508
2.746575
2.711828
2.874641
2.661633
2.788585
2.645317
2.749256
2.674401
2.585162
2.675836
2.704043
2.532763
2.726532
2.583454
2.544003
2.603627
2.568972
2.805282
2.487361
2.610638
2.702317
2.591664
2.671467
2.666787
2.704901
2.450933
2.471016
2.600340
2.478993
2.604086
2.445356
2.600941
2.542745
2.522551
2.489051
2.522182
2.442965
2.562600
2.522972
2.475338
2.547810
2.456971
2.452433
2.433654
2.484049
2.488305
2.564913
2.619298
2.529685
2.531387
2.380180
2.431504
2.436867
2.345875
2.420103
2.410569
2.576664
2.471377
2.540971
2.490594
2.560622
2.481374
2.448154
2.478308
2.576256
2.550398
2.452000
2.454567
2.435429
2.459868
2.375786
2.456799
2.418640
2.495211
2.521850
2.338767
2.401275
2.362117
2.232769
2.305307
2.506690
2.249952
2.495250
2.361475
2.352899
2.300992
2.288500
2.578633
2.392021
2.311853
2.345663
2.343895
2.432242
2.351521
2.431058
2.483840
2.345714
2.299972
2.386289
2.412150
2.318178
2.322310
2.280172
2.191316
2.242596
2.309901
2.326924
2.284649
2.175157
2.329555
2.280873
2.217675
2.329106
2.248129
2.175310
2.247546
2.208323
2.312057
2.294185
2.414919
2.355587
2.333158
2.271838
2.315475
2.212350
2.268862
2.279580
2.288965
2.381235
2.313836
2.178805
2.253307
2.366574
2.120754
2.152192
2.295244
2.179251
2.160828
2.185042
2.321524
2.190804
2.307667
2.233113
2.178182
2.236592
2.292220
2.169242
2.248561
2.224053
2.272302
2.201045
2.371665
2.210671
2.181700
2.260720
2.378480
2.240939
2.326487
2.172202
2.179443
2.158225
2.161234
2.173291
2.347879
2.085577
2.207190
2.208032
2.185252
2.197175
2.234457
2.392350
2.082293
2.104583
2.244285
2.129179
2.169494
2.146804
2.325789
2.185131
2.226980
2.202331
2.106118
2.062310
2.128156
2.228701
2.190561
2.139609
2.186022
2.221713
2.132584
2.035300
2.301546
1.947012
2.084837
2.046263
2.118415
2.100117
2.103242
2.044398
2.073500
2.155478
1.958406
1.999614
2.135043
2.036339
2.147806
2.013254
2.257412
2.129688
1.975494
2.094961
2.139561
2.121947
2.047003
1.995589
2.109120
2.068176
2.044294
2.063385
2.147680
2.168556
2.101720
2.146153
2.091720
2.283962
2.002184
2.041956
2.121630
2.285615
2.042884
2.048860
2.092311
2.084067
2.034818
2.131661
2.131407
2.100072
2.093346
1.960381
2.035971
2.178831
2.092691
2.071146
2.147519
2.119344
2.098836
1.974383
1.935789
2.137155
2.075965
1.968230
2.010163
1.962806
1.986552
1.972572
1.878962
2.095385
1.966514
1.862221
1.831970
1.968920
1.946833
1.743170
1.878756
1.895005
2.027258
2.038424
1.876338
2.065116
2.000035
2.103147
1.936579
1.955929
1.880491
2.157419
2.090295
1.988858
1.995378
2.070724
1.887054
1.909153
1.908684
2.068466
1.993488
2.011059
1.950490
2.029997
1.997993
1.986642
1.851993
1.840423
2.031643
1.914328
1.997760
1.870704
1.922279
1.933885
2.040300
1.953812
1.865954
1.918948
1.996840
2.219814
1.955116
2.026959
1.989399
1.968863
1.874543
1.894532
1.783300
1.899832
2.034246
2.013343
1.896581
1.758923
1.873169
1.949778
1.926249
1.902870
1.908886
2.077083
1.928544
2.106172
1.857535
2.061517
2.034765
1.917794
1.967173
1.815897
1.996194
1.852613
1.881615
1.974128
1.789138
1.723854
1.834041
1.902292
1.871100
1.888514
1.813640
1.872434
1.735545
1.828775
1.889830
1.733078
1.948850
1.915504
1.873912
2.087425
1.907332
1.844074
1.888154
1.901508
1.771894
1.833644
1.753806
1.807313
1.905499
1.796759
1.787834
1.741453
1.889968
1.818397
1.681581
1.783249
1.615355
1.821398
2.143070
2.045711
1.925352
1.807207
1.994973
1.854069
1.884577
2.033551
1.805979
1.923165
1.829407
1.932610
1.809883
1.671396
1.877812
1.876046
1.791731
1.695048
1.903137
1.878757
1.840128
1.791591
1.776019
1.803529
1.872181
1.696586
1.819002
1.705987
1.773442
1.691736
1.815234
1.663363
1.792856
1.959166
1.663141
1.706865
1.757757
1.795581
1.640677
1.710391
1.644527
1.737741
1.866526
1.924314
1.638147
1.892800
1.907980
1.754254
1.764543
1.821416
1.666164
1.671527
1.634865
1.822845
1.725908
1.744960
1.708740
1.700690
1.611474
1.764477
1.642266
1.794487
1.747287
1.656657
1.767814
1.749311
1.688839
1.654959
1.664775
1.875590
1.806497
1.908512
1.721564
1.830889
1.699469
1.734864
1.694958
1.828889
1.677589
1.836741
1.706311
1.706950
1.825347
1.767927
1.848490
1.780564
1.595287
1.717420
1.806704
1.765598
1.552761
1.658880
1.533632
1.720701
1.703486
1.797905
1.748166
1.665264
1.759551
1.895154
1.590681
1.673468
1.675605
1.714068
1.780461
1.718062
1.643815
1.623231
1.641038
1.684589
1.770869
1.685454
1.535186
1.672948
1.623008
1.650164
1.702679
1.747713
1.574214
1.709694
1.664073
1.676943
1.797519
1.770044
1.669461
1.736389
1.691607
1.665330
1.545611
1.795192
1.581296
1.621507
1.626113
1.695698
1.643915
1.718085
1.680409
1.688272
1.660514
1.592751
1.723768
1.557241
1.693570
1.600583
1.767706
1.798064
1.828134
1.664313
1.494389
1.676501
1.584624
1.673779
1.665807
1.855172
1.493282
1.579593
1.721783
1.607439
1.751362
1.506683
1.600433
1.632218
1.830161
1.639690
1.595595
1.670605
1.729767
1.700501
1.818393
1.804201
1.717172
1.485713
1.739800
1.534250
1.569825
1.693901
1.492069
1.787019
1.754426
1.629330
1.655333
1.665936
1.662693
1.738588
1.585182
1.693155
1.663460
1.490774
1.761462
1.625418
1.589730
1.708659
1.691188
1.613068
1.684182
1.655036
1.611984
1.521930
1.604355
1.703675
1.669880
1.692708
1.688613
1.787468
1.646702
1.798884
1.490919
1.592910
1.820826
1.758862
1.703113
1.573912
1.593482
1.668550
1.497391
1.561264
1.747149
1.769719
1.657367
1.664623
1.651908
1.597173
1.440304
1.631797
1.642141
1.537364
1.762850
1.587161
1.556689
1.414421
1.437987
1.514230
1.661708
1.821469
1.498779
1.556593
1.543390
1.701322
1.547051
1.558808
1.553304
1.756256
1.681189
1.532953
1.466473
1.764185
1.511985
1.767519
1.581912
1.672504
1.679233
1.856305
1.798931
1.544394
1.406574
1.512224
1.607798
1.588128
1.650549
1.693284
1.595885
1.584202
1.652155
1.501711
1.709707
1.541067
1.602229
1.613495
1.579850
1.524531
1.584989
1.548050
1.718004
1.513936
1.698635
1.650879
1.805893
1.639167
1.668272
1.531981
1.718352
1.571222
1.491431
1.577513
1.654361
1.529004
1.635479
1.640295
1.693938
1.491946
1.691638
1.602337
1.561954
1.562815
1.669174
1.673812
1.682176
1.630051
1.651356
1.718806
1.589082
1.624793
1.495482
1.578074
1.442515
1.546350
1.490408
1.395159
1.550875
1.454237
1.544833
1.705763
1.658072
1.636997
1.516922
1.630400
1.492238
1.583746
1.702371
1.578682
1.560527
1.463372
1.629837
1.553516
1.578891
1.661777
1.602253
1.501295
1.640086
1.581990
1.480180
1.543208
1.677004
1.437204
1.474156
1.378653
1.565060
1.653978
1.415570
1.595109
1.533634
1.484535
1.459784
1.440136
1.571277
1.393468
1.355420
1.461004
1.726734
1.654848
1.728375
1.462230
1.362875
1.487576
1.485859
1.443661
1.499408
1.504089
1.694993
1.540604
1.632485
1.564297
1.521339
1.607982
1.494609
1.654963
1.544769
1.379517
1.441657
1.347705
1.548449
1.411675
1.482836
1.671877
1.507533
1.443547
1.615399
1.373929
1.485103
1.619910
1.454931
1.562711
1.500576
1.652470
1.465979
1.519000
1.495347
1.513972
1.639984
1.707174
1.379879
1.494976
1.593275
1.684959
1.570826
1.477385
1.558584
1.519496
1.614750
1.453412
1.474067
1.476423
1.479123
1.534058
1.363643
1.463815
1.446721
1.280724
1.554765
1.417716
1.502061
1.436479
1.431135
1.590316
1.562257
1.474346
1.489833
1.509211
1.435827
1.604006
1.679225
1.553840
1.560348
1.650095
1.558040
1.539676
1.594177
1.467479
1.417426
1.397892
1.406325
1.413772
1.353113
1.331115
1.590867
1.412725
1.452961
1.544114
1.533723
1.534576
1.492601
1.597353
1.570222
1.546145
1.435681
1.511747
1.575042
1.665025
1.375651
1.371960
1.707144
1.368013
1.554955
1.437261
1.771883
1.334356
1.507114
1.435328
1.435915
1.504261
1.449781
1.343692
1.397647
1.455258
1.444712
1.430264
1.281867
1.300735
1.467672
1.433454
1.289616
1.512870
1.489041
1.469160
1.341669
1.440516
1.352503
1.301730
1.433357
1.601149
1.529265
1.382925
1.381470
1.425503
1.420301
1.556602
1.510101
1.542452
1.489116
1.472659
1.573951
1.539165
1.483823
1.484787
1.479985
1.505851
1.386910
1.343549
1.286438
1.458529
1.336303
1.517879
1.378248
1.407018
1.384603
1.388543
1.320723
1.313201
1.411707
1.610491
1.342836
1.424921
1.567739
1.545499
1.469278
1.506327
1.378733
1.403238
1.588037
1.570109
1.404152
1.495542
1.587676
1.387806
1.336014
1.430783
1.433713
1.438682
1.497409
1.601341
1.336691
1.349564
1.437296
1.492127
1.436825
1.407540
1.494601
1.378410
1.475144
1.390130
1.480567
1.393002
1.407838
1.462995
1.329638
1.502372
1.606241
1.351044
1.549695
1.293021
1.321424
1.370891
1.483534
1.311611
1.390191
1.314315
1.553224
1.396292
1.276854
1.438436
1.430257
1.405132
1.244710
1.389667
1.368271
1.408319
1.450700
1.468056
1.435881
1.390437
1.457341
1.537020
1.471053
1.336496
1.359782
1.542310
1.425637
1.294713
1.365085
1.376625
1.312926
1.460988
1.564443
1.438590
1.258381
1.299728
1.350750
1.460359
1.367799
1.498156
1.407757
1.376022
1.538870
1.389323
1.439732
1.301025
1.424389
1.487034
1.468926
1.282182
1.284953
1.373657
1.382403
1.284318
1.281443
1.376656
1.436445
1.361587
1.296736
1.546313
1.367685
1.512322
1.520315
1.392308
1.662096
1.510980
1.455247
1.305534
1.433181
1.469854
1.340796
1.436280
1.503462
1.484595
1.524219
1.320963
1.315787
1.602770
1.320053
1.319081
1.325061
1.298072
1.368042
1.585555
1.621584
1.460467
1.343698
1.438823
1.392074
1.412105
1.330571
1.358541
1.260112
1.333572
1.438739
1.352355
1.357383
1.488547
1.440008
1.403385
1.499426
1.374261
1.584072
1.358192
1.501021
1.460772
1.307966
1.301833
1.226892
1.304112
1.358936
1.501994
1.464024
1.247535
1.398897
1.487016
1.530836
1.243468
1.337473
1.404280
1.282325
1.347448
1.415276
1.446770
1.299218
1.259029
1.548320
1.407587
1.487546
1.398225
1.390051
1.360382
1.463135
1.357819
1.449738
1.348014
1.365529
1.384162
1.523685
1.433571
1.260291
1.257974
1.294261
1.216153
1.338950
1.337067
1.418458
1.443264
1.389226
1.386811
1.309321
1.410289
1.271141
1.401722
1.393936
1.123495
1.357501
1.507397
1.223009
1.420188
1.311966
1.189744
1.366350
1.267210
1.461016
1.033682
1.232967
1.415719
1.257787
1.282005
1.430918
1.344279
1.421811
1.189063
1.175809
1.233359
1.588525
1.212526
1.237612
1.112758
1.414476
1.359641
1.266221
1.406161
1.217866
1.215437
1.375810
1.167494
1.269541
1.255774
1.191477
1.579618
1.651930
1.306278
1.365828
1.426337
1.317755
1.425372
1.370120
1.128250
1.419021
1.267792
1.376988
1.437000
1.235022
1.314893
1.254897
1.368856
1.410362
1.275667
1.175624
1.721626
1.287064
1.317711
1.312798
1.297290
1.230159
1.350691
1.426463
1.399494
1.313006
1.274072
1.318343
1.321707
1.419604
1.259898
1.427490
1.300376
1.343612
1.458359
1.391485
1.286461
1.402305
1.286738
1.407993
1.339523
1.403440
1.460345
1.278890
1.311225
1.219305
1.406020
1.382169
1.338742
1.343680
1.183224
1.377335
1.283831
1.127884
1.386475
1.170271
1.435346
1.349304
1.346415
1.289660
1.419422
1.323789
1.288997
1.405187
1.510657
1.395271
1.353643
1.582222
1.514759
1.348640
1.320586
1.384974
1.286888
1.263803
1.458856
1.532356
1.306202
1.239398
1.328066
1.252919
1.365357
1.333629
1.172118
1.096955
1.216675
1.426409
1.200870
1.203695
1.470824
1.269460
1.221118
1.396638
1.249164
1.294231
1.593372
1.223948
1.284682
1.194742
1.246796
1.293770
1.432272
1.317947
1.313039
1.414247
1.125998
1.306795
1.366612
1.318893
1.310016
1.336816
1.186897
1.117142
1.310370
1.335903
1.406808
1.291910
1.185910
1.306559
1.206478
1.320226
1.270724
1.257914
1.560457
1.383083
1.167232
1.413013
1.421885
1.369773
1.207061
1.206319
1.427538
1.344815
1.343318
1.262129
1.162306
1.204925
1.304217
1.259598
1.247004
1.174650
1.291150
1.267055
1.172425
1.295219
1.327972
1.156388
1.248764
1.115195
1.282992
1.202731
1.233863
1.152533
1.168307
1.313075
1.292619
1.287688
1.326692
1.218306
1.315466
1.263864
1.419618
1.069559
1.313781
1.372720
1.443784
1.275926
1.287163
1.223487
1.158230
1.287802
1.392571
1.239595
1.304923
1.255816
1.293843
1.193413
1.224083
1.234430
1.295923
1.315685
1.197174
1.348756
1.250273
1.057722
1.357759
1.306745
1.265310
1.168360
1.398753
1.266080
1.327371
1.288603
1.303101
1.053859
1.206466
1.143221
1.427906
1.199705
1.286233
1.104795
1.272642
1.295014
1.066329
1.100864
1.350180
1.493942
1.112127
1.311791
1.138819
1.271956
1.266039
1.214990
1.575307
1.252191
1.319555
1.408727
1.335743
1.216371
1.294505
1.362885
1.357500
1.304612
1.334870
1.136930
1.101397
1.197999
1.252193
1.255568
1.156089
1.312475
1.259426
1.139396
1.175216
1.103424
1.147779
1.091339
1.330575
1.331825
1.253791
1.168701
1.165642
1.334866
1.159693
1.096257
1.156742
1.013661
1.265494
1.282586
1.512302
1.241011
1.289780
1.308525
1.337098
1.206538
1.227460
1.215470
1.190543
1.197672
1.384160
1.289241
1.239765
1.320786
1.176835
1.161256
1.328460
1.233774
1.292180
1.350485
1.108120
1.210755
1.395851
1.553446
1.341660
1.429413
1.199801
1.527971
1.526191
1.262485
1.314976
1.141624
1.246753
1.296198
1.359938
1.230262
1.032621
1.274387
1.380931
1.193069
1.125014
1.170636
1.355799
1.313574
1.171526
1.155328
1.415471
1.132693
1.135542
1.302244
1.123451
1.228702
1.120784
1.087034
1.429626
1.307756
1.108298
1.554614
1.298936
1.429764
1.255075
1.338191
1.263690
1.129500
1.245583
1.280557
1.146856
1.309674
1.119346
1.162012
1.239043
1.076248
1.218663
1.253399
1.360619
1.074878
1.184632
1.117476
1.187149
1.270593
1.106333
1.243482
1.129816
1.074200
1.261719
1.198937
1.074247
1.060552
1.140338
1.234894
1.266455
1.186761
1.090401
1.020235
1.040108
1.096443
1.194206
1.279476
1.211524
1.268747
1.132878
1.242155
0.987130
1.237129
1.141621
1.240342
1.048817
1.360884
1.177198
1.018193
1.002018
1.207481
1.371781
1.122097
1.168650
1.271039
1.150857
0.991343
1.208495
1.291032
1.196392
1.170915
1.106329
1.126776
1.300565
1.263861
1.077142
1.133675
1.151170
1.096109
1.202075
1.037475
1.283672
1.144563
1.201045
1.364809
1.132621
1.104280
1.288646
1.215898
1.254919
1.246140
1.195603
1.114381
1.195777
1.095050
1.022148
1.156287
1.260283
1.166103
1.101989
1.263178
1.190643
1.291649
1.137939
1.234377
1.063785
1.113451
1.174977
1.364093
1.195364
1.155678
1.156616
1.169863
1.193246
1.268323
1.204075
1.007446
1.152415
1.193988
1.180267
1.109676
1.402527
1.116467
1.174427
1.342427
1.110710
1.262642
1.182981
1.279473
1.150003
1.107557
1.249325
1.110228
1.205016
1.236988
1.153796
1.188161
0.958496
1.162414
1.162542
1.140027
1.189451
1.256074
1.341643
1.190864
1.345815
1.198737
1.085091
1.167449
1.348948
1.306494
1.145359
1.315929
1.295435
1.158404
1.080007
1.037396
1.154724
1.146226
1.078685
1.088091
1.074539
1.235385
1.333884
1.422989
1.203517
1.212227
1.250809
1.104282
1.102723
1.198140
1.120554
1.084810
1.049374
1.169484
1.148965
1.148650
1.116517
1.215000
1.075293
1.084362
1.193535
1.033207
1.428992
1.127190
1.037841
1.316308
1.105458
1.288109
1.120009
1.050942
1.105856
1.267218
1.033782
1.103152
1.153633
1.152091
1.304267
1.114423
1.197761
1.057483
1.084983
1.469173
1.152974
1.095435
1.322838
1.171379
1.100667
1.070707
1.157339
1.293839
1.178888
1.240801
1.150872
1.060121
1.088846
1.283699
1.154914
0.989074
1.114883
1.114135
1.177995
1.248164
1.338455
1.071348
0.936366
1.233708
1.168577
1.037694
1.115913
1.093424
1.163666
1.107193
1.196522
1.207916
1.141684
1.149396
1.115624
1.182381
1.128839
1.336435
1.212297
1.071779
1.340411
1.292733
1.193154
1.288220
1.181997
1.107666
1.031594
1.105174
1.131569
1.056402
1.110466
1.133280
1.159967
0.958802
1.252549
1.304677
1.135923
1.253015
1.183135
1.091034
1.091921
0.935365
1.009695
1.077290
1.152077
1.120722
1.056253
1.094374
1.290010
1.243309
1.054062
1.112013
1.077512
1.238780
1.352079
1.316650
1.093158
1.399956
1.185790
1.137676
1.058769
1.130138
1.214208
1.005411
1.306949
1.010270
1.084622
1.151324
1.065427
1.117787
1.052831
1.260606
1.068940
1.183956
1.107764
0.955427
1.184415
1.105299
1.054645
1.004495
1.150716
1.184623
1.353777
1.187800
1.151692
1.060676
1.034436
1.086377
1.081286
1.015185
1.038018
1.021297
0.961509
1.044090
1.053942
1.203954
1.080925
1.003440
0.945517
0.933715
1.219552
1.177997
1.000838
0.948193
1.040557
1.141337
1.137944
1.104765
1.115858
1.079106
1.101357
1.041941
1.014491
1.103210
0.995708
1.127696
1.227298
1.218990
1.109975
1.294848
1.220464
1.116636
1.288389
1.156664
1.159312
1.182761
1.203657
1.245854
1.008566
0.981830
1.178514
0.950514
1.143941
1.031945
1.370153
1.171466
1.124582
1.186031
1.181044
1.089049
1.194882
0.912734
0.991205
1.074341
1.188500
1.154620
0.921620
1.063856
1.026688
1.144091
1.001187
1.118388
1.028561
0.962900
1.186614
1.041381
1.273008
1.091138
1.161112
1.128616
1.124390
1.033569
1.073863
1.078180
1.178720
1.185918
1.237825
1.186109
1.057508
1.146328
1.155002
1.109599
1.056286
1.117340
0.934210
1.062611
1.072804
1.039340
1.216680
0.947872
0.959981
1.054818
1.203072
0.989877
1.107673
1.093885
0.998121
1.062016
1.084486
0.816925
0.947567
1.183714
1.120299
1.113288
1.045863
1.113921
1.108883
1.193485
0.977747
1.086857
0.985302
1.160481
0.959634
1.015426
1.047492
1.130268
1.149030
0.988366
0.976455
0.999224
1.294221
0.959730
1.232896
1.305798
0.998116
0.964283
1.065922
1.034395
0.993693
1.035327
1.129325
1.104912
1.195000
1.016230
0.992829
1.200683
1.092032
1.043388
1.007386
1.027947
0.873360
0.958116
1.228899
1.118871
1.151289
1.038031
1.031981
1.171870
0.968614
0.965045
1.160178
1.090661
1.107676
1.099162
1.029476
1.050008
1.244525
1.112385
1.002898
0.998852
1.177092
1.030398
0.954349
1.233901
0.967118
1.331844
0.959309
1.125646
0.883447
1.107007
1.093742
1.074507
1.130255
1.153061
1.064173
1.261577
1.041139
1.064333
1.095057
1.113981
1.191832
1.039680
1.092570
0.962540
0.939623
1.132663
0.908777
0.927051
0.907390
0.983229
1.014804
1.038123
1.004589
0.986905
0.986573
1.052133
1.438253
1.273457
1.204847
1.134308
1.091079
1.125860
1.021655
1.003450
0.920537
1.117592
1.011048
1.102643
1.150561
0.962827
0.972024
0.821144
1.039299
0.982344
1.166482
0.962924
1.091483
1.078130
0.928930
1.057444
1.033373
1.074763
1.100119
1.177679
1.098647
1.246747
1.050276
1.178049
1.020552
1.102238
1.235269
1.062405
0.997056
0.995294
1.140044
0.916147
1.069875
0.931300
1.104403
0.958177
1.151967
1.018072
1.000304
1.016898
1.181042
1.034220
1.017200
0.938002
0.898711
1.244302
1.030376
1.087475
1.008349
1.009647
1.023519
0.878361
1.102123
0.957196
0.892861
1.005894
1.070894
1.077787
1.081415
1.124057
1.198290
1.092642
0.969132
1.071064
1.045142
1.026534
1.003991
1.070830
1.053773
0.908580
1.086296
1.058693
1.056996
0.926658
1.037796
0.986199
1.038351
1.032431
1.056192
0.954139
1.019183
1.139467
0.993726
1.066854
0.912329
1.215474
1.159226
1.123628
1.196063
1.041975
1.035921
0.888850
0.995912
0.963035
1.137930
1.181364
1.008511
0.989291
1.202437
1.153366
1.134685
1.173637
1.066184
1.027348
1.223842
1.187496
0.990467
1.136460
0.918837
1.146986
1.084387
1.068778
1.088153
0.954501
1.071853
1.068000
0.923764
0.960021
0.981387
0.985324
0.983916
0.988082
1.181813
1.066020
0.952902
0.892854
0.970398
1.041494
1.013448
1.090424
1.123598
0.979651
1.077302
1.152131
0.928437
1.094466
0.968642
1.188781
1.211901
1.064554
0.917842
1.135175
0.908335
1.110219
0.964347
1.095284
1.092575
0.973090
0.923675
1.174490
0.897405
1.106870
1.081087
0.871809
0.989744
0.842571
1.210001
1.036731
0.913121
0.884708
0.932535
1.053151
0.967389
0.970195
1.019526
0.985076
0.907051
0.868496
0.931736
0.966769
1.031905
1.019202
1.009888
1.089585
1.133085
0.995695
1.040891
0.889739
1.092094
1.025206
0.951314
1.053076
0.942706
1.107255
1.008339
1.037482
1.150289
1.003546
1.094481
1.102114
1.150866
0.828602
0.997452
1.055295
1.018325
0.978718
1.137590
0.919443
1.068247
0.991515
1.069790
0.959380
0.976649
0.897883
0.959496
1.244824
1.103133
0.939449
1.051015
0.924214
0.868468
0.986754
0.930976
1.048083
1.057361
1.007542
1.031887
1.055072
1.112740
0.858732
0.982533
1.059345
0.945999
1.011765
0.991003
0.897726
0.947789
1.072644
0.916381
1.001966
1.020068
1.038608
0.991653
1.114021
0.947504
1.092250
0.980812
1.158247
0.920322
1.010658
1.012208
0.987563
0.818821
0.953071
0.975239
1.032775
1.001257
1.023596
1.012573
1.070403
1.136762
0.964014
0.997133
0.944155
0.996538
0.737334
0.915212
1.055951
0.966406
1.124366
0.894661
1.242076
0.943891
1.192540
1.104074
0.878089
1.038604
0.971676
0.945764
0.937599
0.897477
0.956143
1.241001
1.115693
1.083118
1.049550
0.874755
0.965896
0.897881
0.997516
0.974359
1.073519
1.138696
0.996426
0.910541
1.081633
1.051503
1.052716
1.040530
0.900285
0.951832
1.041430
0.986319
1.125063
1.066520
1.027492
0.944697
0.941029
1.108534
0.978663
1.085075
1.087903
1.004983
1.022088
1.129722
0.955024
0.995169
1.057361
1.238768
0.824614
0.845464
0.996186
1.078736
1.029272
0.902317
0.972383
1.044487
0.958373
0.989310
0.966429
1.073124
0.945117
0.978316
0.875954
1.198052
1.041563
0.967810
0.868517
1.001621
1.045564
1.173377
0.950900
0.961316
0.983574
0.937428
1.112467
1.016435
1.092343
1.073200
0.917854
1.076846
1.010189
0.959094
0.932839
1.048225
1.111674
1.048859
0.828125
1.073298
1.072853
1.118675
0.844947
0.951174
0.951503
1.031576
1.062961
0.907903
0.993352
0.977270
0.916524
1.015379
0.894734
1.015751
0.969541
1.036737
0.875449
1.055250
0.887881
0.890936
1.000944
1.144557
0.924128
1.064252
1.192941
0.989770
1.120381
0.965344
0.902422
0.994517
1.122004
0.966103
1.034057
0.881625
0.905854
0.903141
1.009915
1.011568
0.946558
0.950275
0.951661
0.898418
1.030226
1.141721
0.787920
0.925303
0.955051
1.330859
0.910909
1.028975
0.924701
0.939700
0.982150
1.003555
1.006569
1.217960
0.949419
0.958876
1.052046
0.934758
1.084482
0.823173
0.860569
0.979581
0.885289
0.937602
0.945985
1.018694
0.951903
1.096521
0.968554
0.926342
1.006135
0.844964
1.163430
1.101586
1.070211
1.017244
0.983636
1.063408
0.915182
1.105199
1.002492
0.827437
0.922642
1.040041
0.927308
0.877602
1.069272
0.962864
1.182057
0.950843
0.995312
0.872877
0.899651
0.980772
0.775876
0.886464
0.989075
0.879529
0.972545
0.935142
1.214559
1.101029
0.805002
0.965067
0.877281
1.133271
0.979236
0.959343
1.191303
1.135879
0.880954
1.007135
0.862393
0.899144
1.024361
0.972257
1.151765
0.889529
0.932926
1.016714
0.825184
0.940007
0.947936
0.895248
0.917611
1.018676
0.969970
0.910263
0.788185
1.036852
1.048611
1.202567
1.128039
0.750322
0.906111
0.951986
0.977151
0.855395
0.821916
0.936999
0.872303
0.907753
0.912890
0.919874
0.940290
0.917119
0.824436
1.024893
1.114510
1.142528
1.145191
0.965890
0.960643
0.944310
0.792059
0.930238
0.740759
0.787908
0.862691
0.896371
0.929617
1.000828
1.211010
1.031212
0.906485
1.093808
0.919790
0.986980
0.990242
0.856993
0.896670
0.967235
0.917392
0.854208
1.076912
1.068686
1.000122
0.883357
1.131760
0.931344
0.889231
0.896594
0.930978
0.884742
0.911823
1.048336
1.064927
0.841734
0.905352
1.152641
1.008391
0.934465
0.989220
0.990238
0.879390
1.008178
0.966279
0.832818
0.801667
0.977233
0.830170
0.854247
1.035798
0.897025
1.036631
0.888068
1.090343
1.000998
0.835265
0.803436
0.862494
0.985245
0.943449
1.064624
1.003357
0.866190
1.009223
0.918034
0.762646
0.982684
0.956634
0.962026
0.999764
1.009797
0.977093
0.980767
0.855794
0.964288
1.070707
0.746753
0.951883
0.979203
0.941262
0.958894
0.889753
0.925282
0.968003
0.963082
0.807642
0.751619
0.996545
0.807770
0.840633
1.112526
1.268913
0.991609
0.933587
0.958101
0.904577
0.858159
0.889427
1.084442
1.008428
0.865361
0.943428
0.924881
0.868457
0.926862
1.069358
0.814706
1.036122
1.037677
0.918548
1.035726
1.027019
0.797859
0.884056
0.964054
1.088657
0.777896
1.050407
0.978446
0.966565
0.970806
0.702477
1.059534
0.932795
0.846567
1.248404
0.960411
0.827321
0.969105
1.154153
0.910898
0.839088
0.784826
1.021735
0.946048
0.873630
0.888253
0.937285
0.966783
0.767203
0.882336
0.940828
0.906309
1.058604
0.731408
1.004161
0.935849
0.927623
0.888230
0.989381
1.072418
1.056444
1.039379
0.869063
1.084609
1.267257
1.053293
0.936243
0.947547
0.979936
1.057614
0.845902
0.828062
1.071062
0.918040
0.986521
0.942124
0.881503
0.933684
0.878383
0.754117
0.893551
0.908916
0.882593
0.907377
0.975085
0.730342
1.048692
0.862337
1.072169
1.153450
0.951495
0.849161
0.906622
0.916913
0.934312
0.889122
0.972039
0.830761
0.817615
0.963410
0.797489
0.815040
0.954142
0.898902
0.935123
0.814665
0.963634
0.897992
0.778219
0.848407
0.851576
0.913562
0.816195
0.798546
0.902536
0.971072
1.054160
0.932697
0.818429
0.809062
0.886661
0.778292
0.979028
0.862037
0.883833
0.864624
0.958851
0.919429
0.797823
1.023915
0.875129
0.837408
0.965884
0.884464
0.747765
0.813270
1.130468
0.885838
0.903845
0.921783
0.845518
1.012597
0.849036
0.816878
0.989079
0.801191
0.833551
0.861713
0.869896
0.978417
0.810401
0.939096
0.826238
0.765904
0.955999
1.021122
1.041424
0.718549
0.885701
1.069703
0.816042
0.924915
1.109109
0.856899
0.825033
0.900674
0.887131
0.876869
0.976162
0.965649
0.813237
0.905656
1.070111
0.836781
0.921452
0.859819
0.928792
0.889839
0.857666
0.882214
0.939354
0.955279
1.018231
1.120898
0.868723
0.933354
0.714750
0.783258
0.939024
0.925552
0.765387
0.829491
0.869927
0.916359
0.967594
0.819115
1.092156
0.803799
0.872205
0.841036
0.902523
0.935422
0.785928
1.131413
0.921740
0.936995
1.039455
0.910002
1.022403
0.742321
0.963326
0.867828
0.925366
0.966950
0.791774
0.891286
1.138599
0.917411
0.915856
0.933363
0.791444
0.803441
0.870192
0.975737
0.915605
0.847627
0.859415
0.781894
0.886944
0.928562
0.832789
0.971665
0.902624
0.860821
0.855437
1.111902
0.804972
0.992794
0.918705
0.942494
0.995463
0.858005
1.012193
0.960896
0.805614
1.041037
0.893537
0.957944
0.878439
0.838542
0.888258
0.929295
0.971138
0.906770
1.055546
1.123136
0.878564
0.852272
0.915101
0.817798
1.057239
0.961122
1.036298
0.848992
0.955174
1.105429
0.887471
0.892149
1.117041
0.812135
1.040965
0.901358
0.879278
0.860253
1.035876
0.871150
0.773633
0.892466
0.859097
0.804507
0.837194
0.808910
0.797488
0.947749
0.841306
0.801559
1.045214
0.885536
0.985815
0.913522
0.919363
0.642418
0.979463
0.820005
0.937019
0.933205
0.871922
0.842565
0.808414
0.848476
0.808678
0.965863
0.695505
0.794415
0.860282
0.997505
0.916223
1.194952
0.897084
0.713440
1.032405
1.041076
0.717022
0.947270
0.814807
0.920407
0.951408
0.859321
0.888104
0.869139
0.957707
0.780800
0.851967
0.753301
0.685567
0.792452
0.963783
0.816482
0.866731
0.902956
0.891604
0.838886
0.792178
0.908794
0.935210
0.935927
1.001929
0.861501
0.916523
0.811789
0.883172
0.790420
0.978067
0.709405
0.824367
0.739876
1.034573
0.789667
0.925709
0.813766
0.905570
0.755645
1.140096
0.738823
1.025534
0.812287
0.771377
1.056868
0.870300
0.761568
0.844800
0.783778
1.031781
0.973688
0.945053
0.855825
0.862622
0.693313
0.925852
0.900665
0.799420
0.932945
0.930349
0.891218
0.928859
0.882683
0.953511
0.980065
0.813818
0.734149
0.953579
0.886251
0.935922
0.951916
0.845321
0.908828
0.966915
0.923479
0.931491
1.085554
0.887236
1.151324
0.840664
0.933554
0.904027
0.922795
0.761803
0.903150
0.811695
0.950783
0.910231
0.897374
0.726960
0.900223
1.002418
0.847775
1.087867
0.879270
0.801396
0.856003
1.034914
0.821843
0.895375
0.803611
0.941043
1.143382
0.750008
0.877275
0.798684
0.840373
0.820421
0.760099
0.871360
0.766043
0.754827
0.835541
0.827667
0.761381
0.914181
0.763456
0.799414
0.906831
0.838817
0.885019
0.745290
0.842154
0.890274
0.735406
0.866208
0.787414
0.828747
0.820223
0.778124
0.892018
1.024469
0.939716
0.812123
0.838321
0.680888
0.870572
0.618798
0.739089
0.962063
0.911538
0.707636
0.653663
0.704747
0.913672
0.946873
0.728308
0.922399
1.002373
0.893565
0.800652
0.656584
0.872793
0.904587
0.715634
0.781569
0.890661
0.752011
0.762994
0.789169
0.868385
0.931399
0.785884
0.856124
0.859270
0.853223
1.011483
0.977499
0.979280
0.819230
0.854386
0.787018
0.883605
0.860529
0.850165
0.855144
1.035518
0.878666
0.706980
0.857774
0.823581
0.740263
0.880819
0.999386
1.038899
1.036783
0.982660
0.655737
0.930291
0.902233
0.888452
0.851996
0.810997
0.686543
0.844402
0.895889
0.705277
0.811015
0.749330
0.729514
1.044280
0.985990
0.909647
0.836175
0.867975
0.994527
0.776910
0.879223
0.757727
0.853558
0.746107
0.958593
0.831925
0.953600
0.919620
0.977130
0.794435
0.874832
0.763464
0.922224
0.731196
0.924120
0.841680
0.785099
0.825074
0.871482
0.725220
0.750645
0.784495
0.790002
0.903758
0.743809
0.817187
0.741239
0.788938
1.045517
0.728094
0.950898
0.981285
0.856330
0.993482
0.903796
0.793647
0.832445
0.830790
0.855858
0.971416
0.844628
0.844402
0.958335
0.731146
0.859421
0.736643
0.741704
0.784116
0.883663
0.861523
0.775866
0.838943
1.037185
0.796260
0.900349
0.914233
0.744690
0.793802
0.822850
0.738425
0.760983
0.798320
0.902358
0.927184
0.912611
0.921010
0.810467
0.780684
1.048187
0.802070
1.000894
0.776069
0.867320
0.782197
0.743379
0.834332
0.904569
0.740416
0.844850
0.833911
0.923707
0.826138
0.833487
0.911419
0.818338
0.794520
0.699895
0.827708
0.975804
0.711990
0.875859
0.844030
0.869336
0.821315
0.705947
0.770274
0.777862
0.831385
0.875730
0.861993
0.981811
0.883815
0.836307
0.743540
0.762115
0.854347
0.897954
0.870635
0.932380
0.778955
0.790862
0.794109
0.656579
0.961889
0.734203
0.692711
0.984126
0.811830
0.731461
0.648173
0.786746
0.803354
0.934657
0.909674
0.898852
0.904686
0.808815
0.880053
0.894211
0.752690
0.733375
0.868655
0.889227
0.800247
0.925612
0.913349
0.841477
0.821349
0.819125
0.843251
0.757285
0.715825
0.749087
1.010964
1.000063
0.768650
0.775691
0.748942
0.767606
0.949582
0.756813
0.883421
0.721348
0.975757
0.780187
0.644211
0.699084
0.768629
0.887893
0.715958
0.824134
0.911142
0.786043
0.785851
0.697912
0.959759
0.863902
0.768749
0.861341
0.957327
0.951375
0.777999
0.708907
0.824587
0.966204
0.830772
1.003750
0.839308
0.811320
0.739816
0.923082
0.836258
0.768547
0.753847
0.749413
0.691480
0.742643
0.797428
0.835965
0.945459
0.813507
0.628043
0.718112
0.930825
0.838707
0.735980
0.827535
0.813311
0.913138
0.689155
0.884758
0.853217
0.834486
0.797518
0.753184
0.858441
0.719748
1.013922
0.861736
0.966727
0.815183
0.862330
0.842689
0.737157
0.890097
0.719543
0.966531
0.829687
0.874256
0.699991
1.047467
0.859583
0.864949
0.733727
1.007166
0.792969
0.898720
0.787333
0.817272
0.848924
0.732860
0.816895
0.826916
0.778099
0.778988
0.821749
0.727650
0.744515
0.706337
0.849784
0.909989
0.669855
0.908761
0.767532
0.853179
0.840295
0.874822
0.691571
0.858829
0.866740
0.880508
0.864819
0.927950
0.863411
0.836629
0.662227
0.864042
0.685767
0.713283
0.814061
0.811634
0.827403
0.793014
0.850141
0.766921
0.689974
0.744347
0.684941
0.840014
0.705388
0.718354
0.807909
0.810298
0.843065
0.767281
0.800818
0.813095
0.952404
0.743391
0.737255
0.850851
0.763920
0.812835
0.681750
0.729345
0.902047
0.961492
0.847304
0.726268
0.861345
0.929515
0.739011
0.733235
1.025945
0.810134
0.888433
0.959567
0.821546
0.852500
1.022437
0.833393
0.786656
0.907052
0.798028
0.696766
0.781328
0.732823
0.845225
0.868821
0.731231
0.996145
0.760514
0.821330
0.867283
0.641357
0.804740
0.910661
0.758231
0.877480
0.736711
0.669306
0.832843
0.755864
0.924554
0.980360
0.773094
0.731857
0.774958
0.694370
0.878414
0.834573
0.774953
0.673871
1.166747
0.817150
0.824851
0.815887
0.922693
0.815595
0.842218
0.695329
0.848463
0.858547
0.791005
0.815897
0.818606
0.712932
0.824746
0.867610
0.829184
0.844101
0.860812
0.795635
0.849781
0.869331
0.900845
0.826378
0.909300
0.941567
0.788985
0.933472
0.776327
0.741929
0.792565
0.952535
0.861014
0.765840
1.008975
0.903506
0.772488
0.839078
0.758780
0.974848
0.729921
0.709824
0.680740
0.747216
0.891105
0.892572
0.957820
0.843621
0.716563
0.714884
0.834840
0.745362
0.758368
0.974404
0.843993
0.807198
0.672017
0.888176
0.992559
0.843756
0.979252
0.979661
0.737942
0.872867
0.826965
0.703970
0.811598
0.735504
0.865178
0.911327
0.856865
0.787655
0.879745
0.661455
0.934771
0.847086
0.760988
0.812885
0.833415
0.851809
0.913500
0.895876
0.870834
0.703336
0.791050
0.894739
0.768342
0.742464
0.872067
0.911143
0.810131
0.824942
0.744864
0.852658
0.659384
0.841703
0.713608
0.704172
0.838727
0.824021
0.863809
0.835703
0.910209
0.637388
0.780796
0.828919
0.766521
0.671354
0.822548
0.758665
0.810071
0.709457
0.841531
0.663187
0.711279
0.835438
0.827613
0.649907
0.695287
0.735120
0.551946
0.697546
0.898279
0.750439
0.952599
0.737315
0.778668
0.832644
0.762039
0.865163
0.812984
0.871635
0.910127
1.004462
0.787101
0.810106
0.740587
0.857166
0.807181
0.821005
0.806409
0.844539
0.963269
0.667481
0.774743
0.739689
0.904186
0.773470
0.815308
0.812635
0.866644
0.691536
0.974069
0.869210
0.925693
0.969837
0.703224
0.942375
0.752288
0.883144
0.780246
0.779451
0.785332
0.774678
0.711493
0.705527
0.825073
0.800786
0.828217
0.794806
0.908245
0.688446
0.747709
0.819565
0.641195
0.772504
0.942998
0.764307
0.716440
0.891078
0.743292
0.735519
0.835139
0.826842
0.817793
0.709278
0.617032
0.855477
0.703417
0.853840
0.850673
0.773110
0.733972
0.729640
0.751019
0.902093
0.584310
0.770961
0.740726
0.831965
0.642748
0.932533
0.903160
0.752923
0.852149
0.754110
0.700360
0.647841
0.739414
0.795326
0.829350
0.845129
0.772001
0.998794
0.833612
0.779796
0.769352
0.766610
0.714917
0.632739
0.782693
0.708163
0.696096
0.789412
0.767276
0.712092
0.792988
0.852881
0.749796
0.710321
0.698704
0.781351
0.703543
0.779617
0.753093
0.894431
0.717224
0.774010
1.018587
0.847998
0.867372
0.633454
0.780250
0.728846
0.849886
0.801510
0.744076
0.673101
0.916357
0.975308
0.743423
0.730828
0.749957
0.724596
0.657996
0.662515
0.759605
0.803453
0.616250
0.964290
0.690686
0.799257
0.730759
0.797262
0.694242
0.755477
0.893329
0.688214
0.871231
0.703081
0.766575
0.671494
0.783869
0.774994
0.813303
0.988549
0.689859
0.754910
0.743432
0.705618
0.743507
0.975560
0.760968
0.700992
0.704368
0.854311
0.880663
0.752997
0.957934
0.876551
0.836523
0.888013
0.760386
0.739918
0.738597
0.816419
0.707588
0.799146
0.728715
0.830608
0.862359
0.898804
0.732397
0.856548
0.778507
0.833586
0.763778
0.713470
0.767502
0.813699
0.703611
0.774632
0.708864
0.721715
0.832116
0.676862
0.643932
0.759403
0.768529
0.932670
0.796503
0.770383
0.676394
0.657190
0.726350
0.799331
0.792898
0.845901
0.780216
0.809351
0.805997
0.771717
0.728488
0.675805
0.695945
0.656115
0.722502
0.690047
0.670783
0.743514
0.652543
0.709931
0.773794
0.712974
0.765139
0.735979
0.679944
0.838480
0.797018
0.727084
0.668704
0.773463
0.697828
0.776807
0.833587
0.725128
0.743309
0.783519
0.768044
0.772145
0.831157
0.855621
0.710357
0.892668
0.924096
0.863822
0.896342
0.906386
0.774595
0.741577
0.688781
0.846574
0.757131
0.843607
0.822282
0.762161
0.741408
0.759998
1.009431
0.833761
0.751966
0.825525
0.816942
1.016536
0.825746
0.858039
0.731015
0.939027
0.918105
0.843578
0.846686
0.759551
0.796973
0.731995
0.719429
0.891117
0.590470
0.816653
0.790621
0.677671
0.870998
0.715934
0.721465
0.769678
0.993436
0.849378
0.919743
0.732003
0.711967
0.817493
0.584383
0.860282
0.702759
0.677937
0.752739
0.856861
0.754704
0.800015
0.762297
0.826160
0.604304
0.756163
0.773495
0.573207
0.789908
0.783324
0.649231
0.847922
0.742433
0.770852
0.945058
0.793356
0.626117
0.765325
0.667945
0.838400
0.768524
0.661834
0.741701
0.802139
0.699488
0.637486
0.734682
0.710884
0.721796
0.836374
0.772916
0.860516
0.766246
0.691779
0.667745
0.751646
0.755721
0.887924
0.750199
0.647338
0.803942
0.786273
0.715010
0.798097
0.773450
0.758271
0.804206
0.775681
0.885080
0.850843
0.795064
0.853242
0.782708
0.747017
0.707459
0.719570
0.743318
0.881294
0.654840
0.760382
0.708452
0.784548
0.860738
0.649633
0.714813
0.837175
0.773500
0.692125
0.619926
0.743367
0.678978
0.629007
0.758477
0.663160
0.651447
0.692568
0.728982
0.750343
0.603096
0.785707
0.627529
0.678176
0.736478
0.721255
0.670019
0.655147
0.708039
0.762119
0.856904
0.795633
0.615395
0.753361
0.842980
0.795257
0.720022
0.867045
0.871940
0.598056
0.752829
0.785388
0.775544
0.696786
0.724092
0.721633
0.750898
0.829395
0.791440
0.506883
0.633977
0.746003
0.895782
0.631971
0.716108
0.833390
0.795652
0.763730
0.738095
0.686034
0.651956
0.557604
0.680906
0.747413
0.735704
0.601383
0.845584
0.806714
0.761742
0.796107
0.777800
0.755204
0.748824
0.710745
0.874765
0.705049
0.543001
0.729489
0.807223
0.707542
0.792658
0.722951
0.827045
0.712954
0.771559
0.765726
0.772680
0.737538
0.815081
0.623128
0.761189
0.808164
0.708801
0.794165
0.696764
0.770766
0.739159
0.617958
0.841878
0.842261
0.686802
0.635520
0.826487
0.786249
0.714267
0.768522
0.819995
0.740609
0.805650
0.763711
0.726295
0.778094
0.704346
0.721601
0.635055
0.878879
0.839176
0.829540
0.981016
0.674697
0.836768
0.664049
0.725087
0.771268
1.001109
0.646523
0.827975
0.828483
0.629245
0.732488
0.767013
0.842085
0.702238
0.766663
0.832189
0.759437
0.717490
0.829972
0.692985
0.974964
0.749509
0.728298
0.728998
0.768185
0.700951
0.729765
0.671315
0.719957
0.732636
0.736166
0.578981
0.627818
0.713721
0.714091
0.728041
0.691174
0.689469
0.755887
0.715055
0.895781
0.705607
0.777842
0.671329
0.743091
0.765143
0.748217
0.676016
0.724399
0.736096
0.690511
0.664485
0.827735
0.775297
0.744786
0.703093
0.783505
0.714472
0.554620
0.734148
0.719211
0.721467
0.681263
0.747335
0.645348
0.889876
0.744401
0.830505
0.710715
0.892021
0.736818
0.746553
0.927491
0.879677
0.723046
0.949642
0.732336
0.774074
0.775413
0.766073
0.828751
0.727178
0.693236
0.829449
0.935302
0.711824
0.668652
0.740999
0.830143
0.792820
0.821644
0.659874
0.828585
0.665511
0.578209
0.819512
0.763009
0.715999
0.614959
0.720434
0.621298
0.802124
0.716345
0.633084
0.809448
0.634740
0.721516
0.880262
0.679355
0.735305
0.700686
0.553172
0.929758
0.702596
0.749522
0.698530
0.673849
0.692135
0.715125
0.772517
0.782548
0.819198
0.712372
0.700378
0.891305
0.732952
0.663885
0.693240
0.822326
0.668079
0.659538
0.691748
0.721542
0.714384
0.812327
0.666903
0.782321
0.760665
0.732151
0.770315
0.835569
0.824921
0.652650
0.688406
0.838750
0.715385
0.790883
0.738114
0.667053
0.722591
0.750262
0.788234
0.786907
0.701559
0.713846
0.871400
0.658161
0.873335
0.716277
0.888754
0.711742
0.690831
0.805305
0.790535
0.580432
0.786880
0.743666
0.622936
0.654811
0.774424
0.789211
0.732333
0.806548
0.703585
0.615621
0.640140
0.715341
0.802642
0.706941
0.755243
0.615289
0.787193
0.795853
0.695457
0.738682
0.776873
0.739308
0.736868
0.624054
0.593401
0.823186
0.859620
0.735433
0.949418
0.755580
0.808577
0.643998
0.714746
0.552598
0.728568
0.692118
0.776691
0.750350
0.758993
0.659111
0.717783
0.726371
0.780645
0.695872
0.751398
0.754098
0.835615
0.649718
0.787546
0.912306
0.731051
0.689307
0.707128
0.628860
0.711509
0.585543
0.643570
0.843889
0.600892
0.660733
0.765460
0.584567
0.909434
0.888579
0.731389
0.709049
0.716332
0.735028
0.785782
0.735365
0.726546
0.744328
0.774503
0.663121
0.681596
0.766522
0.766615
0.634369
0.669049
0.748975
0.658392
0.706911
0.684002
0.733893
0.646378
0.682982
0.742481
0.808591
0.824323
0.597563
0.781993
0.729932
0.563286
0.624973
0.730924
0.700219
0.808622
0.702278
0.618333
0.691819
0.772674
0.708928
0.790369
0.837982
0.846193
0.699318
0.669289
0.652774
0.672689
0.645195
0.798503
0.697457
0.650796
0.649652
0.789342
0.928400
0.567968
0.586986
0.871197
0.663189
0.708378
0.649999
0.746878
0.893464
0.678689
0.814163
0.763311
0.653710
0.742970
0.747075
0.619555
0.644945
0.729827
0.850368
0.675213
0.592114
0.790913
0.657942
0.606920
0.612761
0.753463
0.646857
0.769304
0.669220
0.748604
0.768047
0.700970
0.670625
0.841823
0.702448
0.589812
0.618607
0.808322
0.598620
0.734716
0.764801
0.703358
0.799788
0.729295
0.716209
0.646631
0.694582
0.620063
0.650428
0.915102
0.755692
0.799451
0.825206
0.673623
0.664252
0.753449
0.633018
0.765281
0.789710
0.612399
0.883369
0.776323
0.689309
0.920455
0.781746
0.963504
0.599207
0.778565
0.668349
0.633222
0.686560
0.610189
0.728079
0.758510
0.765217
0.781792
0.693319
0.770357
0.654689
0.610619
0.771269
0.740128
0.717750
0.645256
0.661847
0.768728
0.658267
0.638442
0.813777
0.693574
0.571195
0.639915
0.808051
0.647161
0.625405
0.675409
0.585623
0.627206
0.650597
0.702927
0.658820
0.844645
0.735048
0.764263
0.665905
0.645810
0.597039
0.703627
0.611403
0.658470
0.739477
0.705166
0.652431
0.773170
0.755290
0.542320
0.611782
0.719986
0.700626
0.818689
0.694599
0.795921
0.864838
0.777708
0.699283
0.665572
0.758546
0.801012
0.654777
0.834413
0.685284
0.735432
0.755371
0.680650
0.671714
0.569018
0.705891
0.844935
0.586312
0.706147
0.530303
0.817963
0.597121
0.675924
0.606707
0.891809
0.700996
0.693503
0.682798
0.670719
0.641321
0.713718
0.674527
0.933458
0.870588
0.560767
0.719912
0.776111
0.655701
0.525277
0.826535
0.733718
0.716487
0.729877
0.805192
0.757095
0.638460
0.734107
0.739247
0.820094
0.653603
0.672626
0.731192
0.736143
0.625189
0.720503
0.793359
0.631925
0.775294
0.817829
0.867215
0.840118
0.855171
0.649228
0.639276
0.735558
0.713075
0.704707
0.638345
0.743461
0.608441
0.735696
0.669709
0.589919
0.613679
0.880050
0.689314
0.681393
0.617172
0.903441
0.786727
0.732523
0.636044
0.865875
0.653329
0.746064
0.676016
0.716677
0.681129
0.599175
0.675369
0.669989
0.817575
0.598060
0.640369
0.609305
0.627269
0.717904
0.585137
0.721067
0.647685
0.558245
0.791777
0.739097
0.938783
0.706609
0.619334
0.666747
0.823391
0.687735
0.617472
0.643634
0.615160
0.675641
0.777481
0.788218
0.689322
0.639763
0.786519
0.692875
0.609140
0.731295
0.809945
0.838189
0.771243
0.707632
0.601257
0.823665
0.794789
0.838204
0.803939
0.726293
0.778083
0.838344
0.644256
0.815326
0.769120
0.658917
0.679872
0.555730
0.643499
0.751291
0.674086
0.581547
0.647873
0.727444
0.591104
0.609157
0.681299
0.616838
0.674525
0.612645
0.699372
0.761603
0.705686
0.885065
0.647029
0.692645
0.661727
0.742741
0.630492
0.693928
0.712724
0.639817
0.791718
0.966904
0.689719
0.716800
0.828671
0.699587
0.536406
0.691070
0.716208
0.680516
0.600028
0.618194
0.687786
0.678065
0.604378
0.752784
0.755812
0.691707
0.777640
0.520761
0.599432
0.631279
0.675018
0.755252
0.594375
0.618200
0.651092
0.679063
0.819331
0.863457
0.712674
0.584858
0.649059
0.817107
0.735639
0.843029
0.682227
0.721235
0.586430
0.725733
0.791415
0.711410
0.698220
0.636561
0.661657
0.670525
0.765424
0.747930
0.738910
0.595833
0.872163
0.659561
0.588128
0.734467
0.681843
0.680465
0.732351
0.679782
0.754390
0.646128
0.768899
0.693554
0.694198
0.830234
0.613593
0.708070
0.721910
0.677494
0.706499
0.785350
0.677044
0.675576
0.590448
0.590868
0.623884
0.628819
0.643728
0.608396
0.628472
0.754843
0.726339
0.602106
0.758300
0.783697
0.808235
0.520380
0.765936
0.701711
0.760731
0.741449
0.708059
0.689731
0.648443
0.612871
0.757426
0.617749
0.657716
0.713797
0.546169
0.691889
0.749896
0.730097
0.701630
0.570517
0.767177
0.875287
0.592282
0.691293
0.701609
0.838451
0.781831
0.850781
0.510721
0.682176
0.749288
0.755185
0.680666
0.743303
0.627928
0.755470
0.750712
0.578190
0.620188
0.598105
0.663297
0.826398
0.529461
0.609719
0.707033
0.689202
0.676865
0.623324
0.697239
0.668437
0.708269
0.610666
0.661861
0.632104
0.702948
0.665588
0.722464
0.706433
0.569923
0.558805
0.661322
0.706006
0.632128
0.492647
0.726012
0.682378
0.579637
0.607861
0.605848
0.569135
0.643931
0.601426
0.676325
0.629490
0.503890
0.629342
0.888409
0.688765
0.664088
0.648433
0.647497
0.765650
0.651694
0.635674
0.720031
0.548955
0.693736
0.717631
0.591719
0.573990
0.696451
0.845491
0.772764
0.648812
0.597535
0.701448
0.621884
0.686783
0.721236
0.657575
0.657346
0.709198
0.691251
0.727855
0.544285
0.784319
0.760739
0.641658
0.626594
0.689757
0.644089
0.802313
0.498232
0.535507
0.757396
0.630061
0.615305
0.546177
0.666121
0.667908
0.701563
0.598982
0.751313
0.612375
0.662123
0.571144
0.767705
0.864975
0.592782
0.618084
0.651976
0.693020
0.626245
0.606441
0.570959
0.588364
0.611899
0.635624
0.639422
0.860997
0.799781
0.824166
0.604527
0.642657
0.614183
0.699101
0.747901
0.671018
0.599043
0.764539
0.675616
0.470672
0.622615
0.701981
0.599920
0.679343
0.632441
0.703803
0.844533
0.593560
0.612565
0.585597
0.674759
0.704940
0.711951
0.531880
0.622226
0.633072
0.586809
0.678081
0.643485
0.648793
0.681889
0.632167
0.609435
0.901741
0.691471
0.793325
0.650210
0.637451
0.585083
0.651651
0.591318
0.755847
0.570450
0.651334
0.688355
0.708675
0.863248
0.700888
0.712536
0.577427
0.703736
0.768093
0.851764
0.708723
0.573894
0.708874
0.600169
0.707781
0.777481
0.495635
0.603922
0.555292
0.784368
0.620123
0.713557
0.533243
0.764629
0.661505
0.658151
0.858120
0.559119
0.705673
0.619875
0.600444
0.724520
0.778798
0.580615
0.707578
0.695360
0.665041
0.731762
0.747580
0.664109
0.641524
0.569483
0.705426
0.593019
0.789287
0.850886
0.603934
0.655029
0.668964
0.620705
0.651495
0.689901
0.761917
0.578939
0.666791
0.742441
0.659103
0.650518
0.809748
0.609555
0.745190
0.732199
0.682889
0.590792
0.735887
0.594094
0.679963
0.646755
0.753717
0.635493
0.592214
0.710726
0.648297
0.688207
0.796347
0.598003
0.747494
0.683640
0.786061
0.742948
0.671262
0.590186
0.582012
0.641449
0.524764
0.614229
0.646020
0.715558
0.668591
0.775352
0.789407
0.701007
0.616036
0.695982
0.602895
0.622698
0.737850
0.658506
0.534626
0.716772
0.629179
0.586105
0.524797
0.812802
0.661375
0.701075
0.708166
0.602619
0.632313
0.662671
0.601695
0.728040
0.676125
0.659049
0.642400
0.658796
0.545852
0.762319
0.643422
0.526340
0.539510
0.685329
0.616091
0.480660
0.558003
0.704011
0.659261
0.639568
0.567766
0.841182
0.595698
0.559524
0.539804
0.647212
0.560499
0.686187
0.682349
0.712997
0.837925
0.658045
0.591576
0.772432
0.550349
0.802073
0.660982
0.611900
0.573437
0.765706
0.709247
0.551134
0.537417
0.603802
0.622403
0.594604
0.740452
0.613493
0.768387
0.666976
0.554734
0.622693
0.745700
0.664092
0.624953
0.674705
0.595031
0.597949
0.661015
0.573380
0.679475
0.627760
0.671942
0.749143
0.677976
0.709240
0.612896
0.583043
0.730617
0.609671
0.601557
0.540889
0.677199
0.635161
0.525198
0.620132
0.707134
0.567614
0.606657
0.754991
0.652120
0.550143
0.826318
0.590698
0.635576
0.431266
0.610695
0.599887
0.640468
0.618874
0.727305
0.561460
0.641316
0.684636
0.546567
0.611492
0.738631
0.576154
0.655513
0.817228
0.643861
0.690841
0.782137
0.674121
0.641231
0.583522
0.654534
0.699387
0.524726
0.686380
0.583947
0.815402
0.694883
0.645565
0.541043
0.583009
0.686501
0.727131
0.703378
0.636232
0.625139
0.674418
0.700018
0.743508
0.688892
0.647572
0.647261
0.565419
0.732126
0.633292
0.546089
0.636426
0.675058
0.686785
0.759099
0.814118
0.709127
0.523553
0.755813
0.609589
0.629911
0.827572
0.776725
0.626166
0.575568
0.656661
0.743791
0.711367
0.580997
0.551171
0.672485
0.555084
0.821363
0.709925
0.604306
0.570665
0.610504
0.806314
0.641943
0.666005
0.595788
0.672426
0.712837
0.555440
0.654807
0.534825
0.587932
0.580489
0.594206
0.700931
0.615662
0.668226
0.746301
0.705466
0.674179
0.598953
0.563380
0.678014
0.580648
0.560169
0.655782
0.726857
0.664704
0.662504
0.721689
0.586579
0.656040
0.676472
0.781128
0.583849
0.516034
0.630440
0.819204
0.770224
0.599221
0.691328
0.547111
0.677281
0.573257
0.592895
0.618780
0.507687
0.599044
0.687264
0.659266
0.717796
0.635236
0.662851
0.640478
0.696640
0.563573
0.552023
0.508825
0.565672
0.568398
0.722385
0.666901
0.678514
0.592906
0.602399
0.662681
0.654423
0.644602
0.611909
0.671705
0.600894
0.736148
0.659270
0.582623
0.669136
0.623353
0.775330
0.676366
0.647018
0.675794
0.571289
0.696797
0.639204
0.750329
0.647414
0.506554
0.639232
0.605669
0.709003
0.624210
0.762236
0.763151
0.604878
0.640700
0.572900
0.595155
0.547962
0.552084
0.538846
0.775324
0.632545
0.789932
0.698718
0.682865
0.639051
0.745697
0.849926
0.641788
0.607126
0.725234
0.601782
0.532658
0.664998
0.678414
0.703329
0.699737
0.574705
0.675799
0.643465
0.612935
0.597485
0.697619
0.660544
0.756256
0.626456
0.574655
0.751159
0.663694
0.700168
0.555908
0.596745
0.838845
0.658159
0.546074
0.554879
0.705036
0.588686
0.615054
0.660796
0.518405
0.680491
0.885979
0.704060
0.630691
0.509785
0.610249
0.672321
0.621816
0.553884
0.596111
0.587357
0.683046
0.516581
0.574869
0.798589
0.633951
0.738271
0.684584
0.745348
0.546073
0.711746
0.606930
0.633643
0.761120
0.734417
0.664898
0.621187
0.593172
0.651082
0.513716
0.654997
0.708834
0.631250
0.574091
0.610795
0.603209
0.584682
0.577440
0.623588
0.621922
0.627644
0.594013
0.873302
0.497349
0.700096
0.524785
0.808914
0.676947
0.651468
0.694298
0.665565
0.589259
0.606026
0.558621
0.726949
0.561420
0.621790
0.553220
0.664256
0.877254
0.642071
0.664577
0.544363
0.621391
0.789886
0.571903
0.525343
0.658883
0.819816
0.677028
0.666800
0.677397
0.568345
0.661858
0.718493
0.583829
0.651348
0.748615
0.598767
0.580869
0.649885
0.600294
0.711742
0.649623
0.723942
0.611566
0.461875
0.647726
0.589660
0.704206
0.633093
0.620569
0.570268
0.705716
0.704845
0.581981
0.566126
0.746936
0.634716
0.726018
0.553392
0.595190
0.616168
0.809814
0.686887
0.654357
0.570268
0.593438
0.621940
0.502980
0.617777
0.755112
0.667664
0.616866
0.558388
0.668078
0.644523
0.585550
0.733049
0.678968
0.566979
0.641193
0.628461
0.657937
0.610003
0.529354
0.629147
0.653073
0.512264
0.642334
0.492025
0.565252
0.557542
0.682694
0.591543
0.740928
0.647426
0.578721
0.649207
0.639127
0.618898
0.619798
0.519770
0.634487
0.650436
0.690026
0.541859
0.601403
0.643164
0.488026
0.700181
0.547445
0.538182
0.615182
0.648295
0.545280
0.574610
0.573181
0.597085
0.724837
0.583382
0.545624
0.628391
0.678576
0.545145
0.656675
0.697936
0.650118
0.558569
0.635449
0.699632
0.721577
0.734701
0.511838
0.557172
0.587813
0.635590
0.629756
0.599418
0.733016
0.651153
0.653474
0.567667
0.496268
0.706966
0.748005
0.634231
0.509789
0.626017
0.546728
0.615590
0.624745
0.624130
0.656625
0.651023
0.624035
0.583434
0.651313
0.717996
0.584434
0.540127
0.547119
0.482257
0.495462
0.626771
0.628754
0.569738
0.707451
0.674716
0.583188
0.602494
0.658677
0.533649
0.519075
0.701916
0.791643
0.621634
0.543836
0.587128
0.599568
0.580354
0.782057
0.687007
0.599846
0.588647
0.661309
0.531912
0.483914
0.768191
0.590222
0.587527
0.576840
0.616973
0.589251
0.716671
0.665881
0.671125
0.677232
0.726222
0.659670
0.639569
0.633375
0.718451
0.576030
0.510689
0.681771
0.620870
0.643477
0.542727
0.527934
0.604237
0.599228
0.712800
0.543791
0.575670
0.495901
0.527723
0.543145
0.836628
0.693720
0.665357
0.668639
0.633550
0.696592
0.764570
0.654362
0.659774
0.622285
0.524756
0.762745
0.587954
0.689631
0.601958
0.578863
0.714055
0.591407
0.652582
0.544531
0.564412
0.615111
0.603078
0.670240
0.627426
0.657884
0.571934
0.581998
0.662040
0.526508
0.623815
0.595386
0.612614
0.579326
0.692848
0.662982
0.469003
0.724179
0.680071
0.623266
0.674607
0.563625
0.660035
0.812820
0.696402
0.452598
0.573718
0.553682
0.558231
0.801003
0.537219
0.619757
0.554745
0.578337
0.623913
0.708110
0.537958
0.543154
0.639737
0.628194
0.569076
0.528202
0.645139
0.547923
0.582270
0.639041
0.531751
0.547039
0.607538
0.763239
0.592299
0.605834
0.612523
0.566504
0.551244
0.553455
0.589862
0.664786
0.592461
0.520054
0.655697
0.500534
0.681105
0.570521
0.720231
0.545917
0.525158
0.655076
0.535950
0.544140
0.732592
0.554655
0.571058
0.652752
0.688911
0.695201
0.506342
0.651308
0.583639
0.523422
0.661446
0.642513
0.627469
0.589675
0.527329
0.450399
0.731919
0.617967
0.610701
0.662583
0.608788
0.681097
0.744899
0.714998
0.656099
0.640603
0.568540
0.531468
0.568509
0.666001
0.719703
0.661383
0.585752
0.552887
0.514854
0.586974
0.734387
0.765332
0.585894
0.604604
0.562860
0.558151
0.628417
0.706048
0.549466
0.829651
0.670687
0.528557
0.623185
0.564843
0.642441
0.449156
0.596357
0.634229
0.664580
0.688541
0.554936
0.643015
0.535606
0.643322
0.545935
0.621752
0.624067
0.570624
0.633214
0.653957
0.510773
0.570894
0.570759
0.565253
0.547817
0.640292
0.513725
0.692590
0.612445
0.714546
0.640925
0.544748
0.561694
0.716682
0.516725
0.608721
0.579929
0.597299
0.633291
0.656073
0.578101
0.606793
0.519832
0.688624
0.523737
0.588068
0.557860
0.742828
0.601947
0.628008
0.513107
0.562034
0.500254
0.508382
0.593812
0.579097
0.534311
0.562917
0.609542
0.770954
0.764306
0.512625
0.699588
0.670652
0.625166
0.584453
0.607461
0.606225
0.527901
0.539724
0.626261
0.658630
0.626384
0.592284
0.568256
0.722858
0.612421
0.547848
0.575239
0.529913
0.583181
0.582542
0.616136
0.496955
0.535138
0.602580
0.432602
0.675986
0.644695
0.617818
0.507592
0.626321
0.692214
0.596158
0.616489
0.814117
0.608536
0.473691
0.739405
0.575839
0.623118
0.482955
0.671995
0.484659
0.516388
0.574699
0.656457
0.563243
0.703765
0.655390
0.607506
0.530473
0.568384
0.568520
0.693055
0.633163
0.582458
0.616679
0.553603
0.566974
0.586491
0.634927
0.538314
0.414912
0.516201
0.647577
0.443435
0.621776
0.574483
0.560543
0.690788
0.702692
0.735815
0.543804
0.645983
0.538420
0.495223
0.638921
0.601372
0.516406
0.481861
0.760357
0.430300
0.595918
0.663399
0.626745
0.657671
0.626746
0.703906
0.642478
0.570724
0.496577
0.518286
0.574615
0.579261
0.756059
0.579664
0.655241
0.639154
0.472277
0.665032
0.573697
0.535386
0.634086
0.553250
0.477476
0.465141
0.602351
0.528392
0.584400
0.561832
0.641241
0.663746
0.544997
0.618313
0.663516
0.497306
0.698218
0.523766
0.651930
0.580018
0.610136
0.493054
0.696460
0.627093
0.547536
0.612472
0.733835
0.612930
0.597143
0.603485
0.765994
0.688837
0.528708
0.570672
0.578377
0.613407
0.533061
0.627639
0.580045
0.555563
0.596696
0.527317
0.684262
0.660047
0.638746
0.569320
0.717970
0.599462
0.866745
0.763621
0.567725
0.493050
0.616950
0.544943
0.568986
0.644809
0.650572
0.596234
0.722324
0.533461
0.518448
0.586118
0.566304
0.688345
0.518442
0.524130
0.680365
0.536609
0.541753
0.655096
0.481078
0.481653
0.543672
0.500907
0.500147
0.623771
0.549039
0.677225
0.516338
0.524067
0.678745
0.694358
0.547127
0.568590
0.542833
0.552945
0.533513
0.633421
0.512686
0.549786
0.579655
0.509523
0.461991
0.545886
0.545480
0.454558
0.527308
0.603210
0.646784
0.739574
0.711270
0.521772
0.498282
0.533995
0.641499
0.485132
0.581098
0.571467
0.462191
0.602954
0.626756
0.690962
0.540718
0.526849
0.603419
0.675639
0.522100
0.587636
0.609640
0.533630
0.665868
0.582590
0.581625
0.597819
0.640258
0.667577
0.498725
0.689734
0.569167
0.545215
0.598563
0.659181
0.575484
0.669516
0.513464
0.572232
0.642229
0.723143
0.541902
0.568765
0.772876
0.528372
0.588768
0.819215
0.811008
0.491123
0.532764
0.687711
0.665150
0.553123
0.595856
0.685510
0.606724
0.624660
0.542546
0.683869
0.544255
0.511683
0.735802
0.545795
0.667747
0.557474
0.440588
0.649237
0.601559
0.542038
0.590016
0.540770
0.573762
0.571090
0.576820
0.511952
0.549532
0.628246
0.580796
0.632802
0.432703
0.553622
0.593730
0.606804
0.526045
0.616053
0.596212
0.645955
0.906692
0.670309
0.576316
0.528166
0.541081
0.738414
0.524024
0.644671
0.578196
0.517919
0.765428
0.612502
0.534618
0.667277
0.612680
0.732139
0.560421
0.646841
0.479704
0.448550
0.591053
0.530456
0.543476
0.652324
0.566249
0.548377
0.705570
0.570029
0.528757
0.486940
0.632273
0.546218
0.554635
0.568568
0.572284
0.533921
0.583818
0.610579
0.603034
0.541957
0.456137
0.647388
0.657355
0.622304
0.538614
0.585644
0.600342
0.732499
0.655664
0.565966
0.708597
0.549833
0.495551
0.489659
0.364471
0.559836
0.602498
0.525563
0.584742
0.554018
0.591748
0.562603
0.594549
0.537286
0.519282
0.528061
0.579692
0.427312
0.601672
0.509104
0.594900
0.545847
0.542605
0.518508
0.627083
0.615606
0.522780
0.516409
0.654640
0.686095
0.728673
0.613074
0.583159
0.512265
0.519768
0.568352
0.756156
0.576496
0.459534
0.505766
0.551002
0.590002
0.697215
0.500217
0.620715
0.623474
0.506423
0.641472
0.660945
0.554472
0.461939
0.670002
0.546788
0.590372
0.568386
0.571190
0.553062
0.544546
0.543195
0.616293
0.436151
0.629084
0.551929
0.575408
0.651835
0.685747
0.503973
0.426863
0.524830
0.629528
0.521311
0.521553
0.720857
0.520738
0.598739
0.469627
0.612023
0.543097
0.524485
0.515366
0.630361
0.589279
0.600835
0.601538
0.552569
0.504668
0.541664
0.588985
0.582327
0.537576
0.580655
0.439868
0.487020
0.643826
0.592854
0.609085
0.743627
0.623226
0.663016
0.577265
0.668101
0.704295
0.539616
0.444395
0.623718
0.541018
0.467535
0.480965
0.517914
0.506126
0.494619
0.596260
0.606545
0.684270
0.529777
0.652088
0.519906
0.526622
0.653565
0.461324
0.531837
0.612271
0.479517
0.551227
0.635768
0.600263
0.506312
0.659002
0.495486
0.486017
0.671854
0.616204
0.521893
0.629013
0.483322
0.614789
0.528207
0.721385
0.465057
0.540280
0.479835
0.460946
0.468634
0.592362
0.689696
0.585507
0.594865
0.669169
0.654212
0.598816
0.557425
0.545921
0.666316
0.593799
0.486315
0.523690
0.528398
0.582574
0.543546
0.635087
0.559813
0.588711
0.475928
0.469991
0.523721
0.586896
0.529021
0.510468
0.613756
0.563283
0.556259
0.615849
0.548045
0.526924
0.430547
0.520683
0.516959
0.493404
0.623040
0.474839
0.595720
0.644700
0.669742
0.528900
0.664517
0.517467
0.431828
0.560087
0.404397
0.709115
0.628250
0.432177
0.520614
0.545284
0.555155
0.655456
0.594645
0.540112
0.641090
0.611407
0.519471
0.483479
0.596604
0.555438
0.557037
0.559024
0.572946
0.621799
0.631374
0.588765
0.522593
0.563433
0.564288
0.566209
0.576010
0.659387
0.503759
0.684107
0.645475
0.424944
0.619055
0.491767
0.561543
0.524304
0.609835
0.634677
0.481230
0.495477
0.499523
0.556241
0.531350
0.688280
0.554540
0.696318
0.500716
0.602145
0.676802
0.608208
0.658429
0.524279
0.474775
0.587937
0.589289
0.457014
0.524389
0.509140
0.647670
0.622964
0.570561
0.602271
0.569618
0.575068
0.633657
0.515594
0.429228
0.638105
0.459013
0.544472
0.613189
0.541558
0.620187
0.578490
0.555175
0.697532
0.538397
0.475468
0.456943
0.577778
0.594133
0.519775
0.591950
0.513011
0.704285
0.562405
0.451300
0.506683
0.548438
0.501571
0.444918
0.633980
0.676770
0.628810
0.658554
0.488791
0.594848
0.597331
0.631962
0.710559
0.577274
0.577379
0.601428
0.515031
0.587129
0.565340
0.630761
0.607386
0.520343
0.568919
0.521680
0.572051
0.600754
0.557493
0.555566
0.571734
0.603349
0.581614
0.441948
0.513389
0.420096
0.614644
0.569891
0.427717
0.492440
0.568022
0.669784
0.589019
0.605629
0.561398
0.609660
0.641319
0.572651
0.499386
0.522088
0.458008
0.489850
0.567801
0.559622
0.583498
0.570662
0.559765
0.549005
0.563359
0.529248
0.537858
0.610841
0.597389
0.571531
0.435800
0.449418
0.599249
0.534883
0.642801
0.540250
0.657164
0.607383
0.544782
0.503660
0.619472
0.644559
0.660065
0.456606
0.489337
0.474387
0.617535
0.556431
0.587059
0.574550
0.480028
0.563251
0.510666
0.428573
0.550230
0.482279
0.418240
0.447093
0.528866
0.541745
0.495959
0.636665
0.600218
0.457757
0.678736
0.525826
0.682000
0.537302
0.570989
0.482848
0.565716
0.537574
0.555157
0.554706
0.603541
0.550447
0.553865
0.534438
0.572305
0.577858
0.536742
0.534192
0.536085
0.577569
0.602756
0.507092
0.535666
0.602678
0.555797
0.555393
0.413301
0.560209
0.506299
0.595387
0.563697
0.424996
0.466282
0.487257
0.605815
0.495390
0.564544
0.487850
0.461926
0.447474
0.579991
0.478465
0.485624
0.427053
0.497868
0.606370
0.456252
0.569467
0.632780
0.593276
0.550456
0.665024
0.513209
0.609798
0.558207
0.495427
0.611334
0.529826
0.510973
0.529036
0.565742
0.535697
0.498427
0.505834
0.532556
0.480163
0.597109
0.615729
0.481231
0.579913
0.475588
0.507127
0.477171
0.580217
0.507577
0.480516
0.555858
0.501299
0.571725
0.541127
0.525582
0.489277
0.620241
0.617261
0.515413
0.570234
0.587672
0.614989
0.445267
0.565459
0.425005
0.501259
0.606009
0.610405
0.588675
0.569180
0.549449
0.613631
0.609433
0.535770
0.630924
0.525552
0.664174
0.454806
0.656087
0.506783
0.552976
0.563143
0.591995
0.518290
0.632452
0.515437
0.528406
0.643363
0.530998
0.455881
0.530891
0.546473
0.591410
0.475557
0.382466
0.603678
0.481360
0.518693
0.486055
0.570540
0.612491
0.574239
0.670768
0.459627
0.553671
0.400990
0.438937
0.639579
0.380392
0.528312
0.464986
0.504883
0.532973
0.555151
0.650247
0.471189
0.489911
0.563763
0.448168
0.514856
0.479473
0.514526
0.551105
0.434119
0.519154
0.658571
0.567877
0.528893
0.601159
0.741560
0.533903
0.522642
0.562991
0.569213
0.455557
0.541934
0.455425
0.500569
0.533309
0.523119
0.577325
0.535052
0.553006
0.514289
0.516141
0.520763
0.616197
0.551177
0.511823
0.538780
0.546489
0.587764
0.693977
0.471033
0.610737
0.492505
0.494860
0.554631
0.428896
0.526495
0.548526
0.491757
0.542339
0.557439
0.613844
0.616265
0.490263
0.709098
0.466687
0.437502
0.506369
0.450449
0.463884
0.457393
0.554375
0.632326
0.593982
0.565614
0.562030
0.639944
0.502286
0.674798
0.378196
0.546533
0.698201
0.576264
0.485415
0.484003
0.492323
0.534746
0.483814
0.417785
0.510424
0.496658
0.594388
0.428923
0.529122
0.496662
0.635222
0.565412
0.514267
0.634616
0.666064
0.663558
0.534844
0.478737
0.505670
0.643605
0.502984
0.491599
0.584113
0.512896
0.441474
0.670197
0.675573
0.469801
0.512021
0.447343
0.463288
0.486602
0.475411
0.544518
0.580887
0.607305
0.591895
0.543460
0.594094
0.522773
0.439268
0.450268
0.516144
0.536319
0.430001
0.493309
0.610009
0.607669
0.581688
0.570204
0.545034
0.571583
0.530716
0.615287
0.491749
0.542885
0.644601
0.495136
0.547338
0.504631
0.433793
0.606741
0.540814
0.609957
0.546612
0.642491
0.419455
0.626929
0.658847
0.472595
0.584791
0.473262
0.646261
0.620482
0.594636
0.610385
0.421534
0.491044
0.586895
0.457203
0.523170
0.465837
0.453208
0.546944
0.471485
0.568587
0.556550
0.429111
0.579843
0.607571
0.577006
0.521681
0.503028
0.473477
0.501717
0.455282
0.673489
0.502418
0.558963
0.362281
0.539790
0.498686
0.473890
0.406278
0.491048
0.423829
0.482743
0.575679
0.452076
0.572350
0.535253
0.448396
0.519152
0.450963
0.501024
0.499368
0.557687
0.573041
0.561040
0.637272
0.456529
0.447044
0.530355
0.468908
0.566116
0.562321
0.643905
0.448268
0.502130
0.455839
0.601205
0.604037
0.493056
0.667812
0.554649
0.659988
0.512279
0.568831
0.544560
0.512774
0.437068
0.601847
0.439423
0.436695
0.446790
0.533250
0.662562
0.560984
0.581526
0.402132
0.605377
0.579176
0.461795
0.583720
0.481111
0.582156
0.526879
0.535584
0.613862
0.581475
0.653510
0.568249
0.545497
0.537631
0.456304
0.479743
0.440096
0.399757
0.535330
0.560277
0.404811
0.423275
0.434565
0.562183
0.503966
0.425882
0.568793
0.686562
0.499639
0.431034
0.458475
0.485341
0.589293
0.437631
0.530194
0.555492
0.493936
0.417371
0.484136
0.527380
0.428470
0.570884
0.550033
0.616554
0.531795
0.549018
0.617029
0.479634
0.642741
0.518910
0.601340
0.441168
0.490626
0.536054
0.536591
0.460992
0.534235
0.529135
0.499988
0.494384
0.356454
0.544788
0.388619
0.568686
0.552037
0.425108
0.579728
0.574630
0.505548
0.587053
0.529872
0.542029
0.552286
0.413477
0.542344
0.554732
0.589510
0.523139
0.504849
0.465363
0.556624
0.516302
0.531277
0.420515
0.462396
0.583443
0.552803
0.552307
0.558366
0.551162
0.513800
0.445699
0.574530
0.609483
0.452162
0.444963
0.494608
0.548655
0.701753
0.521911
0.477826
0.642967
0.437403
0.658695
0.534755
0.503157
0.600917
0.471974
0.431921
0.585188
0.534906
0.433227
0.557995
0.457534
0.591379
0.540344
0.408218
0.574614
0.494584
0.490134
0.419687
0.487820
0.450696
0.498372
0.492214
0.456872
0.514152
0.394525
0.507368
0.439618
0.511631
0.462161
0.447438
0.686208
0.597315
0.490269
0.594052
0.609441
0.504114
0.561081
0.605504
0.384688
0.438591
0.478299
0.552720
0.457333
0.445636
0.532004
0.483621
0.572235
0.512857
0.458832
0.508482
0.424528
0.431081
0.489047
0.473841
0.455919
0.669941
0.453248
0.587327
0.522854
0.558565
0.539595
0.568997
0.627906
0.515563
0.736047
0.486065
0.582592
0.497019
0.478272
0.509993
0.553648
0.542202
0.481644
0.421398
0.535907
0.543236
0.486954
0.453609
0.493848
0.550676
0.468345
0.482875
0.552109
0.490043
0.424032
0.474024
0.482152
0.521121
0.482472
0.565020
0.473317
0.556104
0.520045
0.461328
0.512359
0.497336
0.352655
0.530820
0.620785
0.564002
0.449312
0.645396
0.519088
0.594925
0.457148
0.476140
0.668138
0.560210
0.444254
0.575524
0.586486
0.503479
0.394763
0.398521
0.441981
0.386026
0.524384
0.501655
0.515921
0.473478
0.480037
0.449093
0.585001
0.584430
0.570536
0.422754
0.494314
0.467956
0.593693
0.585882
0.494403
0.462918
0.641723
0.387484
0.481892
0.658170
0.640008
0.489330
0.675398
0.617726
0.519294
0.593281
0.475709
0.702940
0.538794
0.626549
0.441420
0.528424
0.498603
0.436821
0.432549
0.549981
0.438178
0.548738
0.475230
0.420135
0.419430
0.410895
0.487555
0.535018
0.449831
0.466535
0.537037
0.521361
0.472005
0.417688
0.460840
0.565506
0.459212
0.437586
0.640921
0.496088
0.528651
0.525758
0.415330
0.632838
0.435385
0.519765
0.504592
0.442888
0.467686
0.450080
0.462570
0.563374
0.464956
0.559722
0.530769
0.445283
0.521155
0.435050
0.507079
0.583397
0.486012
0.482112
0.537416
0.451024
0.494849
0.512241
0.534512
0.516733
0.491937
0.460502
0.536065
0.641560
0.519782
0.532740
0.553300
0.531519
0.484624
0.476581
0.658056
0.535959
0.535696
0.578895
0.602285
0.505136
0.453011
0.541566
0.501036
0.447801
0.457221
0.456203
0.521396
0.410572
0.520018
0.399363
0.356104
0.580369
0.469505
0.471397
0.455939
0.466250
0.394991
0.411858
0.443144
0.458416
0.505844
0.724545
0.417056
0.444481
0.479616
0.407501
0.510419
0.550885
0.409955
0.462515
0.598832
0.484802
0.557045
0.386629
0.501086
0.551453
0.610649
0.478578
0.427936
0.498822
0.696933
0.551661
0.541813
0.482841
0.511458
0.448341
0.352172
0.516584
0.391282
0.465294
0.396826
0.506770
0.392810
0.558025
0.539011
0.598045
0.479018
0.517441
0.497776
0.489606
0.488727
0.495877
0.497777
0.584294
0.514885
0.479633
0.418235
0.455654
0.654219
0.418146
0.424197
0.428663
0.434603
0.614652
0.429024
0.528553
0.418315
0.469945
0.407951
0.499216
0.606476
0.445373
0.546812
0.444357
0.537894
0.534295
0.475505
0.645539
0.505599
0.453427
0.415895
0.453899
0.493046
0.496136
0.466040
0.411417
0.618141
0.527770
0.471530
0.463138
0.524932
0.385696
0.494921
0.542740
0.587551
0.579091
0.532711
0.535280
0.566750
0.475864
0.456631
0.401477
0.464308
0.510150
0.473658
0.591150
0.389044
0.453930
0.499321
0.653380
0.444912
0.466675
0.402360
0.577736
0.520711
0.537005
0.487396
0.654790
0.482936
0.564340
0.530488
0.534429
0.500718
0.524525
0.532412
0.429397
0.454143
0.444701
0.422128
0.524687
0.545063
0.498148
0.551232
0.625901
0.521758
0.413250
0.395169
0.419106
0.538328
0.574439
0.548082
0.510753
0.473706
0.506347
0.430522
0.448776
0.448948
0.433349
0.423224
0.399154
0.551229
0.429021
0.431591
0.523829
0.424844
0.544502
0.479854
0.432924
0.580954
0.443343
0.326022
0.365098
0.486500
0.441020
0.548247
0.463749
0.449931
0.571659
0.688657
0.535662
0.568417
0.417961
0.632252
0.543497
0.416900
0.527473
0.551297
0.425163
0.493216
0.610944
0.470091
0.556583
0.672946
0.527523
0.583452
0.586070
0.567409
0.365432
0.529088
0.453104
0.442222
0.473944
0.507603
0.391746
0.504618
0.498570
0.553887
0.484174
0.518776
0.506475
0.503183
0.506975
0.538397
0.462722
0.461167
0.439427
0.547256
0.666893
0.462977
0.485786
0.543492
0.472172
0.469879
0.569576
0.444888
0.408454
0.467054
0.686574
0.517823
0.561915
0.469034
0.579965
0.478613
0.571881
0.427616
0.559795
0.508484
0.559242
0.464821
0.576906
0.498466
0.567638
0.479617
0.634809
0.455413
0.440036
0.410397
0.511438
0.543813
0.418552
0.496825
0.535494
0.573931
0.459793
0.606814
0.519035
0.517269
0.544905
0.615917
0.524670
0.561414
0.454614
0.467992
0.442740
0.598472
0.586915
0.546047
0.502026
0.469230
0.537349
0.656260
0.488294
0.652547
0.493977
0.484164
0.400941
0.388773
0.477559
0.439998
0.459232
0.503013
0.482172
0.540239
0.415395
0.476199
0.554384
0.475570
0.488498
0.444384
0.586899
0.414242
0.635666
0.414385
0.418759
0.487456
0.406083
0.592818
0.425069
0.565072
0.561091
0.385922
0.391279
0.487200
0.504853
0.475367
0.496000
0.487851
0.513371
0.659863
0.443417
0.407290
0.396396
0.480453
0.352227
0.562582
0.343655
0.496525
0.463831
0.495132
0.601664
0.419791
0.573087
0.412180
0.369920
0.419477
0.487710
0.507234
0.520803
0.522177
0.473918
0.556444
0.418666
0.517921
0.369767
0.370894
0.469104
0.444763
0.463568
0.457573
0.460833
0.431969
0.507103
0.424535
0.415468
0.510447
0.569814
0.466256
0.475159
0.547997
0.428796
0.466161
0.409337
0.333664
0.404479
0.583010
0.363664
0.466053
0.606634
0.536005
0.485469
0.420252
0.402731
0.407287
0.494853
0.479879
0.470807
0.400888
0.583623
0.371675
0.520246
0.469341
0.431904
0.405979
0.430514
0.482754
0.417090
0.462631
0.521210
0.480001
0.419611
0.491173
0.581285
0.523767
0.610099
0.479965
0.583382
0.417955
0.611537
0.411766
0.395620
0.429765
0.421028
0.494034
0.409113
0.402116
0.533212
0.495277
0.460266
0.458879
0.434947
0.487192
0.376112
0.485063
0.563668
0.420682
0.508165
0.432481
0.497309
0.488359
0.396160
0.548746
0.504045
0.391747
0.508064
0.525666
0.622729
0.492620
0.437314
0.548630
0.631708
0.504340
0.570813
0.438551
0.489311
0.546951
0.461717
0.442872
0.477985
0.556282
0.613991
0.459373
0.483659
0.463757
0.558415
0.624392
0.425026
0.507443
0.544018
0.455046
0.459933
0.352547
0.491143
0.403188
0.437393
0.403119
0.457064
0.531628
0.492093
0.473144
0.503865
0.576121
0.537524
0.450509
0.409833
0.521264
0.548425
0.593863
0.360264
0.419306
0.533085
0.465364
0.467217
0.434608
0.447585
0.426874
0.468075
0.506980
0.364113
0.491866
0.473398
0.534785
0.471389
0.430874
0.513330
0.437693
0.555200
0.540507
0.425199
0.405035
0.584099
0.460036
0.467891
0.437380
0.450425
0.618136
0.389522
0.401719
0.394192
0.441637
0.447004
0.505655
0.470495
0.387908
0.445797
0.414419
0.565961
0.521036
0.537584
0.424093
0.628269
0.446837
0.469491
0.539143
0.338195
0.480825
0.517187
0.424977
0.535002
0.453860
0.444888
0.433888
0.434962
0.523816
0.510798
0.527488
0.382993
0.410819
0.495592
0.430168
0.536155
0.399176
0.347694
0.508707
0.409874
0.437156
0.443658
0.499218
0.442292
0.468672
0.409305
0.424226
0.549829
0.448654
0.632477
0.457731
0.350580
0.540532
0.426230
0.505914
0.436267
0.425413
0.508461
0.527563
0.473057
0.434402
0.556824
0.498369
0.417199
0.365804
0.488654
0.511719
0.522363
0.498306
0.538362
0.468253
0.451689
0.444992
0.356707
0.609896
0.364826
0.470186
0.498932
0.488860
0.558800
0.417306
0.403168
0.402424
0.428571
0.425030
0.540166
0.561353
0.511026
0.409180
0.521448
0.460135
0.472292
0.582965
0.656375
0.454847
0.387905
0.416542
0.453242
0.445738
0.443278
0.465991
0.546608
0.495721
0.501161
0.419211
0.603157
0.433743
0.429506
0.497490
0.572777
0.545829
0.528740
0.444241
0.590432
0.505000
0.540015
0.603414
0.544659
0.574627
0.378347
0.639026
0.387315
0.456470
0.456030
0.507429
0.491911
0.499228
0.503784
0.461099
0.441257
0.549018
0.429693
0.388345
0.373171
0.533908
0.419044
0.439948
0.496310
0.494166
0.485440
0.522886
0.563521
0.507569
0.421011
0.473873
0.505943
0.501597
0.480271
0.435318
0.454245
0.477450
0.440841
0.526362
0.395089
0.487489
0.459859
0.431365
0.488614
0.600628
0.460283
0.571820
0.506535
0.379815
0.440235
0.405461
0.466747
0.465392
0.433020
0.484829
0.458512
0.548662
0.492031
0.492363
0.650883
0.414461
0.506939
0.493281
0.439234
0.506547
0.427340
0.512238
0.421714
0.410030
0.353104
0.417686
0.623599
0.351964
0.420460
0.450955
0.534162
0.327707
0.384515
0.449939
0.425431
0.496561
0.439583
0.512961
0.380759
0.436518
0.450963
0.433653
0.466842
0.478081
0.496694
0.412867
0.541279
0.450500
0.439863
0.394163
0.478293
0.437961
0.454773
0.385676
0.428136
0.447078
0.428274
0.440986
0.464532
0.415332
0.477260
0.516888
0.386049
0.516696
0.510730
0.472888
0.403524
0.454496
0.573486
0.508686
0.439431
0.550192
0.450867
0.401833
0.488733
0.422462
0.389997
0.447224
0.433440
0.468659
0.332089
0.494566
0.391799
0.454490
0.476309
0.410358
0.385131
0.414253
0.446994
0.490465
0.591591
0.498509
0.437326
0.458541
0.438211
0.517301
0.589104
0.482142
0.486318
0.451348
0.436218
0.374692
0.421787
0.422006
0.550800
0.370019
0.377421
0.481534
0.449591
0.456715
0.492984
0.350404
0.432762
0.408784
0.526207
0.394788
0.553108
0.566907
0.462818
0.558127
0.463638
0.418244
0.487175
0.511172
0.397611
0.522158
0.384048
0.456810
0.457728
0.408014
0.661270
0.608714
0.361936
0.404059
0.387418
0.573017
0.467229
0.432818
0.440185
0.449170
0.510944
0.445217
0.503695
0.406503
0.383298
0.384568
0.578227
0.430386
0.400841
0.463366
0.523415
0.403979
0.503977
0.396601
0.459407
0.440056
0.567423
0.413945
0.539481
0.403447
0.451241
0.411281
0.390233
0.483592
0.555448
0.439673
0.523386
0.445232
0.523524
0.447891
0.498784
0.460392
0.499541
0.535550
0.483933
0.471836
0.529427
0.482459
0.347184
0.463335
0.405010
0.459696
0.509838
0.415959
0.546108
0.565592
0.624765
0.361885
0.502225
0.528314
0.422554
0.504381
0.390170
0.379139
0.517363
0.466031
0.464229
0.560052
0.419755
0.391225
0.417141
0.473845
0.462566
0.443381
0.486692
0.383955
0.436193
0.338069
0.544530
0.407208
0.439724
0.402682
0.375712
0.435755
0.543738
0.426867
0.440972
0.457582
0.575610
0.471024
0.558555
0.468579
0.520181
0.355091
0.437415
0.394831
0.385373
0.444245
0.433960
0.406643
0.521871
0.405655
0.446047
0.526989
0.517647
0.552837
0.473458
0.391341
0.450143
0.307467
0.427712
0.443864
0.406667
0.598003
0.532895
0.463120
0.419302
0.441039
0.411389
0.384147
0.456055
0.398294
0.506606
0.492335
0.434618
0.457740
0.437654
0.391343
0.580222
0.538982
0.396830
0.452503
0.548512
0.496348
0.557396
0.478152
0.461500
0.436354
0.462311
0.400004
0.363931
0.461392
0.450185
0.570635
0.429525
0.443721
0.496265
0.454935
0.437306
0.409779
0.405005
0.466354
0.477938
0.511920
0.344574
0.500295
0.348418
0.502887
0.513710
0.406433
0.461659
0.480288
0.538759
0.396773
0.314302
0.364383
0.518812
0.512519
0.553889
0.440793
0.408133
0.563527
0.363248
0.518486
0.444793
0.604440
0.334227
0.434411
0.434629
0.450176
0.370969
0.366748
0.402200
0.396410
0.501694
0.417169
0.420830
0.348210
0.342435
0.420192
0.427053
0.441920
0.380104
0.349670
0.467073
0.506719
0.358569
0.533395
0.359295
0.453059
0.531934
0.421845
0.487884
0.444034
0.417000
0.436384
0.460469
0.388214
0.550765
0.480455
0.563009
0.379681
0.371997
0.313935
0.459290
0.382219
0.547885
0.415019
0.461944
0.432618
0.517924
0.440519
0.525282
0.491591
0.462046
0.556480
0.374194
0.518819
0.471814
0.363389
0.417806
0.422254
0.406673
0.387933
0.442955
0.332651
0.563234
0.518219
0.496946
0.428659
0.602026
0.393123
0.355376
0.513845
0.387360
0.379007
0.532665
0.481844
0.295812
0.526185
0.437388
0.456759
0.394064
0.377058
0.376706
0.621733
0.396633
0.435770
0.376473
0.551734
0.381020
0.464843
0.495029
0.502258
0.378339
0.424383
0.436126
0.554325
0.329079
0.521396
0.376084
0.447851
0.389716
0.409074
0.343048
0.380008
0.390271
0.398435
0.448709
0.359572
0.444323
0.442432
0.521036
0.464578
0.398362
0.434902
0.359057
0.509208
0.399323
0.431464
0.430246
0.358581
0.499753
0.430768
0.381892
0.373005
0.475975
0.462953
0.417238
0.442825
0.465214
0.346570
0.464698
0.376047
0.448202
0.387545
0.404331
0.416783
0.618368
0.396720
0.373986
0.471913
0.284737
0.443934
0.450989
0.379173
0.457696
0.408594
0.405468
0.491272
0.492095
0.455778
0.438442
0.378021
0.323142
0.402383
0.497840
0.457230
0.464882
0.457583
0.352016
0.451646
0.400152
0.461635
0.381362
0.418125
0.428366
0.420073
0.423090
0.458438
0.445325
0.441427
0.479492
0.508566
0.448511
0.350952
0.314794
0.464359
0.441932
0.389450
0.569858
0.394829
0.446041
0.454521
0.549185
0.363284
0.471875
0.433957
0.415879
0.393817
0.580831
0.317513
0.431011
0.481332
0.410129
0.590603
0.600693
0.501573
0.477759
0.399808
0.470226
0.543810
0.473192
0.562501
0.458415
0.418492
0.422170
0.387265
0.401009
0.344887
0.476160
0.339806
0.424411
0.390634
0.359224
0.452208
0.360548
0.526995
0.570059
0.461422
0.448560
0.324018
0.480374
0.451227
0.380242
0.444690
0.380491
0.421169
0.371006
0.406341
0.544378
0.411039
0.569167
0.392573
0.343432
0.398849
0.454269
0.325184
0.495770
0.374715
0.442476
0.405644
0.489514
0.481587
0.339337
0.428307
0.392811
0.401184
0.473017
0.405597
0.448581
0.364433
0.418607
0.498616
0.503795
0.481537
0.314104
0.487274
0.517915
0.404448
0.494958
0.363880
0.661704
0.410173
0.510862
0.336914
0.366081
0.512965
0.448465
0.413046
0.375979
0.375405
0.417332
0.745416
0.449113
0.482601
0.322774
0.347646
0.493501
0.391576
0.498625
0.483918
0.388059
0.508858
0.524273
0.343783
0.414859
0.421366
0.471044
0.496606
0.381653
0.452446
0.548469
0.439127
0.530088
0.349247
0.527149
0.430664
0.501347
0.413922
0.437795
0.405693
0.507925
0.319666
0.455886
0.429636
0.392990
0.565063
0.435613
0.321607
0.358941
0.519228
0.419171
0.396284
0.430794
0.493111
0.375485
0.525135
0.553417
0.496019
0.583010
0.449407
0.342010
0.382534
0.399761
0.393707
0.360644
0.369131
0.414727
0.457588
0.346716
0.515406
0.447519
0.289963
0.359545
0.295810
0.399555
0.416136
0.415880
0.412743
0.369993
0.455772
0.407642
0.355045
0.545273
0.536783
0.561960
0.577859
0.457990
0.359658
0.373645
0.483704
0.346102
0.429930
0.485451
0.500244
0.393396
0.473869
0.449220
0.338450
0.560109
0.394950
0.448258
0.409103
0.507898
0.530185
0.438053
0.460450
0.493662
0.476546
0.395321
0.490045
0.508862
0.544005
0.503408
0.552190
0.386689
0.436691
0.347261
0.423225
0.437072
0.355921
0.363298
0.363196
0.483048
0.478645
0.419962
0.478939
0.381651
0.379855
0.548722
0.424189
0.444254
0.380183
0.486774
0.481542
0.382399
0.462149
0.430259
0.501455
0.542351
0.431202
0.449702
0.332072
0.417650
0.416353
0.351895
0.498941
0.575318
0.485909
0.413893
0.436727
0.402819
0.453550
0.420494
0.400495
0.455587
0.460963
0.390968
0.531845
0.423588
0.351215
0.427338
0.448568
0.396273
0.371582
0.452465
0.407742
0.409490
0.503327
0.491298
0.396506
0.446117
0.468649
0.384935
0.315853
0.425274
0.355865
0.432009
0.400057
0.333064
0.406581
0.372777
0.449207
0.302709
0.410888
0.456139
0.475390
0.449311
0.459568
0.420377
0.428235
0.415323
0.430372
0.444373
0.469986
0.421228
0.468164
0.382285
0.426689
0.533163
0.347318
0.386359
0.354997
0.327423
0.445817
0.433367
0.438384
0.512954
0.400263
0.516512
0.511796
0.493672
0.339381
0.377924
0.403924
0.347789
0.296895
0.408466
0.338730
0.426737
0.372639
0.437168
0.414949
0.457607
0.342138
0.450448
0.460505
0.436369
0.393907
0.413273
0.498117
0.425923
0.443008
0.357018
0.521067
0.368311
0.497528
0.412791
0.370444
0.427473
0.345133
0.326941
0.494124
0.428836
0.415748
0.371253
0.443930
0.445847
0.375865
0.552664
0.419194
0.446307
0.362886
0.458296
0.329733
0.428850
0.427380
0.565266
0.455904
0.370569
0.401857
0.361111
0.497333
0.439720
0.329796
0.446158
0.373722
0.452340
0.579123
0.394038
0.384566
0.399941
0.395870
0.418356
0.384193
0.457619
0.425230
0.433421
0.400618
0.457782
0.458631
0.336241
0.516149
0.452364
0.368267
0.339586
0.431355
0.356169
0.412061
0.443004
0.364751
0.454291
0.368722
0.394153
0.344460
0.361800
0.376756
0.459811
0.458725
0.416035
0.425739
0.402854
0.503362
0.357860
0.376252
0.415989
0.381603
0.453224
0.438574
0.518814
0.521205
0.431521
0.505714
0.412913
0.366437
0.415847
0.391532
0.375211
0.397323
0.401081
0.402219
0.327353
0.526990
0.330103
0.525697
0.402327
0.359147
0.404971
0.498235
0.431758
0.329440
0.366596
0.474233
0.562953
0.469833
0.438451
0.491762
0.438529
0.380521
0.428187
0.444988
0.355593
0.526961
0.402503
0.368477
0.440663
0.492979
0.354695
0.502764
0.338038
0.469321
0.323145
0.448376
0.551017
0.375497
0.437832
0.429954
0.425354
0.474405
0.543975
0.422452
0.355374
0.340321
0.500808
0.429900
0.434192
0.394616
0.331092
0.408904
0.405097
0.357121
0.450788
0.407872
0.334129
0.426168
0.438819
0.445735
0.585649
0.389280
0.460337
0.438239
0.431346
0.406113
0.392259
0.397254
0.534685
0.400572
0.510219
0.455658
0.475443
0.417814
0.442253
0.407454
0.511467
0.415725
0.425796
0.449209
0.461593
0.479065
0.471007
0.293801
0.420357
0.446584
0.472406
0.451926
0.444070
0.418919
0.521932
0.484445
0.387103
0.458937
0.531471
0.375414
0.344821
0.456911
0.284920
0.418732
0.339119
0.385668
0.406691
0.344969
0.415328
0.557712
0.417760
0.397247
0.294689
0.363764
0.439377
0.389931
0.426733
0.559211
0.439055
0.402265
0.518451
0.385023
0.357558
0.448291
0.461661
0.409236
0.398933
0.390396
0.340665
0.476428
0.360335
0.558489
0.549857
0.456817
0.492459
0.421947
0.465713
0.370079
0.551821
0.536915
0.426243
0.312387
0.419038
0.408565
0.404507
0.326096
0.458927
0.433077
0.439995
0.402743
0.383396
0.336918
0.396886
0.482175
0.369147
0.386480
0.511083
0.346057
0.575481
0.536218
0.462434
0.322081
0.354055
0.387454
0.512230
0.361562
0.491749
0.444427
0.398190
0.425875
0.390937
0.477694
0.463395
0.395199
0.438498
0.357085
0.489757
0.468487
0.466124
0.352200
0.355499
0.491423
0.388116
0.328747
0.383218
0.440963
0.528977
0.344045
0.384513
0.472553
0.406118
0.501075
0.422957
0.452923
0.425233
0.409973
0.357728
0.372402
0.482715
0.453018
0.405062
0.376385
0.316403
0.456097
0.420891
0.358413
0.482202
0.355672
0.433462
0.381243
0.490805
0.470979
0.385017
0.355126
0.499735
0.444756
0.449494
0.357530
0.431602
0.391066
0.437594
0.488728
0.349534
0.320493
0.470692
0.355420
0.293404
0.412742
0.439808
0.533935
0.370569
0.533148
0.409586
0.343298
0.342581
0.471304
0.360432
0.388098
0.406007
0.364684
0.369681
0.390327
0.449334
0.416047
0.334415
0.383287
0.394746
0.406231
0.348370
0.430403
0.442779
0.416235
0.367027
0.392694
0.422272
0.302505
0.366208
0.329223
0.460010
0.487049
0.475301
0.371342
0.507934
0.370704
0.379455
0.362985
0.462326
0.426822
0.449659
0.393573
0.389498
0.471681
0.403790
0.414104
0.441858
0.411778
0.375280
0.417803
0.386460
0.452127
0.383437
0.352427
0.471973
0.400620
0.444328
0.315241
0.408933
0.300196
0.364214
0.413975
0.421552
0.384129
0.433519
0.480270
0.461864
0.406969
0.435007
0.485084
0.418780
0.369785
0.344451
0.423497
0.309014
0.370656
0.406543
0.379817
0.275426
0.393391
0.385121
0.454307
0.322910
0.388006
0.438695
0.437005
0.473416
0.292908
0.358734
0.443487
0.462288
0.443222
0.326175
0.388881
0.338181
0.467792
0.394685
0.346480
0.346715
0.497914
0.405472
0.392612
0.441755
0.392087
0.390245
0.285402
0.427459
0.485520
0.362407
0.373173
0.429671
0.480075
0.387031
0.403958
0.352406
0.440494
0.390392
0.322001
0.497025
0.362714
0.312181
0.549149
0.325312
0.397537
0.437657
0.403979
0.417109
0.415147
0.455002
0.381733
0.478746
0.424218
0.383895
0.350222
0.630553
0.490915
0.407245
0.305212
0.465015
0.437311
0.401831
0.441244
0.376818
0.452258
0.357982
0.500448
0.500873
0.429551
0.427000
0.315988
0.421965
0.368464
0.331070
0.408343
0.358940
0.364370
0.400232
0.459297
0.387324
0.442454
0.458993
0.327645
0.456939
0.445179
0.319716
0.356604
0.391261
0.374461
0.402254
0.381762
0.415020
0.494072
0.400692
0.431300
0.360599
0.411188
0.392863
0.316949
0.388156
0.336347
0.328455
0.414008
0.346204
0.393927
0.429441
0.415642
0.500578
0.432469
0.339231
0.394965
0.426478
0.264825
0.464799
0.462229
0.386988
0.327586
0.484173
0.360946
0.463262
0.449661
0.474170
0.422486
0.331397
0.315956
0.336868
0.403964
0.400842
0.462061
0.273855
0.349446
0.468852
0.384019
0.318720
0.386842
0.305166
0.451629
0.483409
0.452871
0.483329
0.412722
0.435137
0.428203
0.309599
0.357763
0.460256
0.416426
0.320853
0.468715
0.495605
0.343871
0.406454
0.338787
0.428933
0.293849
0.403567
0.319060
0.415018
0.450127
0.371870
0.409555
0.394825
0.520731
0.325338
0.397007
0.489389
0.353808
0.399139
0.426668
0.342335
0.558755
0.380456
0.325070
0.348616
0.284824
0.424418
0.338401
0.350362
0.389238
0.421454
0.438084
0.447531
0.389610
0.403427
0.329610
0.339820
0.289031
0.394539
0.342771
0.382646
0.400734
0.317001
0.406624
0.416834
0.392105
0.423202
0.422472
0.441083
0.375956
0.403904
0.284701
0.448165
0.438165
0.395618
0.362970
0.329432
0.413414
0.541603
0.349936
0.306997
0.430910
0.419559
0.342371
0.280145
0.439044
0.416387
0.386918
0.427677
0.475296
0.380198
0.401787
0.484783
0.420400
0.395073
0.426626
0.425098
0.365688
0.473104
0.499544
0.390874
0.367952
0.397295
0.328496
0.392483
0.338354
0.405619
0.475603
0.550906
0.490207
0.405200
0.448825
0.379737
0.483151
0.341787
0.239271
0.425981
0.427850
0.630859
0.359004
0.414332
0.363837
0.389625
0.309937
0.401764
0.377199
0.355242
0.433967
0.374050
0.481233
0.334149
0.407567
0.525588
0.595472
0.407978
0.442256
0.366935
0.355664
0.394989
0.335909
0.447067
0.359459
0.382904
0.454798
0.479046
0.292564
0.349912
0.431291
0.377952
0.385745
0.449428
0.473977
0.498190
0.345050
0.287735
0.324962
0.380301
0.351910
0.342586
0.420798
0.401305
0.376434
0.367411
0.345092
0.410832
0.300613
0.416202
0.463636
0.407069
0.351476
0.379342
0.444136
0.543427
0.391634
0.390436
0.311561
0.319076
0.346135
0.409015
0.373360
0.406404
0.464739
0.305974
0.361964
0.424308
0.451802
0.388482
0.279795
0.550778
0.393199
0.327374
0.395329
0.415480
0.436825
0.309955
0.412394
0.353898
0.366234
0.378914
0.413308
0.341451
0.393332
0.337584
0.418155
0.408890
0.506498
0.307906
0.429227
0.345826
0.458532
0.329707
0.333782
0.325014
0.408605
0.334244
0.636375
0.418749
0.410617
0.498577
0.439281
0.380070
0.389939
0.346545
0.373347
0.339799
0.368354
0.505609
0.428448
0.303854
0.377626
0.368362
0.471977
0.396303
0.599006
0.397946
0.388364
0.387642
0.379016
0.386769
0.330710
0.368767
0.382830
0.359694
0.413919
0.360160
0.368191
0.330378
0.334428
0.439069
0.352037
0.394763
0.406043
0.361617
0.377222
0.352130
0.367026
0.454671
0.374160
0.323721
0.339470
0.364150
0.528286
0.379933
0.330717
0.404591
0.340833
0.417905
0.418149
0.383065
0.320832
0.362229
0.450320
0.448449
0.439727
0.411346
0.362809
0.317174
0.399353
0.395281
0.408299
0.348925
0.339245
0.444561
0.527706
0.400860
0.351208
0.358685
0.549213
0.387410
0.423583
0.427244
0.428471
0.451429
0.378861
0.431318
0.270854
0.354705
0.331321
0.409138
0.371587
0.364768
0.504481
0.374022
0.431021
0.273845
0.412899
0.399880
0.505185
0.320952
0.374024
0.386328
0.464975
0.408973
0.318202
0.402191
0.394994
0.347731
0.392273
0.389237
0.403441
0.370079
0.316721
0.348494
0.481503
0.461338
0.382651
0.446467
0.374270
0.418412
0.391232
0.334747
0.354716
0.405474
0.389454
0.364857
0.345458
0.305617
0.317562
0.410788
0.409633
0.382069
0.371844
0.465675
0.501201
0.408883
0.384895
0.289373
0.306394
0.435784
0.544448
0.378084
0.389221
0.338273
0.411547
0.370286
0.387594
0.390403
0.300042
0.340210
0.425142
0.358246
0.424641
0.361995
0.332653
0.527292
0.492136
0.363931
0.378518
0.411197
0.502222
0.286353
0.447700
0.476312
0.506925
0.488268
0.419029
0.371332
0.411728
0.396205
0.415360
0.378909
0.360736
0.385319
0.339932
0.338219
0.381577
0.367391
0.402023
0.408362
0.396674
0.419374
0.473848
0.388896
0.418192
0.321334
0.405247
0.437632
0.420508
0.285156
0.432310
0.385350
0.352039
0.348055
0.353566
0.352626
0.294518
0.328251
0.403561
0.317419
0.323294
0.306226
0.379906
0.368639
0.311217
0.388756
0.385733
0.466650
0.400432
0.433933
0.371108
0.380495
0.462543
0.422257
0.414265
0.382617
0.358531
0.393213
0.517999
0.410335
0.318726
0.435969
0.403295
0.392446
0.454445
0.316791
0.376184
0.331295
0.501048
0.312908
0.469052
0.404156
0.272053
0.431481
0.320972
0.415589
0.401527
0.349693
0.475253
0.420865
0.417652
0.490973
0.331653
0.375434
0.386807
0.371215
0.368095
0.368529
0.365359
0.414940
0.347291
0.372573
0.581785
0.409769
0.357882
0.386570
0.395571
0.291024
0.388864
0.354781
0.445867
0.365658
0.362723
0.329004
0.304852
0.470023
0.416463
0.528081
0.426869
0.368382
0.395289
0.336560
0.364792
0.416324
0.418414
0.362316
0.334689
0.361787
0.432061
0.346365
0.425742
0.468349
0.418826
0.258815
0.373849
0.395394
0.322380
0.343967
0.308244
0.339832
0.396800
0.417695
0.458937
0.339794
0.365850
0.545369
0.301811
0.366697
0.292413
0.500826
0.359375
0.304632
0.345432
0.378274
0.364993
0.412138
0.437026
0.407161
0.423409
0.368880
0.478875
0.354653
0.427065
0.361993
0.362058
0.360724
0.330996
0.385912
0.316739
0.315432
0.348909
0.431809
0.413742
0.319477
0.381307
0.411975
0.389684
0.362591
0.354366
0.295840
0.382115
0.368247
0.418185
0.341822
0.388509
0.325049
0.362938
0.367198
0.342616
0.451519
0.296863
0.324643
0.309225
0.293678
0.416598
0.413826
0.413977
0.313766
0.315684
0.332311
0.448492
0.401584
0.287849
0.326113
0.396439
0.456274
0.339990
0.376759
0.368189
0.381058
0.310778
0.367572
0.344374
0.389471
0.356803
0.480200
0.453412
0.363022
0.396738
0.359175
0.435629
0.376557
0.345584
0.470224
0.412171
0.435274
0.424003
0.414699
0.380838
0.343400
0.283061
0.330376
0.364611
0.354014
0.472198
0.474616
0.446400
0.369739
0.343615
0.316371
0.428226
0.391054
0.388959
0.357877
0.355036
0.406878
0.496557
0.388633
0.449046
0.402416
0.378967
0.384963
0.371480
0.382482
0.292452
0.366650
0.374446
0.345087
0.406076
0.471202
0.373986
0.309952
0.551618
0.375958
0.369400
0.434104
0.356911
0.383108
0.323323
0.448465
0.350084
0.400261
0.383033
0.392750
0.464459
0.373799
0.348553
0.454004
0.413753
0.469970
0.393210
0.360923
0.401795
0.383714
0.273237
0.422932
0.354902
0.439720
0.431469
0.317083
0.443398
0.355818
0.329401
0.416678
0.391470
0.281495
0.334952
0.347264
0.389859
0.441274
0.431815
0.377305
0.412522
0.374931
0.347460
0.371337
0.392723
0.392017
0.346286
0.496976
0.381325
0.508592
0.414383
0.296759
0.479931
0.451252
0.294050
0.380387
0.330037
0.383923
0.328792
0.270773
0.389205
0.486167
0.396591
0.323236
0.342140
0.313770
0.310481
0.404852
0.331568
0.504267
0.429520
0.319788
0.419520
0.380638
0.398160
0.354415
0.358885
0.393830
0.342729
0.382865
0.400486
0.339121
0.435469
0.470657
0.484709
0.402003
0.324808
0.358782
0.467505
0.419317
0.353313
0.411971
0.399360
0.436712
0.374438
0.455328
0.375074
0.359321
0.403402
0.347136
0.375224
0.400624
0.346735
0.388402
0.321477
0.413763
0.386391
0.370781
0.349088
0.332248
0.282539
0.347724
0.341029
0.311116
0.411186
0.400004
0.339596
0.421374
0.339697
0.432897
0.416190
0.372926
0.353089
0.434189
0.372450
0.437825
0.393090
0.351860
0.393562
0.339890
0.469189
0.455557
0.403024
0.344283
0.381394
0.336100
0.459179
0.316156
0.412608
0.363472
0.433479
0.369426
0.403708
0.391517
0.405616
0.390875
0.376267
0.319668
0.281621
0.397297
0.330348
0.378169
0.442866
0.484342
0.348837
0.405303
0.392162
0.310797
0.479076
0.314589
0.287048
0.321148
0.396321
0.480694
0.333509
0.358599
0.400261
0.379756
0.341264
0.330599
0.397376
0.357545
0.259517
0.346191
0.359944
0.353661
0.302450
0.379353
0.390027
0.429024
0.489851
0.331709
0.374388
0.362776
0.328846
0.372085
0.522515
0.368097
0.357047
0.335900
0.351913
0.338579
0.371500
0.330599
0.435672
0.419772
0.393895
0.416162
0.371049
0.363658
0.368925
0.400196
0.317629
0.430258
0.379536
0.347883
0.334932
0.286319
0.432393
0.410681
0.393615
0.337695
0.307266
0.375173
0.334309
0.339938
0.389316
0.390527
0.374795
0.453298
0.473040
0.377733
0.414151
0.366840
0.326537
0.363426
0.359315
0.293180
0.336166
0.381190
0.340000
0.454189
0.271958
0.389849
0.412944
0.410194
0.410852
0.377874
0.432160
0.519872
0.419390
0.465160
0.295746
0.288425
0.394714
0.384230
0.367002
0.278765
0.309117
0.338764
0.366914
0.596522
0.322250
0.418727
0.367550
0.429098
0.381539
0.438425
0.385233
0.411269
0.366344
0.418331
0.402236
0.419207
0.389758
0.354165
0.441512
0.373221
0.310074
0.388092
0.360617
0.314169
0.380916
0.313257
0.559998
0.413968
0.363970
0.387489
0.465581
0.436959
0.339814
0.408291
0.429119
0.299163
0.378497
0.453752
0.340238
0.329257
0.413496
0.307285
0.357032
0.287618
0.401753
0.375874
0.325421
0.353626
0.320306
0.408434
0.376052
0.470169
0.287921
0.316037
0.344251
0.376841
0.332022
0.341880
0.342124
0.396957
0.357879
0.344132
0.385404
0.387494
0.357472
0.293494
0.356111
0.369635
0.369230
0.386922
0.367422
0.464830
0.403480
0.369635
0.366037
0.403316
0.458987
0.398193
0.357777
0.328516
0.351616
0.324279
0.337570
0.472562
0.355878
0.390751
0.366656
0.298574
0.420773
0.371079
0.458615
0.415287
0.411074
0.332147
0.272583
0.412412
0.306330
0.375952
0.329138
0.442021
0.344385
0.465111
0.389775
0.426025
0.308556
0.453915
0.326652
0.278152
0.338551
0.413339
0.323689
0.406756
0.451694
0.371414
0.420147
0.343540
0.370474
0.348481
0.428816
0.382186
0.442580
0.381815
0.451662
0.341621
0.332478
0.438318
0.324292
0.368906
0.352333
0.282018
0.346732
0.423920
0.337618
0.382942
0.340378
0.402492
0.425401
0.363247
0.363995
0.410314
0.321509
0.534566
0.443419
0.342580
0.301370
0.357185
0.441168
0.406928
0.419743
0.495127
0.390976
0.370591
0.437836
0.424736
0.306951
0.398606
0.296713
0.323131
0.340973
0.419782
0.415513
0.296455
0.392935
0.325668
0.402671
0.323058
0.361794
0.339719
0.430938
0.414341
0.387789
0.318176
0.444415
0.365462
0.389656
0.277797
0.355249
0.399677
0.301222
0.393157
0.388388
0.454249
0.338997
0.368252
0.390617
0.381074
0.310621
0.360140
0.282941
0.294632
0.274545
0.418635
0.372806
0.344431
0.345440
0.415647
0.378918
0.489276
0.396987
0.373513
0.432888
0.352428
0.372559
0.359264
0.440351
0.394095
0.354453
0.311548
0.359281
0.307760
0.345615
0.394207
0.356961
0.323813
0.339063
0.405862
0.312422
0.370425
0.427507
0.378020
0.360209
0.336759
0.397221
0.350999
0.289028
0.432344
0.296586
0.387827
0.387764
0.423935
0.348596
0.430739
0.307472
0.383115
0.410586
0.398416
0.267157
0.409714
0.287459
0.380096
0.449713
0.382678
0.324156
0.379974
0.340604
0.382459
0.350563
0.309254
0.381202
0.380142
0.385248
0.420803
0.478039
0.336581
0.286875
0.403232
0.406750
0.384244
0.322627
0.387061
0.328288
0.353014
0.355771
0.415394
0.534684
0.307626
0.474775
0.405652
0.350996
0.453466
0.400122
0.271154
0.367974
0.428707
0.293006
0.351560
0.365269
0.384547
0.325068
0.449263
0.339870
0.380644
0.374611
0.361972
0.402675
0.375400
0.399367
0.352831
0.366341
0.342239
0.372751
0.438055
0.352784
0.301999
0.416326
0.448895
0.357290
0.332503
0.295180
0.329832
0.303071
0.316583
0.341448
0.333149
0.349708
0.395005
0.342237
0.390838
0.349121
0.349494
0.411798
0.338688
0.432778
0.260893
0.408772
0.339524
0.345974
0.398092
0.408999
0.346894
0.279964
0.363906
0.409908
0.348286
0.351354
0.384292
0.325575
0.439258
0.331643
0.333332
0.379791
0.320988
0.441411
0.374427
0.357805
0.414387
0.354823
0.362567
0.385738
0.335153
0.400064
0.361452
0.372456
0.362583
0.377975
0.411006
0.318626
0.310474
0.448788
0.375318
0.336910
0.383255
0.301612
0.354154
0.298358
0.407181
0.329760
0.396938
0.335420
0.351841
0.415943
0.397852
0.375141
0.318340
0.480413
0.315660
0.359041
0.378259
0.412841
0.455557
0.350022
0.555958
0.367720
0.533673
0.380921
0.327529
0.471996
0.334051
0.341706
0.412956
0.479205
0.394313
0.307981
0.377260
0.314656
0.347958
0.327502
0.387195
0.313937
0.457191
0.344874
0.421382
0.446975
0.352718
0.453730
0.437497
0.405018
0.434513
0.385887
0.304731
0.337690
0.303226
0.505902
0.443761
0.368470
0.371158
0.323456
0.513292
0.386080
0.463715
0.370422
0.356902
0.337040
0.331682
0.436911
0.364459
0.426232
0.394736
0.380874
0.358486
0.373427
0.314590
0.469525
0.571099
0.331435
0.457662
0.341418
0.454393
0.257424
0.338916
0.296741
0.287031
0.325582
0.392979
0.333840
0.317893
0.343037
0.340170
0.329066
0.377517
0.344032
0.366312
0.307044
0.427309
0.387629
0.279485
0.454964
0.373968
0.438725
0.419329
0.376603
0.393077
0.388267
0.347343
0.410843
0.476115
0.275428
0.399508
0.428467
0.361647
0.420892
0.466421
0.279760
0.313964
0.366809
0.325850
0.438596
0.365167
0.408515
0.375545
0.414555
0.320188
0.342049
0.424858
0.401045
0.407201
0.312083
0.440049
0.302626
0.455842
0.332132
0.425060
0.468233
0.381838
0.435764
0.310183
0.391640
0.375051
0.416259
0.396802
0.508802
0.332372
0.466180
0.239370
0.408288
0.363057
0.318501
0.460468
0.333076
0.284280
0.351880
0.416964
0.327765
0.337530
0.464087
0.360231
0.470886
0.300363
0.271016
0.321775
0.353786
0.287204
0.376847
0.261821
0.368857
0.357525
0.364381
0.340999
0.401874
0.373132
0.375169
0.364465
0.350965
0.448886
0.320147
0.352050
0.375891
0.369149
0.358221
0.321171
0.380745
0.376216
0.417780
0.520589
0.309834
0.376050
0.310062
0.331298
0.354568
0.358562
0.447249
0.337040
0.315707
0.379229
0.425149
0.453266
0.313646
0.353498
0.362358
0.376295
0.378066
0.359138
0.352904
0.440701
0.340766
0.291113
0.336530
0.364130
0.369065
0.558694
0.365062
0.373338
0.355852
0.345139
0.382027
0.385303
0.382373
0.315126
0.472926
0.342162
0.329227
0.412422
0.309005
0.469609
0.351021
0.384842
0.261839
0.364581
0.402418
0.327917
0.419541
0.406501
0.398967
0.363192
0.352749
0.316908
0.448669
0.304862
0.289717
0.416792
0.426218
0.388636
0.377065
0.332739
0.443013
0.252858
0.359776
0.468625
0.339296
0.410459
0.321591
0.388983
0.374467
0.331357
0.428248
0.402833
0.441902
0.345648
0.321120
0.453824
0.420644
0.380942
0.244571
0.363889
0.368104
0.324133
0.353916
0.355321
0.347354
0.366161
0.302400
0.380676
0.373733
0.393240
0.423657
0.334574
0.320235
0.443765
0.407916
0.406902
0.393363
0.320491
0.261224
0.390086
0.447493
0.383397
0.380203
0.379515
0.327265
0.328889
0.347729
0.311338
0.384955
0.272591
0.329145
0.318983
0.531561
0.425764
0.397571
0.322760
0.380418
0.299433
0.352567
0.375233
0.333990
0.405514
0.381892
0.334199
