3.598165
3.673951
3.563778
3.604533
3.571949
3.506553
3.518624
3.490181
3.524497
3.508767
3.478195
3.424997
3.426697
3.438692
3.365727
3.397465
3.378719
3.480052
3.441825
3.383978
3.369617
3.458097
3.300938
3.205043
3.420628
3.323973
3.274104
3.370821
3.338841
3.297328
3.283621
3.488705
3.493336
3.341726
3.360568
3.299308
3.353274
3.249816
3.322103
3.409639
3.200918
3.336618
3.389319
3.232542
3.278582
3.188201
3.070776
3.416232
3.335394
3.333745
3.163616
3.199684
3.430590
3.531529
3.399859
3.309332
3.265279
3.184044
3.137014
3.229443
3.223208
3.196852
3.155848
3.237681
3.246821
3.092334
3.110043
3.205933
3.163395
3.308192
3.122796
3.201173
3.110194
3.136861
3.076020
3.084678
3.176551
3.148582
3.161109
3.079936
3.145943
3.180288
3.149776
3.118067
3.199804
3.003401
2.966893
2.993108
3.205037
3.097649
3.093183
3.049690
3.046348
3.029422
3.083118
3.398421
3.175863
3.092870
3.133276
3.222976
3.103149
3.047174
2.959844
3.024188
3.077732
3.115784
3.293715
2.984172
2.950313
3.048413
3.028201
2.999742
3.109546
2.884057
3.045543
3.063170
2.898129
3.015595
3.112408
3.242056
3.050789
2.914087
2.950997
2.967041
2.977263
2.867165
3.037701
3.169277
3.044247
2.943325
2.872055
2.869191
2.921900
3.027118
3.082993
2.907042
3.003838
3.055173
3.067607
3.172826
2.943886
2.899267
2.993103
3.033744
2.988380
2.937001
2.834624
2.870198
2.960490
3.017947
2.876922
2.912622
3.130467
2.845460
2.932854
2.964520
2.900683
2.871011
2.721057
2.934179
2.967982
2.920346
2.802064
2.915468
2.909609
2.915994
2.993039
2.944820
2.897038
2.935202
2.952601
3.065442
2.848241
2.806379
2.900100
2.880568
2.887906
2.907542
2.857706
2.709627
2.845995
2.988203
2.751456
3.040148
2.806586
2.829604
2.792818
3.038020
3.049959
2.914534
2.786224
2.783588
2.839927
2.908341
2.796134
2.773950
2.730287
3.121544
2.928831
2.752405
2.803315
2.842857
2.901232
2.776896
2.834883
2.848894
2.995258
2.803705
2.757286
2.904208
2.831216
2.848652
2.816661
2.924651
2.702632
2.818225
2.889580
2.899262
2.865403
2.681780
2.801847
2.773346
2.646320
2.887575
2.610598
2.873886
2.856254
2.840394
2.832346
2.859060
2.695290
2.598657
2.790047
2.769689
2.661898
2.752588
2.620550
2.769782
2.692125
2.886886
2.946679
2.764319
2.893156
2.762716
2.683616
2.632359
2.636327
2.841140
2.711372
2.708304
2.757250
2.825710
2.911315
2.667943
2.725569
2.753004
2.967586
2.762307
2.535374
2.723059
2.988095
2.779585
2.697557
2.633579
2.799767
2.666800
2.700894
2.897239
2.806194
2.787471
2.730705
2.900427
2.954492
2.682489
2.757655
2.646837
2.647986
2.707830
2.572459
2.673177
2.824847
2.560105
2.635953
2.874218
2.663427
2.712580
2.699459
2.536150
2.640882
2.568956
2.553905
2.452348
2.591970
2.547812
2.581709
2.535560
2.580455
2.739602
2.781010
2.601266
2.585283
2.563644
2.844574
2.632077
2.576673
2.600132
2.773934
2.577291
2.678833
2.670742
2.680814
2.523487
2.498238
2.470271
2.720249
2.678863
2.623871
2.549299
2.799536
2.541027
2.511092
2.561841
2.493356
2.720636
2.625586
2.714657
2.698499
2.597129
2.655361
2.730669
2.593396
2.667387
2.674538
2.626627
2.698953
2.656662
2.725079
2.588113
2.721891
2.625341
2.586274
2.445467
2.667136
2.687449
2.718602
2.442473
2.435187
2.559585
2.722827
2.632139
2.562848
2.457617
2.541224
2.563124
2.919769
2.791448
2.698928
2.594249
2.395828
2.620211
2.494831
2.665798
2.398841
2.465272
2.607073
2.369980
2.316259
2.463800
2.517491
2.501435
2.468541
2.512335
2.453300
2.422665
2.494484
2.529808
2.413037
2.629945
2.611467
2.577140
2.460518
2.495413
2.539805
2.512003
2.551154
2.423547
2.541246
2.340353
2.574075
2.560184
2.541444
2.373203
2.253935
2.562994
2.436895
2.390566
2.462588
2.446606
2.394014
2.510159
2.773465
2.532632
2.424269
2.536867
2.604774
2.594661
2.558787
2.384498
2.421510
2.377719
2.548717
2.455309
2.245584
2.483080
2.560988
2.443485
2.337422
2.524461
2.590843
2.480263
2.389688
2.426873
2.501648
2.574590
2.517575
2.367310
2.280408
2.477209
2.338567
2.676934
2.461686
2.455242
2.650913
2.335805
2.253575
2.414584
2.456104
2.299775
2.392169
2.290609
2.273193
2.433363
2.510253
2.264771
2.452595
2.446833
2.417780
2.308023
2.495466
2.393155
2.352067
2.196517
2.443130
2.329619
2.329851
2.422937
2.428454
2.186524
2.324050
2.363171
2.504235
2.465251
2.259572
2.453782
2.315023
2.388140
2.442201
2.370369
2.465124
2.529972
2.432554
2.301985
2.324828
2.169015
2.417247
2.350824
2.418676
2.314894
2.416073
2.437059
2.303484
2.252284
2.244068
2.286599
2.528779
2.111680
2.316879
2.323524
2.238394
2.054309
2.463714
2.246496
2.535704
2.457335
2.317804
2.339810
2.179832
2.580098
2.666181
2.257487
2.253146
2.227487
2.229035
2.299489
2.392418
2.221869
2.322523
2.394316
2.286442
2.368469
2.098969
2.078335
2.238485
2.138289
2.269136
2.289940
2.404872
2.237818
2.359900
2.341582
2.256426
2.306364
2.390018
2.197263
2.410249
2.182124
2.272475
2.129856
2.213416
2.156333
2.324481
2.130496
2.312706
2.231023
2.332153
2.256375
2.299002
2.139129
2.149593
2.205509
2.146819
2.267877
2.413678
2.302983
2.168832
2.190141
2.293609
2.147535
2.244167
2.096710
2.266825
2.442255
2.325764
2.015307
2.257674
2.170878
2.271032
2.257576
2.032555
2.026608
2.051845
2.339297
2.421912
2.182503
2.174628
2.216413
2.307108
2.313191
2.343652
2.166414
2.018181
2.316945
2.170287
2.148801
2.348881
2.028602
2.201427
2.277906
2.175109
2.134347
2.255077
2.228740
2.305746
2.269496
2.276527
2.135696
2.026302
2.153487
2.064994
2.317525
2.342519
2.265555
2.170660
2.141332
2.165158
2.178376
2.060302
2.158888
2.279098
2.112837
2.317172
2.271045
2.320646
2.209213
2.345704
2.086940
2.196507
2.343071
2.250771
2.109480
2.053873
2.006861
2.248483
1.854857
2.160142
2.235919
2.217421
2.109962
2.151044
2.251570
2.061424
2.003140
2.261048
2.144543
1.953371
2.301536
2.156776
2.098234
2.005242
1.971303
2.066235
2.112357
2.402327
2.117482
2.044603
2.137945
2.131435
2.016640
2.126815
2.046284
2.313803
2.178248
2.007477
1.974144
2.176274
2.150528
2.232861
2.189701
2.166367
2.097854
2.240702
2.306248
2.078141
1.856297
1.984814
2.173006
2.077160
2.232815
2.140105
2.076985
2.177027
2.191700
1.978000
2.185131
2.168928
2.197814
2.177492
2.080466
2.029062
2.039304
2.019363
2.243958
1.984861
2.194467
2.145350
2.400144
2.324498
2.184896
2.050168
2.180945
2.040129
1.898660
2.032126
2.150177
2.147875
2.012138
2.185478
2.284039
2.073316
2.193511
2.136691
2.026258
1.986802
2.123007
2.409889
2.319328
2.179665
2.058838
2.081667
2.075496
1.984056
1.988611
2.081659
1.979119
2.183664
1.955528
2.015190
2.061360
1.878155
2.096947
2.141554
2.153689
1.953681
1.945669
1.986983
2.234880
2.158725
2.028481
2.094766
2.010753
2.093148
1.991756
2.032645
2.189388
2.264420
1.994766
1.978097
2.045105
2.082666
2.115626
2.079194
1.987700
2.121563
1.898746
1.874639
2.076437
2.155880
2.105936
2.125777
2.200133
1.967052
1.755400
1.920838
1.936831
1.780204
1.784843
1.884653
2.134443
2.059578
2.325224
1.924986
1.728033
1.803933
2.023065
2.034106
1.886624
1.992929
2.059216
2.111551
2.077169
2.195064
2.090967
2.036362
2.014439
2.051909
2.012537
1.996548
1.876784
1.687324
2.082920
1.845591
1.989448
2.155950
1.983418
1.975377
2.098534
1.931098
1.929389
2.047117
1.880783
2.060318
2.029260
2.119549
1.944554
1.959496
2.140825
1.996641
2.144831
2.019775
1.931363
1.794117
2.024221
2.092833
2.084078
2.036905
2.098531
2.036211
2.109768
1.949025
1.934064
1.988562
2.018715
1.945278
1.869858
1.907159
1.974986
1.779518
2.007834
2.001116
1.955615
1.931500
1.983737
1.992800
1.961141
1.895026
2.088704
1.973373
1.932379
1.972564
2.025244
1.847834
1.940064
2.139464
2.087189
1.874633
2.052681
1.987268
1.688056
1.876283
1.810217
1.849878
1.741427
1.938366
1.945704
1.747323
1.880581
2.059552
1.989323
1.944818
2.021894
2.033646
1.919134
1.968695
1.788866
1.868500
1.880763
2.216601
1.853390
1.740927
2.157381
1.831667
1.823713
1.827778
2.037061
2.051033
2.049801
1.993471
2.008087
1.924329
1.828943
1.765147
1.893997
1.876684
1.983968
1.891051
1.717952
1.674427
1.873789
1.844035
1.916630
1.957503
1.915775
1.967088
1.847587
1.930087
1.897063
1.840467
1.936468
2.027920
2.007780
1.921705
1.971451
2.060292
1.764821
1.964478
1.901387
1.979510
1.931501
1.856475
1.898185
1.923142
1.981384
2.003463
1.986181
2.057560
1.905290
1.774325
1.866718
1.822613
1.764969
1.796138
1.958722
1.801514
1.828287
1.901304
1.847852
1.768329
1.838002
2.126408
1.825966
1.956102
1.934744
1.884682
1.928041
1.898880
1.693152
1.714518
1.860811
2.066469
1.968364
1.761450
2.085744
1.879578
1.807254
1.765589
1.900424
1.786402
2.040255
1.880743
1.735102
1.801981
1.903473
1.806301
1.813351
1.821080
2.004618
1.870212
1.826469
1.770137
1.857695
1.808045
1.747533
1.903745
1.928231
1.786647
1.957327
1.830006
1.954806
1.693523
1.641657
1.727086
1.746712
1.786275
1.996732
1.908089
1.973466
1.688894
1.798262
1.851110
1.916018
1.947440
1.829904
1.798459
1.824265
1.725313
1.841819
1.949293
1.946000
1.774696
1.810594
1.875383
1.900121
1.831371
1.931084
2.019290
1.843969
1.722244
1.665098
1.724499
1.704121
1.795338
1.780598
1.749054
1.914827
1.836963
1.681542
1.898202
1.778769
1.765250
1.822120
1.853927
1.912504
1.961725
1.796730
1.790176
1.892924
2.014806
1.809584
1.579040
1.546184
1.660129
1.695052
1.784650
1.763583
1.736375
1.862963
1.764364
1.738977
1.833371
1.861980
1.862181
1.761692
1.869920
1.861037
1.888314
1.926427
1.617289
1.935312
1.784136
1.826879
1.841788
1.824710
1.759602
1.857205
1.666047
1.766557
1.937739
1.686700
1.677406
1.759462
1.617810
1.738226
1.858163
1.860299
1.775893
1.774829
1.842259
1.838069
1.706143
1.700532
1.685414
1.666007
1.769161
1.815423
1.661587
1.783689
1.953183
1.847148
1.777505
1.763441
1.752865
1.894730
1.784340
1.809582
1.674986
1.613619
1.799510
1.711926
1.708926
1.739402
1.769010
1.899941
1.652695
1.660427
1.902959
1.738769
1.630224
1.797493
1.696239
1.693612
1.689291
1.806968
1.879406
1.646748
1.560591
1.807005
1.863778
1.806776
1.842626
1.753433
1.684228
1.723863
1.700514
1.783633
1.722905
1.680622
1.908178
1.825996
1.840946
1.635724
1.683652
1.629278
1.617912
1.778738
1.831984
1.843402
1.767036
1.735049
1.650716
1.721516
1.683138
1.729787
1.980451
1.687954
1.462633
1.618061
1.812210
1.842054
1.685357
1.541318
1.464057
1.758138
1.555782
1.733065
1.534090
1.612371
1.740080
1.699905
1.625373
1.799291
2.067907
1.838956
1.559959
1.506698
1.641699
1.690609
1.555157
1.661741
1.591566
1.738204
1.691534
1.615189
1.960364
1.652175
1.596040
1.786976
1.647106
1.722976
1.702144
1.553728
1.962443
2.073597
1.681354
1.678693
2.020557
2.046821
1.771235
1.634275
1.422096
1.819424
1.618684
1.710985
1.764931
1.611710
1.672250
1.670666
1.707611
1.845892
1.605883
1.604774
1.936568
1.715198
1.663159
1.729078
1.698427
1.622402
1.739889
1.736995
1.641057
1.660700
1.757209
1.564501
1.569157
1.870258
1.816882
1.821287
1.680954
1.698720
1.690470
1.661985
1.634122
1.608511
1.699439
1.700812
1.674872
1.701366
1.686567
1.620227
1.433409
1.619158
1.703031
1.698678
1.811251
1.687723
1.501495
1.654824
1.600532
1.535969
1.491206
1.658874
1.727714
1.645251
1.547898
1.805287
1.758621
1.764250
1.678408
1.774709
1.767311
1.603078
1.642174
1.783603
1.794348
1.554019
1.528857
1.666073
1.728792
1.862753
1.714761
1.700100
1.746811
1.732009
1.586271
1.700082
1.531124
1.555588
1.515344
1.538290
1.742389
1.790387
1.456394
1.490736
1.718271
1.513708
1.523937
1.829106
1.531634
1.574298
1.885759
1.607401
1.600294
1.473335
1.601064
1.648692
1.801462
1.726172
1.601353
1.730243
1.469271
1.714346
1.690400
1.658238
1.541315
1.668946
1.547079
1.290996
1.585753
1.504729
1.693515
1.596541
1.439010
1.611660
1.575677
1.731903
1.600428
1.609497
1.870421
1.770045
1.545707
1.778409
1.820371
1.574721
1.645007
1.515243
1.713707
1.613834
1.614600
1.538631
1.575533
1.576184
1.655852
1.656404
1.565537
1.509070
1.614844
1.690839
1.484895
1.666019
1.791180
1.480107
1.567353
1.499148
1.455539
1.774123
1.613394
1.520878
1.588524
1.576141
1.496252
1.497387
1.653341
1.482133
1.635823
1.586677
1.666851
1.402810
1.539557
1.691074
1.825079
1.511457
1.655151
1.520919
1.540323
1.555358
1.564154
1.670419
1.562922
1.637126
1.656420
1.586608
1.568645
1.584767
1.838338
1.660701
1.645348
1.886406
1.602809
1.436851
1.646978
1.544521
1.479428
1.507115
1.725939
1.594745
1.558096
1.525399
1.649547
1.456416
1.464326
1.479318
1.624131
1.488570
1.563179
1.369305
1.667749
1.514261
1.463458
1.612866
1.676079
1.671975
1.297369
1.682053
1.397675
1.526588
1.607816
1.647835
1.733322
1.405288
1.599539
1.688863
1.730272
1.625154
1.675069
1.484013
1.756354
1.636278
1.740318
1.453680
1.417786
1.452588
1.705643
1.536271
1.324276
1.575517
1.508392
1.390962
1.437090
1.409748
1.602394
1.372967
1.631749
1.603885
1.541062
1.673878
1.513176
1.582677
1.650113
1.534919
1.403589
1.411970
1.620788
1.424662
1.730601
1.572387
1.551669
1.522782
1.640388
1.562229
1.583655
1.593916
1.516092
1.587467
1.594338
1.624650
1.517559
1.640933
1.495200
1.414289
1.704402
1.462267
1.604196
1.602382
1.438792
1.351562
1.562065
1.935493
1.647497
1.615415
1.662006
1.778150
1.771118
1.516748
1.558705
1.516186
1.548815
1.562068
1.597027
1.535872
1.297445
1.480002
1.589468
1.437436
1.279116
1.550394
1.566026
1.707526
1.726679
1.540675
1.644293
1.404018
1.420283
1.628507
1.532909
1.582520
1.545864
1.412246
1.561951
1.409326
1.560904
1.667358
1.649038
1.600940
1.594954
1.527618
1.519938
1.407758
1.365311
1.463418
1.417568
1.571124
1.609191
1.443996
1.405878
1.465654
1.448155
1.557435
1.673184
1.353952
1.424891
1.330754
1.380182
1.642992
1.362552
1.443800
1.417790
1.392941
1.536788
1.613331
1.386328
1.412560
1.511900
1.606375
1.597753
1.481976
1.402172
1.241108
1.298324
1.506197
1.454224
1.462503
1.480265
1.460408
1.413387
1.336112
1.376934
1.483100
1.481265
1.463426
1.455930
1.583471
1.500959
1.385812
1.243981
1.361870
1.753080
1.448175
1.364846
1.603330
1.540370
1.310776
1.570472
1.500287
1.502241
1.377532
1.411199
1.362293
1.515615
1.732081
1.312999
1.476351
1.518534
1.477513
1.430418
1.248903
1.549869
1.379081
1.624366
1.500032
1.448345
1.346051
1.551001
1.438282
1.648231
1.533182
1.433696
1.264847
1.418252
1.424597
1.420111
1.715165
1.747515
1.659380
1.453885
1.442244
1.398386
1.596832
1.310778
1.450973
1.200343
1.349390
1.554250
1.553370
1.580149
1.569194
1.490369
1.522155
1.416395
1.373049
1.389901
1.351015
1.454280
1.385008
1.539178
1.520407
1.524883
1.456781
1.419627
1.541050
1.339619
1.621316
1.574462
1.470840
1.441599
1.418556
1.581211
1.393198
1.357236
1.432624
1.578337
1.490104
1.374135
1.558980
1.331602
1.415544
1.465645
1.520589
1.474122
1.554336
1.704977
1.475148
1.330599
1.389749
1.457049
1.455662
1.486206
1.447241
1.447979
1.436995
1.299319
1.328705
1.292127
1.312450
1.354287
1.450110
1.272377
1.431721
1.542931
1.616310
1.551934
1.599247
1.561274
1.283242
1.302636
1.501014
1.409012
1.284810
1.320277
1.312510
1.299562
1.477331
1.363520
1.551113
1.525000
1.412819
1.405084
1.294355
1.712157
1.436197
1.192840
1.492784
1.276419
1.420500
1.379843
1.345608
1.359872
1.524702
1.400306
1.283500
1.390833
1.370685
1.499117
1.319340
1.365548
1.263861
1.497736
1.588652
1.419484
1.280521
1.525798
1.344432
1.222872
1.264228
1.465900
1.524629
1.367674
1.475194
1.385647
1.243275
1.201230
1.493317
1.305442
1.200442
1.501134
1.401163
1.301918
1.444567
1.598477
1.385651
1.202896
1.448225
1.450009
1.359850
1.376968
1.353291
1.456476
1.330392
1.537131
1.411424
1.354836
1.407507
1.336067
1.434417
1.410625
1.473563
1.494132
1.428947
1.603509
1.560536
1.433346
1.551892
1.473681
1.348562
1.280444
1.285801
1.364300
1.334755
1.489406
1.261778
1.456918
1.308150
1.607340
1.529935
1.440233
1.449711
1.253246
1.404210
1.430359
1.226985
1.364287
1.440735
1.291324
1.328954
1.339492
1.323789
1.434745
1.553396
1.234314
1.438774
1.361669
1.354819
1.563942
1.677928
1.310238
1.384732
1.325460
1.368029
1.262980
1.348728
1.355503
1.332675
1.377167
1.344114
1.341487
1.436931
1.297864
1.261434
1.260926
1.467383
1.290564
1.450301
1.318984
1.214419
1.355380
1.534283
1.441250
1.221631
1.384918
1.644087
1.521842
1.398596
1.491164
1.321291
1.230216
1.263065
1.407492
1.348466
1.327250
1.243953
1.278392
1.478708
1.340331
1.587042
1.248369
1.293310
1.226085
1.199642
1.441111
1.405154
1.181689
1.239821
1.272349
1.341615
1.421613
1.323893
1.427999
1.341429
1.343519
1.400098
1.293356
1.331962
1.215350
1.244737
1.339199
1.427384
1.444253
1.401335
1.583933
1.493148
1.339010
1.319232
1.254030
1.484558
1.511846
1.424867
1.312013
1.229484
1.441591
1.174040
1.299208
1.308739
1.608184
1.352819
1.345054
1.353676
1.287863
1.373713
1.401711
1.250494
1.214053
1.308535
1.464463
1.337022
1.255979
1.349343
1.212416
1.355615
1.294632
1.356093
1.225505
1.239996
1.385363
1.141674
1.521465
1.266125
1.552279
1.491165
1.325900
1.334862
1.238737
1.225641
1.403919
1.400924
1.317442
1.339043
1.301926
1.288952
1.331639
1.281876
1.440987
1.348722
1.284892
1.377515
1.186906
1.254081
1.348347
1.335916
1.250514
1.242274
1.506218
1.308504
1.303594
1.392884
1.233536
1.165544
1.323745
1.062192
1.298893
1.223022
1.305084
1.376940
1.287895
1.365203
1.266758
1.224560
1.274807
1.235172
1.394709
1.408122
1.147564
1.213887
1.219437
1.372285
1.276111
1.146085
1.211021
1.155012
1.602656
1.241443
1.372513
1.495587
1.301947
1.312774
1.268872
1.242202
1.188617
1.331453
1.274834
1.425818
1.388719
1.257375
1.153829
1.441278
1.244974
1.217674
1.158512
1.191832
1.201197
1.171354
1.402249
1.374602
1.330697
1.250299
1.212811
1.170955
1.232566
1.186124
1.293938
1.361128
1.270209
1.302343
1.205892
1.317626
1.459720
1.187926
1.170814
1.141899
1.406037
1.271183
1.091996
1.236860
1.258883
1.400665
1.161958
1.413607
1.210840
1.344887
1.239978
1.274362
1.364858
1.410278
1.371614
1.314913
1.286971
1.431237
1.177153
1.248835
1.527633
1.211039
1.323692
1.214314
1.189572
1.339203
1.197540
1.157676
1.135304
1.050081
1.389141
1.376812
1.343041
1.315838
1.314395
1.262846
1.538966
1.444310
1.438305
1.391506
1.276277
1.304179
1.241943
1.169270
1.175113
1.349994
1.253538
1.228494
1.292163
1.376592
1.317951
1.161374
1.275429
1.228033
1.221229
1.290063
1.427716
1.285961
1.176988
1.224159
1.285045
1.235720
1.348879
1.387500
1.283845
1.424943
1.298959
1.345598
1.228887
1.262525
1.232963
1.170996
1.250435
1.155709
1.343647
1.283374
1.298657
1.098297
1.242503
1.093709
1.369489
1.183553
1.304050
1.251353
1.335032
1.270326
1.329112
1.225101
1.186076
1.501728
1.329913
1.400033
1.298228
1.195585
1.200536
1.102654
1.128351
1.111661
1.110434
1.256528
1.170558
1.299657
1.261266
1.439672
1.532992
1.349887
1.225977
1.285732
1.262763
1.203692
1.164013
1.276637
1.318857
1.062099
1.300887
1.368052
1.298779
1.190570
1.240434
1.078396
1.198050
1.215949
1.123312
1.255985
1.084904
1.272213
1.124728
1.174239
1.095948
1.223504
1.477515
1.345206
1.252716
1.252653
1.119113
1.147448
1.163443
1.036193
1.300818
1.416675
1.204413
1.302408
1.392570
1.495976
1.212106
1.543792
1.503235
1.316070
1.222287
1.422364
1.354769
1.320782
1.108359
1.285374
1.295581
1.191295
1.101501
1.233843
1.173746
1.190983
1.232181
1.317202
1.172036
1.163271
1.131530
1.149523
1.434092
1.412769
1.179154
1.083213
1.132816
1.305318
1.285923
1.346409
1.342997
1.091613
1.204790
1.344205
1.087190
1.389530
1.371700
1.418504
1.398354
1.275496
1.112377
1.174541
1.130791
1.359417
1.172917
1.306883
1.321799
1.054803
1.084613
1.367208
1.125179
1.271683
1.484758
1.004407
1.157486
1.043934
1.344748
1.220304
1.156138
1.122318
1.112957
1.380392
1.266588
1.174866
1.126274
1.118179
1.080020
1.163889
1.235762
1.124018
1.185359
1.194363
1.252286
1.218105
1.278105
1.275733
1.394853
1.073528
1.205544
1.250226
1.312674
1.351294
1.100253
1.372186
1.221018
1.093021
1.125705
1.288772
1.490424
1.231382
1.188074
1.089957
1.250226
1.246240
1.233709
1.143829
1.224487
1.094011
1.128881
1.175267
1.302777
1.059822
1.129474
1.216935
1.154974
1.349876
1.142202
1.178277
1.112638
1.093057
1.109552
1.018997
1.034039
1.175708
1.275514
1.228211
1.152514
1.254128
1.247748
1.121389
1.177142
1.133862
1.190629
1.235142
1.168068
1.227036
1.208227
1.276192
1.191139
1.255779
1.237082
1.248815
1.243198
1.208102
1.145525
1.194782
1.145890
1.308794
1.146956
1.180892
1.169485
1.210971
1.042352
1.161320
1.126235
1.168868
1.163967
1.182331
1.240569
1.272843
1.274147
1.092208
1.278391
1.141524
1.080111
1.049611
1.148695
1.132125
1.287969
1.132584
0.980638
1.449359
1.107075
1.427972
1.326954
1.143494
1.157628
1.138290
1.157316
1.056917
1.145216
1.045055
1.261070
1.258686
1.197076
1.231844
1.124692
1.214359
1.219832
1.147374
1.099943
1.324052
1.182391
1.165475
1.047753
1.187727
1.273927
1.329951
1.226568
1.186625
1.146294
1.228157
1.175861
1.240445
1.285733
1.217631
1.125017
1.090264
1.347306
1.305724
1.307311
1.242106
1.100103
1.153648
1.215276
1.211353
1.205888
1.230952
1.401228
1.020707
1.083120
1.195871
1.307876
1.138375
1.173524
1.181371
1.228210
1.272611
1.129603
1.084665
1.215297
1.161093
1.141583
0.999177
1.270189
1.136939
1.203460
1.009342
1.272523
1.266644
1.266492
1.275307
1.082585
1.182618
1.013485
1.148778
1.418854
1.227157
1.378088
1.064980
1.179389
1.213362
1.006415
1.068229
1.152510
1.279585
1.196580
1.000987
1.154213
1.196582
1.313748
1.044881
1.117276
1.128324
1.271529
1.276251
1.177031
1.149731
1.082780
1.167149
1.132424
1.237557
1.177571
1.151717
1.190826
1.061819
1.133249
1.203731
1.008247
1.121155
1.227021
1.028058
1.199671
1.379631
1.130823
1.272592
1.024528
1.004209
1.197707
1.192904
1.173405
1.163342
1.086286
1.047923
1.041539
1.035646
1.193960
1.132197
1.424272
1.168242
1.035644
1.059625
1.306991
1.095824
1.119402
1.113983
1.341858
1.131848
1.240065
1.090394
1.135466
1.241137
1.168441
1.188567
1.348921
1.059755
1.082509
1.246382
1.079313
1.145547
1.088625
1.135109
1.107587
1.123177
1.164900
1.265386
1.208560
1.150618
1.219046
1.255480
1.143816
1.225552
1.049998
1.273435
1.274973
1.264548
1.150567
1.096151
1.225168
1.047544
1.320275
1.198643
1.115373
1.182282
1.004583
1.215580
1.039685
1.139594
1.186282
1.351945
1.217525
1.072679
1.051189
1.096825
1.119235
1.001878
1.044352
1.270538
1.062286
1.062972
1.098704
1.578654
1.206917
1.102679
1.123270
1.032759
1.356350
1.160220
1.088490
1.341849
1.173830
1.090119
1.158270
0.983031
1.123799
1.102811
1.024194
1.185818
1.060086
1.077941
1.094295
1.112483
0.988369
1.019227
1.076792
1.119099
1.186155
1.152172
1.183842
1.014051
1.214981
1.247332
1.315058
1.259709
1.055681
1.147868
1.145047
1.067854
1.019347
1.074692
1.037162
1.018162
1.153001
1.120849
1.052881
1.149434
1.115219
0.986954
1.186572
1.215536
1.293504
1.240964
1.113260
1.027038
0.993996
1.197690
1.080241
1.014198
0.983022
1.155822
1.110813
1.226190
1.131297
1.271011
1.056658
1.035773
1.282059
1.133384
1.071710
1.173124
1.147137
1.143441
1.058810
1.140077
1.023690
1.134645
1.125184
1.086663
1.048207
1.350725
1.122864
1.040784
1.122041
1.152027
1.049807
1.144102
1.087584
1.278885
0.998613
1.019094
1.249565
1.110074
1.030600
1.169152
1.103091
1.100965
1.242786
1.055478
1.061120
1.046794
1.132052
1.014340
1.086884
0.991904
1.063801
1.184204
1.099830
1.128053
1.121377
0.924279
0.977973
1.015117
1.063772
1.075227
1.170858
1.066379
1.092540
1.168358
1.114998
0.997750
1.056445
1.148288
1.082196
1.077648
1.137942
1.045675
0.921825
0.997249
1.042117
1.189046
0.972051
1.092082
1.139436
1.100327
1.256183
1.162681
1.084700
1.095792
1.134644
1.011055
0.862459
1.173333
0.963355
0.995502
1.143794
1.415837
1.055079
1.108420
1.038110
1.057059
1.016954
0.965796
1.184564
1.306554
1.091557
0.954854
1.099472
1.037025
1.151258
1.300281
1.015890
1.202178
1.207433
1.003870
1.207424
1.180943
0.943470
1.054490
1.218218
1.165939
0.977419
1.181413
1.079424
1.221709
1.120439
0.888462
1.042332
1.059089
1.125896
1.210391
1.150740
0.946054
1.118716
1.224613
1.093824
1.101441
1.017441
1.138510
1.225201
1.149076
1.053988
1.148724
1.159461
0.953164
0.981482
1.093310
1.054650
1.134784
1.102808
1.056633
1.085047
1.024411
0.980962
1.120960
1.180247
1.124346
1.021500
1.071770
1.261237
1.260970
1.287749
1.088456
1.073211
1.060390
1.202907
0.895936
0.974137
1.019535
1.087317
1.179923
1.145592
1.104214
1.043950
0.998483
0.983605
1.031174
0.968698
0.954331
0.993308
1.093798
0.964728
1.102232
0.986412
1.227055
1.235023
1.164082
0.971894
1.101598
1.041045
1.069591
1.008595
1.304512
1.051518
1.109375
1.259302
1.023224
1.077815
1.105123
1.066438
1.017741
0.894048
1.062670
1.090193
0.994718
0.911728
1.019029
0.960761
1.041996
1.003287
1.147386
0.960779
1.267053
1.185110
1.029741
1.011820
1.079771
0.863727
1.090446
1.111507
0.970382
1.084001
1.053573
0.955186
0.976726
1.174694
1.051583
1.048109
1.036060
0.992656
0.873497
0.985699
1.369218
1.109218
1.030721
1.072356
0.946868
1.033584
0.855463
0.879264
1.130467
1.022192
0.943044
1.019650
1.036909
1.069531
0.914760
1.117199
1.107966
1.026333
1.087709
1.257674
1.176007
0.892720
1.108257
1.276855
1.041323
0.978020
1.242621
1.016314
0.971674
1.073645
0.934952
0.963253
1.177533
1.154819
0.950385
0.990741
1.095037
0.950687
1.065668
1.056562
1.076674
1.012298
1.095699
0.927478
0.859194
0.993699
1.091447
1.090863
0.962358
1.121272
1.035552
0.934427
1.193591
0.966512
0.949701
0.928456
1.206264
1.111302
1.023286
1.061850
1.125488
0.993605
1.020478
0.963545
1.018692
0.973305
0.882435
1.215773
1.201495
1.072424
1.161206
1.075103
1.118913
0.864038
0.947047
1.035862
1.017084
1.131173
0.998174
1.064297
1.174076
0.930152
1.058180
1.030062
0.988353
1.152790
1.025519
1.012031
0.935498
0.872697
0.970839
1.001808
0.910615
1.086362
0.928123
1.094448
1.007481
1.032508
1.002962
1.073501
0.979070
1.115189
1.065556
1.055002
1.139668
1.155106
1.118551
1.013132
0.858231
1.141426
0.937213
1.077740
1.002051
0.908777
0.888591
1.038444
1.081362
1.023385
1.014223
1.307965
1.066316
0.959901
1.049272
0.951345
1.237577
1.098525
1.225646
1.002821
1.070570
1.127852
1.084701
1.080285
1.134362
0.924421
1.148937
1.046375
1.109105
0.924389
1.059574
1.014879
1.035464
1.025530
1.024290
1.025296
0.963325
1.000234
0.920349
1.148479
0.976877
0.898856
1.188411
1.107112
1.157888
1.109120
0.953427
0.865028
1.012447
1.042986
0.952266
0.972226
1.094515
1.011951
0.976226
0.986570
0.932409
0.974906
0.946887
0.917006
1.029133
1.180298
0.924011
1.040505
0.995624
0.950000
1.210848
1.167947
0.834669
1.132525
0.905857
1.052820
1.103376
1.045963
0.984550
0.916240
1.062132
0.976824
0.790692
0.910597
0.879897
0.913956
1.076603
0.916435
0.935945
0.977256
1.022318
1.099990
0.978135
1.146404
1.069043
1.004813
1.070260
0.930966
1.155630
1.063713
0.969821
0.853207
1.051717
0.894704
0.836371
0.861582
1.125832
1.002786
0.993736
0.852711
0.975658
0.881488
1.268855
0.891742
1.043364
1.125388
0.854485
1.066333
1.068990
0.933373
0.924407
0.956129
1.182503
1.049641
1.016521
0.997368
0.991332
0.820410
1.207716
1.048599
0.911283
1.090930
1.036135
0.967587
1.080898
1.017640
1.077086
1.033671
0.924942
0.846633
1.017915
0.920414
1.099324
1.026929
0.985003
0.894019
0.940090
1.060930
1.003605
1.144330
1.011437
1.071842
0.929881
1.158808
1.080014
1.165765
0.933110
1.014299
0.843446
1.015845
1.039835
1.000683
0.834031
1.012969
1.124745
0.969579
0.982432
1.020047
0.882908
0.961864
1.041076
0.828830
0.916850
1.084084
0.998668
1.277431
0.902608
1.011713
0.936635
1.063275
0.979324
0.923134
0.921082
0.936404
0.946193
0.998915
0.952612
0.908207
1.049662
0.803745
0.981939
1.053021
0.993782
1.048556
0.894188
1.021679
0.961143
0.755538
1.103835
0.966420
0.966407
0.948474
0.964693
0.948658
0.959881
1.016630
1.014266
1.052921
0.790284
0.986934
0.787060
0.823469
0.966370
0.999973
0.894088
0.878273
0.855616
0.854221
1.081946
1.032894
1.193873
1.076151
0.995477
1.102214
0.825452
1.020167
1.014113
0.889212
0.889640
0.890084
1.011240
0.960832
0.869314
0.944917
1.038584
0.889594
1.006736
0.995283
0.837227
1.107363
1.057594
1.079557
0.965434
0.941564
0.959481
1.003124
0.977891
0.928738
1.102298
1.113644
0.984588
0.780249
0.995803
0.875017
0.868306
0.888105
1.072106
1.156932
1.074788
0.967115
0.913528
1.100994
1.171142
1.022446
1.059316
0.972898
0.835491
1.025561
0.904258
0.953839
0.893424
0.983070
0.862391
1.118795
1.035654
1.018150
0.978923
1.023637
1.133497
1.000555
1.023451
0.891448
0.971689
0.812152
0.963347
1.004430
1.017154
1.058494
1.104713
1.025110
1.078156
0.893507
1.080607
0.957740
1.032659
0.912236
1.011863
0.911624
1.022833
0.840594
0.796983
0.872778
0.889379
0.977465
0.839012
0.953520
0.895374
0.864746
1.204048
0.850212
1.053523
1.153863
1.001390
1.134261
1.099477
0.865641
0.982964
0.819055
1.048982
1.062251
0.938440
0.945836
0.948641
0.876869
1.003100
1.014433
0.898714
0.907379
0.898555
1.022762
0.969905
1.084474
1.119070
0.968176
0.968204
1.063228
0.938379
0.822531
0.843360
0.891133
0.810043
1.024397
0.952799
0.961918
0.994752
0.929354
0.946733
0.922130
0.989468
0.854625
1.025479
0.974348
1.037372
0.937703
0.927995
1.009562
0.920974
0.868007
0.934119
1.061219
1.015706
0.904442
0.837433
0.979881
1.096464
0.827544
0.795497
0.903963
1.120885
0.840377
0.997751
0.838585
1.179059
1.183713
0.926037
0.929276
0.966610
0.928102
0.956863
0.878078
1.092825
0.880360
0.943237
0.959476
0.943606
0.914789
1.073157
0.933429
0.970146
0.834396
0.937804
0.926552
0.814782
0.961655
0.929306
0.804272
1.045705
1.009154
0.851830
0.776679
0.866942
0.899538
1.115670
0.891321
0.939357
1.096408
0.886690
1.018860
1.040506
0.805336
0.889113
1.041935
1.016349
0.861248
1.036492
0.894991
0.871157
0.916936
0.843031
0.932206
0.810909
0.783199
0.846042
1.116074
1.041884
0.806080
0.751285
0.850878
0.856170
1.078475
0.974899
1.049778
0.869969
1.115431
0.856407
0.865357
0.808069
0.831086
1.101143
0.817183
0.858868
0.978030
0.895441
0.925179
0.912132
1.062563
1.031658
0.875740
0.924001
1.034895
1.006212
0.909664
0.923944
0.886189
0.922782
0.903617
1.029652
0.988894
0.930440
0.888099
1.081087
0.960843
0.863538
0.853685
0.767070
0.813876
0.970578
0.878729
0.988793
1.078238
0.938667
0.831083
0.869935
0.992867
0.928982
0.824151
0.831740
1.020542
1.008711
0.796932
0.949872
0.911019
0.970445
0.790498
0.951131
0.809133
0.741533
1.036820
1.127553
0.968671
0.886832
0.961847
0.819586
0.794978
0.978392
0.919599
1.045868
0.807514
0.938475
0.753355
1.027793
0.950479
0.906546
0.926786
1.028384
0.945306
0.967472
0.943686
0.878528
1.070907
0.941608
0.944243
0.912316
0.864317
0.909968
0.860421
0.804594
0.872374
0.828902
0.871491
1.094169
0.768441
1.042911
1.043080
0.880932
1.008619
0.925208
0.795720
0.901542
0.996779
1.050752
0.959836
1.073476
0.995433
0.893728
0.726815
0.855706
0.797909
0.871753
1.026398
0.917228
0.775162
0.930336
1.010474
0.823555
0.759560
0.918915
0.870458
0.924058
0.832213
0.884268
0.918141
0.859605
0.919943
0.786585
0.916220
0.995165
1.022821
0.921931
0.904334
0.942908
0.820546
0.915877
0.764545
0.745757
1.108438
1.067054
0.967642
0.822933
0.921887
1.022193
0.857649
0.838498
1.046943
1.014072
0.941404
1.055322
0.869499
0.792282
1.025777
1.023981
0.942786
1.042210
0.865288
0.816154
0.818194
0.887395
0.916856
1.016877
0.900003
1.011064
0.972346
0.990393
1.014802
0.812923
0.859985
0.947098
0.889630
0.873504
0.828360
0.871771
0.831326
0.825669
1.120193
0.910011
0.904357
0.818783
0.909998
0.806719
0.932811
1.069625
0.960858
0.883006
1.194916
0.921668
0.809536
0.828097
1.000531
0.865730
0.961370
0.893012
0.893231
0.938966
0.810294
0.891438
0.875799
0.967809
0.897012
0.926349
0.806517
0.886084
0.836757
0.814445
0.964193
0.966642
1.064924
0.923089
0.953131
0.939099
0.824946
1.014997
0.918965
0.872903
0.868143
0.906125
0.896724
0.886950
1.052330
1.058059
0.814655
0.982976
0.842468
1.033795
0.883007
0.820788
0.752452
0.822903
0.970184
1.062682
0.940344
0.871253
0.903393
0.827096
0.883747
0.874803
0.848195
1.098121
1.079457
0.928410
0.700877
0.997824
1.059484
0.987864
0.982427
0.952286
0.778002
0.931366
0.978966
0.892811
0.921669
0.795979
0.918825
1.040464
0.896721
0.863054
0.840399
0.796545
1.166018
1.005597
0.852609
0.943300
0.825605
0.940932
1.016203
0.973475
0.959105
0.813501
0.817597
1.009507
0.905267
0.928815
1.089963
1.058632
0.829563
0.911485
0.872741
0.871393
0.763569
0.887118
0.931308
0.801617
0.896296
0.980618
1.030120
0.941829
0.875040
0.658935
0.871503
0.808383
0.875447
0.733491
0.996698
0.824301
0.814584
1.006597
1.193609
0.933433
0.877864
0.967117
1.011392
0.850725
0.839130
0.815496
0.708517
0.740584
0.916078
0.809316
0.884219
0.737297
0.882104
0.792101
0.831474
0.917993
0.887724
0.871284
0.967131
1.130311
0.921681
0.885855
0.760156
0.944253
0.946175
0.954508
0.821445
0.942702
0.913629
0.762589
0.802389
0.684955
0.921307
0.975315
0.831910
0.857070
1.018540
0.837724
0.952320
0.854900
1.103757
0.989383
0.845758
0.922052
0.953703
0.884436
0.756016
0.803707
0.834337
0.855116
0.831560
0.709482
0.749663
0.913098
1.039433
0.847985
0.948519
0.767009
0.816171
0.939046
0.895802
0.893320
1.019157
0.804147
0.862359
0.994641
0.843053
0.783266
0.986722
0.928089
0.877702
0.837554
0.706294
0.910610
0.667846
0.872059
0.841228
0.908913
0.892056
0.813622
0.919174
0.946667
0.794016
0.858876
0.803151
0.939948
0.881689
1.054530
0.971966
0.869274
0.869731
0.882459
0.925849
0.792738
0.865867
0.834511
0.810577
0.836868
0.895012
1.059168
0.915156
0.820583
0.798684
0.861558
0.807878
0.720330
0.886106
0.801213
0.737063
0.904185
0.890129
0.757473
0.864351
0.851076
0.766197
0.777331
0.732286
0.813963
0.729231
0.840236
0.870658
0.913244
0.811058
0.910101
0.977380
1.009441
1.023977
0.806871
0.868672
0.847905
0.991244
0.827772
0.766307
0.756519
0.803086
0.990550
0.708568
0.844056
0.672976
0.852348
0.647984
0.787145
0.854207
0.920571
0.715975
0.950937
0.830322
0.944611
0.788277
0.907528
0.822533
0.937399
0.935354
0.707991
0.873275
0.895945
0.819059
0.722317
0.790553
0.904076
0.800011
0.976844
0.772703
0.896377
0.807196
0.775657
0.895454
1.004193
0.882593
0.828087
0.734201
0.928176
0.926510
0.773257
0.926616
0.788312
0.848900
0.880175
0.922018
0.809168
0.840945
0.876022
0.766871
0.732937
0.774772
0.997718
0.930119
1.019572
0.820325
0.896895
0.920987
0.868375
0.857893
0.762332
0.973666
0.868042
0.844016
0.828152
0.868280
0.749138
1.003779
0.770829
0.786042
0.888193
0.852552
1.018060
0.823002
0.836459
0.820576
0.631276
0.815140
0.752561
0.728427
0.919043
0.819683
0.887232
0.858546
0.806002
0.809186
0.728199
0.819666
0.839648
0.833066
0.746712
0.790518
0.837569
0.753428
0.783880
0.831439
0.828283
0.848464
0.918222
0.736425
0.818261
1.009524
0.813257
0.868220
0.868957
0.855034
0.874293
0.927106
0.798186
0.815873
0.872769
0.834471
0.942845
0.873548
0.951971
0.732575
0.969459
0.856963
0.801881
0.915860
0.975472
0.737316
0.815069
0.732429
0.907459
0.898759
0.872453
0.818709
0.827678
0.890345
0.756341
0.899800
0.776300
0.877795
0.898943
0.878243
1.117035
0.864037
0.724210
0.740434
1.130738
1.089878
0.783326
1.000612
0.868444
0.819835
0.795948
0.759797
0.966167
0.757078
0.847801
0.910771
0.732974
0.978885
0.766833
0.834935
0.763333
1.017347
0.874548
1.003980
0.882428
0.856020
0.950241
0.639567
0.856263
0.745289
0.774319
0.875102
0.892045
0.714543
0.853133
0.883463
0.896332
0.747819
0.767365
0.878314
0.625217
0.685220
0.680165
0.758655
0.821680
0.891629
0.764856
0.917908
0.855881
0.681071
0.874412
0.827001
0.878147
0.764324
0.854786
0.858024
0.865352
0.729254
0.749932
0.921882
0.848495
0.784150
0.904497
0.929061
0.819825
0.951109
0.794495
0.764168
0.810412
0.966850
1.140891
0.875672
0.696345
0.943561
0.893732
0.894691
0.882477
0.793854
0.856168
0.810250
0.841677
0.973879
0.839206
0.759260
0.940959
0.898650
0.873414
0.793044
0.798368
0.778857
0.852296
0.726722
0.765627
0.804704
0.721077
0.983936
0.750902
0.801784
0.964277
0.884212
0.819710
0.630885
0.777159
0.779012
0.766238
0.738228
0.708877
0.628815
0.899515
0.856096
0.863326
0.678880
0.763477
0.709650
0.782115
0.865856
0.806792
0.667730
0.703178
0.797247
0.812307
0.948859
0.949342
0.798275
0.885006
0.896801
0.833869
0.798605
0.916438
0.887015
0.689619
0.841715
0.840479
0.827468
0.730136
0.747844
0.770025
0.854650
0.726530
0.891971
0.622913
0.803343
0.841465
0.985020
0.720150
0.922100
0.829412
0.840842
0.840131
0.753476
0.705934
0.768884
0.650043
0.696367
0.717409
0.765921
0.758830
0.827412
0.890319
0.814749
0.822604
0.869987
0.815327
0.916346
0.740474
0.860087
0.829762
0.583288
0.765728
0.936946
0.720452
0.931526
0.839920
0.708381
0.795704
0.885042
0.828797
0.823127
0.729787
0.861440
0.767375
0.781775
0.769839
0.705629
0.857673
0.762009
0.804793
0.850200
0.758681
0.844871
0.835355
0.843663
0.728292
0.870766
0.946406
0.756682
0.838966
0.842981
0.842609
0.723268
0.812114
0.780267
0.825585
0.725537
0.858629
0.764800
0.973674
0.939483
0.843991
0.859893
0.837730
0.851888
0.851144
0.766208
0.888333
0.857225
0.803389
0.917802
0.905113
0.744701
0.901264
0.783075
0.891012
0.679840
0.761798
0.909181
0.843594
0.674402
0.826855
0.754717
0.952334
0.964865
0.790585
0.871705
0.740134
0.705446
0.773535
0.823920
0.833454
0.784003
0.769713
0.679482
0.683223
0.786076
0.746854
0.798977
0.744967
0.800209
0.768314
0.848703
1.010286
0.780019
0.763680
0.707777
0.823576
0.829849
0.829866
0.736421
0.739635
0.684576
0.655667
0.718837
0.937053
0.733259
0.933247
0.728997
0.777013
0.772841
0.659933
0.820217
0.802572
0.750193
0.808893
0.879041
0.740244
1.019838
0.840792
0.882579
0.734547
0.974983
0.781803
0.712244
0.922351
0.822881
0.853205
0.850522
0.800961
0.861841
0.903330
0.883146
0.850413
0.788480
0.711836
0.869778
1.008913
0.703604
0.834397
0.757339
0.810901
0.969866
0.796391
0.743814
0.850583
0.785538
0.636058
0.923750
0.868348
0.840956
0.689673
0.808176
0.818717
0.801354
0.721684
0.730526
0.808773
0.778722
0.799801
0.969689
0.682232
0.907762
0.759794
0.727494
0.861710
0.732534
0.776066
0.717475
0.709551
0.780137
0.674037
0.764641
0.756334
0.988535
0.804999
0.809774
0.869054
0.861547
0.708287
0.793030
0.926356
0.792679
0.766481
0.815797
0.724399
0.795015
0.689747
0.683376
0.760663
0.890748
0.846047
0.832439
0.852535
0.858248
0.711558
0.710012
0.838769
0.713222
0.798813
0.791367
0.716576
0.719274
0.792869
0.778625
0.717645
0.821786
0.720780
0.904866
0.787621
0.794492
0.918517
0.984143
0.771833
0.836174
0.892856
0.820344
0.842933
0.764124
0.860491
0.778912
0.765507
0.767944
0.760094
0.797425
0.776991
0.759148
0.739326
0.653607
0.839465
0.904121
0.791948
0.731097
0.678215
0.942972
0.809438
0.757160
0.789904
0.770217
0.777293
0.833523
0.784098
0.686357
0.973748
1.052237
0.741765
0.932871
0.723681
0.873678
0.706856
0.790128
0.659197
0.760068
0.743115
0.798456
0.695465
0.810383
0.690373
0.778927
0.829810
0.905011
0.736582
0.727349
0.721928
0.923509
0.701663
0.762155
0.932397
0.708380
0.792160
0.758881
0.791933
0.783729
0.746068
0.745410
0.817800
0.779334
0.686464
0.796581
0.785944
0.890716
0.915258
0.852764
0.751055
0.864229
0.806572
0.791187
0.790669
0.786040
0.841677
0.863551
0.685891
0.711541
0.795427
0.849068
0.663905
0.671230
0.879564
0.743379
0.735615
0.876569
0.724254
0.712497
0.888845
0.801819
0.833642
0.943207
0.592322
0.811847
0.801123
0.728204
0.651389
0.811502
0.776021
0.847282
0.804025
0.766899
0.711097
0.753159
0.782784
0.744870
0.982755
0.806978
0.827154
0.694665
0.698962
0.730479
0.711210
0.805673
0.713281
0.608703
0.676664
0.849869
0.875157
0.823865
0.649728
0.781258
0.749344
0.731658
0.818548
0.781463
0.888780
0.825556
0.879845
0.830824
0.738486
0.739881
0.751491
0.705943
0.760334
0.739100
0.961645
0.751349
0.714229
0.828586
0.731814
0.696687
0.708195
0.739238
0.732318
0.883335
0.760278
0.850415
0.862261
0.813948
0.791931
0.869714
0.790759
0.701845
0.729228
0.873887
0.711442
0.736795
0.890965
0.789874
0.858478
0.874017
0.763544
0.662959
0.755664
0.629986
0.700096
0.953977
0.863103
0.852861
0.871316
0.690766
0.756793
0.787590
0.716263
0.863589
0.912355
0.630693
0.858427
0.847527
0.724045
0.905127
0.810929
0.968531
0.690390
0.792483
0.648205
0.670330
0.678768
0.795355
0.712503
0.756298
0.809685
0.912466
0.758813
0.796344
0.621649
0.649301
0.771213
0.928164
0.818556
0.622066
0.727190
0.797512
0.804743
0.732171
0.755662
0.765637
0.641378
0.658004
0.879300
0.786667
0.687851
0.794560
0.612948
0.634894
0.756315
0.680194
0.665317
0.924270
0.923802
0.879117
0.757255
0.691342
0.696093
0.806524
0.664692
0.748461
0.974791
0.787299
0.786948
0.846170
0.733641
0.586484
0.701095
0.746911
0.702930
0.706829
0.672320
0.830532
0.863488
0.819478
0.702613
0.870780
0.796779
0.927230
0.837766
0.932667
0.782514
0.883349
0.882070
0.756298
0.678428
0.622342
0.635243
0.753947
0.648107
0.640051
0.589542
0.696389
0.713516
0.770109
0.695253
0.843009
0.600016
0.665628
0.768019
0.650594
0.770597
0.816743
0.914339
0.844466
0.885018
0.706072
0.699761
0.831263
0.674791
0.702023
0.724418
0.689386
0.797959
0.703361
0.788320
0.796678
0.745674
0.746495
0.810487
0.807972
0.713930
0.751649
0.824494
0.723877
0.704799
0.762289
0.799313
0.733463
0.823122
0.949880
0.886646
0.805329
0.818576
0.742613
0.713027
0.753266
0.774213
0.716414
0.729496
0.833423
0.707420
0.765981
0.789196
0.608134
0.680271
0.861353
0.741152
0.693251
0.632328
0.839723
0.765749
0.742967
0.677994
0.852051
0.745579
0.777502
0.706406
0.782841
0.714421
0.633196
0.720599
0.632679
0.878932
0.678734
0.669058
0.675384
0.755134
0.713820
0.755323
0.688826
0.698023
0.699120
0.851330
0.740466
0.931136
0.694817
0.621637
0.680678
0.836698
0.719684
0.768494
0.654201
0.776213
0.706524
0.750707
0.836480
0.776464
0.773550
0.759428
0.773327
0.710313
0.859002
0.842894
0.765340
0.800839
0.741023
0.714158
0.888012
0.767517
0.844450
0.854611
0.721586
0.779772
0.886101
0.809201
0.836175
0.774858
0.615418
0.781875
0.627265
0.655911
0.754560
0.796595
0.628198
0.777984
0.762056
0.637885
0.818395
0.710427
0.626849
0.867699
0.568143
0.653394
0.732938
0.745662
0.839091
0.750747
0.786220
0.858413
0.852536
0.603321
0.686809
0.750561
0.668414
0.810787
0.991885
0.747707
0.639313
0.782222
0.715841
0.559966
0.799164
0.742216
0.774364
0.602232
0.776763
0.731874
0.764368
0.675533
0.704151
0.839689
0.623900
0.798768
0.623585
0.662587
0.686552
0.698186
0.765236
0.573366
0.729062
0.707991
0.700779
0.826071
0.856798
0.705515
0.638289
0.659859
0.796896
0.654323
0.757845
0.649803
0.829615
0.692401
0.810673
0.866341
0.745389
0.669169
0.645786
0.609028
0.633607
0.814667
0.708875
0.985263
0.742069
0.920784
0.832474
0.665187
0.664094
0.843457
0.689362
0.692036
0.679429
0.676990
0.707283
0.776354
0.684454
0.625782
0.770720
0.661769
0.814304
0.638262
0.860219
0.776469
0.783963
0.583788
0.802276
0.672501
0.650083
0.721996
0.744025
0.705703
0.638707
0.633030
0.825117
0.730544
0.681095
0.849987
0.857120
0.845226
0.644891
0.769038
0.697531
0.779994
0.752958
0.693233
0.763623
0.725183
0.697195
0.739201
0.699312
0.612093
0.769682
0.593681
0.732344
0.796166
0.694847
0.721304
0.581352
0.721742
0.849628
0.623074
0.628191
0.737087
0.764454
0.757907
0.850339
0.576231
0.701897
0.726060
0.702444
0.792774
0.842871
0.585419
0.728909
0.732297
0.649038
0.639422
0.675989
0.736134
0.815932
0.674956
0.702081
0.716943
0.779266
0.747926
0.729390
0.753599
0.740969
0.699969
0.721867
0.739004
0.644660
0.774086
0.676970
0.729802
0.719721
0.648878
0.672964
0.703366
0.725352
0.650640
0.616459
0.741671
0.729549
0.629796
0.691837
0.666505
0.610219
0.607242
0.630834
0.705723
0.668194
0.580111
0.619679
0.850681
0.733520
0.780143
0.713839
0.765623
0.764616
0.702908
0.655355
0.688759
0.635734
0.799901
0.755826
0.705705
0.751833
0.693432
0.844137
0.724723
0.726901
0.625814
0.751726
0.688234
0.697586
0.676739
0.668700
0.789789
0.662034
0.778784
0.716298
0.630546
0.846297
0.684621
0.583902
0.691791
0.779290
0.735129
0.771357
0.555268
0.683395
0.765882
0.614043
0.696028
0.760657
0.807825
0.600412
0.731949
0.668487
0.778947
0.672836
0.810685
0.684783
0.796487
0.783871
0.671144
0.767910
0.774477
0.843491
0.709556
0.611806
0.645973
0.669414
0.724607
0.695117
0.663637
0.803467
0.792251
0.799018
0.698798
0.670969
0.637307
0.597326
0.795686
0.701729
0.589193
0.832294
0.761421
0.499051
0.653549
0.659870
0.720131
0.693645
0.649185
0.790469
0.878424
0.659439
0.667108
0.597775
0.612778
0.729855
0.697433
0.697065
0.700303
0.639870
0.542339
0.739478
0.719566
0.735668
0.637801
0.728257
0.691503
0.784466
0.684442
0.740378
0.781490
0.707388
0.651380
0.743969
0.672011
0.908709
0.567124
0.663328
0.715707
0.811565
0.873448
0.779687
0.690878
0.633120
0.739061
0.832073
0.763011
0.680201
0.679281
0.742374
0.654894
0.694074
0.734039
0.631245
0.626267
0.631124
0.746666
0.603316
0.801732
0.722181
0.652977
0.710982
0.753628
0.823853
0.621883
0.691945
0.647899
0.596882
0.693258
0.798329
0.674490
0.709642
0.798159
0.676922
0.714904
0.779183
0.717063
0.689142
0.631923
0.689610
0.647227
0.822534
0.794067
0.591708
0.806284
0.746989
0.694767
0.732387
0.823524
0.654399
0.632181
0.751022
0.839949
0.693364
0.688491
0.828354
0.719725
0.875696
0.720274
0.729661
0.707194
0.826470
0.688360
0.686727
0.652296
0.683524
0.654934
0.631867
0.699406
0.697220
0.763597
0.790452
0.696521
0.792781
0.823726
0.823231
0.695797
0.715497
0.688118
0.562762
0.676107
0.606808
0.748614
0.608024
0.666821
0.796233
0.967505
0.742738
0.794166
0.811048
0.708390
0.647806
0.681935
0.707088
0.724576
0.617844
0.811130
0.653709
0.648353
0.651038
0.798951
0.669232
0.748751
0.743213
0.605413
0.637643
0.723943
0.668073
0.768600
0.727055
0.595616
0.652874
0.631676
0.635950
0.700557
0.715248
0.626940
0.553205
0.774771
0.744366
0.617412
0.534467
0.753224
0.686713
0.686805
0.677765
0.867014
0.630968
0.626211
0.638235
0.634179
0.611394
0.670935
0.736524
0.764660
0.772101
0.670173
0.585072
0.776921
0.534475
0.711074
0.739991
0.649994
0.645669
0.745638
0.771053
0.653293
0.567433
0.552069
0.845388
0.681846
0.681300
0.748712
0.762176
0.775196
0.606241
0.672094
0.721863
0.682008
0.710031
0.649075
0.709052
0.638108
0.593954
0.581141
0.757336
0.662170
0.802850
0.873539
0.694969
0.708246
0.711502
0.549541
0.686938
0.755521
0.637619
0.548093
0.726760
0.743514
0.622034
0.640948
0.647418
0.636889
0.684674
0.730460
0.737050
0.645891
0.899474
0.746163
0.666171
0.460177
0.666119
0.674898
0.606230
0.719989
0.843174
0.597989
0.592084
0.788452
0.621187
0.587439
0.751908
0.744275
0.671906
0.949134
0.662376
0.755934
0.793809
0.743707
0.705905
0.684901
0.706920
0.705245
0.572529
0.609992
0.665354
0.801404
0.681635
0.762437
0.613308
0.614220
0.670453
0.779628
0.687786
0.573462
0.684043
0.657595
0.706328
0.723345
0.719669
0.631774
0.695437
0.648081
0.719224
0.649253
0.527009
0.652935
0.637179
0.772826
0.752793
0.821243
0.799124
0.658584
0.669797
0.536950
0.691376
0.836081
0.711744
0.693614
0.549147
0.784832
0.707554
0.733512
0.557226
0.658150
0.650187
0.557166
0.735909
0.713253
0.676915
0.583804
0.711877
0.737468
0.700762
0.669792
0.572017
0.663338
0.706001
0.670527
0.698246
0.692786
0.582501
0.577203
0.573528
0.724993
0.760181
0.678995
0.768953
0.731988
0.633739
0.608109
0.638364
0.653072
0.570362
0.648727
0.672485
0.695651
0.805518
0.653445
0.744446
0.541351
0.785620
0.676160
0.685684
0.649461
0.568646
0.567850
0.817290
0.797607
0.598633
0.717272
0.575285
0.744839
0.680895
0.640108
0.671363
0.626138
0.613511
0.605522
0.565655
0.767352
0.697778
0.651181
0.677637
0.743179
0.724014
0.670475
0.616090
0.589700
0.622657
0.753330
0.758249
0.671486
0.562875
0.662753
0.737313
0.723395
0.713278
0.670191
0.733068
0.623815
0.775985
0.766159
0.687856
0.729266
0.660431
0.691690
0.673551
0.761215
0.714201
0.613498
0.651415
0.645999
0.682912
0.664979
0.658081
0.664430
0.582389
0.696271
0.641468
0.818628
0.773611
0.707854
0.654799
0.656016
0.598075
0.595724
0.611393
0.585212
0.701077
0.564938
0.700979
0.783989
0.712646
0.744698
0.712242
0.815508
0.669031
0.644461
0.743367
0.723332
0.597327
0.658755
0.710509
0.784351
0.688706
0.575706
0.629224
0.691262
0.684969
0.646049
0.741862
0.704303
0.658204
0.665427
0.566182
0.719928
0.672021
0.785992
0.557732
0.769615
1.023876
0.750171
0.669073
0.695868
0.755014
0.646596
0.617050
0.722650
0.590998
0.667331
0.817435
0.843630
0.749148
0.540300
0.678826
0.655511
0.666739
0.662450
0.617584
0.568580
0.681859
0.579401
0.596440
0.748892
0.651282
0.618206
0.759189
0.754982
0.501103
0.789200
0.676478
0.716545
0.789175
0.914460
0.718513
0.715723
0.643035
0.635778
0.564562
0.670876
0.742704
0.619992
0.612719
0.747960
0.623354
0.623781
0.651518
0.608530
0.588547
0.684365
0.599172
0.749635
0.601341
0.754215
0.623989
0.741491
0.728107
0.657660
0.847754
0.713278
0.582462
0.622395
0.587223
0.814873
0.610586
0.604550
0.565605
0.751693
0.899546
0.600463
0.709676
0.596258
0.618829
0.880987
0.589798
0.547681
0.653014
0.904193
0.674258
0.663821
0.639968
0.592542
0.654913
0.635580
0.655470
0.670087
0.662101
0.641028
0.698746
0.575847
0.736973
0.685723
0.697502
0.799639
0.667859
0.507616
0.669174
0.655616
0.712823
0.683803
0.641400
0.566644
0.706452
0.792992
0.663933
0.565728
0.764073
0.617989
0.696938
0.494554
0.680030
0.676410
0.788054
0.710069
0.646479
0.664010
0.541955
0.639818
0.654346
0.554617
0.747365
0.615723
0.730712
0.567832
0.746772
0.608691
0.612684
0.712449
0.727037
0.665024
0.584012
0.656759
0.686224
0.640693
0.674266
0.735619
0.594797
0.583083
0.682487
0.647552
0.611943
0.601941
0.636156
0.562470
0.701869
0.621582
0.609794
0.708615
0.631644
0.617235
0.585694
0.546189
0.670923
0.727437
0.777854
0.573001
0.603730
0.562579
0.463199
0.625921
0.634685
0.600325
0.657735
0.616360
0.507876
0.624588
0.582209
0.594435
0.718473
0.664261
0.596760
0.694273
0.702682
0.526396
0.754702
0.801246
0.617167
0.553273
0.623446
0.666744
0.696947
0.755685
0.555497
0.573922
0.640506
0.651496
0.619344
0.588963
0.695267
0.669518
0.681733
0.618903
0.499701
0.583831
0.761272
0.667646
0.494634
0.621015
0.677677
0.659113
0.608112
0.622676
0.786083
0.664976
0.679414
0.609739
0.641019
0.675856
0.559711
0.589136
0.600492
0.530621
0.600532
0.535592
0.653174
0.526689
0.720513
0.747853
0.505517
0.556038
0.598996
0.668501
0.630969
0.661485
0.868209
0.694507
0.530279
0.650776
0.620194
0.685703
0.806478
0.704032
0.644684
0.642721
0.635662
0.556268
0.533656
0.730355
0.653354
0.537070
0.677301
0.684842
0.664203
0.684940
0.667466
0.728230
0.671702
0.658918
0.738667
0.621890
0.632970
0.669957
0.597765
0.617638
0.711130
0.581935
0.757678
0.557292
0.594192
0.604666
0.601680
0.607045
0.598278
0.622084
0.443393
0.666787
0.543272
0.717348
0.675806
0.602750
0.626085
0.643428
0.639631
0.676547
0.671221
0.671530
0.625343
0.522095
0.782486
0.613669
0.608563
0.725585
0.610947
0.773278
0.620770
0.696738
0.569342
0.588547
0.671264
0.671605
0.701932
0.635598
0.645447
0.705458
0.661107
0.604981
0.607569
0.600687
0.588852
0.677639
0.623423
0.683306
0.780149
0.471104
0.712539
0.707737
0.696297
0.712089
0.535206
0.601986
0.888358
0.630028
0.583714
0.559046
0.598207
0.604515
0.682453
0.640404
0.569100
0.597436
0.608788
0.573095
0.756264
0.580922
0.525975
0.617195
0.620613
0.637114
0.527728
0.667081
0.681666
0.520997
0.647586
0.643701
0.660280
0.546072
0.845741
0.637125
0.663475
0.629112
0.665107
0.688946
0.590731
0.625420
0.680127
0.598335
0.518979
0.714039
0.615470
0.746886
0.638194
0.675797
0.616103
0.521376
0.761538
0.618213
0.604595
0.684138
0.557852
0.618619
0.689871
0.845215
0.717655
0.585307
0.592530
0.594368
0.569629
0.672902
0.582987
0.567880
0.572826
0.537789
0.537640
0.699472
0.663691
0.658467
0.608604
0.622434
0.666160
0.735680
0.712207
0.718583
0.634944
0.641632
0.518977
0.547016
0.705861
0.730155
0.584589
0.731235
0.510383
0.499525
0.685422
0.783622
0.729317
0.654562
0.719145
0.536037
0.568115
0.576572
0.802554
0.549820
0.821473
0.773638
0.593931
0.616611
0.602896
0.705046
0.516072
0.636916
0.571147
0.700341
0.709288
0.568248
0.680847
0.496385
0.630550
0.551959
0.630985
0.575380
0.590271
0.597780
0.758776
0.495890
0.558128
0.544061
0.633760
0.494276
0.629365
0.498896
0.664409
0.589410
0.659643
0.609650
0.517713
0.507070
0.669960
0.586946
0.669621
0.546487
0.656080
0.658877
0.630396
0.503233
0.545257
0.543040
0.641540
0.592014
0.608720
0.685583
0.697599
0.571072
0.621439
0.492577
0.506601
0.484596
0.505933
0.516367
0.715989
0.548905
0.516917
0.580341
0.730013
0.748923
0.601576
0.686623
0.707301
0.609542
0.652643
0.611181
0.628823
0.534508
0.670268
0.668130
0.672046
0.686263
0.674045
0.606455
0.678179
0.633996
0.592595
0.611082
0.605421
0.577264
0.640251
0.578914
0.551862
0.592595
0.575583
0.549568
0.644882
0.604252
0.663910
0.627572
0.533935
0.735456
0.713711
0.682849
0.731330
0.675884
0.470587
0.723855
0.611606
0.598926
0.497683
0.601225
0.566996
0.503919
0.602390
0.618196
0.693694
0.584600
0.683145
0.584055
0.609881
0.575796
0.571616
0.645393
0.588959
0.660975
0.615455
0.590026
0.717987
0.562948
0.722574
0.555460
0.453862
0.563199
0.619172
0.479146
0.629132
0.536129
0.569724
0.751105
0.691562
0.613536
0.522942
0.640324
0.533855
0.558740
0.640838
0.591384
0.582796
0.515778
0.802508
0.487351
0.635620
0.594377
0.573166
0.651698
0.681049
0.716144
0.646779
0.596738
0.477090
0.507101
0.589400
0.526344
0.675294
0.472561
0.689503
0.621638
0.541840
0.581337
0.719125
0.563881
0.630457
0.586169
0.567656
0.595508
0.624198
0.552156
0.490024
0.581921
0.584731
0.679676
0.539499
0.708525
0.664823
0.536446
0.633145
0.526568
0.749251
0.641040
0.747122
0.543387
0.647502
0.695577
0.660766
0.612993
0.747675
0.576769
0.730946
0.571904
0.786727
0.607002
0.510228
0.516356
0.617341
0.606069
0.600016
0.601092
0.640910
0.538764
0.572904
0.574104
0.676693
0.726005
0.709278
0.614924
0.816281
0.543117
0.746618
0.678897
0.621797
0.672671
0.668657
0.503104
0.579850
0.584407
0.632390
0.643979
0.674473
0.549013
0.547200
0.548704
0.601855
0.677327
0.546861
0.495755
0.565747
0.578636
0.527741
0.566866
0.576766
0.507196
0.537920
0.597443
0.530393
0.596648
0.575467
0.723327
0.570832
0.528214
0.791120
0.707427
0.585212
0.590297
0.591010
0.646709
0.632028
0.652829
0.586983
0.601648
0.608133
0.501429
0.545683
0.519215
0.609011
0.561609
0.547114
0.543666
0.655852
0.702981
0.673825
0.579569
0.543030
0.716790
0.710710
0.526969
0.603629
0.542927
0.522382
0.586796
0.648304
0.672582
0.550944
0.497718
0.576718
0.704661
0.520160
0.581154
0.601628
0.494191
0.674872
0.652871
0.621822
0.706510
0.576257
0.555298
0.514227
0.623174
0.575615
0.658099
0.636258
0.598983
0.594689
0.647620
0.485543
0.503126
0.713522
0.691899
0.571870
0.524891
0.742918
0.592310
0.654491
0.728136
0.804990
0.581210
0.568648
0.748279
0.744009
0.572996
0.625585
0.743385
0.613315
0.606876
0.634889
0.622977
0.507163
0.634503
0.675856
0.556226
0.745392
0.578899
0.510808
0.623360
0.716958
0.601980
0.660517
0.554718
0.571828
0.560902
0.616513
0.609297
0.525337
0.655475
0.669012
0.654952
0.498764
0.552394
0.623881
0.581678
0.533383
0.592863
0.536990
0.562504
0.795707
0.684843
0.665345
0.635899
0.571532
0.640356
0.610828
0.561512
0.628976
0.544153
0.734650
0.590297
0.528250
0.591781
0.573003
0.754343
0.664045
0.678758
0.551364
0.565170
0.591775
0.558387
0.437407
0.507732
0.524232
0.592016
0.669145
0.554289
0.551035
0.494834
0.556189
0.493948
0.556615
0.598190
0.582528
0.610201
0.586291
0.622003
0.557818
0.637737
0.461088
0.632402
0.673937
0.605613
0.555604
0.542176
0.680040
0.704707
0.646965
0.555218
0.615635
0.647159
0.550879
0.467761
0.418768
0.543600
0.569331
0.530310
0.634544
0.638425
0.551231
0.662840
0.601120
0.572851
0.541949
0.558241
0.552604
0.544510
0.720573
0.502209
0.568611
0.569242
0.490306
0.485505
0.491024
0.511166
0.555744
0.572495
0.636191
0.699678
0.695461
0.603330
0.592706
0.652814
0.581253
0.658329
0.668824
0.526489
0.484800
0.623352
0.535234
0.590030
0.593841
0.558643
0.597244
0.576981
0.613584
0.605318
0.578918
0.572543
0.492897
0.617395
0.517959
0.561418
0.595051
0.569845
0.551775
0.505612
0.604345
0.593473
0.523536
0.608796
0.549485
0.560895
0.622727
0.661449
0.444874
0.476328
0.553952
0.637483
0.534047
0.516815
0.680933
0.516762
0.506122
0.479549
0.686275
0.586529
0.447897
0.460123
0.605070
0.506380
0.558196
0.587621
0.543285
0.542303
0.505547
0.666232
0.540830
0.514493
0.603741
0.509543
0.549101
0.560140
0.553872
0.620735
0.684358
0.609538
0.629515
0.531587
0.623129
0.783326
0.574146
0.499058
0.785964
0.604983
0.499514
0.479298
0.507172
0.544718
0.595409
0.683740
0.695529
0.597876
0.629553
0.564504
0.521050
0.546073
0.609187
0.522929
0.493733
0.637790
0.547193
0.666183
0.626397
0.673619
0.510222
0.620950
0.558974
0.529604
0.665114
0.626998
0.540067
0.672385
0.509094
0.624716
0.512343
0.585881
0.583464
0.569913
0.530267
0.470095
0.466802
0.665201
0.656177
0.630101
0.572742
0.697841
0.700770
0.571153
0.565171
0.665388
0.608118
0.585294
0.545890
0.515676
0.556120
0.565807
0.540695
0.711898
0.586874
0.590404
0.514006
0.501268
0.485632
0.565359
0.497864
0.503418
0.499766
0.601278
0.589078
0.562171
0.551464
0.585148
0.526509
0.581801
0.591754
0.496908
0.510050
0.488635
0.599044
0.702730
0.707976
0.592497
0.653064
0.600415
0.476630
0.581736
0.491037
0.726836
0.569693
0.487060
0.480827
0.540837
0.558673
0.690526
0.668411
0.552264
0.557636
0.623731
0.457689
0.588284
0.594695
0.534664
0.653056
0.548622
0.566431
0.745183
0.678076
0.579898
0.513771
0.608964
0.601365
0.575876
0.573751
0.548293
0.566930
0.716846
0.664817
0.518836
0.610735
0.601731
0.588259
0.514367
0.522157
0.696972
0.514841
0.562921
0.584346
0.585325
0.461011
0.767231
0.600645
0.552389
0.490668
0.682601
0.622133
0.601283
0.626567
0.581003
0.514367
0.598050
0.555070
0.544198
0.577108
0.514536
0.622049
0.597656
0.478605
0.578628
0.649781
0.640249
0.639586
0.530236
0.583738
0.619735
0.589134
0.589861
0.636809
0.516675
0.662479
0.604525
0.581928
0.697068
0.678409
0.457477
0.582580
0.527597
0.499164
0.536588
0.617190
0.613175
0.660083
0.517243
0.497673
0.581274
0.564797
0.542098
0.518025
0.597993
0.564586
0.701637
0.634430
0.521038
0.650538
0.629534
0.600764
0.654076
0.660302
0.536384
0.492365
0.485946
0.617801
0.604361
0.611863
0.641557
0.570202
0.588379
0.514253
0.602751
0.686045
0.532320
0.523724
0.603347
0.692599
0.548625
0.490607
0.444101
0.441402
0.507870
0.469637
0.407421
0.447451
0.518496
0.640671
0.597324
0.651682
0.604828
0.536867
0.514820
0.614689
0.547335
0.534005
0.475049
0.505238
0.487304
0.535952
0.520867
0.594837
0.636006
0.566640
0.545398
0.494993
0.548957
0.606034
0.641341
0.494765
0.479256
0.495961
0.530746
0.496638
0.624470
0.519397
0.738177
0.598508
0.573861
0.559261
0.563586
0.591090
0.570943
0.560501
0.509166
0.567939
0.617844
0.629031
0.595014
0.638276
0.438986
0.530163
0.532632
0.424445
0.658169
0.484765
0.443389
0.494014
0.565590
0.533492
0.479382
0.551305
0.595766
0.417587
0.652033
0.543279
0.718212
0.574941
0.665369
0.491729
0.580486
0.522717
0.540960
0.506229
0.608075
0.571587
0.530335
0.461987
0.496905
0.597162
0.491880
0.569117
0.524325
0.501569
0.562955
0.459434
0.574970
0.545554
0.602867
0.596783
0.495385
0.532449
0.662996
0.518067
0.550047
0.415956
0.512662
0.491127
0.588964
0.455487
0.467197
0.491568
0.510665
0.475177
0.620494
0.540908
0.453064
0.444351
0.516227
0.591451
0.443708
0.619692
0.558243
0.686406
0.621712
0.597012
0.539117
0.529639
0.545283
0.489855
0.555430
0.550338
0.511999
0.612741
0.572911
0.500218
0.575598
0.597928
0.634232
0.456810
0.615838
0.633790
0.490817
0.538540
0.474993
0.546414
0.528674
0.555743
0.551069
0.502449
0.553962
0.510641
0.675991
0.500026
0.593170
0.531351
0.553546
0.530685
0.398624
0.544772
0.562714
0.617073
0.416408
0.561096
0.523164
0.484819
0.582932
0.706449
0.592765
0.625497
0.552493
0.600179
0.594863
0.545277
0.627234
0.498072
0.545347
0.485855
0.686838
0.561253
0.443606
0.594568
0.592738
0.637578
0.645342
0.555049
0.601809
0.586151
0.489705
0.478074
0.595075
0.571365
0.601835
0.580718
0.395691
0.535414
0.482015
0.505018
0.487709
0.546702
0.676410
0.591506
0.567101
0.447888
0.611407
0.451981
0.471123
0.646661
0.387347
0.538075
0.554269
0.457215
0.533016
0.509521
0.598634
0.485565
0.403313
0.506059
0.513538
0.480503
0.523816
0.489672
0.599249
0.439695
0.498515
0.661821
0.553695
0.475399
0.514676
0.676647
0.533715
0.528953
0.593895
0.570849
0.496753
0.519110
0.477058
0.497841
0.488804
0.548432
0.617831
0.508155
0.478895
0.515366
0.548469
0.556282
0.657054
0.482224
0.588737
0.549246
0.590601
0.580026
0.640899
0.563535
0.539398
0.446165
0.526111
0.474942
0.378291
0.546669
0.564666
0.405572
0.644663
0.498883
0.638531
0.624755
0.489332
0.546821
0.522430
0.472421
0.471421
0.525783
0.413485
0.523757
0.558379
0.586252
0.661417
0.600572
0.574367
0.563385
0.475555
0.647683
0.410404
0.622191
0.695955
0.619108
0.497157
0.523300
0.458317
0.546830
0.520149
0.476031
0.514083
0.458854
0.628986
0.455355
0.496795
0.521279
0.572973
0.529221
0.566287
0.566173
0.617836
0.530570
0.582162
0.512821
0.495004
0.663419
0.534217
0.567507
0.689708
0.601884
0.508083
0.575240
0.604095
0.486569
0.515459
0.521688
0.486564
0.526039
0.554688
0.591640
0.631589
0.489072
0.508904
0.510802
0.487031
0.605065
0.463172
0.459576
0.532154
0.482871
0.419845
0.473842
0.560024
0.596607
0.591621
0.556286
0.540453
0.537906
0.559425
0.594622
0.497443
0.543831
0.532159
0.536701
0.486757
0.444441
0.481951
0.634005
0.443447
0.621288
0.491979
0.662648
0.488578
0.607451
0.616741
0.484002
0.552026
0.577740
0.600174
0.512648
0.522990
0.576499
0.551912
0.506569
0.582761
0.448345
0.560146
0.439639
0.464679
0.544967
0.441669
0.514594
0.447978
0.381786
0.506473
0.585059
0.579726
0.527843
0.550951
0.496523
0.574818
0.540430
0.635745
0.491370
0.543518
0.447739
0.540030
0.526376
0.457676
0.454279
0.442751
0.476144
0.553111
0.438338
0.481852
0.592113
0.532983
0.509374
0.499527
0.461099
0.490598
0.483480
0.502394
0.468863
0.648151
0.600520
0.574065
0.423943
0.466851
0.502866
0.504655
0.569317
0.645586
0.532957
0.413016
0.537285
0.594865
0.472593
0.493059
0.674330
0.634652
0.689291
0.553096
0.462777
0.522685
0.483243
0.398834
0.617833
0.442996
0.469168
0.368955
0.571691
0.663026
0.568841
0.531654
0.442436
0.622837
0.605255
0.484096
0.570913
0.566145
0.499241
0.479566
0.429980
0.640477
0.617412
0.592077
0.560497
0.463033
0.537705
0.521427
0.482647
0.408951
0.434490
0.409077
0.404314
0.448625
0.510359
0.448976
0.560977
0.510753
0.424030
0.552785
0.574383
0.674913
0.441947
0.486844
0.507700
0.573991
0.455016
0.565413
0.571700
0.459346
0.403882
0.507413
0.497370
0.474630
0.551885
0.501782
0.510803
0.497986
0.484620
0.578969
0.566229
0.616306
0.461261
0.633796
0.424213
0.414938
0.446799
0.549092
0.526084
0.581389
0.506941
0.487136
0.480004
0.345374
0.511729
0.401900
0.521579
0.547982
0.461257
0.503758
0.561098
0.563831
0.562410
0.488832
0.469893
0.583391
0.440138
0.543895
0.532884
0.557295
0.575066
0.512362
0.423966
0.519023
0.499292
0.548274
0.486359
0.468250
0.509760
0.445848
0.542563
0.539499
0.581641
0.566429
0.443623
0.540358
0.523020
0.463309
0.485804
0.492647
0.455046
0.564371
0.531740
0.481997
0.539997
0.479739
0.605105
0.566543
0.503631
0.548204
0.470538
0.444000
0.574953
0.505471
0.434322
0.573759
0.507103
0.498174
0.474218
0.464950
0.593993
0.487032
0.452103
0.480045
0.466529
0.525742
0.515717
0.509830
0.452242
0.444579
0.370125
0.530780
0.388290
0.536799
0.485912
0.461950
0.609107
0.585032
0.473034
0.504431
0.644227
0.560124
0.602180
0.692230
0.482742
0.455849
0.552776
0.576364
0.502630
0.524933
0.525390
0.469022
0.601537
0.546387
0.511315
0.491697
0.418616
0.489988
0.469658
0.453818
0.410525
0.549825
0.466989
0.498323
0.529229
0.569371
0.555843
0.569164
0.526194
0.464730
0.569194
0.505727
0.627883
0.462524
0.433948
0.490952
0.441720
0.541804
0.502333
0.432393
0.559829
0.491580
0.498477
0.610215
0.497487
0.564122
0.499868
0.527285
0.522641
0.470959
0.481163
0.466176
0.444168
0.484416
0.502191
0.615562
0.479832
0.515842
0.585243
0.463442
0.566362
0.482409
0.361385
0.473024
0.599019
0.580125
0.391669
0.557493
0.460204
0.577262
0.508626
0.492693
0.680226
0.660041
0.433313
0.535180
0.548197
0.551150
0.416682
0.397675
0.456676
0.394986
0.497740
0.508518
0.502263
0.431569
0.438221
0.440694
0.609058
0.545934
0.579827
0.471890
0.490317
0.465788
0.558188
0.490834
0.483364
0.536967
0.617902
0.418482
0.517764
0.671912
0.622569
0.493031
0.630829
0.477559
0.488993
0.546676
0.521350
0.707735
0.583151
0.550485
0.427448
0.485212
0.577888
0.416342
0.457753
0.579361
0.463050
0.500453
0.545293
0.444940
0.440904
0.457578
0.468078
0.489959
0.464826
0.403415
0.586793
0.535874
0.449461
0.474411
0.439177
0.611686
0.421853
0.386967
0.603356
0.645485
0.570098
0.487220
0.369221
0.474313
0.426478
0.478685
0.463916
0.460294
0.466509
0.456414
0.525605
0.454935
0.439092
0.550889
0.411451
0.451490
0.504449
0.447931
0.439301
0.493451
0.478662
0.432613
0.493728
0.444006
0.491817
0.464154
0.480937
0.500800
0.492242
0.452524
0.550620
0.554874
0.428352
0.395755
0.511023
0.592293
0.549589
0.478108
0.582662
0.491454
0.456966
0.492781
0.533182
0.445827
0.471986
0.494812
0.476660
0.496301
0.459417
0.393588
0.570302
0.454303
0.501445
0.379032
0.349254
0.555252
0.464889
0.410863
0.467484
0.399380
0.357653
0.392249
0.395258
0.499264
0.442083
0.601559
0.366098
0.375077
0.450927
0.385452
0.482218
0.484682
0.346360
0.462377
0.570458
0.461530
0.462249
0.411758
0.429785
0.566535
0.457009
0.497001
0.490833
0.495811
0.627720
0.526228
0.474304
0.460251
0.488484
0.481903
0.393045
0.446751
0.380826
0.436038
0.407363
0.455845
0.449316
0.474498
0.540757
0.585453
0.437827
0.533216
0.555868
0.474769
0.446232
0.492592
0.474101
0.528560
0.505534
0.553371
0.404433
0.489886
0.563618
0.399277
0.508558
0.455458
0.444173
0.479733
0.421330
0.497739
0.481903
0.427746
0.401336
0.567245
0.493264
0.471924
0.525019
0.407742
0.446495
0.557697
0.455984
0.618796
0.458792
0.463381
0.383743
0.489173
0.466082
0.463879
0.461970
0.451100
0.543628
0.536881
0.426667
0.514213
0.463140
0.389184
0.448768
0.468226
0.512367
0.485826
0.519714
0.508848
0.526908
0.529335
0.481164
0.437556
0.510816
0.503410
0.443460
0.479773
0.381850
0.407376
0.435265
0.587650
0.536545
0.478644
0.384971
0.502620
0.491696
0.565507
0.518523
0.743192
0.449695
0.506059
0.499509
0.483103
0.466890
0.589639
0.446434
0.438569
0.501068
0.405764
0.437409
0.496244
0.510406
0.545219
0.469558
0.623684
0.435481
0.432768
0.419782
0.466362
0.484440
0.575362
0.504425
0.513335
0.513069
0.446592
0.376496
0.475494
0.462947
0.479532
0.460710
0.420065
0.471139
0.417016
0.446439
0.580764
0.457006
0.514833
0.450155
0.396815
0.498215
0.432571
0.369073
0.344537
0.437696
0.486473
0.462426
0.524496
0.451822
0.603551
0.548970
0.494388
0.492158
0.354781
0.617506
0.499087
0.464332
0.447941
0.476668
0.518495
0.438024
0.536497
0.436489
0.556175
0.535282
0.483933
0.531493
0.539626
0.432312
0.359135
0.604355
0.467331
0.492638
0.438866
0.487251
0.377385
0.514877
0.582438
0.598309
0.425746
0.517758
0.498213
0.430282
0.474089
0.606005
0.397300
0.503995
0.457306
0.613160
0.492164
0.483281
0.439016
0.474646
0.566474
0.447014
0.453328
0.445322
0.428345
0.464482
0.585799
0.497916
0.578562
0.486578
0.541823
0.507025
0.604533
0.476118
0.533048
0.501365
0.600011
0.474184
0.516088
0.502827
0.527058
0.574441
0.616015
0.447680
0.456174
0.408695
0.544570
0.510677
0.467538
0.460798
0.482706
0.551675
0.411247
0.587419
0.446941
0.451787
0.521425
0.581282
0.431914
0.615046
0.438283
0.544977
0.441547
0.554210
0.558684
0.614225
0.570580
0.494437
0.566697
0.514820
0.406460
0.548133
0.487364
0.443490
0.455076
0.385652
0.527530
0.435182
0.407180
0.437786
0.536391
0.559276
0.477318
0.440990
0.581258
0.433441
0.562602
0.439287
0.551869
0.371767
0.543643
0.387679
0.451169
0.478455
0.406973
0.634213
0.480558
0.417678
0.644378
0.505058
0.350289
0.548282
0.461417
0.400560
0.597695
0.502797
0.450326
0.564098
0.470776
0.385433
0.407618
0.497447
0.426281
0.442539
0.391077
0.424664
0.406373
0.436679
0.522889
0.462984
0.455663
0.381112
0.406258
0.363365
0.500216
0.501450
0.436812
0.506414
0.435972
0.510166
0.442950
0.429495
0.437549
0.370294
0.413187
0.382801
0.444804
0.417744
0.406899
0.496367
0.505481
0.394496
0.440263
0.455230
0.396694
0.489027
0.499578
0.414303
0.418322
0.458920
0.430651
0.349419
0.416933
0.448462
0.364128
0.498832
0.468556
0.511870
0.432618
0.435468
0.420789
0.349628
0.409222
0.397676
0.420377
0.417823
0.517609
0.363672
0.448600
0.462287
0.356507
0.350572
0.445223
0.449734
0.449292
0.521571
0.533038
0.519935
0.405217
0.515422
0.527189
0.520772
0.569440
0.503828
0.481027
0.399540
0.505259
0.416897
0.429934
0.383690
0.404459
0.438244
0.408847
0.495367
0.499253
0.570093
0.440493
0.382336
0.472067
0.467242
0.437552
0.430474
0.504262
0.408112
0.479805
0.366059
0.486767
0.488622
0.425051
0.548046
0.515209
0.405849
0.420378
0.490272
0.569552
0.416116
0.386903
0.524876
0.518523
0.475046
0.561121
0.421647
0.458879
0.471618
0.479483
0.459990
0.382628
0.481085
0.538955
0.444290
0.465913
0.416934
0.435537
0.547368
0.465195
0.522520
0.564137
0.455336
0.487751
0.408976
0.520480
0.400386
0.444471
0.456588
0.502009
0.508817
0.487505
0.463122
0.466235
0.475041
0.445978
0.434079
0.427271
0.490295
0.464062
0.530236
0.433608
0.362683
0.461371
0.442268
0.431834
0.450669
0.457470
0.456744
0.432127
0.435593
0.366163
0.464173
0.503707
0.552169
0.499117
0.369140
0.418518
0.380948
0.495902
0.428535
0.470370
0.367281
0.650385
0.435476
0.424295
0.469260
0.399866
0.561134
0.429189
0.352220
0.409303
0.402003
0.450543
0.465005
0.530289
0.363482
0.464075
0.474612
0.571038
0.377567
0.458451
0.432416
0.525524
0.507974
0.487342
0.509005
0.364525
0.487447
0.423437
0.390532
0.421480
0.394697
0.449058
0.450309
0.335882
0.434598
0.393516
0.493207
0.362917
0.375043
0.508705
0.474923
0.528642
0.437751
0.369449
0.453499
0.431786
0.489780
0.439339
0.517295
0.425727
0.442743
0.446135
0.402628
0.507906
0.448590
0.580391
0.489285
0.461028
0.540118
0.521046
0.440990
0.407776
0.458370
0.457212
0.585799
0.501054
0.461462
0.478475
0.544721
0.436123
0.398947
0.494477
0.498055
0.451252
0.408740
0.375204
0.466051
0.428968
0.462533
0.393748
0.482479
0.434583
0.459791
0.465839
0.473032
0.500969
0.407659
0.504580
0.378794
0.486056
0.444129
0.471570
0.488813
0.616047
0.443583
0.505636
0.487905
0.445968
0.564405
0.557323
0.455273
0.419008
0.470917
0.382308
0.405648
0.464285
0.401793
0.392083
0.399034
0.449855
0.534719
0.427833
0.399576
0.405060
0.460846
0.507870
0.494094
0.478628
0.439900
0.489259
0.559089
0.484557
0.570056
0.554008
0.464476
0.395699
0.570700
0.395588
0.415451
0.533657
0.425233
0.475686
0.414255
0.491535
0.422440
0.416794
0.483373
0.403037
0.362465
0.390903
0.549902
0.424319
0.464676
0.499260
0.521972
0.429873
0.419392
0.516274
0.490654
0.352560
0.518390
0.450558
0.598355
0.466363
0.532095
0.488392
0.486258
0.464326
0.506536
0.425108
0.386140
0.436213
0.386622
0.416902
0.546903
0.492873
0.503975
0.440483
0.355190
0.449547
0.436628
0.442600
0.450217
0.398362
0.421051
0.393448
0.504220
0.510686
0.526829
0.561292
0.388922
0.480085
0.400010
0.488983
0.438815
0.337825
0.497705
0.425914
0.457102
0.409560
0.388986
0.546182
0.380880
0.458341
0.471525
0.501283
0.331954
0.382621
0.438454
0.395539
0.427064
0.376663
0.534993
0.393189
0.430616
0.432717
0.459723
0.378323
0.395988
0.484013
0.468605
0.567109
0.420625
0.386844
0.388383
0.443806
0.347924
0.365790
0.380631
0.436961
0.407307
0.418903
0.364062
0.463861
0.401100
0.376122
0.542958
0.354654
0.522472
0.497700
0.472324
0.324706
0.410341
0.504181
0.428118
0.453883
0.452515
0.379105
0.501489
0.405446
0.448321
0.359889
0.377030
0.434045
0.444782
0.363470
0.439098
0.377267
0.420883
0.397993
0.347043
0.341972
0.356848
0.411557
0.498116
0.432686
0.456477
0.376743
0.402938
0.379107
0.494885
0.529324
0.429034
0.458002
0.375141
0.374491
0.338016
0.342485
0.413420
0.484074
0.376838
0.434112
0.453210
0.416230
0.400945
0.388873
0.339768
0.389201
0.374845
0.404119
0.386430
0.551134
0.558304
0.437118
0.472746
0.463166
0.417210
0.534223
0.469815
0.415755
0.476097
0.347816
0.403775
0.486393
0.390977
0.528617
0.541386
0.324855
0.378433
0.402672
0.591329
0.409801
0.373500
0.391643
0.362972
0.474625
0.387102
0.486012
0.405333
0.377034
0.382622
0.512773
0.395892
0.336136
0.490043
0.433668
0.385904
0.494990
0.404024
0.411539
0.420470
0.565981
0.328937
0.430674
0.406574
0.437396
0.431672
0.427073
0.360866
0.505838
0.358877
0.504167
0.442762
0.510407
0.395889
0.515284
0.398300
0.537772
0.549900
0.487751
0.363931
0.428213
0.380073
0.334475
0.468895
0.406079
0.453999
0.527477
0.466035
0.471552
0.463336
0.584424
0.431665
0.503052
0.458109
0.424955
0.457352
0.403920
0.383769
0.395867
0.416697
0.392545
0.556452
0.356276
0.331687
0.428218
0.383571
0.461033
0.352862
0.474865
0.404102
0.457355
0.342282
0.509789
0.362099
0.568052
0.394321
0.326560
0.465135
0.521329
0.438246
0.482057
0.365452
0.451386
0.419824
0.430224
0.453148
0.502784
0.314471
0.439498
0.505963
0.352725
0.459300
0.384094
0.424698
0.470540
0.395723
0.378293
0.524771
0.430374
0.482625
0.389949
0.317872
0.408716
0.349466
0.396445
0.420261
0.364239
0.500978
0.506786
0.401540
0.442903
0.450848
0.464547
0.412073
0.377037
0.385280
0.443110
0.483551
0.404054
0.461642
0.418050
0.418380
0.473988
0.477454
0.463818
0.336873
0.426364
0.416424
0.504468
0.374687
0.485264
0.455104
0.447399
0.389290
0.338658
0.489120
0.403457
0.580466
0.446979
0.499373
0.400982
0.442819
0.462573
0.418466
0.350566
0.428752
0.387602
0.515465
0.364393
0.420859
0.338182
0.444137
0.477449
0.452439
0.423556
0.485388
0.461607
0.409463
0.338170
0.479206
0.404192
0.457343
0.569189
0.453232
0.364864
0.476932
0.395400
0.429089
0.476981
0.519624
0.409288
0.389783
0.406881
0.484445
0.453077
0.403407
0.407782
0.371418
0.386328
0.377285
0.428939
0.322059
0.321184
0.365677
0.404148
0.368442
0.401667
0.326599
0.493074
0.492286
0.444061
0.411818
0.396795
0.439076
0.540509
0.436805
0.437854
0.370013
0.488403
0.395382
0.432052
0.393762
0.457563
0.488189
0.505027
0.371238
0.340346
0.319341
0.350910
0.416386
0.428890
0.375360
0.404212
0.432425
0.509386
0.476775
0.447075
0.493308
0.363568
0.460691
0.421277
0.414147
0.437330
0.344219
0.517625
0.429970
0.397494
0.305566
0.410281
0.359453
0.466262
0.518570
0.496013
0.416110
0.564823
0.386898
0.442494
0.424136
0.385415
0.379625
0.469817
0.394859
0.394229
0.468711
0.355401
0.339737
0.396718
0.437160
0.407400
0.529280
0.402122
0.392451
0.367380
0.384899
0.392680
0.426495
0.377437
0.477958
0.375784
0.343157
0.444478
0.533872
0.313903
0.475462
0.356893
0.345856
0.436223
0.397076
0.367144
0.416398
0.392193
0.394027
0.400883
0.417798
0.371733
0.409005
0.419350
0.477993
0.366231
0.362769
0.375755
0.475147
0.338283
0.429323
0.426915
0.394088
0.419401
0.464153
0.375771
0.392336
0.378231
0.437690
0.379459
0.405756
0.412575
0.336884
0.346736
0.366996
0.386539
0.334946
0.412530
0.378446
0.503419
0.387295
0.355263
0.445778
0.303258
0.402149
0.397014
0.375639
0.445345
0.358772
0.410152
0.441181
0.432529
0.473126
0.381121
0.370100
0.344499
0.374861
0.400700
0.387553
0.387609
0.402247
0.407334
0.359604
0.339357
0.406368
0.330303
0.354954
0.347775
0.358456
0.375142
0.392413
0.460856
0.372862
0.454960
0.411429
0.422297
0.387612
0.295382
0.381591
0.454446
0.381083
0.475123
0.382172
0.432040
0.436392
0.421380
0.382845
0.390065
0.380312
0.379130
0.380265
0.538911
0.314558
0.337355
0.385092
0.360784
0.478748
0.526915
0.486372
0.553861
0.335843
0.391232
0.609509
0.536725
0.537533
0.407408
0.411902
0.392763
0.383184
0.368835
0.360648
0.483267
0.299887
0.412818
0.342597
0.360387
0.447704
0.379835
0.585420
0.466926
0.378815
0.424748
0.316596
0.510659
0.470671
0.369683
0.488492
0.347481
0.404602
0.357257
0.417002
0.493729
0.407437
0.393351
0.405309
0.374112
0.506442
0.421274
0.319828
0.423324
0.375994
0.387349
0.351917
0.427579
0.507778
0.370661
0.366617
0.388025
0.327742
0.488529
0.391356
0.380934
0.378767
0.433146
0.460604
0.418044
0.381244
0.307437
0.380256
0.488884
0.387254
0.414215
0.334741
0.482598
0.377253
0.390349
0.318286
0.349218
0.459358
0.344421
0.381267
0.439145
0.372639
0.424615
0.575779
0.460320
0.409373
0.336378
0.311516
0.432609
0.455006
0.421606
0.386154
0.366113
0.425465
0.444497
0.377105
0.352469
0.393951
0.396310
0.371714
0.404935
0.388600
0.554406
0.398712
0.469322
0.370258
0.468245
0.394468
0.471617
0.388330
0.358788
0.387682
0.376390
0.349052
0.416385
0.497711
0.400424
0.389198
0.405107
0.352313
0.501363
0.507204
0.414581
0.379732
0.412309
0.466533
0.400370
0.425232
0.518695
0.409404
0.497620
0.384863
0.382232
0.412759
0.361233
0.354689
0.430964
0.382154
0.340534
0.360705
0.360775
0.448883
0.460280
0.293543
0.357606
0.328775
0.351254
0.350897
0.408509
0.428798
0.368676
0.335020
0.486791
0.326581
0.505122
0.473630
0.522422
0.475081
0.473190
0.390623
0.399613
0.418322
0.359388
0.418087
0.476187
0.425970
0.415647
0.502680
0.409029
0.361383
0.504271
0.381815
0.407568
0.450029
0.442161
0.462850
0.373520
0.423727
0.446275
0.427440
0.419814
0.396526
0.462525
0.471978
0.451835
0.437336
0.340255
0.403944
0.343932
0.367531
0.425576
0.334699
0.350985
0.368284
0.503738
0.486178
0.402213
0.399460
0.376045
0.375725
0.445966
0.363802
0.406233
0.323010
0.396025
0.460675
0.376351
0.397339
0.439658
0.446399
0.448999
0.454166
0.408159
0.336157
0.397390
0.384308
0.375361
0.371657
0.502777
0.430431
0.378043
0.403650
0.429619
0.383455
0.428922
0.447528
0.391218
0.418082
0.428489
0.486690
0.313902
0.332890
0.425969
0.409769
0.457516
0.297189
0.349679
0.372160
0.372872
0.445812
0.425072
0.338712
0.423108
0.390099
0.356275
0.305806
0.398322
0.302949
0.363219
0.347543
0.343221
0.348668
0.399182
0.398853
0.320743
0.332991
0.424020
0.388414
0.372264
0.351477
0.436413
0.491514
0.363573
0.395402
0.442271
0.395228
0.442259
0.378619
0.356025
0.400657
0.578403
0.325872
0.344097
0.360554
0.323179
0.392422
0.370347
0.377556
0.492940
0.355657
0.419196
0.430674
0.369313
0.325749
0.352006
0.348923
0.281686
0.294920
0.396321
0.309745
0.418093
0.338916
0.395336
0.355850
0.434209
0.382041
0.424249
0.373518
0.360260
0.372283
0.384998
0.401543
0.411453
0.492793
0.327127
0.384810
0.334553
0.438978
0.467338
0.404473
0.382322
0.339065
0.348963
0.404786
0.378702
0.411208
0.359802
0.337864
0.419939
0.364621
0.456748
0.381849
0.377509
0.332497
0.476942
0.355273
0.362669
0.388043
0.431919
0.433236
0.351505
0.346701
0.349089
0.457758
0.407228
0.332830
0.430716
0.367101
0.422641
0.446282
0.375267
0.370848
0.410069
0.354477
0.398830
0.377568
0.402172
0.376075
0.427482
0.378804
0.461313
0.384471
0.360223
0.422909
0.409412
0.310900
0.318014
0.331516
0.298250
0.335571
0.364080
0.383089
0.330685
0.350002
0.389322
0.338486
0.310849
0.375205
0.384028
0.438784
0.383544
0.404655
0.333828
0.402567
0.348717
0.371039
0.356443
0.378888
0.406761
0.440195
0.441772
0.444498
0.409461
0.405643
0.346814
0.368171
0.437913
0.382975
0.403305
0.357406
0.419876
0.430261
0.324096
0.502720
0.307032
0.411821
0.405758
0.362405
0.353207
0.378716
0.465372
0.329545
0.336646
0.407780
0.552124
0.447826
0.377245
0.506552
0.334499
0.346274
0.312980
0.415478
0.341579
0.410991
0.347612
0.315535
0.383187
0.413381
0.368503
0.419528
0.298231
0.404779
0.316658
0.394027
0.401402
0.364605
0.378196
0.379138
0.409830
0.358634
0.389037
0.320664
0.344558
0.318985
0.417328
0.367257
0.374083
0.430016
0.316719
0.329336
0.400926
0.337936
0.398331
0.369358
0.323202
0.426329
0.375464
0.362292
0.445793
0.348511
0.385912
0.381552
0.358132
0.408050
0.385299
0.396303
0.451957
0.366993
0.465801
0.396799
0.388280
0.351209
0.429929
0.393003
0.397654
0.406409
0.433215
0.402373
0.481044
0.346564
0.354881
0.304877
0.368136
0.368487
0.421547
0.468315
0.366269
0.344599
0.433947
0.372709
0.330350
0.393603
0.435302
0.414192
0.362303
0.410460
0.367709
0.387993
0.257581
0.355021
0.399929
0.319821
0.301992
0.374221
0.409839
0.363018
0.262329
0.384930
0.456707
0.322539
0.375003
0.508483
0.365121
0.341705
0.378671
0.356218
0.319406
0.449639
0.384435
0.392158
0.322267
0.351864
0.366319
0.405165
0.311400
0.384685
0.456314
0.368302
0.401358
0.349275
0.455303
0.344184
0.388780
0.430313
0.363766
0.332481
0.475138
0.350976
0.395474
0.301777
0.406332
0.409503
0.435697
0.354093
0.446514
0.322439
0.315849
0.417019
0.347715
0.368044
0.489896
0.368860
0.456127
0.452452
0.430591
0.392189
0.356968
0.417176
0.402285
0.408439
0.363878
0.443588
0.338492
0.400863
0.395815
0.352986
0.363720
0.373124
0.376108
0.377483
0.425612
0.368556
0.398772
0.354340
0.305700
0.447172
0.387898
0.363482
0.362385
0.369686
0.408809
0.353523
0.364625
0.441677
0.393553
0.485627
0.345251
0.413408
0.391413
0.361009
0.312354
0.322946
0.448404
0.452235
0.346153
0.336235
0.366832
0.316971
0.361283
0.377822
0.438975
0.358807
0.372473
0.318573
0.476878
0.384388
0.367003
0.355229
0.406355
0.415006
0.400116
0.346582
0.393358
0.351120
0.473579
0.330160
0.332842
0.296535
0.392578
0.342257
0.327199
0.401563
0.441634
0.367899
0.359636
0.506722
0.333943
0.356195
0.332944
0.377979
0.345136
0.385669
0.337932
0.395065
0.333837
0.363210
0.406629
0.357460
0.376499
0.353501
0.346369
0.361561
0.309381
0.387027
0.360683
0.408646
0.341900
0.325472
0.359783
0.295052
0.333882
0.359898
0.410344
0.426493
0.401313
0.364279
0.418564
0.386536
0.333724
0.322518
0.350661
0.352052
0.347354
0.345196
0.405715
0.391436
0.334109
0.351113
0.324937
0.419288
0.347602
0.335112
0.339597
0.345300
0.353370
0.312817
0.473931
0.389202
0.412228
0.331948
0.360877
0.332232
0.394213
0.399453
0.410035
0.387227
0.379200
0.441008
0.420244
0.369890
0.421884
0.404562
0.354838
0.300149
0.320321
0.355664
0.294648
0.345349
0.369315
0.377382
0.314803
0.309267
0.368908
0.431096
0.336373
0.313247
0.342350
0.430673
0.428807
0.289580
0.343952
0.382275
0.391995
0.377959
0.339577
0.316416
0.320162
0.453493
0.311752
0.294262
0.352337
0.448775
0.360276
0.419672
0.416085
0.356518
0.396382
0.281765
0.368810
0.408168
0.311133
0.378979
0.439783
0.457735
0.361846
0.328353
0.299769
0.340814
0.387559
0.327419
0.414943
0.322783
0.310150
0.407755
0.317443
0.317389
0.449100
0.365667
0.265608
0.396614
0.461793
0.324636
0.396419
0.376442
0.306603
0.338273
0.541706
0.464153
0.339243
0.271153
0.360878
0.443957
0.330012
0.332933
0.338348
0.345754
0.356370
0.371020
0.369593
0.420071
0.368886
0.309577
0.423685
0.355440
0.339047
0.349859
0.302378
0.326748
0.406584
0.324658
0.347171
0.308837
0.361343
0.346374
0.352043
0.381943
0.366748
0.303221
0.355563
0.350662
0.329659
0.355051
0.328529
0.521463
0.419310
0.351758
0.384111
0.345544
0.339650
0.315611
0.395490
0.330129
0.347513
0.343596
0.306955
0.347197
0.409630
0.320774
0.431503
0.359623
0.294388
0.375453
0.407838
0.310291
0.370496
0.411035
0.372889
0.339438
0.355872
0.309143
0.405869
0.416060
0.383259
0.336611
0.323216
0.300276
0.312500
0.328790
0.367097
0.429975
0.280218
0.291266
0.371767
0.369040
0.342766
0.325713
0.281310
0.368022
0.481541
0.412787
0.358191
0.405424
0.328693
0.317983
0.349360
0.364202
0.408824
0.378884
0.286946
0.390016
0.480881
0.326885
0.374343
0.325576
0.347583
0.341534
0.315075
0.313605
0.423285
0.379431
0.295151
0.388430
0.366754
0.420312
0.280606
0.364415
0.457992
0.320193
0.436758
0.388933
0.329389
0.463583
0.402337
0.301775
0.299258
0.271480
0.371342
0.321821
0.415007
0.318937
0.370160
0.415973
0.451027
0.326110
0.351762
0.349831
0.340358
0.309118
0.330294
0.300874
0.275946
0.358497
0.291496
0.312173
0.443534
0.357159
0.409496
0.316855
0.365241
0.330197
0.336315
0.357049
0.398123
0.400256
0.461156
0.343930
0.331787
0.384236
0.428587
0.381515
0.299586
0.333706
0.436049
0.304298
0.295809
0.365478
0.312247
0.359755
0.394422
0.366593
0.406713
0.354232
0.397695
0.318929
0.334482
0.434564
0.319987
0.316117
0.277789
0.461791
0.322011
0.356979
0.411534
0.331115
0.369398
0.355842
0.401788
0.457562
0.458605
0.440613
0.354374
0.440436
0.469718
0.448180
0.327237
0.421765
0.429244
0.360208
0.567618
0.340325
0.382878
0.369209
0.343895
0.326228
0.413734
0.378911
0.319999
0.355558
0.356731
0.370275
0.368929
0.323222
0.406350
0.407642
0.295401
0.332444
0.320569
0.303502
0.317334
0.308896
0.447660
0.326110
0.305975
0.399134
0.411182
0.252700
0.368133
0.384144
0.299098
0.334158
0.460297
0.327692
0.420465
0.317439
0.287479
0.309955
0.322009
0.360749
0.363933
0.395204
0.362516
0.341006
0.368624
0.367315
0.388026
0.296398
0.372008
0.365223
0.324241
0.317320
0.338464
0.357055
0.495645
0.324128
0.326934
0.269590
0.295195
0.303736
0.307633
0.371832
0.347672
0.361911
0.269850
0.344372
0.361769
0.360985
0.319211
0.264460
0.477188
0.310181
0.346414
0.347677
0.344684
0.320834
0.304150
0.334943
0.380563
0.316579
0.340885
0.371423
0.340353
0.363922
0.332628
0.328867
0.306591
0.373538
0.297588
0.311906
0.363959
0.331680
0.324060
0.339494
0.324088
0.305861
0.329909
0.376124
0.370696
0.376901
0.448600
0.362770
0.371733
0.404289
0.351190
0.288717
0.393447
0.370405
0.386535
0.311988
0.298396
0.387337
0.292273
0.429463
0.306605
0.476931
0.375511
0.299966
0.367943
0.364006
0.356709
0.281151
0.277736
0.305424
0.309190
0.505908
0.353013
0.365478
0.314124
0.324779
0.449765
0.378650
0.317524
0.457660
0.374222
0.392355
0.333836
0.341764
0.394296
0.343263
0.292128
0.406915
0.341367
0.407129
0.333814
0.285235
0.358318
0.296311
0.374662
0.385091
0.352084
0.290990
0.302645
0.394772
0.395782
0.343264
0.368186
0.295357
0.280744
0.303672
0.356240
0.441081
0.340640
0.284411
0.394049
0.473134
0.333377
0.332991
0.308822
0.522014
0.382194
0.327848
0.336923
0.435790
0.392277
0.428887
0.336592
0.296233
0.289682
0.332231
0.345049
0.330437
0.280332
0.450081
0.327438
0.334273
0.298392
0.445697
0.387240
0.360903
0.311030
0.428472
0.272795
0.376714
0.301666
0.325263
0.385342
0.368434
0.278455
0.376592
0.345764
0.330867
0.319993
0.320529
0.287812
0.322670
0.434978
0.382193
0.339197
0.308179
0.384908
0.378668
0.338148
0.334340
0.391886
0.297650
0.327675
0.289071
0.265085
0.270082
0.383473
0.370442
0.344788
0.314234
0.348385
0.457330
0.373439
0.412683
0.305878
0.363341
0.349257
0.397580
0.362016
0.327119
0.314115
0.371475
0.298290
0.348262
0.332752
0.319424
0.326206
0.328127
0.345347
0.390473
0.326081
0.320408
0.394525
0.445193
0.317546
0.323932
0.356145
0.395583
0.315479
0.379203
0.402149
0.428892
0.309543
0.390689
0.315078
0.398824
0.313047
0.384580
0.340881
0.337851
0.333300
0.331161
0.311354
0.280495
0.330541
0.385565
0.312037
0.318229
0.327353
0.424549
0.362307
0.384743
0.278373
0.368439
0.317752
0.339208
0.287421
0.435740
0.337889
0.401074
0.409878
0.334275
0.327517
0.271604
0.315814
0.350641
0.305911
0.332477
0.316710
0.334222
0.379195
0.324147
0.351145
0.352105
0.381715
0.377536
0.331991
0.303641
0.358944
0.405667
0.325429
0.312128
0.312715
0.416965
0.329079
0.476892
0.339564
0.292076
0.332064
0.326405
0.311167
0.348984
0.356098
0.395772
0.323373
0.472656
0.308699
0.358093
0.360778
0.309051
0.329021
0.314420
0.354386
0.335554
0.334588
0.352756
0.384729
0.369185
0.408594
0.309381
0.352573
0.357278
0.384144
0.325093
0.291703
0.412333
0.387422
0.270776
0.297450
0.490604
0.340602
0.296579
0.317294
0.298985
0.319671
0.295168
0.331404
0.336757
0.317728
0.347703
0.261306
0.306936
0.521510
0.343139
0.451055
0.402603
0.322602
0.335081
0.307999
0.348933
0.353693
0.358306
0.314224
0.297767
0.288060
0.378384
0.315119
0.360899
0.451877
0.397469
0.294251
0.356090
0.357549
0.298964
0.337547
0.295036
0.290601
0.385774
0.331818
0.398956
0.312010
0.304260
0.401056
0.256747
0.273955
0.294941
0.372813
0.300758
0.314820
0.293059
0.295604
0.305834
0.362692
0.338187
0.351511
0.314820
0.313559
0.367921
0.278440
0.319790
0.320437
0.399720
0.408007
0.292120
0.285904
0.277619
0.343302
0.318874
0.357175
0.397152
0.296983
0.376002
0.348798
0.326741
0.324373
0.298284
0.263989
0.312180
0.360803
0.347075
0.297093
0.369020
0.332565
0.337861
0.305439
0.324602
0.335123
0.260507
0.276714
0.272968
0.275550
0.324867
0.374130
0.323601
0.291240
0.278319
0.357613
0.378461
0.365642
0.264742
0.276691
0.322022
0.348598
0.395680
0.314915
0.311038
0.296027
0.345976
0.345650
0.280042
0.319452
0.314940
0.429685
0.396625
0.349956
0.395282
0.302083
0.319760
0.328256
0.386602
0.410635
0.356876
0.342273
0.353799
0.387212
0.363941
0.327488
0.329195
0.283534
0.378164
0.299805
0.348509
0.350147
0.397622
0.286405
0.334999
0.345709
0.362753
0.304491
0.389139
0.303148
0.266843
0.315934
0.408809
0.352079
0.345036
0.367503
0.308377
0.316768
0.350927
0.300941
0.264471
0.350713
0.331076
0.269404
0.383179
0.318308
0.290384
0.295526
0.369924
0.288287
0.313101
0.405742
0.326974
0.375772
0.273274
0.348478
0.304482
0.314568
0.314790
0.337924
0.446894
0.347718
0.258506
0.374147
0.346959
0.300607
0.350983
0.285839
0.313249
0.332421
0.332902
0.333635
0.336880
0.399294
0.378268
0.253517
0.356744
0.359098
0.305127
0.459088
0.346877
0.285129
0.336624
0.348248
0.411668
0.366276
0.328783
0.319773
0.338965
0.334370
0.319731
0.317605
0.331764
0.374416
0.381312
0.332685
0.314574
0.378388
0.314280
0.313055
0.408443
0.440162
0.266503
0.316870
0.322252
0.367819
0.325638
0.293012
0.291657
0.353519
0.277311
0.249740
0.314270
0.347862
0.310715
0.345198
0.331272
0.385555
0.361718
0.312248
0.332290
0.301785
0.376053
0.324828
0.334792
0.356613
0.385065
0.389617
0.338503
0.388342
0.367514
0.414964
0.392871
0.332079
0.287559
0.358894
0.301374
0.324700
0.371891
0.355740
0.403188
0.361958
0.385208
0.332779
0.335532
0.316374
0.374379
0.289182
0.311732
0.325714
0.319695
0.345812
0.299979
0.399137
0.346554
0.311288
0.332769
0.334924
0.297720
0.358058
0.324385
0.329570
0.368755
0.354459
0.280298
0.427268
0.293594
0.360976
0.332706
0.287612
0.261059
0.361882
0.378162
0.371485
0.416159
0.376052
0.373495
0.312465
0.384029
0.385904
0.399235
0.340490
0.301855
0.283495
0.407210
0.290869
0.293998
0.336145
0.386718
0.373451
0.352111
0.406738
0.328820
0.291190
0.338965
0.306888
0.285488
0.330966
0.314222
0.293787
0.325354
0.376758
0.266996
0.295482
0.279901
0.307278
0.331714
0.340457
0.302113
0.295066
0.329471
0.378663
0.319644
0.309383
0.322265
0.314379
0.332897
0.319529
0.305523
0.349541
0.273782
0.287407
0.271893
0.321783
0.268558
0.323317
0.347289
0.360665
0.328955
0.311445
0.332760
0.325760
0.285312
0.351858
0.370680
0.334467
0.334906
0.298435
0.278275
0.270014
0.348537
0.289730
0.356091
0.333300
0.340262
0.372266
0.270879
0.286359
0.302214
0.316989
0.266094
0.328729
0.340079
0.294139
0.309595
0.267433
0.329188
0.385342
0.337243
0.299127
0.273389
0.315966
0.271755
0.328868
0.328510
0.351013
0.303769
0.349931
0.434323
0.381395
0.301247
0.344209
0.275381
0.328286
0.321438
0.276494
0.307410
0.377175
0.299625
0.334376
0.297306
0.331931
0.383027
0.317241
0.315027
0.283356
0.321765
0.435172
0.359339
0.374786
0.305216
0.258535
0.345268
0.378543
0.319197
0.283706
0.332061
0.366226
0.382580
0.347759
0.335686
0.422324
0.304159
0.354294
0.359129
0.321327
0.326040
0.331666
0.379429
0.330434
0.338210
0.439809
0.346500
0.317133
0.344534
0.365823
0.298297
0.295367
0.327597
0.317595
0.352466
0.338377
0.424176
0.314661
0.287434
0.295235
0.296839
0.419982
0.295098
0.335734
0.305019
0.284918
0.321722
0.338655
0.312968
0.315532
0.358406
0.331537
0.328844
0.270421
0.322067
0.369285
0.356116
0.343636
0.296972
0.346648
0.349382
0.392344
0.279187
0.299255
0.286370
0.345948
0.306126
0.357098
0.301056
0.391688
0.348838
0.321485
0.328587
0.321257
0.335450
0.268921
0.303425
0.353325
0.339692
0.328683
0.272109
0.342984
0.352465
0.351171
0.297368
0.383307
0.367163
0.364411
0.330100
0.379716
0.366056
0.315153
0.288795
0.441995
0.279246
0.306341
0.338228
0.279673
0.380141
0.302742
0.388980
0.292151
0.360880
0.288604
0.268909
0.325749
0.335713
0.351771
0.284073
0.347247
0.294131
0.339047
0.312052
0.453490
0.297510
0.335669
0.337158
0.274770
0.283623
0.401793
0.291247
0.375378
0.341744
0.297453
0.343818
0.328647
0.302694
0.234489
0.364924
0.383130
0.321192
0.318453
0.388927
0.303602
0.299883
0.334485
0.301300
0.329611
0.307496
0.257171
0.321738
0.366449
0.309999
0.267362
0.263067
0.352556
0.318482
0.354719
0.335593
0.312765
0.296417
0.425869
0.365960
0.301321
0.354356
0.325506
0.390221
0.332534
0.344611
0.407798
0.327537
0.310747
0.341012
0.303023
0.295870
0.311337
0.275516
0.269108
0.334604
0.378350
0.338804
0.326665
0.314136
0.257659
0.422814
0.291149
0.270310
0.367564
0.344638
0.328723
0.354069
0.363763
0.373209
0.290513
0.308869
0.294984
0.323181
0.315302
0.326555
0.382742
0.302950
0.351922
0.284444
0.321795
0.327227
0.291839
0.349135
0.372362
0.296449
0.296079
0.281634
0.324586
0.292355
0.315658
0.286096
0.325569
0.400351
0.457450
0.333601
0.319186
0.411669
0.319208
0.331239
0.346360
0.323578
0.318734
0.324550
0.336688
0.334559
0.337553
0.305103
0.327404
0.328228
0.291876
0.286811
0.347001
0.329077
0.331623
0.271621
0.296132
0.278029
0.332966
0.330830
0.372853
0.266939
0.303604
0.350078
0.280954
0.352624
0.285146
0.314900
0.319544
0.327407
0.336759
0.339596
0.330053
0.279347
0.413548
0.266944
0.323591
0.447875
0.353868
0.318260
0.331075
0.311318
0.364578
0.381985
0.294489
0.308694
0.283937
0.333177
0.345944
0.391703
0.301447
0.277678
0.327407
0.280765
0.358618
0.336160
0.334529
0.306541
0.338066
0.366539
0.318624
0.377794
0.291486
0.321812
0.312775
0.329077
0.378860
0.344948
0.281166
0.341520
0.364887
0.245483
0.341122
0.336861
0.327547
0.256313
0.317909
0.349538
0.350858
0.304282
0.310366
0.317802
0.313050
0.363009
0.309097
0.332849
0.284746
0.292451
0.361578
0.361647
0.269923
0.350899
0.391233
0.291265
0.302860
0.361438
0.310475
0.306555
0.288267
0.264079
0.381133
0.319346
0.378406
0.346033
0.303583
0.326539
0.355539
0.373634
0.324220
0.343508
0.240220
0.381012
0.346524
0.315570
0.300458
0.389012
0.354712
0.302016
0.389000
0.323111
0.292207
0.280636
0.360980
0.303359
0.381951
0.295153
0.289634
0.368305
0.360279
0.338070
0.282307
0.270282
0.341351
0.308711
0.275511
0.322737
0.303453
0.358643
0.309453
0.314212
0.315332
0.422192
0.302189
0.296689
0.315244
0.338414
0.337925
0.302819
0.314058
0.274713
0.296776
0.333737
0.292390
0.286594
0.343939
0.297143
0.306174
0.360638
0.325462
0.408574
0.314349
0.313396
0.282957
0.322579
0.339042
0.316305
0.414312
0.295507
0.439141
0.328300
0.389510
0.320502
0.277093
0.422445
0.264661
0.323001
0.385263
0.390451
0.266348
0.253417
0.386760
0.282983
0.357717
0.298026
0.273665
0.286026
0.351381
0.370751
0.313815
0.366280
0.304518
0.403569
0.352917
0.289392
0.309402
0.380765
0.361727
0.295642
0.287296
0.434657
0.300422
0.293779
0.326449
0.295784
0.335141
0.362746
0.401982
0.350253
0.322458
0.303727
0.282825
0.332310
0.295864
0.310118
0.318253
0.378836
0.332542
0.342154
0.315910
0.412336
0.406989
0.263865
0.308248
0.288372
0.415489
0.300488
0.263089
0.300078
0.316903
0.287369
0.347052
0.316386
0.308364
0.302960
0.276510
0.305926
0.376278
0.303656
0.273499
0.273272
0.345762
0.357759
0.266844
0.397658
0.300488
0.391015
0.404599
0.308061
0.322757
0.334695
0.304385
0.354571
0.438569
0.358044
0.342146
0.367755
0.325956
0.371936
0.391348
0.272621
0.295494
0.361932
0.304482
0.340731
0.289282
0.323572
0.335189
0.269270
0.246475
0.302695
0.307736
0.322155
0.303896
0.317718
0.394083
0.314196
0.347769
0.321420
0.321499
0.334820
0.348046
0.352990
0.289773
0.363162
0.393959
0.392012
0.393692
0.310363
0.264458
0.378818
0.256016
0.313247
0.324388
0.289615
0.406592
0.305278
0.304241
0.297327
0.382206
0.277738
0.281646
0.345971
0.326702
0.386919
0.290842
0.291924
0.283554
0.298043
0.316132
0.331769
0.262181
0.360453
0.304750
0.289225
0.292148
0.329706
0.285967
0.295350
0.360715
0.302344
0.428470
0.307556
0.347407
0.281674
0.341623
0.294372
0.322111
0.348129
0.371940
0.343139
0.308343
0.349502
0.296188
0.290921
0.294598
0.327357
0.301082
0.386548
0.304812
0.265008
0.292858
0.380491
0.287050
0.307718
0.319032
0.321738
0.349478
0.399980
0.284288
0.313655
0.377910
0.331813
0.318710
0.324603
0.296996
0.295847
0.350140
0.291107
0.290476
0.359095
0.260898
0.298173
0.340265
0.303510
0.313133
0.404981
0.305440
0.295048
0.339732
0.322730
0.358841
0.327429
0.391045
0.268663
0.318041
0.290205
0.310184
0.363185
0.275767
0.377909
0.271409
0.297379
0.306561
0.375834
0.297753
0.282289
0.395237
0.385807
0.340430
0.295071
0.326307
0.352050
0.279088
0.261496
0.422912
0.314559
0.328586
0.286643
0.345011
0.367959
0.298047
0.380662
0.313427
0.347257
0.295892
0.299496
0.344698
0.366142
0.350766
0.279753
0.321716
0.328487
0.287567
0.318298
0.361276
0.324039
0.321600
0.328834
0.336930
0.292584
0.352494
0.352060
0.299311
0.286818
0.360360
0.339935
0.335793
0.367937
0.344752
0.296847
0.311417
0.332199
0.332562
0.333307
0.385900
0.335977
0.310239
0.339319
0.308181
0.325547
0.295254
0.334566
0.316076
0.354110
0.396676
0.346575
0.311560
0.316696
0.329738
0.304374
0.310522
0.256190
0.294027
0.338376
0.310421
