4.830723
4.855475
4.831240
4.772165
4.917869
4.802503
4.770693
4.699324
4.844968
4.782556
4.728175
4.681417
4.790617
4.678569
4.683678
4.652769
4.771019
4.722066
4.682802
4.630512
4.598584
4.711272
4.667726
4.699365
4.604571
4.605099
4.658472
4.599555
4.607592
4.567511
4.578288
4.594718
4.607551
4.512334
4.561626
4.648760
4.588398
4.599173
4.439326
4.509019
4.736587
4.579531
4.526000
4.564627
4.572742
4.536841
4.481997
4.402586
4.723603
4.742842
4.519866
4.480297
4.432883
4.434932
4.430721
4.423260
4.530743
4.456730
4.595276
4.406519
4.575474
4.612780
4.570810
4.501828
4.543967
4.515552
4.441596
4.507558
4.500954
4.406576
4.417085
4.406775
4.327305
4.403350
4.358449
4.391491
4.302410
4.416019
4.298635
4.424783
4.282818
4.728051
4.561278
4.376979
4.494354
4.275597
4.401907
4.378250
4.484075
4.379611
4.265428
4.412470
4.374803
4.350151
4.354121
4.320202
4.235939
4.315969
4.342234
4.254455
4.340020
4.272083
4.354298
4.316732
4.276593
4.343917
4.263736
4.275338
4.257349
4.391698
4.231730
4.275849
4.257701
4.163480
4.222431
4.230221
4.337537
4.350260
4.271663
4.135831
4.123028
4.301954
4.238123
4.325956
4.313178
4.240016
4.272386
4.209985
4.296918
4.234233
4.284318
4.248476
4.219954
4.159965
4.219196
4.100778
4.040311
4.199325
4.192851
4.308417
4.240998
4.148405
4.173784
4.110222
4.217732
4.225386
4.339698
4.269864
4.190203
4.152616
4.096458
4.257615
4.228664
4.185659
4.110179
4.330892
4.094727
3.992074
4.080637
4.192062
4.270168
4.146702
4.189965
4.166751
4.070150
4.168545
4.092050
4.151267
4.163321
4.077267
4.301928
4.209939
4.058081
4.114374
4.065849
4.076261
4.116170
4.030586
4.063646
4.183384
4.248075
4.216319
4.172105
4.061994
3.987734
3.856570
4.048507
4.260450
4.105847
4.116240
4.071101
4.055285
4.056884
3.999872
3.966815
4.018835
4.071891
4.065725
4.051386
3.967867
4.001565
4.029029
3.997998
4.096265
3.991915
4.042686
3.992826
4.001397
3.996184
4.038617
4.025432
4.049964
3.929008
3.981109
4.003900
4.134865
3.956530
4.011916
3.968994
3.965183
3.892402
3.926035
3.972974
4.044269
4.056450
4.207561
4.032468
3.859653
3.953485
3.851800
3.949787
4.092712
3.945766
3.911653
3.975210
3.945463
3.874583
3.969480
3.812274
3.860641
3.969326
3.882781
3.895568
3.837860
3.896032
4.095446
3.975685
3.881394
3.938053
3.932882
3.839054
3.959416
4.048169
3.908890
3.995362
3.921103
3.865961
3.866307
4.009095
3.936249
3.889358
3.862002
3.907270
3.802026
3.853799
3.941250
3.894053
4.048010
3.902221
3.889796
3.895873
3.836613
3.791160
3.984237
3.958292
3.979470
3.854420
3.856186
3.870761
3.812089
3.865848
3.752542
3.810808
3.833820
3.823188
3.849147
3.844107
3.825799
3.856749
4.078688
3.955755
3.856630
3.905127
3.857125
3.791362
3.905539
3.743750
3.764565
3.887104
3.813730
3.901002
3.867467
3.736345
3.834764
3.771164
3.820998
3.782829
3.864170
3.877517
3.709795
3.802874
3.831302
3.914175
3.758756
3.637147
3.787344
3.593301
3.774635
3.787763
3.647574
3.717762
3.832835
3.722751
3.698074
3.642508
3.689129
3.857172
3.692024
3.692320
3.691714
3.815809
3.872742
3.774981
3.794158
3.663462
3.679100
3.671208
3.691045
3.828351
3.649251
3.770660
3.748764
3.569652
3.741741
3.764797
3.786095
3.685508
3.638059
3.692952
3.661228
3.767992
3.723998
3.801844
3.712248
3.766063
3.670582
3.649238
3.543017
3.591253
3.608670
3.627011
3.526330
3.603025
3.757677
3.679079
3.723207
3.611397
3.714387
3.676608
3.618830
3.695360
3.600751
3.649771
3.586623
3.775913
3.643961
3.408148
3.626818
3.605298
3.630847
3.705034
3.736700
3.561520
3.614682
3.549484
3.617304
3.384564
3.560470
3.609150
3.494672
3.537933
3.554759
3.617669
3.651743
3.704535
3.554702
3.557887
3.460023
3.650071
3.644189
3.485730
3.588911
3.391756
3.451646
3.559142
3.657294
3.700411
3.585182
3.382660
3.484012
3.497172
3.630190
3.665013
3.520401
3.289146
3.461499
3.567383
3.396506
3.623604
3.446375
3.512679
3.578027
3.435967
3.424846
3.477914
3.539251
3.538354
3.448675
3.450358
3.461514
3.654410
3.387017
3.489911
3.487555
3.526024
3.351735
3.654310
3.571259
3.572495
3.606248
3.449525
3.350980
3.452304
3.542593
3.572500
3.459530
3.486667
3.600562
3.593399
3.474750
3.540028
3.495812
3.509279
3.459483
3.385731
3.515444
3.370208
3.585582
3.406963
3.344127
3.458412
3.529810
3.476547
3.364139
3.399558
3.425606
3.497928
3.503819
3.440637
3.499738
3.478130
3.375309
3.320698
3.433848
3.516974
3.449703
3.477819
3.480112
3.507672
3.476029
3.310035
3.314558
3.351788
3.575721
3.470382
3.512852
3.496722
3.315263
3.443330
3.371789
3.421942
3.409556
3.274002
3.478951
3.386939
3.375962
3.338236
3.408290
3.415099
3.498146
3.402150
3.426795
3.400634
3.515326
3.493055
3.378150
3.353106
3.335639
3.215293
3.308942
3.360150
3.500892
3.403906
3.479840
3.369812
3.361414
3.280432
3.274519
3.354273
3.301019
3.484376
3.358942
3.366085
3.400851
3.417655
3.372345
3.161336
3.363466
3.273628
3.402653
3.292932
3.327476
3.301911
3.265655
3.333127
3.266420
3.366142
3.172327
3.436496
3.355740
3.284590
3.408468
3.141623
3.243105
3.194760
3.358028
3.333393
3.350800
3.399753
3.436816
3.318798
3.165153
3.534299
3.223989
3.171618
3.345816
3.332679
3.254238
3.148859
3.236055
3.177050
3.490571
3.196534
3.261996
3.256582
3.244184
3.410764
3.390996
3.181602
3.148918
3.371202
3.165248
3.213110
3.131676
3.389825
3.342053
3.289671
3.232437
3.141565
3.181194
3.249668
3.231970
3.387184
3.282174
3.185002
3.233037
3.222786
3.089997
3.255144
3.106445
3.366002
3.204025
3.159218
3.160988
3.134702
3.160202
3.152656
3.139367
3.102311
3.148973
3.192764
3.290032
3.218846
3.228749
3.206303
3.209962
3.096226
3.109310
3.190475
3.259141
3.273687
3.423147
3.215270
3.261373
3.298815
3.376591
3.147959
3.196743
3.232688
3.169641
3.115503
3.160586
3.166322
3.047276
3.132477
3.120174
3.012002
3.062840
3.023165
3.026061
3.217845
3.111616
3.217976
3.068202
3.132249
3.224919
3.070162
3.147799
3.135710
3.200387
3.092207
3.134915
3.030740
3.134263
3.179229
3.075167
3.134376
2.997743
3.090701
3.199606
3.224934
2.990878
3.162888
3.116093
3.150656
3.256660
3.128216
3.093915
3.189333
3.174807
3.095760
3.070734
3.030453
3.050688
3.099643
3.155827
2.997968
3.195748
3.077070
3.056383
3.000095
3.018741
2.988771
3.153497
3.164262
2.995673
3.049103
3.130782
3.078362
3.197937
3.120460
3.069445
3.255857
3.074474
3.057114
2.999959
3.115595
3.077676
3.154452
3.127019
3.076326
3.043200
2.973616
3.057848
2.994545
3.267749
3.309235
3.117732
3.103489
2.977631
3.200487
2.968236
2.923263
3.150730
3.051825
3.127691
3.201311
3.189500
2.967740
2.876702
2.960799
2.975623
3.138159
2.950500
2.938565
2.939252
3.016863
3.090129
3.012526
3.028690
2.904217
2.924193
2.991440
2.907725
2.981095
2.945069
3.009955
3.023041
2.981003
2.929052
3.017456
3.018280
2.903571
2.962284
3.129502
2.966751
3.037606
3.150029
3.049200
2.952774
2.991358
2.962633
3.100085
2.974824
3.040600
2.941447
2.908610
2.934578
2.977191
2.833277
2.918921
2.968495
2.993167
2.983968
3.016509
2.945782
2.948289
3.116449
2.946835
2.884491
2.872220
2.951158
3.038815
2.958727
2.964836
2.942316
3.048273
2.955517
2.887928
2.796605
2.883437
2.930231
3.018446
2.974114
2.992718
2.938528
2.970277
2.974324
2.833700
2.889114
2.974560
2.916641
2.983394
3.049387
2.963999
2.890148
2.759863
2.860215
2.923300
2.872166
2.892289
3.049752
2.998985
2.845490
2.805662
2.893580
3.006876
3.008024
2.797273
2.962615
2.815921
3.096736
2.982893
2.989351
3.003242
2.836729
2.821479
2.814983
2.771677
2.947493
2.918024
3.028275
2.911279
2.835511
2.820274
2.858356
2.923025
2.885682
2.765366
2.909791
2.805268
2.953208
2.997579
3.090730
2.959743
2.755700
2.755296
2.829555
2.966593
2.873225
2.822895
2.749828
3.019562
2.821205
2.835028
2.913162
2.745430
2.841224
2.735396
2.941387
2.802518
2.834759
2.860542
2.752637
2.925504
3.046628
2.721934
2.737580
3.102840
2.759010
2.897601
2.959171
2.907341
2.808057
2.859129
2.835905
2.843454
2.881486
2.820886
2.875359
2.854579
2.878219
2.718350
2.851943
2.891206
2.931308
2.854188
3.025671
2.895554
2.732889
2.864062
2.661673
2.872935
2.745258
2.859012
2.759561
2.794753
2.824068
2.911564
2.913605
2.847316
2.757208
2.848994
2.826125
2.911620
2.742167
2.786704
2.873130
2.702428
2.691623
2.699721
2.844397
2.753351
2.884233
2.743449
2.767568
2.820581
2.649971
2.747345
2.776772
2.881267
2.669600
2.762455
2.692480
2.833558
2.719037
2.738113
2.791385
2.777393
2.699458
2.724332
2.846450
2.730406
2.648142
2.704568
2.700493
2.752725
2.774477
2.895525
2.813532
2.809527
2.911611
2.845414
2.750848
2.656999
2.804041
2.625172
2.639277
2.661657
2.682345
2.821962
2.830134
2.699897
2.657865
2.784099
2.664444
2.899590
2.835265
2.652530
2.681881
2.778023
2.751721
2.692260
2.720653
2.677826
2.727904
2.729598
2.570178
2.738979
2.738297
2.722903
2.645635
2.564013
2.779303
2.744304
2.707994
2.848114
2.725901
2.620494
2.681704
2.622204
2.589228
2.600700
2.726408
2.794259
2.870533
2.729357
2.688067
2.645093
2.806337
2.780792
2.610327
2.659141
2.653477
2.632205
2.862749
2.695018
2.809727
2.710455
2.623862
2.600839
2.754647
2.611712
2.741081
2.660693
2.526107
2.700502
2.599674
2.624328
2.639699
2.759250
2.624853
2.649923
2.748721
2.616982
2.669625
2.680520
2.591439
2.629028
2.804646
2.654609
2.795108
2.717032
2.599784
2.611514
2.719608
2.745854
2.639128
2.691055
2.742842
2.681176
2.628924
2.552986
2.705995
2.580018
2.561206
2.701024
2.701239
2.698086
2.723319
2.611853
2.736083
2.613091
2.779161
2.719728
2.624370
2.742351
2.561476
2.638233
2.635325
2.578403
2.574042
2.613605
2.447611
2.643035
2.809969
2.685607
2.680921
2.571771
2.495317
2.704225
2.463185
2.676228
2.562845
2.616386
2.634815
2.553747
2.563396
2.646108
2.540654
2.677085
2.784645
2.735723
2.540512
2.547110
2.543665
2.695232
2.634282
2.600831
2.509968
2.623050
2.554576
2.603525
2.521821
2.628928
2.637675
2.647774
2.618287
2.613094
2.593959
2.556589
2.604242
2.461065
2.758185
2.546977
2.549828
2.535820
2.464616
2.508890
2.454733
2.738258
2.538702
2.528938
2.431287
2.569616
2.528529
2.463696
2.471877
2.580838
2.485819
2.571561
2.699893
2.556437
2.446574
2.505743
2.460949
2.554185
2.416623
2.661869
2.497980
2.611772
2.610613
2.544767
2.543876
2.535982
2.667371
2.517148
2.436656
2.512171
2.452574
2.469651
2.531135
2.707641
2.631589
2.503825
2.686773
2.463570
2.571747
2.523664
2.690398
2.631464
2.511227
2.447448
2.641640
2.452910
2.567388
2.550430
2.445037
2.495150
2.603626
2.583499
2.550758
2.586893
2.627663
2.499379
2.530249
2.514677
2.602701
2.563828
2.467123
2.442056
2.393873
2.608510
2.695460
2.398011
2.460828
2.675664
2.525764
2.349397
2.453517
2.472949
2.466443
2.686881
2.389636
2.467989
2.441019
2.470644
2.407515
2.435756
2.422595
2.470804
2.402369
2.432949
2.519621
2.381232
2.538632
2.407055
2.489711
2.437825
2.468298
2.457738
2.469881
2.509097
2.565774
2.408495
2.502351
2.643540
2.511576
2.534541
2.516425
2.424006
2.328148
2.475837
2.440419
2.392985
2.541584
2.483748
2.394277
2.571155
2.452427
2.420473
2.434129
2.533767
2.439616
2.536569
2.379178
2.484079
2.538340
2.532168
2.407760
2.386082
2.407027
2.381837
2.446472
2.546887
2.549364
2.384732
2.490077
2.490747
2.321764
2.233827
2.483554
2.486282
2.558172
2.371590
2.313336
2.322107
2.318241
2.476276
2.378254
2.481715
2.514219
2.427222
2.471698
2.429012
2.432691
2.489083
2.409426
2.349247
2.315262
2.457054
2.277386
2.370367
2.336633
2.369139
2.383299
2.632037
2.407588
2.535570
2.397441
2.426873
2.364815
2.377733
2.272288
2.290081
2.540271
2.398682
2.418339
2.506302
2.332078
2.419028
2.384538
2.396713
2.544513
2.386835
2.368090
2.340504
2.334166
2.479147
2.335281
2.356859
2.300746
2.216595
2.451435
2.392274
2.409797
2.427946
2.361782
2.390241
2.413059
2.251545
2.440468
2.354517
2.439067
2.458393
2.437092
2.490664
2.470089
2.252928
2.377109
2.367321
2.356171
2.324711
2.241565
2.356017
2.478273
2.375755
2.504842
2.466568
2.309577
2.367721
2.418804
2.401417
2.273830
2.296825
2.398949
2.413319
2.222715
2.272328
2.414241
2.459192
2.384849
2.353680
2.410625
2.388385
2.407677
2.241770
2.311182
2.354486
2.250608
2.405719
2.451537
2.302937
2.321035
2.173052
2.405595
2.323802
2.403598
2.336102
2.334482
2.373764
2.377299
2.317478
2.258005
2.377087
2.391486
2.486945
2.260844
2.293688
2.282825
2.419153
2.461586
2.341732
2.352488
2.370035
2.276471
2.384500
2.283102
2.338835
2.442191
2.341537
2.322114
2.330017
2.371118
2.289867
2.316810
2.445950
2.330029
2.355179
2.251273
2.352514
2.354455
2.216835
2.414782
2.298325
2.359896
2.433481
2.375980
2.258116
2.345767
2.422083
2.269624
2.309709
2.407439
2.365710
2.316138
2.450263
2.304180
2.261725
2.406483
2.300862
2.260804
2.200189
2.260922
2.302792
2.209191
2.248463
2.313594
2.363144
2.237112
2.236403
2.233515
2.433313
2.356138
2.340429
2.187305
2.310740
2.379928
2.270088
2.204608
2.349339
2.232300
2.323547
2.286762
2.289547
2.300334
2.417980
2.430455
2.218775
2.292262
2.488132
2.295363
2.294881
2.223063
2.355071
2.336099
2.259454
2.204975
2.285573
2.337288
2.246579
2.266396
2.380518
2.212929
2.255426
2.335796
2.315609
2.237979
2.263032
2.190324
2.195364
2.274785
2.304386
2.252721
2.328218
2.311451
2.280145
2.211140
2.185176
2.301248
2.251822
2.235437
2.278346
2.261676
2.326962
2.197884
2.207369
2.180109
2.114988
2.246942
2.236995
2.263447
2.202924
2.225945
2.129672
2.127488
2.334253
2.191343
2.218935
2.248267
2.254783
2.114696
2.281950
2.234888
2.287178
2.326321
2.138297
2.264523
2.201096
2.095019
2.143218
2.116136
2.388695
2.227969
2.118025
2.230790
2.243334
2.194602
2.304807
2.277648
2.236408
2.206214
2.301940
2.327099
2.235277
2.250573
2.204378
2.173427
2.199958
2.143680
2.131073
2.175942
2.312991
2.163534
2.331207
2.288195
2.153671
2.096172
2.306945
2.127301
2.244000
2.164594
2.142995
2.101341
2.318066
2.132148
2.014271
2.238844
2.269869
2.159376
2.185671
2.247079
2.153683
2.262126
2.199181
2.152624
2.251454
2.102737
2.033417
2.218088
2.120420
2.173296
2.192227
2.203647
2.176454
2.132648
2.139627
2.147863
2.150080
2.163647
2.215887
2.146035
2.121789
2.280627
2.278759
2.189101
2.152631
2.209248
2.092099
2.068387
2.143132
2.113913
2.150391
2.244864
2.307387
2.197945
2.287032
2.228539
2.142957
2.140964
2.092757
2.121817
2.128192
2.085839
2.209384
2.074361
2.222689
2.151137
2.322560
2.260461
2.227643
2.145859
2.325052
2.433415
2.225231
2.120163
2.136881
2.100757
2.139679
2.154536
2.137476
2.182810
2.128390
2.164349
2.110254
2.163351
2.094134
2.169208
2.193000
2.313525
2.118474
2.165613
2.163694
2.265912
2.148782
2.295710
2.090723
2.105771
2.111799
2.140038
2.137179
2.196113
2.157921
2.070930
2.149641
2.134949
2.084613
2.328451
2.209422
2.206698
2.077854
2.061426
2.102467
2.147238
2.271849
2.082411
2.250145
2.163212
2.018121
2.171719
2.025980
2.101780
2.184153
2.104906
2.102132
2.195616
2.120566
2.247128
2.152295
2.073964
2.093400
2.164922
2.181279
2.071795
2.177462
2.052832
1.966245
2.172387
2.146465
2.130814
2.122396
2.023779
1.980822
2.014567
2.063462
2.119532
2.124674
2.107223
2.183405
2.151517
2.348882
1.966478
2.119678
2.082841
1.969439
2.250395
2.179156
2.235498
2.081244
2.224525
2.143501
2.092715
2.106552
2.175806
2.003752
2.041198
2.107782
2.250808
2.247368
2.106495
2.195383
2.194822
1.988446
2.101983
2.014013
1.977385
2.099460
2.127052
2.155623
2.156373
2.047669
2.043303
2.131523
2.126915
2.082298
2.153022
2.209031
2.064898
2.038107
2.257925
2.004999
2.026373
2.110535
2.217310
2.197355
2.120191
2.077561
1.992331
2.050421
2.282640
2.056710
1.955017
2.085848
2.112691
1.991193
2.023596
2.106022
2.002770
2.125081
2.046465
2.111516
2.051886
2.041034
2.088105
2.136103
2.100949
1.997028
2.040560
2.214401
2.023901
2.191242
2.078886
1.949906
2.042736
2.081582
2.011671
1.997146
2.089345
1.942548
2.108009
2.129783
2.126230
1.982334
2.041803
2.012190
2.051403
2.018127
2.005932
2.161121
2.066824
2.092952
2.066454
2.085162
2.166924
2.079957
1.966774
2.112460
2.111028
2.005157
2.068371
2.064805
2.016429
2.092236
2.008575
2.049886
2.022878
2.128693
2.102109
2.071625
2.050408
1.938728
2.170890
1.964054
2.078314
2.032003
2.111387
2.053592
1.994734
1.977831
2.069222
2.025616
2.028972
2.042326
2.034485
2.103212
2.139755
2.065651
2.080754
1.992266
2.152398
2.122062
2.054220
2.030186
1.850293
1.941498
2.108999
2.110949
2.166044
1.992698
1.987708
1.970935
1.961196
1.884844
1.920484
2.187303
1.990456
2.035158
1.961339
2.205010
2.065551
2.034686
2.045188
1.975752
2.076235
2.086895
1.962741
2.002759
1.965182
2.032796
2.027729
2.100112
2.007046
1.991113
1.860836
1.944186
1.939726
1.993505
2.005314
1.940731
1.991441
2.035968
1.996093
1.896226
1.852176
1.975580
2.007797
1.946716
1.942652
1.934391
2.027011
2.031011
1.875976
1.943002
1.958467
1.884451
2.005053
1.913193
2.029425
2.056502
2.142556
2.126746
1.889647
1.964877
1.852615
1.999107
2.076940
1.984263
1.938298
1.937440
1.946514
1.992599
1.963175
2.044187
1.836397
1.950047
2.092725
1.975682
1.970128
2.206270
2.039068
1.929964
2.077805
2.061860
1.924081
1.916650
1.958738
2.123691
1.965209
1.957020
1.908798
1.935499
2.045878
1.780858
1.923322
1.923327
1.972030
2.046678
1.975904
2.080547
2.023618
1.987571
1.960614
1.974421
2.083786
2.024241
1.926335
2.064429
2.009343
1.986022
1.922440
1.910522
2.037727
1.918763
1.935929
1.889844
1.928520
1.972987
2.012175
1.862417
1.852428
1.891456
1.827156
1.964948
1.980306
1.944725
1.829870
2.009773
2.001286
2.060093
1.870896
2.078647
1.892804
1.831415
1.921838
2.017457
2.081325
2.014970
1.983624
1.887549
2.026969
2.010891
2.028222
1.927616
1.944207
1.852430
1.923172
1.844002
1.937817
1.982070
1.901783
1.825300
1.987560
1.905573
1.963744
1.758196
1.973593
1.888830
1.969750
1.860829
1.947895
1.928954
1.788144
1.910358
2.008493
1.960005
1.947149
1.918074
1.955102
1.914073
1.847884
2.034217
2.041853
1.945281
1.906674
1.890667
1.994401
1.790641
1.940020
1.889513
1.919712
1.999667
1.940963
1.881769
1.902584
1.842947
1.803319
1.790492
1.879401
1.941240
1.971558
2.108734
1.952932
1.942521
1.994591
1.980695
1.889635
1.924222
1.890063
1.955604
1.856101
1.979723
1.821926
1.844186
1.903003
1.889471
1.919262
2.017113
1.799093
1.886809
1.952800
1.937693
1.893389
1.898028
1.993251
1.857292
1.963343
1.894833
1.876423
1.911566
1.782218
1.970104
1.861156
1.938854
1.913252
1.910092
1.769286
2.026112
1.856822
1.837720
1.865896
1.857056
1.975119
1.931210
2.116257
1.879243
1.906889
1.902923
2.000483
1.741018
1.884196
1.916402
1.861458
1.946048
1.807448
1.886985
1.976700
1.932121
1.960676
1.933234
1.839753
1.932556
1.865525
1.764709
1.830500
1.727689
1.800792
1.949309
1.885280
1.859569
1.950863
1.857221
1.806891
2.028501
1.852924
1.908115
1.875512
1.879253
1.843951
1.858811
1.901075
1.888744
1.781055
1.855468
1.812168
1.901081
1.883846
1.849383
2.017125
1.892429
2.084759
2.005394
1.788334
1.780409
1.848230
1.905956
1.895321
1.906152
1.866233
1.901876
1.958325
1.831514
1.896722
1.905852
1.824823
1.848318
1.769034
1.969318
1.942489
1.858175
2.065613
1.941375
1.897156
1.806212
1.843694
1.937369
1.837871
1.906302
1.837471
1.836988
1.868704
1.812653
2.010368
1.765321
1.883000
1.906849
1.890131
1.823514
1.858857
2.015341
1.841199
1.834812
1.817413
1.804217
1.729809
1.853666
1.779683
1.960616
1.796302
1.920296
1.997970
1.900408
1.780171
1.835299
1.720104
1.921148
1.787398
1.871065
1.736762
1.922751
1.832924
1.956112
1.955329
1.826799
1.818033
1.886744
1.663442
1.819379
1.819056
1.869211
1.748609
1.791095
1.823317
1.900045
1.780488
1.726933
1.900958
1.771425
1.816206
1.753329
1.781567
1.767957
1.768289
1.748866
1.797029
1.750823
1.856025
1.940348
1.727818
1.836374
1.746635
1.789337
1.786845
1.956489
1.814611
1.912829
1.850035
1.841445
1.829394
1.877739
1.885932
1.776430
1.731554
1.715788
1.768905
1.796779
1.789655
1.754758
1.925972
1.927816
1.879868
1.700543
1.699207
1.739225
1.793518
1.891551
1.753177
1.743008
1.838417
1.763020
1.789264
1.851825
1.718897
1.864929
1.776557
1.712024
1.780282
1.808054
1.838593
1.838978
1.827902
1.796240
1.924016
1.790766
1.850606
1.952274
1.809154
1.834316
1.836703
1.793763
1.744720
1.768717
1.772928
1.742734
1.840629
1.655768
1.791504
1.689636
1.792556
1.939260
1.823672
1.784574
1.761104
1.770387
1.768878
1.803893
1.843426
1.757898
1.785434
1.779756
1.720349
1.727828
1.878062
1.764479
1.784875
1.830837
1.770722
1.757645
1.879391
1.815060
1.822906
1.789164
1.844420
1.719001
1.702861
1.716435
1.778894
1.889154
1.824747
1.913757
1.755706
1.759472
1.737534
1.803278
1.871445
1.747373
1.772676
1.682471
1.701122
1.677570
1.661024
1.676851
1.715873
1.827867
1.697869
1.855685
1.869060
1.871074
1.739265
1.765803
1.877746
1.791628
1.852194
1.715083
1.690644
1.698574
1.744579
1.683551
1.751722
1.827003
1.865391
1.854312
1.821202
1.718263
1.758192
1.664997
1.817006
1.718904
1.781062
1.742983
1.736820
1.788684
1.968911
1.875526
1.738882
1.685973
1.666123
1.762173
1.678263
1.763484
1.797644
1.837287
1.766100
1.737190
1.757105
1.814140
1.779514
1.725443
1.749962
1.692702
1.783870
1.737058
1.671661
1.799555
1.761881
1.687854
1.790076
1.768634
1.754089
1.737919
1.858501
1.847440
1.649640
1.710909
1.731315
1.691908
1.839267
1.808741
1.736557
1.802012
1.685390
1.687706
1.788860
1.795012
1.780550
1.858909
1.792144
1.735812
1.718108
1.804633
1.774472
1.917359
1.784631
1.747439
1.790140
1.724936
1.816149
1.757954
1.744553
1.784824
1.735866
1.798691
1.793115
1.739876
1.805312
1.833851
1.856052
1.721339
1.747086
1.750701
1.632348
1.772852
1.740184
1.684770
1.761873
1.674969
1.750568
1.686820
1.764663
1.764328
1.747348
1.732952
1.951863
1.759896
1.582884
1.639383
1.830389
1.770255
1.770439
1.874776
1.768772
1.753107
1.772989
1.722267
1.716804
1.812137
1.699881
1.679476
1.781235
1.800406
1.681264
1.691468
1.630164
1.600185
1.720960
1.737317
1.655175
1.745055
1.799294
1.769721
1.716795
1.728371
1.717680
1.790091
1.588167
1.691792
1.765214
1.708745
1.759792
1.813059
1.747368
1.646322
1.709465
1.627495
1.652131
1.655269
1.779729
1.640257
1.628004
1.672677
1.616122
1.742459
1.666989
1.775546
1.722466
1.796433
1.770016
1.633887
1.673799
1.756332
1.746341
1.646984
1.672198
1.650091
1.723531
1.677750
1.803398
1.704008
1.786994
1.714545
1.618883
1.698167
1.612020
1.663301
1.681291
1.662024
1.702441
1.742527
1.649637
1.635454
1.674453
1.714555
1.667986
1.707993
1.762745
1.581140
1.703652
1.650691
1.774335
1.650375
1.693631
1.669799
1.607834
1.600239
1.618621
1.751811
1.670807
1.637244
1.702737
1.777754
1.662498
1.686883
1.778972
1.752415
1.667522
1.822448
1.680714
1.731008
1.789308
1.703140
1.638521
1.821496
1.721268
1.638532
1.649856
1.589128
1.752009
1.764244
1.611624
1.757308
1.714064
1.743401
1.688268
1.666397
1.676971
1.625642
1.694357
1.720307
1.642018
1.793545
1.616334
1.612083
1.633002
1.638549
1.758476
1.596208
1.725256
1.680296
1.697192
1.612849
1.629782
1.832232
1.574274
1.638221
1.604209
1.682890
1.590052
1.573053
1.698426
1.664193
1.675777
1.813571
1.683054
1.658399
1.798158
1.691927
1.618565
1.655421
1.581264
1.657446
1.573276
1.591980
1.673704
1.629718
1.685899
1.789254
1.713090
1.628211
1.639335
1.721451
1.600795
1.688952
1.584785
1.755579
1.647779
1.626060
1.695902
1.661563
1.652436
1.604124
1.657607
1.735141
1.690665
1.736936
1.701489
1.669276
1.811546
1.733260
1.745978
1.640738
1.649380
1.613236
1.557327
1.638304
1.587036
1.702858
1.595655
1.628409
1.724316
1.644838
1.586465
1.891787
1.779953
1.654065
1.606816
1.744273
1.598464
1.741156
1.649215
1.651682
1.588502
1.611935
1.564975
1.634888
1.839519
1.631264
1.594061
1.699545
1.652418
1.634303
1.608973
1.674329
1.697115
1.523832
1.661471
1.609425
1.770297
1.606503
1.659908
1.608197
1.597957
1.587150
1.645852
1.716144
1.644204
1.716813
1.622571
1.670969
1.653559
1.676352
1.679498
1.684043
1.691185
1.645486
1.666349
1.699713
1.548303
1.695955
1.689294
1.633877
1.642509
1.631249
1.627276
1.621519
1.617221
1.624940
1.598638
1.614855
1.682557
1.638801
1.737704
1.715224
1.603894
1.638794
1.558672
1.575549
1.670764
1.739712
1.671132
1.565774
1.660317
1.552559
1.647058
1.664272
1.700916
1.606916
1.625320
1.544493
1.612808
1.574261
1.714411
1.614429
1.583026
1.496837
1.571128
1.569029
1.690062
1.553000
1.536638
1.538821
1.831445
1.587386
1.625828
1.632311
1.657757
1.552564
1.620350
1.683962
1.654210
1.540806
1.712848
1.555724
1.718170
1.717503
1.613319
1.700448
1.558896
1.629113
1.488428
1.623028
1.595457
1.635015
1.596360
1.524637
1.589282
1.639205
1.514062
1.619868
1.486925
1.631851
1.567087
1.638178
1.607593
1.754896
1.540763
1.640035
1.572743
1.583633
1.567415
1.518022
1.618012
1.510086
1.725002
1.507000
1.566876
1.590837
1.576879
1.565763
1.613570
1.652519
1.601112
1.646280
1.713635
1.595946
1.652994
1.668769
1.551683
1.595716
1.666915
1.665905
1.541945
1.715947
1.705597
1.585759
1.614029
1.567079
1.626612
1.558390
1.545862
1.643749
1.637850
1.593402
1.619529
1.544461
1.527407
1.643951
1.585488
1.591563
1.589125
1.695385
1.581716
1.645588
1.497697
1.623280
1.600413
1.666100
1.660009
1.600593
1.547943
1.522797
1.742432
1.517870
1.585255
1.623868
1.734074
1.593491
1.613921
1.592633
1.550546
1.629959
1.736585
1.563928
1.621998
1.709971
1.594299
1.587957
1.461573
1.467011
1.577498
1.577690
1.637440
1.682913
1.479940
1.586362
1.597318
1.542589
1.617636
1.701643
1.614758
1.596157
1.544551
1.694766
1.547407
1.454545
1.580711
1.483490
1.526740
1.631593
1.513026
1.674895
1.524214
1.699982
1.664121
1.667965
1.531265
1.545481
1.558326
1.650060
1.584072
1.473613
1.628651
1.597485
1.581780
1.583018
1.504097
1.506786
1.558089
1.629218
1.534886
1.541940
1.672027
1.588212
1.634435
1.614129
1.520684
1.719635
1.748662
1.556267
1.547003
1.658429
1.720804
1.645281
1.565398
1.522074
1.477280
1.603509
1.565874
1.533195
1.608744
1.539898
1.710821
1.564647
1.513192
1.589081
1.543972
1.579225
1.598178
1.485956
1.478748
1.552849
1.438795
1.635931
1.603117
1.497231
1.587890
1.520246
1.515440
1.586735
1.654637
1.654597
1.702672
1.596480
1.616422
1.500382
1.664144
1.462367
1.511958
1.514974
1.540029
1.685830
1.630123
1.582995
1.524720
1.495695
1.465047
1.708906
1.640645
1.593343
1.529208
1.606067
1.623971
1.534262
1.494185
1.543408
1.417453
1.525121
1.520559
1.539943
1.669510
1.411137
1.604154
1.502985
1.431040
1.579392
1.571144
1.593084
1.552221
1.510064
1.548568
1.473796
1.455423
1.541391
1.572805
1.480924
1.570438
1.537212
1.500749
1.522025
1.567393
1.525632
1.579319
1.600983
1.537832
1.650830
1.471340
1.606086
1.641326
1.537330
1.453428
1.450789
1.556846
1.449303
1.498489
1.585517
1.641421
1.589649
1.512882
1.501404
1.566905
1.480033
1.558577
1.643216
1.513132
1.501862
1.548578
1.514052
1.576205
1.463132
1.582976
1.615315
1.594878
1.617973
1.489443
1.481501
1.514511
1.541175
1.531280
1.607976
1.616989
1.521212
1.595477
1.478451
1.596080
1.580386
1.604210
1.444080
1.565352
1.426811
1.531056
1.407272
1.447242
1.387331
1.505969
1.518924
1.525627
1.627383
1.530818
1.478931
1.490030
1.564011
1.584276
1.558816
1.528681
1.467173
1.587257
1.564756
1.473953
1.533998
1.476000
1.504326
1.513644
1.590685
1.468193
1.486161
1.421873
1.512168
1.548663
1.438799
1.469841
1.524009
1.536984
1.548978
1.516904
1.590256
1.560622
1.496778
1.636526
1.558714
1.605629
1.511499
1.486181
1.377813
1.432172
1.526300
1.512508
1.419869
1.596071
1.503202
1.485656
1.580427
1.451165
1.473379
1.603942
1.574045
1.534520
1.499905
1.568081
1.521042
1.423209
1.432550
1.408237
1.412087
1.399633
1.482154
1.519431
1.463157
1.459345
1.423500
1.544585
1.640900
1.526382
1.477059
1.381020
1.517749
1.484287
1.457173
1.458695
1.524333
1.536601
1.449975
1.570857
1.571029
1.559516
1.500063
1.372562
1.539999
1.506217
1.437524
1.436437
1.525383
1.390786
1.466054
1.569033
1.590100
1.596639
1.494151
1.468936
1.493862
1.553757
1.579960
1.442544
1.464406
1.473946
1.561518
1.479425
1.486149
1.485577
1.450545
1.574682
1.368716
1.633312
1.499256
1.538087
1.492832
1.419624
1.656256
1.597297
1.474933
1.537556
1.414041
1.592856
1.562634
1.387110
1.478544
1.553764
1.608058
1.431670
1.446676
1.463128
1.561947
1.510099
1.551701
1.449142
1.554624
1.523988
1.444773
1.437159
1.447738
1.422282
1.384417
1.370080
1.509447
1.510178
1.427688
1.493204
1.591827
1.523956
1.491347
1.533144
1.454672
1.536830
1.526372
1.480030
1.560840
1.517980
1.534059
1.689198
1.469541
1.491217
1.452908
1.541175
1.419769
1.487075
1.513906
1.465225
1.521272
1.451206
1.590431
1.583100
1.401796
1.659905
1.480360
1.523971
1.437072
1.554737
1.470681
1.536531
1.687343
1.484294
1.591333
1.472104
1.535603
1.481326
1.437479
1.384064
1.458198
1.414198
1.552084
1.542680
1.407189
1.390356
1.334671
1.495004
1.481057
1.386093
1.577523
1.447504
1.466211
1.444901
1.458797
1.414926
1.512113
1.531115
1.472178
1.500682
1.486399
1.448126
1.493749
1.409812
1.423522
1.470343
1.513351
1.606378
1.397232
1.450515
1.477776
1.474940
1.482667
1.485303
1.525019
1.380856
1.360278
1.466204
1.418390
1.553258
1.482912
1.528412
1.408693
1.462636
1.406796
1.445142
1.449694
1.554029
1.450521
1.475672
1.406886
1.399249
1.500763
1.483014
1.494388
1.551974
1.464256
1.500312
1.542829
1.485393
1.461253
1.427630
1.405780
1.413719
1.506564
1.517573
1.366313
1.508101
1.400871
1.469646
1.389888
1.479931
1.386253
1.450805
1.570888
1.454350
1.386391
1.513535
1.358139
1.407527
1.358171
1.375011
1.383201
1.390602
1.443464
1.497661
1.406313
1.417147
1.470458
1.547087
1.458658
1.453722
1.547844
1.406158
1.404180
1.428397
1.392622
1.437275
1.429986
1.495954
1.448262
1.384027
1.464521
1.421108
1.415609
1.438916
1.482773
1.451102
1.523682
1.488100
1.542031
1.493991
1.396191
1.419194
1.430558
1.452041
1.425847
1.571871
1.532385
1.543590
1.389118
1.572284
1.295999
1.530369
1.442802
1.443811
1.484109
1.506596
1.480747
1.483871
1.366273
1.359505
1.421041
1.491657
1.478692
1.420307
1.349422
1.420232
1.452956
1.382783
1.401315
1.413443
1.386236
1.437601
1.612090
1.412897
1.408755
1.386456
1.465399
1.377471
1.350483
1.397579
1.407798
1.428908
1.373866
1.398776
1.451965
1.414306
1.405266
1.369062
1.401476
1.404694
1.351095
1.459888
1.434476
1.523208
1.496022
1.549709
1.481642
1.500405
1.344629
1.430765
1.465856
1.456907
1.389944
1.439196
1.552435
1.362661
1.558902
1.515916
1.538810
1.405707
1.452025
1.470370
1.477664
1.603081
1.470694
1.466753
1.513302
1.497267
1.474691
1.543008
1.428363
1.471424
1.340433
1.455625
1.462954
1.467480
1.578302
1.312581
1.341183
1.284458
1.339199
1.436901
1.343393
1.385400
1.471627
1.441467
1.447417
1.371185
1.488510
1.490110
1.458500
1.480891
1.350776
1.456374
1.372523
1.531070
1.355204
1.461468
1.558314
1.475726
1.484680
1.360283
1.514735
1.389153
1.341595
1.367145
1.361692
1.330554
1.404652
1.422625
1.348018
1.393763
1.451045
1.391027
1.345578
1.438875
1.377596
1.433238
1.420422
1.344718
1.307292
1.427406
1.406824
1.435032
1.398374
1.357330
1.342141
1.356507
1.490241
1.451781
1.399276
1.429584
1.333323
1.427577
1.352376
1.385274
1.448429
1.310357
1.388779
1.401564
1.378380
1.416594
1.476223
1.279067
1.459430
1.413668
1.384821
1.412728
1.413348
1.451353
1.302069
1.427441
1.362507
1.389523
1.355106
1.599539
1.436912
1.471900
1.416593
1.432385
1.508578
1.391331
1.365083
1.360021
1.505780
1.387103
1.425733
1.450467
1.424201
1.394053
1.446490
1.399677
1.313986
1.436445
1.439807
1.409221
1.393447
1.361114
1.445381
1.432136
1.431890
1.371355
1.427356
1.340256
1.448039
1.544503
1.475136
1.321007
1.385715
1.345673
1.385446
1.410739
1.421449
1.588775
1.396420
1.350935
1.386129
1.403312
1.355109
1.411319
1.373047
1.242895
1.402394
1.285504
1.447258
1.330207
1.497208
1.389518
1.411912
1.327379
1.359341
1.335293
1.457934
1.384094
1.392987
1.368549
1.477760
1.369024
1.325841
1.380264
1.315249
1.448096
1.451299
1.278929
1.351552
1.455694
1.383773
1.366972
1.407924
1.468626
1.389872
1.265833
1.378352
1.379603
1.380275
1.219425
1.327481
1.381722
1.546658
1.368170
1.349757
1.561863
1.458091
1.522479
1.430078
1.423965
1.393602
1.404479
1.533875
1.482652
1.332608
1.423323
1.318936
1.365795
1.361033
1.458823
1.314537
1.344420
1.452394
1.388993
1.439550
1.432290
1.279129
1.477342
1.393857
1.388077
1.459072
1.404054
1.362180
1.385952
1.407046
1.434870
1.433848
1.530053
1.403674
1.321481
1.407037
1.377467
1.390029
1.404106
1.418761
1.393425
1.387794
1.576066
1.266799
1.397266
1.408634
1.283343
1.354252
1.411958
1.343277
1.380390
1.437318
1.376864
1.480737
1.374178
1.387269
1.338104
1.324753
1.326130
1.314722
1.399505
1.471409
1.372638
1.366722
1.336794
1.226863
1.466711
1.323948
1.346649
1.459230
1.323258
1.379001
1.367382
1.380542
1.368369
1.471589
1.302719
1.360027
1.359324
1.402903
1.424954
1.391004
1.365566
1.308825
1.240064
1.438734
1.354050
1.476414
1.462496
1.383202
1.404153
1.355220
1.429452
1.303020
1.300269
1.435157
1.485385
1.261482
1.382145
1.389865
1.458911
1.294299
1.308886
1.302778
1.352916
1.381880
1.348443
1.351268
1.302655
1.355171
1.290681
1.454196
1.400387
1.291215
1.305017
1.437161
1.331569
1.328483
1.285032
1.336087
1.429147
1.324385
1.322429
1.281966
1.440317
1.463842
1.405495
1.274423
1.385201
1.363143
1.404478
1.313117
1.424917
1.383512
1.312741
1.414321
1.298834
1.433427
1.263359
1.291386
1.389858
1.331130
1.369255
1.356962
1.338707
1.341141
1.444689
1.335189
1.320971
1.376949
1.398351
1.345068
1.428434
1.298715
1.314510
1.324490
1.312902
1.482747
1.338623
1.302036
1.360049
1.291926
1.439185
1.358283
1.353549
1.376246
1.392017
1.328763
1.386064
1.356227
1.348275
1.245418
1.256778
1.287777
1.234059
1.359483
1.430454
1.236703
1.245052
1.258434
1.346475
1.377411
1.323225
1.273464
1.296040
1.378605
1.359454
1.257904
1.423526
1.323046
1.304041
1.255229
1.335591
1.317428
1.347595
1.353942
1.367438
1.358451
1.260955
1.406998
1.361017
1.399089
1.314564
1.342097
1.335974
1.300820
1.324381
1.293970
1.490727
1.383367
1.314964
1.463472
1.382830
1.363758
1.404710
1.371459
1.366170
1.394811
1.416285
1.331025
1.285227
1.276045
1.378161
1.363593
1.455547
1.266719
1.442570
1.322826
1.369282
1.290119
1.323998
1.317907
1.450086
1.464101
1.462441
1.348986
1.332812
1.324055
1.353523
1.417011
1.337706
1.457963
1.252580
1.378024
1.389741
1.277206
1.332785
1.360544
1.407364
1.281374
1.258280
1.447602
1.215231
1.426542
1.334106
1.373146
1.359673
1.373011
1.337464
1.233316
1.390191
1.298478
1.347348
1.356768
1.310441
1.245147
1.213381
1.384755
1.382274
1.373121
1.380092
1.472733
1.341576
1.265274
1.250205
1.275406
1.293684
1.352953
1.418858
1.333104
1.388691
1.424362
1.358946
1.337149
1.303632
1.243065
1.269914
1.362899
1.340468
1.329118
1.269025
1.392386
1.364858
1.407636
1.348710
1.440513
1.398760
1.294814
1.337683
1.337468
1.322903
1.385272
1.393852
1.348078
1.285344
1.298105
1.356031
1.417888
1.263782
1.380223
1.257252
1.296830
1.340913
1.333865
1.359655
1.379080
1.375754
1.335970
1.420610
1.348740
1.219649
1.366650
1.312848
1.379140
1.324607
1.546449
1.418658
1.343400
1.434522
1.264238
1.425562
1.373534
1.370847
1.306966
1.293696
1.420212
1.336405
1.288129
1.259266
1.371215
1.419003
1.278326
1.302434
1.365694
1.304157
1.342109
1.253103
1.228649
1.290893
1.278509
1.246527
1.241632
1.305818
1.317953
1.452231
1.365201
1.288570
1.371900
1.386907
1.378239
1.229583
1.328271
1.415173
1.259352
1.299246
1.342380
1.338208
1.329170
1.327017
1.286150
1.340363
1.243029
1.322707
1.396561
1.268720
1.356258
1.300727
1.435225
1.288106
1.270825
1.308871
1.374617
1.250487
1.298934
1.310752
1.283070
1.403018
1.302998
1.299323
1.277020
1.243204
1.413283
1.331947
1.307412
1.342164
1.327317
1.278624
1.327995
1.198302
1.225522
1.549693
1.318929
1.295161
1.353048
1.411723
1.389107
1.386098
1.248024
1.285345
1.216460
1.191257
1.294503
1.263379
1.335345
1.334126
1.301417
1.233692
1.209557
1.281301
1.328871
1.390614
1.296955
1.303063
1.337414
1.312057
1.256941
1.304109
1.274369
1.242917
1.272959
1.252549
1.253743
1.227970
1.213041
1.250445
1.333196
1.259756
1.222307
1.178835
1.332042
1.302328
1.328009
1.289549
1.274850
1.281624
1.232282
1.207163
1.186183
1.237250
1.285822
1.277597
1.343026
1.302171
1.293665
1.337130
1.274723
1.389333
1.286521
1.302639
1.257862
1.326904
1.295697
1.403231
1.270389
1.333953
1.283776
1.339601
1.317496
1.285079
1.217771
1.257430
1.409158
1.239007
1.245728
1.236223
1.336392
1.409339
1.358350
1.236586
1.269815
1.321460
1.337026
1.175167
1.284409
1.381929
1.376987
1.364263
1.242073
1.298565
1.260043
1.309143
1.318997
1.250540
1.333673
1.269492
1.314634
1.365153
1.320948
1.251910
1.290257
1.272357
1.297618
1.334751
1.319183
1.304262
1.341668
1.297653
1.266804
1.289915
1.245526
1.276533
1.237771
1.253683
1.247292
1.315473
1.403185
1.302069
1.261478
1.370758
1.309351
1.406300
1.287648
1.235448
1.282053
1.252828
1.320606
1.251915
1.246808
1.259894
1.244577
1.323634
1.248321
1.312548
1.293672
1.217671
1.252987
1.236286
1.259655
1.339494
1.284539
1.291503
1.211598
1.439257
1.210824
1.232035
1.341897
1.299987
1.346563
1.214335
1.342550
1.392787
1.291467
1.264799
1.334618
1.339137
1.166831
1.304835
1.274643
1.294847
1.312730
1.281193
1.230491
1.234031
1.186710
1.362935
1.314238
1.329712
1.310407
1.296836
1.272926
1.260663
1.390744
1.220094
1.315947
1.294385
1.282919
1.391422
1.290577
1.205754
1.248022
1.319149
1.283747
1.294948
1.335845
1.331456
1.270097
1.323338
1.162013
1.202784
1.231661
1.264046
1.259187
1.317438
1.217915
1.235723
1.316612
1.292656
1.239454
1.264152
1.362259
1.221337
1.265074
1.318085
1.305135
1.308995
1.329456
1.225961
1.309408
1.240412
1.371547
1.234373
1.275412
1.246189
1.149676
1.203708
1.276203
1.355263
1.245828
1.293261
1.383563
1.314798
1.244277
1.279883
1.288122
1.278835
1.255677
1.210307
1.409261
1.241517
1.328361
1.360659
1.178309
1.169069
1.251525
1.291520
1.277133
1.252895
1.332280
1.294745
1.213331
1.352384
1.265776
1.212036
1.206816
1.287934
1.216255
1.371396
1.302748
1.336735
1.356958
1.393134
1.185940
1.328250
1.256983
1.294094
1.271014
1.263346
1.345558
1.255258
1.183771
1.182402
1.297753
1.250795
1.301332
1.310082
1.265705
1.308017
1.227664
1.329182
1.247513
1.264473
1.238501
1.231867
1.234421
1.272786
1.242339
1.374251
1.228883
1.325476
1.345869
1.293985
1.234584
1.261826
1.321316
1.308165
1.329033
1.344936
1.259573
1.349748
1.298396
1.223662
1.328607
1.165810
1.269693
1.219981
1.232877
1.237834
1.230906
1.259124
1.274583
1.309632
1.343393
1.284182
1.256858
1.241975
1.287508
1.345689
1.267169
1.352633
1.247641
1.285732
1.344412
1.334049
1.275868
1.304325
1.312207
1.301870
1.243282
1.273139
1.263201
1.238447
1.205632
1.272352
1.337067
1.259693
1.390871
1.364336
1.196918
1.242854
1.173521
1.362208
1.260438
1.324145
1.290496
1.184975
1.294871
1.388622
1.369846
1.300621
1.246529
1.303183
1.248580
1.150167
1.224574
1.292963
1.277699
1.296004
1.368377
1.213810
1.360296
1.170778
1.203537
1.186085
1.230888
1.292961
1.259290
1.281823
1.232636
1.162219
1.191024
1.273107
1.193476
1.234320
1.252606
1.264593
1.247674
1.205646
1.294687
1.215205
1.165967
1.193021
1.252157
1.219116
1.265643
1.290138
1.268814
1.267136
1.298494
1.214357
1.363542
1.258645
1.251369
1.273541
1.260005
1.240422
1.286337
1.324065
1.225972
1.239412
1.285329
1.273176
1.288863
1.209501
1.217170
1.249823
1.161586
1.198183
1.180421
1.312082
1.136590
1.247394
1.127479
1.193445
1.181700
1.321267
1.318469
1.250100
1.170366
1.207976
1.114827
1.158416
1.087111
1.153556
1.226021
1.244818
1.290546
1.134245
1.154713
1.275826
1.286021
1.296947
1.204661
1.279051
1.100334
1.217559
1.290456
1.266109
1.359243
1.302396
1.258723
1.178293
1.292844
1.315243
1.159907
1.198636
1.156303
1.283835
1.292458
1.167335
1.232959
1.245822
1.394623
1.243298
1.284370
1.217614
1.331259
1.303725
1.180840
1.207227
1.262569
1.153474
1.231042
1.296206
1.134719
1.174457
1.299843
1.188619
1.234655
1.233442
1.259804
1.224805
1.324344
1.240538
1.235034
1.213687
1.298818
1.183944
1.311887
1.176222
1.185948
1.235043
1.211172
1.203554
1.188748
1.246121
1.205082
1.192726
1.204248
1.131833
1.174504
1.245334
1.325083
1.188119
1.191924
1.222663
1.264575
1.226129
1.188832
1.165335
1.250735
1.210249
1.138945
1.272485
1.276917
1.183101
1.221343
1.203274
1.288493
1.206450
1.162617
1.153039
1.262488
1.240507
1.223565
1.307397
1.241766
1.242181
1.250867
1.175946
1.319216
1.178342
1.151525
1.219715
1.158175
1.399221
1.312781
1.166816
1.337733
1.289943
1.281924
1.211844
1.226588
1.200806
1.306709
1.244507
1.270640
1.268622
1.181206
1.194814
1.197901
1.320457
1.240520
1.264138
1.298145
1.373088
1.219766
1.213939
1.177317
1.179710
1.261510
1.251639
1.228306
1.200055
1.246221
1.277343
1.393308
1.335367
1.225563
1.282941
1.301342
1.293576
1.204004
1.215543
1.161466
1.200621
1.201124
1.265838
1.273159
1.298502
1.193122
1.185213
1.132640
1.421405
1.349279
1.228797
1.308954
1.198469
1.319581
1.185103
1.101628
1.210385
1.203052
1.190542
1.280894
1.323277
1.188177
1.195776
1.328771
1.129342
1.250100
1.184708
1.159164
1.289280
1.155938
1.233185
1.156445
1.182937
1.306955
1.147140
1.233470
1.279106
1.271891
1.173791
1.254190
1.258083
1.224900
1.195552
1.108043
1.111442
1.205482
1.207205
1.123044
1.214499
1.229229
1.181611
1.284858
1.269799
1.330615
1.205240
1.128188
1.329754
1.206777
1.163025
1.192549
1.254403
1.103749
1.175995
1.199788
1.147910
1.115585
1.189500
1.185863
1.157056
1.168723
1.194530
1.317460
1.286764
1.211157
1.233529
1.194195
1.152892
1.183264
1.357234
1.293992
1.330347
1.157865
1.122849
1.227376
1.163561
1.191481
1.218049
1.140564
1.170103
1.241449
1.305969
1.365315
1.308884
1.182823
1.258242
1.286373
1.269930
1.170846
1.245430
1.216302
1.205067
1.198014
1.197931
1.162669
1.099366
1.372611
1.214808
1.290266
1.246425
1.094844
1.167088
1.184545
1.189961
1.238148
1.265380
1.155993
1.130723
1.165548
1.241466
1.141302
1.236116
1.258459
1.303021
1.171143
1.327304
1.144364
1.234764
1.199028
1.220477
1.135321
1.304856
1.199541
1.189162
1.156056
1.153081
1.140830
1.123806
1.276329
1.220884
1.223647
1.178920
1.154121
1.154413
1.180442
1.178769
1.310065
1.198837
1.044015
1.156698
1.133744
1.312492
1.210061
1.321493
1.328530
1.116875
1.234751
1.221442
1.196145
1.183146
1.170316
1.316074
1.220049
1.185339
1.184250
1.162058
1.265451
1.150348
1.202063
1.209504
1.246542
1.199264
1.198889
1.150131
1.201529
1.269589
1.148846
1.077197
1.176366
1.170448
1.218877
1.127953
1.172374
1.220302
1.302196
1.183240
1.167680
1.234650
1.094671
1.175003
1.213327
1.098174
1.217288
1.128192
1.127107
1.119548
1.182383
1.124833
1.151191
1.239694
1.178713
1.187541
1.165742
1.252035
1.224801
1.161525
1.259296
1.201815
1.183333
1.226332
1.221501
1.251920
1.235257
1.235378
1.222069
1.162320
1.309234
1.139640
1.176982
1.232215
1.221259
1.190398
1.139065
1.155280
1.111329
1.110567
1.280218
1.215655
1.184683
1.121683
1.189643
1.133157
1.211961
1.250687
1.243514
1.150316
1.213473
1.084143
1.231002
1.233658
1.208566
1.189343
1.191750
1.097248
1.144168
1.258858
1.108142
1.317332
1.234203
1.142841
1.234367
1.299044
1.277086
1.208673
1.201420
1.147753
1.099896
1.182579
1.225225
1.209224
1.192383
1.206296
1.222131
1.216813
1.170549
1.146077
1.141526
1.082999
1.233941
1.179286
1.210407
1.120610
1.236471
1.133703
1.240621
1.267725
1.118537
1.221328
1.166788
1.272527
1.193317
1.166528
1.202139
1.238656
1.209070
1.252247
1.138482
1.093904
1.138491
1.240996
1.186492
1.111103
1.163846
1.265963
1.165735
1.231542
1.222552
1.224674
1.198152
1.134890
1.203607
1.174878
1.186233
1.070545
1.175172
1.246611
1.222935
1.199687
1.116095
1.193704
1.133923
1.214452
1.183372
1.049613
1.234881
1.195243
1.158728
1.116829
1.421781
1.214009
1.255258
1.277265
1.164420
1.184763
1.217016
1.128934
1.262069
1.198923
1.151421
1.118739
1.126493
1.131835
1.154585
1.214227
1.185688
1.189369
1.294671
1.216763
1.139162
1.141301
1.170926
1.210989
1.187454
1.165126
1.193029
1.159408
1.196724
1.151801
1.283781
1.220739
1.293314
1.218562
1.214971
1.191998
1.193809
1.118130
1.180519
1.144588
1.221982
1.238867
1.167615
1.136534
1.242583
1.263742
1.103660
1.201514
1.134035
1.119820
1.069227
1.164514
1.189893
1.151716
1.129419
1.204515
1.123078
1.247326
1.114742
1.115120
1.281103
1.199729
1.188042
1.223991
1.203235
1.080682
1.215360
1.213901
1.106383
1.225052
1.141279
1.193644
1.169454
1.165151
1.157494
1.167807
1.059888
1.208709
1.250252
1.121311
1.099232
1.151763
1.269780
1.198240
1.220514
1.290905
1.116996
1.239023
1.198786
1.078195
1.183695
1.275683
1.091034
1.204028
1.123552
1.104206
1.187747
1.249091
1.155187
1.177537
1.135423
1.140933
1.166018
1.186673
1.193235
1.177292
1.235911
1.119895
1.175952
1.205013
1.293415
1.262563
1.199122
1.155588
1.186685
1.090469
1.170867
1.251227
1.156799
1.199217
1.223937
1.286240
1.200002
1.182328
1.081347
1.193081
1.243202
1.093380
1.093681
1.288605
1.184846
1.101330
1.230499
1.194650
1.216978
1.226783
1.135167
1.131656
1.181194
1.132388
1.218158
1.250831
1.147007
1.172901
1.114174
1.151693
1.254563
1.141155
1.141333
1.207073
1.193395
1.151186
1.176715
1.107977
1.236104
1.165327
1.248628
1.243336
1.141147
1.172472
1.173790
1.146945
1.193854
1.095472
1.144813
1.228050
1.144105
1.107545
1.112471
1.182809
1.096159
1.099819
1.209579
1.142233
1.208681
1.322569
1.216110
1.234452
1.111482
1.198322
1.143998
1.176436
1.243303
1.207703
1.158325
1.290216
1.137919
1.250490
1.125535
1.096807
1.232783
1.142595
1.224677
1.142658
1.148126
1.149300
1.163172
1.042432
1.152684
1.150419
1.134544
1.207653
1.087447
1.149487
1.173782
1.221823
1.169496
1.090920
1.055573
1.132498
1.198131
1.119564
1.156662
1.133684
1.119916
1.285043
1.177825
1.113272
1.103770
1.128432
1.052039
1.078405
1.121697
1.113335
1.140021
1.164125
1.131094
1.089555
1.035532
1.136274
1.260660
1.212422
1.105616
1.249481
1.022985
1.155981
1.119932
1.178372
1.098536
1.119004
1.084970
1.142030
1.131083
1.133842
1.224589
1.076316
1.159459
1.252206
1.195927
1.200598
1.138080
1.089078
1.111552
1.095940
1.176030
1.132256
1.061398
1.192343
1.028927
1.133281
1.125543
1.105897
1.110041
1.188871
1.134201
1.174992
1.136460
1.246867
1.186878
1.046684
1.250343
1.110479
1.108620
1.144144
1.111292
1.053844
1.184740
1.192365
1.129911
1.152495
1.103697
1.146333
1.154733
1.150540
1.056286
1.179384
1.092174
1.281172
1.189147
1.149307
1.143034
1.128330
1.097382
1.087509
1.153926
1.101669
1.197030
1.101036
1.137750
1.057645
1.059732
1.200452
1.319638
1.161968
1.212332
1.127506
1.152563
1.189291
1.076261
1.188672
1.135114
1.239376
1.166171
1.183711
1.117121
1.190513
1.121023
1.026688
1.198305
1.237290
1.229242
1.163435
1.100619
1.119083
1.170299
1.181916
1.163292
1.199626
1.164157
1.139950
1.087158
1.145483
1.201142
1.054078
1.098561
1.061151
1.103117
1.175342
1.184201
1.128454
1.086290
1.194443
1.173527
1.114765
1.075202
1.166433
1.150815
1.044689
1.192868
1.228648
1.183180
1.144168
1.136939
1.225797
1.192600
1.188117
1.063114
1.197972
1.238189
1.173540
1.306971
1.069672
1.163040
1.193364
1.031511
1.103008
1.163966
1.148140
1.071100
1.047406
1.050858
1.050992
1.165313
1.120784
1.134040
1.135351
1.100925
1.070698
1.189775
1.164297
1.187861
1.143225
1.199846
1.190538
1.165735
1.199309
1.186734
1.187462
1.120861
1.019757
1.186567
1.232815
1.106341
1.166030
1.165855
1.080600
1.071326
1.158293
1.098584
1.175981
1.155748
1.108078
1.175745
1.215452
1.134619
1.232760
1.212421
1.127585
1.190003
1.084020
1.136785
1.169269
1.053690
1.228492
1.170576
1.168524
1.225428
1.099447
1.123812
1.090056
1.070779
1.021872
1.200796
1.154566
1.114872
1.134589
1.249837
1.132829
1.152320
1.146387
1.167669
1.128675
1.090446
1.082158
1.094061
1.127779
1.049593
1.118204
1.114184
1.103802
1.093415
1.080969
1.096572
1.089315
1.120482
1.157003
1.198093
1.117253
1.123631
1.209600
1.097044
1.091614
1.144451
1.159022
1.201335
1.200961
1.237176
1.139388
1.137924
1.038096
1.145558
1.178788
1.120556
1.051263
0.990055
1.139272
1.121018
1.093301
1.136438
1.147386
1.095642
1.149287
1.147002
1.083836
1.062991
1.098011
1.167482
1.161541
1.152473
1.083834
1.170979
1.270815
1.179982
1.102995
1.147570
1.173904
1.099010
1.155104
1.129548
1.077640
1.202958
1.079862
1.147357
1.125791
1.102806
1.195427
1.082265
1.013887
1.064137
1.090016
1.128761
1.141769
1.082397
1.163491
1.142454
1.145195
1.217299
1.075890
1.036755
1.255440
1.159184
1.165146
1.326419
1.152137
1.183979
1.084489
1.022849
1.185561
1.108626
1.084251
1.123231
1.102355
1.210571
1.129497
1.195919
1.118255
1.127127
1.109990
1.151249
1.096840
1.140474
1.220308
1.129889
1.125270
1.070942
1.145875
1.222611
1.158031
1.062989
1.141088
1.127135
1.189713
1.060202
1.150788
1.050750
1.098448
1.095130
1.132445
1.093705
1.004306
1.129524
1.066311
1.063434
1.088188
1.140222
1.010369
1.109518
1.101533
1.143973
1.127398
1.152270
1.085635
1.076948
1.122178
1.067773
1.125868
1.203460
1.046100
1.036803
1.163734
1.026032
1.226221
1.090446
1.074831
1.158532
1.160636
1.182689
1.167064
0.991118
1.159963
1.056774
1.153300
1.180837
1.073205
1.122774
1.085558
1.100778
1.052367
1.181350
0.971327
1.183240
1.088750
1.118144
1.147237
1.271984
1.163192
1.069551
1.050342
1.135464
1.203048
1.153474
1.024737
1.080584
1.092600
1.179744
1.044993
1.146456
1.063944
1.211224
1.111190
1.040896
1.113546
1.087017
1.034017
1.092509
1.070508
1.153284
1.010978
1.124061
1.071138
1.131500
1.140353
1.192390
1.271751
1.081694
1.127077
1.079217
1.126944
1.092947
1.029427
1.107357
1.158365
1.201739
1.135863
1.122001
1.214973
1.158427
1.199747
1.091490
1.106197
1.165600
1.029559
1.158167
1.125385
1.126977
1.201715
1.210524
1.080626
1.048584
1.095753
1.161980
1.036714
1.129606
1.012211
1.033009
1.182632
1.186067
1.082881
1.025417
1.173243
1.038953
1.162684
1.077410
1.037635
1.036154
1.127240
1.020875
1.067884
1.052103
1.126968
1.101927
1.153689
1.236148
1.095378
1.050217
1.099882
1.081075
1.150323
1.099118
1.077986
1.106910
1.098098
1.056630
1.138765
1.128806
1.049469
1.052205
1.043973
1.129276
1.117887
1.078962
1.180600
1.114066
1.101850
1.091726
1.129087
1.080604
1.163059
1.079391
1.077478
1.116989
1.128013
1.116791
1.176831
1.076711
1.127080
1.072494
1.210803
1.096123
1.132356
1.198228
1.130169
1.055962
1.127344
1.020284
1.161851
1.184607
1.032576
1.155815
1.110054
1.183494
1.199482
1.029807
1.160049
1.245743
1.078877
1.066028
1.077182
1.194900
0.984825
1.178989
1.107622
1.271189
1.068357
1.098573
1.098179
1.057846
1.059206
1.182301
1.118210
1.078874
1.117724
1.108937
1.067376
1.063713
1.136692
1.046710
1.110703
1.019425
1.076009
1.196775
1.048037
1.148584
1.064047
1.162138
1.183460
1.028705
1.123088
1.150040
1.109069
1.066836
1.093791
1.125406
1.052500
1.140242
1.092149
1.129838
1.055535
1.113362
1.216964
1.095825
1.133723
1.131463
1.054352
0.978625
1.054377
1.008754
1.047706
1.111217
1.257431
1.017089
1.160669
1.082869
1.191678
1.089255
1.176410
1.049905
1.089856
1.123557
1.091202
1.084333
1.031410
1.154197
1.157108
1.105703
1.117178
1.060621
1.082970
1.105362
1.074866
1.122293
1.075192
1.032094
1.159232
1.042886
1.036882
1.145920
1.105907
1.121521
1.124153
1.178750
1.088072
1.103583
1.054130
1.101880
1.068091
1.229388
1.100875
1.105464
1.089921
1.122947
1.209040
1.071590
1.155866
1.080384
1.135134
1.103105
1.148169
1.030515
1.137243
1.049694
1.132292
1.044571
1.101615
1.091008
1.159638
1.095376
1.130840
1.063348
1.049013
1.234847
1.104962
1.111889
1.063354
1.109518
1.145667
1.050074
1.052549
1.027209
1.093228
1.067094
1.179083
1.092219
1.108079
1.149859
1.034806
1.095154
1.187157
1.229241
1.109531
1.107043
1.072114
1.100214
1.136874
1.056535
1.120806
1.127871
1.021794
1.108378
1.174351
1.054099
1.104515
1.041971
1.121030
1.051748
1.069881
1.106011
0.995204
1.199403
1.031709
1.038405
1.058516
1.098854
1.009283
1.054828
1.063772
1.049639
1.076806
1.113595
1.195101
1.074788
1.125993
1.058232
1.107327
1.117062
1.048137
1.202310
1.141994
1.253349
0.988982
1.127987
0.964858
1.174297
1.098076
1.114741
1.083893
1.011224
1.060241
1.145141
1.079703
1.050591
1.191179
1.038682
1.052389
0.994219
1.106376
1.067145
1.087195
1.063392
1.052183
1.102109
1.040317
1.058922
0.997286
1.078789
1.081419
1.029468
0.981997
1.006295
1.062613
1.050615
1.029747
1.074972
1.045561
1.034778
0.998664
1.048004
1.064947
1.120930
1.009000
1.057912
1.154354
1.128000
1.237864
1.178029
1.216966
1.098256
1.003520
1.096872
1.067026
1.094022
1.055243
1.086482
0.941842
1.097699
1.011567
0.986616
1.147989
1.102554
1.052313
1.077232
1.044828
0.967338
1.054722
1.179209
1.084041
1.063939
1.077886
1.153316
1.049844
1.090919
0.933065
1.027221
1.058701
1.056130
1.118020
1.056981
1.106154
1.117536
1.180951
1.100152
1.065067
1.089562
1.036865
1.093140
1.096766
1.016622
1.087082
1.050991
1.078137
0.993798
1.056061
1.109300
1.199486
1.053737
1.032301
1.053850
1.092421
1.094063
1.072937
1.099037
1.114568
1.106982
1.040580
1.096153
1.052196
0.980250
1.081056
1.059646
1.048701
1.121072
0.975001
1.060451
1.177198
1.040778
0.986039
1.124744
1.038392
1.068476
0.982177
1.040430
1.134991
1.028921
1.178182
1.094085
1.116028
1.047103
1.153854
1.035462
1.099576
1.046951
1.055948
0.992252
1.170462
1.057296
1.109243
1.007402
1.075800
1.040251
1.061133
1.036814
1.124736
1.148051
1.061046
1.078136
1.062093
1.070209
1.126015
1.051936
0.994436
1.133666
1.159100
1.072504
1.075904
1.063343
1.099826
1.085460
1.062255
0.943353
1.105792
1.036619
1.127116
1.015974
1.048310
0.986448
1.074591
0.965824
0.948660
1.034635
1.039149
1.023223
0.991302
1.048958
1.017547
1.084946
1.037785
1.022573
1.027698
1.071674
1.007641
1.044261
1.022801
1.080530
1.013265
1.059483
1.042381
1.032875
1.076262
1.071318
1.055147
1.078046
0.987195
1.131192
1.113606
1.070769
1.048433
1.036656
1.181401
0.998392
1.013142
1.035716
1.080574
1.048772
1.100285
1.036220
1.064290
1.056277
1.014581
1.024617
1.023913
1.107398
1.194096
1.092496
1.091851
1.048446
1.049777
1.125451
1.072424
1.007892
1.077359
1.140914
1.056496
1.133887
1.003572
1.017163
1.008820
1.025404
1.087606
1.039409
1.069791
1.035225
1.101110
1.082925
1.136033
1.098048
1.019786
1.082715
1.094095
1.057662
1.075850
1.039693
1.003333
1.036654
1.024341
1.059128
1.121968
1.059598
1.029451
1.024315
1.136490
0.987070
1.164536
1.003045
1.085461
1.040558
1.005898
1.077837
1.088829
1.000207
1.077201
1.093540
1.120780
1.047405
1.068467
0.965733
1.040004
1.088006
1.024940
1.045034
1.011127
1.016690
1.063687
1.084370
1.095370
1.151518
1.217911
1.052047
0.979716
1.079997
1.063453
1.088056
1.048279
1.100296
1.049051
1.096418
0.984891
1.054925
0.964188
1.093756
1.040526
1.130381
1.119082
1.062847
1.058678
1.120155
1.122369
1.079414
1.038117
1.060276
1.001017
1.099197
1.094540
1.056638
1.030653
1.035019
1.040544
0.960681
1.128128
1.117011
1.030229
1.082326
1.092714
1.151152
1.143918
1.041510
0.992901
1.146941
1.046895
1.084205
1.033236
1.046746
1.085394
1.038756
1.118333
1.069134
1.020282
1.025782
1.058829
1.101895
1.147696
1.058092
1.046801
1.074212
1.125000
1.092675
1.005077
1.039857
1.056441
1.079782
0.980495
1.064800
1.123452
1.059122
0.992359
1.037601
1.184900
1.033010
1.155822
1.152457
1.018478
1.074934
1.003340
0.955574
0.982997
1.036690
1.085052
0.935014
0.925756
1.086879
1.039375
1.006118
0.979727
0.947937
1.033594
1.005309
0.975732
1.048306
1.012149
1.093139
0.962415
1.040083
1.021149
0.994263
1.053246
0.972540
1.058380
1.079216
1.007699
1.035081
1.002437
1.045438
1.065228
1.071773
1.021621
1.099029
1.057359
1.085154
1.044600
1.040359
1.046434
1.018895
0.950941
1.000874
1.015658
1.063784
0.921802
0.960275
1.025648
1.053607
1.060599
1.166426
1.019706
1.053100
0.997571
1.014277
1.151402
0.990056
1.011878
0.944809
0.985102
1.047199
0.983717
1.014528
1.019459
1.042349
0.988330
1.035156
1.052966
1.073806
1.032408
1.061065
1.073827
1.041621
0.917704
1.107506
0.980447
1.117958
1.031426
1.010669
1.124040
1.125408
1.080273
1.070642
1.028411
0.995117
0.995611
1.105569
0.949931
0.992246
1.035316
1.033249
1.016124
0.961548
1.045290
1.076710
1.078040
1.083739
1.071737
1.049763
1.121559
1.096906
1.063716
1.127968
1.059691
0.996753
0.985903
1.102268
1.124717
1.061138
1.014752
1.048000
1.046276
0.996128
1.087685
1.033811
0.964014
1.015186
0.991439
1.022782
1.089063
1.046095
1.079495
1.048407
1.050535
1.036499
1.008673
1.021973
1.053821
0.998774
0.958026
0.968210
0.998753
1.037223
1.095250
0.979639
1.118381
1.088104
1.018147
1.021872
1.065324
1.111957
1.014842
1.018056
0.989762
0.965804
1.159945
1.003369
1.087858
1.184558
0.981934
1.086332
1.027567
1.040227
0.978309
0.979258
1.077585
1.032024
1.061089
1.107990
1.045593
1.072550
1.078465
1.160360
0.959185
1.037046
1.089819
1.045802
0.986639
1.018886
0.995354
1.065491
1.028352
1.059465
0.973742
0.975723
1.001316
1.024096
0.988780
0.969556
1.101373
1.071629
1.192382
1.090194
1.068704
1.123425
1.069123
1.068090
1.085084
1.000155
1.025581
1.084474
1.086890
1.100221
1.097103
1.167126
1.073184
1.023856
1.038679
0.997780
0.984174
1.030566
0.969604
1.069503
1.017916
1.098158
1.075115
1.013814
0.987428
1.091464
1.038728
1.109889
1.075975
0.941692
1.055281
1.034597
1.084910
1.056159
0.985054
1.063991
0.959609
1.052040
1.088334
1.018228
1.019894
1.012748
0.975083
1.076693
1.094804
1.037505
1.073307
1.066201
0.974162
1.018205
0.981278
1.007873
1.066654
0.994406
0.944614
1.102490
1.072518
1.046847
1.021927
1.048246
0.980887
1.043569
0.994432
1.069103
0.993358
1.057259
1.119014
1.015198
1.058857
1.024987
1.070756
1.062236
1.109177
1.005727
0.964711
1.096068
1.015490
1.043268
1.007267
1.033577
1.063852
0.974489
1.015176
1.123679
1.035040
0.975916
1.045264
0.926592
1.072224
1.103219
0.993126
0.999395
1.039024
1.068224
1.127000
0.944902
1.038097
1.000665
1.092805
1.008816
1.097705
0.975153
1.040159
1.035147
1.030240
0.989902
1.022972
0.971006
1.007267
1.050342
0.943431
1.041169
1.033612
1.005914
0.983074
1.015493
1.114170
1.010064
1.161444
1.009257
1.002761
1.084117
0.989181
0.952478
1.101811
0.958046
0.969539
0.908883
1.057830
1.083272
0.967005
0.977392
1.092920
0.985909
1.220551
1.068854
1.115011
1.074100
1.076484
1.150225
1.039516
1.045547
1.026401
1.129649
1.060525
1.046779
1.099221
1.064579
1.039449
1.121492
1.019225
0.973828
1.012872
0.965134
1.037902
1.074669
0.972958
1.060958
1.069417
1.030680
1.026424
0.990486
0.999946
0.994602
1.107249
0.946174
0.986256
1.034820
1.000465
1.018434
1.038042
0.993506
1.151559
0.952166
0.952572
0.999262
1.061295
1.068051
1.124284
0.999692
1.022899
1.029857
1.039438
0.991376
0.975178
0.951369
1.036170
1.034225
1.083629
1.215240
1.011563
1.080129
0.963459
0.952881
0.964038
1.023004
0.952551
0.925734
1.059489
1.038243
0.993393
0.995144
1.020845
1.006538
1.005080
1.058411
1.016631
1.022238
1.030479
0.986712
0.971937
0.908580
1.035593
1.088763
0.996714
0.944430
0.899846
0.998800
1.005800
0.970127
0.974440
0.988628
0.940747
0.983348
1.028101
0.974114
1.125464
0.986992
0.951207
1.004316
0.993923
1.125499
0.969305
0.966167
1.032404
1.026932
1.080558
0.974493
0.961201
1.027721
0.986606
0.957402
1.044761
1.086495
1.101487
0.991110
1.043708
0.989470
1.010597
0.970813
1.041486
0.997104
1.037818
1.009243
0.956642
1.072354
1.049538
0.938419
1.002975
1.087795
1.013158
0.997095
1.047831
1.000291
0.978960
1.028854
1.087987
1.041003
1.001954
1.012646
1.008260
0.959311
1.029030
1.048913
0.963082
1.028351
1.060029
1.026093
1.077654
0.950804
1.000016
0.999207
0.980475
1.045807
1.007214
0.943584
0.920461
1.019907
1.046912
0.992377
0.933503
1.028660
1.001778
0.944328
0.995494
1.014370
1.064157
0.985304
0.953603
1.032978
1.054057
1.143103
0.950370
0.969427
0.990750
0.921726
0.986433
1.051699
0.977667
1.020677
0.986615
1.036711
0.948678
1.002929
1.018190
0.945284
0.950341
0.985271
1.013807
0.993261
0.963850
1.059179
1.003973
1.026942
0.962564
0.988659
1.061592
0.992101
1.046100
1.008584
0.985483
1.000012
1.013719
0.965921
1.018892
0.956118
1.055034
0.977370
0.989915
1.066287
1.004595
0.987102
0.983960
1.007566
1.042655
1.086442
1.044353
1.017010
0.934308
1.094423
1.003735
0.968733
0.928924
1.030292
0.959718
1.005553
1.080402
1.071490
1.050775
1.140599
0.995220
1.026039
1.030687
0.927382
1.060709
0.998651
1.009158
0.953753
0.994688
0.963068
0.930369
1.010772
1.018369
1.023448
0.949096
1.037641
1.029321
0.947496
1.000916
0.980040
1.084339
0.948937
1.066887
1.026128
1.099508
0.932944
1.044560
0.925044
1.065309
1.016742
1.025739
0.959132
0.990236
0.954272
1.040141
1.001404
0.924366
0.963949
1.070343
0.969486
1.015016
0.975098
0.990636
1.113872
0.998642
1.007980
0.970381
0.952462
0.950266
0.957458
0.965906
0.992664
1.043393
1.054257
0.950931
1.004267
0.980566
1.021662
1.007190
1.051619
0.995054
0.969621
1.038517
1.040862
1.021155
0.985118
0.993598
1.008817
0.971101
1.042749
1.008989
1.070734
1.073073
0.889695
0.903580
1.084767
1.007070
0.972364
1.046215
1.046298
0.984629
1.034565
0.935790
1.100476
1.023635
0.980839
0.991970
0.992642
1.038814
1.069151
0.971005
1.054770
0.995759
0.945603
1.076614
1.019365
1.052460
1.057335
0.972444
1.008933
1.099612
1.032674
1.030703
1.028840
1.017943
1.075588
0.928944
1.017503
1.039211
1.015748
0.967985
1.092739
0.924098
0.971030
0.970197
1.078198
1.006720
0.934139
0.939935
1.025827
1.028618
1.087822
1.089773
0.998112
1.030968
1.081557
0.935917
1.052376
0.956293
1.022155
1.138393
0.984890
1.008849
0.969836
1.009692
1.060062
1.005561
1.012043
0.955297
1.000726
0.950548
1.091006
1.058802
1.042346
0.975862
1.032570
1.061921
1.001555
1.052462
1.045743
1.068636
0.967600
0.965993
1.021960
0.894930
0.956183
0.983226
1.025378
0.982987
0.987727
0.929574
0.926158
0.960397
0.975776
0.908059
0.994436
1.018583
0.966567
0.919837
1.030988
0.988296
0.982275
0.965332
1.067840
0.974989
0.993132
0.934776
0.913951
1.000329
0.961133
0.940444
0.892581
0.952378
0.987350
0.944455
1.068252
1.126749
1.006688
0.906127
1.013100
0.927095
1.068747
1.069093
1.002141
0.990157
0.991630
0.946253
0.973839
0.967872
1.090527
1.014922
0.968140
0.972511
1.034089
0.978921
0.969407
1.120451
0.997250
1.010529
0.875916
0.937715
0.965052
0.935621
0.962223
0.968226
1.048855
0.925371
0.996902
1.028625
0.964876
0.951984
1.058955
0.984864
0.970520
1.070404
1.020016
0.976857
0.874602
1.040512
0.979734
0.995708
0.950097
1.060760
0.959755
0.988829
0.982314
0.985298
0.944165
1.060664
0.951337
1.022834
0.987684
1.017598
0.984870
1.001456
0.968572
0.982176
0.959118
0.954651
0.969892
1.017399
0.907280
0.962018
0.951830
1.012403
0.934193
0.992827
1.135959
1.009157
0.946302
0.945423
1.009214
0.992063
1.017550
0.988662
0.960967
0.997051
0.954872
1.061685
0.982966
0.922416
0.940635
1.044717
0.955661
1.009750
1.019556
0.965764
1.060431
0.970584
1.022205
0.868013
0.954915
0.950087
0.939610
1.007756
0.994805
1.040213
1.014728
0.938959
0.938741
0.919127
0.951076
0.994728
1.076179
0.929925
0.931572
1.007047
1.010214
0.960431
1.023316
1.045647
0.987306
0.981004
0.936961
1.004684
0.977342
0.946019
1.000324
0.961062
1.026904
0.958778
0.959067
1.009216
0.967736
0.976445
1.030261
0.965434
0.991855
0.993296
0.917186
1.015741
1.013726
0.963034
0.990305
0.988453
0.951854
0.942823
0.883077
0.923027
0.902316
0.971782
0.981376
0.969974
0.982645
1.015827
0.984700
1.026834
1.078398
1.021895
0.926595
0.973780
0.987877
0.898956
1.005970
1.017895
0.976938
0.956965
0.924536
0.963644
1.071423
1.030824
0.951705
0.968197
1.020680
0.985856
1.052664
1.053524
1.021967
0.952969
0.964006
0.931111
0.901798
0.980247
0.988263
1.002097
1.011810
0.997692
1.018225
1.015377
0.942162
1.069940
0.913032
0.965732
1.036943
1.012145
1.076058
1.061798
0.931669
1.038572
0.979069
0.894643
0.994503
1.125094
1.030028
0.922647
0.959716
0.970425
0.941795
1.026485
0.962881
0.961787
0.997838
0.995677
0.938852
1.092776
0.969804
1.043506
1.022181
0.929943
0.948794
0.904543
1.082579
0.978576
0.985117
0.946561
1.041924
1.022564
0.912698
1.094333
1.031940
0.919928
1.011581
0.992278
0.965907
1.009466
0.945339
1.005806
1.013127
0.918884
0.933986
0.986084
0.953154
0.928630
0.953589
0.979717
0.994392
0.929859
1.060792
1.022093
1.044236
0.854310
0.970556
0.911206
0.998949
1.000473
0.955086
1.067757
0.966415
1.042829
0.957129
1.032590
1.099672
0.963656
0.938079
0.959669
0.975547
0.949854
0.991947
0.974066
0.891931
0.914912
1.025411
0.983412
0.968935
0.946197
1.050520
1.102383
0.997895
0.966556
1.002534
0.894608
0.966003
0.973965
1.016345
0.993290
1.048384
1.005407
1.053775
1.077645
1.017812
0.948047
1.040312
1.002232
0.984597
1.037776
0.972835
0.995742
0.921134
0.972518
0.926683
1.004284
0.885594
0.942777
0.984737
1.005572
0.986792
0.947587
0.990688
1.002442
0.996308
0.917250
0.976574
0.947040
0.975516
0.979249
1.019285
1.025016
0.985206
0.909716
0.966097
0.939265
0.975493
0.954957
0.951240
0.960412
0.966685
0.935454
0.950336
0.999554
0.979767
0.971583
1.006239
0.934579
1.089296
0.945204
0.965463
1.037530
0.918119
0.955737
0.916813
1.014494
1.055483
0.971121
0.991449
0.971465
0.918462
1.015552
0.932919
1.038177
1.015471
0.980732
0.970239
0.988427
0.910317
0.954289
0.919298
0.931308
0.984254
0.923925
0.976464
0.931976
0.931251
1.035502
1.059789
0.905896
1.005321
0.952008
0.924390
0.910802
0.931646
1.009461
0.964777
0.994971
0.916258
0.924418
0.981735
0.987487
0.973664
1.017352
0.889162
0.903940
0.928852
0.885818
0.969599
0.997342
1.002997
0.953098
0.917600
0.913107
0.992217
0.974647
1.009788
0.927916
0.936987
0.889120
0.967316
0.889502
0.934326
1.007426
1.059056
0.966834
0.941820
0.924822
0.965370
0.950059
0.941791
0.955733
0.932783
0.890145
0.944663
0.913085
0.972635
0.935380
0.992302
0.935536
0.863151
0.976796
0.941107
1.042114
0.907760
0.884696
0.913975
0.951335
0.975377
0.926929
0.989372
0.907288
0.883849
0.984049
0.985606
0.945106
0.928221
1.001375
0.943273
1.033653
1.020213
0.884244
0.951133
1.002299
0.976724
0.979674
1.012936
0.949491
0.980634
1.023297
0.974069
0.991361
0.893559
0.945028
0.908453
0.985707
0.963624
0.913886
0.971902
0.903353
0.905511
0.891525
0.978665
0.954004
0.914790
0.993442
0.976949
1.024486
0.953466
0.944599
0.959479
0.949902
0.989022
0.932564
0.936240
0.927798
0.954177
0.986075
0.930346
0.974469
0.935584
0.962085
1.087906
0.883393
0.856930
0.943036
0.941518
0.912726
1.023151
0.940246
0.985673
0.870788
0.891931
0.983976
0.954359
0.951920
0.916677
0.977857
0.931650
0.925324
0.983665
1.029718
0.962907
0.996387
0.931113
0.963044
0.995756
0.943950
1.017940
0.967462
1.016393
0.922849
0.949387
0.910267
0.890202
1.000080
0.989654
0.921456
0.944285
0.914807
0.964281
0.953180
0.904730
0.937554
0.906153
0.947644
1.068795
0.955567
0.938371
0.985322
0.993442
0.971536
0.923281
0.929375
0.996845
0.905310
0.948357
0.957887
1.000249
0.932283
1.009961
1.004117
0.932395
0.920496
0.901339
0.990424
0.975868
1.010355
0.949432
0.963460
0.960042
0.969183
0.942760
0.928195
0.939979
1.069488
0.965868
0.926115
0.897901
1.005110
0.903472
0.944784
0.962203
0.895288
1.076275
0.903713
0.947496
0.983104
1.027217
0.910522
0.942494
0.934979
1.034258
0.943295
0.923110
0.941041
0.991054
0.998088
0.953758
0.907660
0.955324
1.063871
0.909626
1.005644
0.900532
0.944660
0.944743
0.940166
0.984467
0.957999
1.018804
0.870290
0.927942
0.876300
0.922946
0.925316
0.882599
0.992428
0.895580
0.951408
0.935903
1.039807
1.001072
0.978697
0.915266
1.030038
1.020733
0.923101
0.905584
1.041112
1.012665
0.962370
0.967817
0.943890
0.951590
1.015288
1.017040
0.997021
1.004200
0.968153
0.971720
0.996646
0.944509
0.908829
0.981751
1.012859
0.966009
0.980024
0.973560
0.934503
0.958323
0.938022
1.021219
0.933920
0.917501
0.993582
1.040641
0.905319
0.977958
0.933615
0.975572
0.857279
1.047866
0.988893
0.998386
0.895076
0.957391
0.962672
0.950689
1.065636
0.941507
0.958595
0.931624
1.057294
0.951633
0.946639
0.909388
0.982658
0.925729
0.920605
0.957483
0.921961
0.894668
0.945836
0.978957
0.972514
0.920198
0.897608
0.985855
0.999259
0.984632
0.902914
0.959350
0.951159
1.007818
0.925089
0.949798
0.993047
0.892763
0.905177
0.921804
0.932786
0.901080
0.969563
0.929617
0.866623
0.905762
0.948938
0.901680
0.881126
0.978679
0.942673
0.895576
0.927339
0.924766
0.930573
0.921007
0.922417
0.880796
0.953526
0.932305
0.923357
0.963661
0.913546
0.875387
0.941381
0.966182
0.883339
0.930818
0.932129
0.909412
0.876569
0.914222
0.903085
0.947008
0.921893
0.940625
0.905803
0.916951
0.924424
0.934061
0.909699
0.907483
0.918185
0.968469
0.924261
1.025259
0.938180
0.858886
0.982255
0.928226
1.015281
0.999057
0.989924
0.904908
0.915078
1.029204
0.925843
0.934725
0.939270
0.875149
1.008737
0.916191
0.957958
0.964794
0.952982
0.925112
1.002605
0.888849
0.888139
0.956158
0.951621
0.970321
0.888474
0.970003
0.926522
0.946718
0.942437
0.983972
0.878654
0.932260
0.945915
0.864595
0.943379
0.880977
0.966471
0.939787
0.891803
0.928445
0.935465
0.999357
0.873303
0.935014
0.878792
0.854467
0.961997
1.019570
0.967112
0.945505
0.977141
0.925545
0.950705
1.035551
0.899938
0.876920
0.920102
0.945604
0.967347
0.920135
0.975159
0.965964
0.988005
0.928165
0.876641
0.906698
0.880058
0.911978
0.938544
0.933733
0.886971
0.897370
0.937372
0.989597
0.926317
0.955668
0.887710
0.926164
1.005532
0.913306
0.898201
0.910733
0.867997
0.935763
0.923964
0.972421
0.925686
0.902813
0.968496
0.916723
0.926972
0.966739
0.915361
0.984088
1.049601
0.914325
0.910243
0.937681
0.895396
0.923180
0.912059
0.888049
0.935505
0.886155
0.984143
0.922152
0.943087
0.933279
0.910105
0.943834
0.927731
0.934351
0.913649
1.084723
0.930330
1.002828
1.005258
0.996136
0.937647
0.885248
0.915707
0.937607
0.888481
0.909295
0.903470
0.906189
0.967720
1.049710
0.932362
0.902215
0.952225
0.976702
0.867298
1.030521
0.951755
0.914687
0.917856
0.990022
0.967401
0.915506
0.935822
0.879064
0.916131
1.007020
0.861371
0.971059
0.929876
0.944718
0.961057
0.997203
0.946271
0.913132
0.960548
0.877982
0.909746
0.903220
0.890861
0.910704
0.946202
0.961005
0.898045
0.946547
0.908208
0.921418
0.991973
0.857130
1.006384
0.960141
0.933939
0.937694
0.981622
0.909029
1.010670
0.916789
0.902390
0.907400
0.872798
0.933662
0.941510
0.884349
0.859799
0.935030
0.899584
0.916337
0.876468
0.876012
0.888022
0.888004
0.954363
0.912537
0.929714
0.855853
0.954699
0.995426
0.965047
0.940228
0.990436
0.929259
0.958170
0.941731
1.010691
0.946186
0.884827
0.960973
1.002204
0.897826
0.948971
0.885797
0.947324
0.938263
0.841981
0.920045
0.926399
0.989415
0.864716
0.963460
1.029993
0.977661
0.916150
0.894043
0.847150
1.011620
0.908097
0.882019
0.925990
0.867537
0.932081
1.009292
0.944235
0.985905
0.930881
0.932539
0.909805
0.954041
0.919447
0.916909
0.947912
0.981468
0.854362
0.857374
0.971330
0.895257
0.970324
0.855725
0.883043
0.922319
0.977285
0.932967
0.969290
0.875050
0.939757
0.909989
0.988940
0.923005
0.913910
0.867709
0.987761
0.876913
0.972888
0.907249
0.891446
0.991113
0.947263
0.941377
0.898519
0.934089
0.987982
0.941774
0.976848
0.948867
0.986002
0.920667
1.086396
0.903791
0.923759
0.913441
0.944671
0.976716
0.867570
1.018166
0.901447
0.954290
0.909009
0.971811
0.914661
0.977444
0.857283
0.952254
0.964697
0.928369
0.916964
0.928216
0.875801
0.914859
0.968447
0.946354
0.987972
0.977618
0.995983
1.004317
0.951766
0.934673
0.931672
0.840693
0.908528
0.955103
0.962321
0.938705
0.930444
0.903054
0.958693
0.955446
0.920230
0.908645
0.957410
0.913946
0.895119
0.867966
0.906419
0.928790
0.917351
0.858900
0.915215
0.955491
0.921889
1.005292
0.836115
0.905310
0.912047
0.909000
0.926508
0.904303
0.893171
0.892182
0.911902
0.910213
0.851053
0.905343
0.936920
0.869088
0.897922
0.902912
0.923667
0.832073
0.889519
0.907254
0.989789
0.853836
0.869882
0.878796
0.893609
0.878771
0.925525
0.910214
0.963287
0.865943
0.935912
0.858869
0.911691
0.970458
0.902483
0.861013
0.895247
0.999559
1.001369
0.842967
0.943310
0.916781
0.921238
0.866213
0.937796
0.899642
0.838900
0.899478
0.935505
0.870963
0.918579
0.918692
0.884236
0.852374
0.855398
0.890594
0.920983
0.885479
0.885499
0.913276
0.876302
0.999232
0.819752
0.898560
0.863665
0.929781
0.887733
0.855945
0.915255
0.884896
0.888623
0.929077
0.886511
0.915899
0.880255
0.903590
0.965122
0.878642
0.878265
0.914373
1.084907
0.904287
0.936278
0.932598
0.962886
0.927768
0.925688
0.913742
0.902894
0.857080
0.880341
0.935773
0.952443
0.929170
0.822013
0.872560
0.914032
0.932269
0.967070
0.856714
0.912563
0.896515
0.924726
0.947406
0.973015
0.843897
0.963667
0.886339
0.886743
0.933596
0.953290
0.914713
0.908882
0.889590
0.856420
0.901370
0.864131
0.945820
0.889115
0.873541
0.895097
0.856004
0.882912
0.875304
0.911950
0.851379
0.949989
0.844534
0.902092
0.924740
0.893321
0.891734
0.892799
0.876680
0.911820
0.944698
0.873935
0.998027
0.876490
0.931703
0.924181
0.921022
0.991105
0.973832
0.930893
0.900810
0.920521
0.924040
0.924526
0.847499
0.881709
0.905784
0.971954
0.919290
0.971793
0.999577
0.909172
0.889646
0.950674
0.928536
0.847672
0.853278
0.914379
0.881474
0.944568
0.988320
0.879739
1.030302
0.945691
0.918158
0.884511
0.941740
0.935635
0.973702
0.937404
0.930519
0.887392
0.904157
0.965708
0.908274
0.825866
0.905334
0.929213
0.967104
0.869116
0.906032
0.899993
0.926280
0.909188
0.996236
0.880630
1.012989
0.893844
0.969030
0.904943
0.886606
0.897831
0.907215
0.930344
0.942547
0.852479
0.882873
0.865771
0.969209
0.945153
0.862702
0.882080
0.882065
0.986952
0.910900
0.978885
0.905991
0.865678
1.010235
0.910182
0.835905
0.921694
0.871950
0.916261
0.984566
0.909640
0.881232
0.922945
1.006779
0.935749
0.950095
0.886329
0.906255
0.860885
0.871126
0.916732
0.842812
0.895615
0.930746
0.929402
0.869070
0.917316
0.951801
0.950276
0.979801
0.938070
0.922391
0.935021
0.979615
0.921923
0.916098
1.005789
0.891771
0.845245
0.904490
0.942862
0.855590
0.845960
0.900821
0.876639
0.944570
0.860852
0.917102
0.856608
0.931672
0.929751
0.834704
0.928494
0.910557
0.890611
0.968808
0.867833
0.912298
0.863857
0.927592
0.887466
0.884809
0.846198
0.862177
0.865615
0.858212
0.888247
1.044729
0.896801
0.946351
0.907990
0.829928
0.856540
0.963894
0.919900
0.844537
0.942567
0.839825
0.883742
0.882391
0.931024
0.913354
0.906134
0.898233
0.873192
1.003053
0.942850
0.954381
0.931667
0.896751
0.888985
0.943695
0.924987
0.942539
0.894683
0.904411
0.894842
0.878999
0.958872
0.894112
0.892370
0.902561
0.889621
1.018045
0.951000
0.947587
0.875450
1.057244
1.020703
0.894422
0.997688
0.954368
0.918429
0.909720
0.957740
0.942942
0.903011
0.901043
0.986849
0.843103
0.863440
0.862396
0.931965
0.876203
0.970554
0.850144
0.875014
0.921806
0.849196
0.960280
0.920068
0.901431
0.890235
0.868289
0.873693
0.904461
0.912741
0.847196
0.844422
0.905854
0.849978
0.868659
0.843429
0.854731
0.867957
0.919361
0.853544
0.867706
0.906120
0.872240
0.861487
0.915896
0.860431
0.891503
0.915570
0.885220
0.887152
0.927056
0.911607
0.875260
0.879727
0.921338
0.867083
0.830974
0.852275
0.893614
0.939461
0.918300
0.955097
0.934889
0.937890
0.927103
0.875419
0.839420
0.827935
0.861972
0.911708
0.875118
0.869542
0.868501
0.854151
0.886974
0.888717
0.868813
0.916825
0.844349
0.927986
0.952926
0.854769
0.882616
0.885734
0.902210
0.952642
0.897353
0.853037
0.879042
0.851487
0.897481
0.858594
0.883245
0.881095
0.868473
0.826282
0.911032
0.853545
0.941416
0.850763
0.836766
0.858266
0.895882
0.858398
0.830799
0.889914
0.907989
0.904060
0.813715
0.967342
0.958526
0.874638
0.925186
0.872162
0.904732
0.837270
0.909275
0.890865
0.891459
0.835964
0.878897
0.935945
0.818266
0.905236
0.892434
0.840477
0.890585
0.901899
0.842819
0.922037
0.879500
0.888702
0.915803
0.919612
0.916944
0.830314
0.880552
0.878018
0.886557
0.873943
0.974363
0.853337
0.858311
0.898580
0.893748
0.867756
0.892491
0.908726
0.908287
0.902916
0.835810
0.908951
0.912300
0.875659
0.882857
0.896034
0.993195
0.924962
0.970102
0.898585
0.893447
0.868028
0.961115
0.824322
1.021528
0.920777
0.886829
0.851346
0.895378
0.958688
0.877619
0.886737
0.914129
0.826823
0.882627
0.874949
0.896373
0.845043
0.844003
0.825272
0.869164
0.877854
0.844795
0.898396
0.811280
0.863327
0.869395
0.909453
0.843586
0.875550
0.909377
0.983789
0.874996
0.918348
0.894807
0.938052
0.916604
0.915321
0.877933
0.861425
0.884937
0.873676
0.899067
0.863425
0.960148
0.853399
0.908555
0.833711
0.926749
0.952204
0.834834
0.904629
0.854520
0.986385
0.937013
0.899648
0.891544
0.964841
0.870834
0.908056
0.902830
0.959748
0.897248
0.931525
0.930069
0.891794
0.945524
0.914632
0.906363
0.929247
0.969392
0.899513
0.918720
0.891876
0.869521
0.920641
0.873929
0.871107
0.882794
0.894439
0.852645
0.922486
0.894057
0.924425
0.942509
0.934237
0.936067
0.907684
0.889334
0.884588
0.937962
0.906699
0.900964
0.855908
0.825427
0.921090
0.851020
0.894798
0.878839
0.933145
0.855331
0.874672
0.845418
0.843985
0.821851
0.869728
0.914174
0.871287
0.873687
0.866597
0.920900
0.893991
0.873203
0.867955
0.853930
0.953906
0.855457
0.851714
0.902101
0.943951
0.827395
0.899793
0.869465
0.865935
0.964849
0.994103
0.863252
0.884073
0.904137
0.820015
0.887865
0.893497
0.889332
0.894558
0.902711
0.956140
0.891109
0.917392
0.863657
0.842105
0.866084
0.895294
0.876868
0.873580
0.897622
0.874875
0.836260
0.858129
0.901173
0.841274
0.877295
0.917055
0.867314
0.956126
0.901313
0.883033
0.872700
0.866534
0.883619
0.849338
0.946054
0.861885
0.862610
0.867571
0.881125
0.872785
0.879171
0.849687
0.866944
0.826693
0.871698
0.909440
0.905370
0.862619
0.904775
0.891432
0.971605
0.884791
0.878875
0.840082
0.862609
0.866371
0.872247
0.916158
0.878805
0.867673
0.859034
0.986098
0.882423
0.833522
0.852096
0.845780
0.867977
0.846847
0.934698
0.830336
0.937509
0.876250
0.880138
0.861240
0.963800
0.891863
0.919521
0.871157
0.969768
0.867507
0.850825
0.919274
0.868098
0.907478
0.851456
0.824941
0.930586
0.842154
0.875904
0.890609
0.840888
0.880421
0.874580
0.830913
0.853553
0.859056
0.854522
0.937692
0.876616
0.841725
0.870049
0.816337
0.831647
0.853069
0.895131
0.867230
0.884323
0.934265
0.855065
0.816614
0.873108
0.871730
0.867175
0.845327
0.875133
0.918646
0.876687
0.836433
0.895083
0.853146
0.874791
0.817381
0.891306
0.901312
0.822448
0.916948
0.865331
0.832798
0.933988
0.943491
0.809974
0.917288
0.867593
0.835491
0.849470
0.896901
0.878622
0.843317
0.878718
0.829081
0.864377
0.874820
0.845848
0.883308
0.867793
0.833275
0.900337
0.847332
0.911820
0.869511
0.877872
0.822438
0.858649
0.975087
0.918441
0.913748
0.899227
0.862113
0.863257
0.907475
0.800669
0.872871
0.867290
0.860917
0.944437
0.840808
0.888846
0.846236
0.858074
0.836989
0.888965
0.876233
0.867810
0.847139
0.854505
0.878613
0.843031
0.838199
0.908151
0.874836
0.864651
0.824932
0.938925
0.861786
0.837521
0.846817
0.880873
0.802543
0.868851
0.936658
0.826306
0.846135
0.864154
0.840073
0.837701
0.889099
0.825540
0.859771
0.896795
0.890018
0.843835
0.853194
0.863882
0.875635
0.843014
0.858490
0.798886
0.863403
0.859647
0.873610
0.870605
0.906495
0.921216
0.886452
0.883794
0.892242
0.874938
0.867476
0.871907
0.818781
0.886272
0.872557
0.895921
0.834954
0.882910
0.852856
0.913474
0.829108
0.843584
0.832554
0.908489
0.881046
0.893736
0.858591
0.873255
0.865039
0.809065
0.937859
0.870564
0.866346
0.899040
0.841577
0.880685
0.920395
0.854333
0.861462
0.870416
0.832201
0.834370
0.775819
0.847475
0.928086
0.925554
0.830908
0.847136
0.867310
0.869092
0.839668
0.820270
0.894835
0.875564
0.896134
0.808381
0.866129
0.868580
0.952071
0.884822
0.819237
0.921622
0.856627
0.787072
0.886245
0.807908
0.815979
0.854829
0.835259
0.861694
0.893754
0.945634
0.828177
0.893960
0.886667
0.841014
0.848501
0.851726
0.903503
0.940648
0.865327
0.853482
0.925576
0.903961
0.887566
0.852519
0.882299
0.888992
0.891833
0.832996
0.917378
0.895635
0.854787
0.878501
0.904485
0.897748
0.854100
0.835773
0.885026
0.865247
0.879391
0.883073
0.929306
0.868458
0.929162
0.894650
0.810535
0.884825
0.832903
0.839363
0.873151
0.870102
0.914301
0.848048
0.878985
0.831344
0.862744
0.868168
0.800781
0.885137
0.866159
0.858485
0.891268
0.846121
0.919077
0.909742
0.918777
0.855121
0.847800
0.859797
0.847305
0.871008
0.852053
0.854221
0.889806
0.809988
0.880151
0.860339
0.884454
0.911925
0.912438
0.843388
0.870941
0.841460
0.893717
0.993436
0.822427
0.841423
0.956401
0.880147
0.852415
0.817915
0.891867
0.847887
0.888740
0.874705
0.857585
0.853871
0.881371
0.864978
0.919150
0.878882
0.868301
0.865898
0.961415
0.891994
0.848206
0.870989
0.928748
0.864263
0.896468
0.831461
0.875940
0.883983
0.860113
0.876996
0.923177
0.855008
0.862972
0.844928
0.857938
0.854064
0.873891
0.893449
0.884732
0.910637
0.856753
0.914573
0.963605
0.901088
0.840441
0.891735
0.957935
0.833569
0.906649
0.867409
0.857662
0.889213
0.859875
0.821526
0.854639
0.838804
0.861186
0.910360
0.865157
0.857420
0.835683
0.875006
0.898726
0.836006
0.830658
0.874002
0.873587
0.898654
0.926153
0.889426
0.904014
0.882699
0.846047
0.858779
0.804076
0.884494
0.832690
0.934162
0.881993
0.860866
0.889734
0.921181
0.854001
0.879224
0.853676
0.922881
0.844607
0.905324
0.893910
0.827115
0.870791
0.861190
0.845912
0.872344
0.850878
0.874040
0.834264
0.887251
0.834914
0.844486
0.901035
0.814491
0.877249
0.859972
0.894163
0.883133
0.894270
0.892599
0.842405
0.853836
0.876114
0.891852
0.853115
0.891102
0.881012
0.893455
0.890085
0.951121
0.818781
0.872239
0.810470
0.931548
0.894068
0.870424
0.824165
0.821430
0.842447
0.872311
0.880402
0.877871
0.834442
0.861340
0.856064
0.874988
0.836344
0.842242
0.924183
0.887936
0.837523
0.806358
0.824047
0.842250
0.842018
0.865817
0.838485
0.873831
0.899843
0.916461
0.881368
0.857011
0.839183
0.829036
0.868269
0.819012
0.915612
0.850426
0.843132
0.829147
0.820248
0.922123
0.882083
0.821037
0.823653
0.826932
0.855692
0.919882
0.862174
0.880175
0.908154
0.850234
0.885679
0.821360
0.924995
0.801941
0.881706
0.835209
0.863591
0.893213
0.842112
0.886276
0.882785
0.822030
0.839853
0.803614
0.859432
0.843003
0.872168
0.839209
0.868180
0.838223
0.859430
0.788629
0.781824
0.829524
0.822391
0.831802
0.861938
0.806331
0.882929
0.795640
0.866850
0.893063
0.788839
0.791257
0.841545
0.871353
0.872277
0.839085
0.839417
0.856169
0.816383
0.928209
0.885513
0.879121
0.884714
0.899295
0.849310
0.852980
0.849355
0.897125
0.813921
0.794364
0.856933
0.779256
0.846846
0.897265
0.913794
0.824315
0.858895
0.827780
0.842182
0.879305
0.850972
0.853244
0.800984
0.831486
0.789372
0.904193
0.880354
0.860029
0.862083
0.850261
0.873654
0.862229
0.791575
0.852080
0.901644
0.845536
0.859075
0.781038
0.823616
0.843405
0.990152
0.820260
0.886029
0.897875
0.873837
0.847757
0.874206
0.799957
0.821708
0.820346
0.845886
0.892714
0.877330
0.904336
0.827896
0.852066
0.852026
0.850548
0.835089
0.850727
0.850949
0.831581
0.896777
0.857691
0.901674
0.857275
0.851274
0.802664
0.890640
0.859438
0.824791
0.842361
0.837462
0.890566
0.874740
0.924591
0.874314
0.909143
0.815852
0.837665
0.810568
0.868593
0.854749
0.910015
0.856459
0.846307
0.837908
0.852704
0.856747
0.774448
0.844108
0.848865
0.851612
0.841173
0.822798
0.888635
0.839214
0.843640
0.831698
0.839691
0.854704
0.829426
0.853310
0.875749
0.880468
0.852213
0.855466
0.844178
0.865683
0.871158
0.857633
0.885968
0.839246
0.869629
0.832251
0.871587
0.846161
0.817327
0.887396
0.847760
0.876421
0.896040
0.877483
0.860669
0.911732
0.834094
0.869275
0.889872
0.845221
0.901960
0.852856
0.846856
0.847699
0.869475
0.865828
0.904200
0.827175
0.839100
0.863239
0.865955
0.837361
0.880841
0.828308
0.884284
0.785612
0.852122
0.879657
0.872604
0.836258
0.871122
0.811237
0.837409
0.876104
0.841848
0.883002
0.891796
0.840350
0.850378
0.799835
0.887935
0.795324
0.797490
0.882536
0.818286
0.875944
0.870911
0.861126
0.854071
0.924238
0.811916
0.816137
0.856946
0.856917
0.871912
0.867884
0.891373
0.832155
0.866734
0.893373
0.831179
0.904473
0.886715
0.864364
0.840298
0.847808
0.890583
0.837216
0.863930
0.819436
0.896991
0.878902
0.802723
0.866480
0.877195
0.839482
0.848071
0.836238
0.836047
0.828750
0.873638
0.901061
0.850425
0.860449
0.855918
0.873744
0.863024
0.850400
0.904193
0.843794
0.822653
0.850709
0.870914
0.871869
0.821853
0.850887
0.871553
0.845615
0.821686
0.890267
0.839645
0.876307
0.825328
0.896027
0.828216
0.851387
0.847987
0.857584
0.830418
0.800674
0.879952
0.826152
0.856012
0.838154
0.895904
0.808991
0.832285
0.853148
0.821362
0.856065
0.865029
0.830663
0.856850
0.829697
0.895314
0.845514
0.806920
0.837645
0.841206
0.868744
0.859105
0.861881
0.790943
0.847998
0.840733
0.855124
0.841987
0.864235
0.899734
0.829126
0.817788
0.812817
0.829822
0.831407
0.822865
0.807582
0.795599
0.828643
0.829857
0.810041
0.818197
0.793537
0.787377
0.867543
0.838579
0.801549
0.824279
0.844871
0.855585
0.868541
0.861535
0.897717
0.792673
0.895273
0.895052
0.853220
0.851843
0.885712
0.830059
0.874154
0.835347
0.833801
0.849171
0.845972
0.848777
0.828882
0.797019
0.944059
0.813224
0.892076
0.901372
0.817854
0.825100
0.906886
0.922904
0.827710
0.902289
0.843498
0.820861
0.826766
0.871475
0.839811
0.901611
0.852938
0.803507
0.837563
0.834624
0.840019
0.860776
0.841241
0.826166
0.837441
0.855065
0.848061
0.844660
0.868785
0.841113
0.872026
0.896383
0.824766
0.797939
0.815759
0.867115
0.814167
0.857917
0.814094
0.827502
0.864343
0.823720
0.821918
0.834580
0.910455
0.816668
0.888156
0.851299
0.849630
0.862956
0.839232
0.869728
0.796397
0.825540
0.880566
0.789904
0.869996
0.815019
0.837490
0.863073
0.801334
0.857988
0.881231
0.826713
0.813086
0.794160
0.831277
0.789757
0.839730
0.908065
0.903437
0.841631
0.905805
0.797899
0.822107
0.779620
0.833003
0.824703
0.843183
0.820196
0.816619
0.921961
0.864574
0.816255
0.821447
0.853462
0.853103
0.825454
0.841522
0.848370
0.883448
0.837029
0.862894
0.795107
0.822727
0.804605
0.815536
0.878462
0.831212
0.901915
0.907641
0.879078
0.828178
0.852905
0.813773
0.853061
0.882576
0.787428
0.796853
0.828174
0.863386
0.840746
0.824470
0.895910
0.821356
0.839629
0.827924
0.886957
0.852153
0.854885
0.871025
0.867643
0.907832
0.844444
0.832594
0.818674
0.847271
0.817131
0.872542
0.784554
0.834274
0.867212
0.817563
0.817931
0.804272
0.862552
0.793276
0.826850
0.827830
0.843160
0.827281
0.881867
0.857167
0.815228
0.830219
0.825364
0.844798
0.854514
0.843631
0.827575
0.850345
0.872333
0.822158
0.810150
0.825996
0.804500
0.841209
0.826264
0.798677
0.798087
0.809860
0.859266
0.900198
0.811039
0.863815
0.861938
0.795455
0.845625
0.829181
0.897465
0.806562
0.884499
0.808790
0.852448
0.842992
0.837286
0.833481
0.843357
0.896916
0.827905
0.865025
0.826725
0.850932
0.821196
0.829896
0.861038
0.860711
0.816859
0.887396
0.851455
0.862912
0.843719
0.841444
0.857047
0.847648
0.879436
0.877549
0.822192
0.870128
0.838522
0.857530
0.833676
0.895108
0.855089
0.880367
0.833481
0.821814
0.808641
0.823967
0.817784
0.860671
0.819838
0.881386
0.881779
0.814894
0.839092
0.851617
0.832032
0.921217
0.871894
0.909598
0.825966
0.818729
0.799475
0.817623
0.873913
0.815772
0.804075
0.873389
0.895819
0.842570
0.806039
0.855063
0.912359
0.847124
0.797244
0.854826
0.776793
0.846212
0.861569
0.802601
0.806071
0.821430
0.820833
0.856085
0.808641
0.880093
0.834923
0.840066
0.803410
0.907628
0.862655
0.914365
0.805309
0.839548
0.818045
0.833015
0.856927
0.817451
0.787560
0.817227
0.825296
0.843206
0.935953
0.858000
0.835177
0.888473
0.809126
0.812550
0.849351
0.828693
0.846260
0.837506
0.855342
0.804516
0.859788
0.832838
0.846905
0.902689
0.806796
0.859846
0.806462
0.795257
0.860739
0.828756
0.840290
0.840455
0.821075
0.859066
0.841151
0.905107
0.809859
0.791290
0.810593
0.841086
0.911345
0.835920
0.861620
0.795972
0.854243
0.818647
0.836562
0.811798
0.856180
0.850994
0.850775
0.834333
0.854152
0.833312
0.923586
0.860002
0.824351
0.880610
0.799681
0.829021
0.865789
0.791853
0.827446
0.905690
0.810991
0.817959
0.877040
0.816189
0.865478
0.801406
0.837016
0.833051
0.820504
0.801584
0.813789
0.869733
0.834298
0.820597
0.877969
0.830673
0.843412
0.871043
0.844130
0.824635
0.862679
0.848804
0.881082
0.832433
0.827471
0.799963
0.819780
0.846124
0.845129
0.843481
0.864192
0.848310
0.879553
0.805727
0.805414
0.827573
0.941327
0.835314
0.816513
0.895695
0.792236
0.902690
0.843283
0.830958
0.815387
0.810439
0.815845
0.816813
0.818486
0.823934
0.811494
0.820206
0.825350
0.810363
0.864997
0.846859
0.820863
0.842808
0.813160
0.833015
0.838579
0.876462
0.801158
0.809824
0.879041
0.846925
0.871442
0.826723
0.836010
0.818109
0.863709
0.869478
0.841282
0.811174
0.855417
0.811566
0.793078
0.839608
0.884188
0.827894
0.858761
0.829124
0.889776
0.825199
0.809455
0.817141
0.858471
0.887398
0.847024
0.828897
0.836939
0.811116
0.843056
0.831998
0.815489
0.875352
0.857339
0.844212
0.827974
0.810998
0.861040
0.893787
0.844073
0.799292
0.811897
0.820725
0.809773
0.916483
0.861549
0.830480
0.798908
0.781325
0.838698
0.786692
0.833311
0.824086
0.812691
0.851177
0.861155
0.833486
0.813480
0.844416
0.855183
0.833402
0.845799
0.796488
0.828905
0.880141
0.863939
0.829127
0.841661
0.817774
0.840386
0.857512
0.809624
0.822771
0.865328
0.872833
0.894803
0.854674
0.798457
0.816621
0.797082
0.837002
0.769867
0.846030
0.804826
0.883870
0.854204
0.847654
0.817651
0.812483
0.817500
0.823684
0.809690
0.861212
0.830401
0.776428
0.851358
0.841824
0.838773
0.847499
0.794485
0.791875
0.884765
0.812189
0.870469
0.841733
0.812938
0.828074
0.844971
0.805288
0.875888
0.837712
0.811284
0.862960
0.822533
0.829937
0.878825
0.785073
0.804185
0.914656
0.792438
0.817287
0.848643
0.847288
0.835666
0.857679
0.879453
0.882214
0.817667
0.831373
0.838850
0.897434
0.826811
0.839458
0.784236
0.845909
0.804625
0.842698
0.807739
0.793289
0.818700
0.798863
0.823282
0.850441
0.847231
0.846775
0.820350
0.844422
0.803947
0.807422
0.817431
0.816440
0.842015
0.890667
0.836895
0.823315
0.829615
0.855004
0.850444
0.865322
0.867944
0.820455
0.819895
0.843998
0.795967
0.797236
0.867098
0.825348
0.809363
0.845448
0.820928
0.836432
0.848699
0.814870
0.893561
0.772816
0.810081
0.770417
0.827029
0.850061
0.839668
0.809881
0.829695
0.791166
0.822380
0.806746
0.817636
0.853047
0.831186
0.790502
0.879260
0.877627
0.856163
0.814428
0.797069
0.814353
0.840065
0.824455
0.862251
0.838938
0.861453
0.816871
0.854206
0.826936
0.825835
0.816544
0.787843
0.817459
0.870394
0.843409
0.819658
0.827545
0.819096
0.811624
0.932223
0.823696
0.843928
0.833276
0.810314
0.910757
0.851387
0.815650
0.828141
0.806677
0.834973
0.843259
0.791478
0.865987
0.807176
0.807258
0.803301
0.840099
0.853031
0.857415
0.834665
0.864130
0.807599
0.851455
0.809223
0.827483
0.873729
0.849535
0.853810
0.855800
0.879467
0.872092
0.837862
0.842213
0.830002
0.901714
0.859676
0.779326
0.798925
0.849618
0.816701
0.895961
0.912037
0.839044
0.809926
0.835191
0.797343
0.846445
0.876609
0.816804
0.774896
0.836134
0.836978
0.816685
0.829370
0.810446
0.877956
0.792747
0.807479
0.854992
0.804754
0.821401
0.837253
0.789874
0.828051
0.812297
0.793932
0.834539
0.814252
0.856983
0.801490
0.880222
0.788152
0.879147
0.870251
0.803947
0.804130
0.840465
0.818489
0.858607
0.881369
0.785259
0.811226
0.802288
0.810820
0.836335
0.824069
0.835235
0.800229
0.802960
0.831711
0.851030
0.841713
0.795184
0.909211
0.812251
0.808719
0.845631
0.836475
0.855340
0.798387
0.804649
0.792253
0.808971
0.831053
0.794726
0.874500
0.853623
0.828838
0.854149
0.808777
0.870226
0.812821
0.809713
0.785061
0.823917
0.817834
0.848015
0.814514
0.843592
0.840139
0.782724
0.840072
0.843152
0.800579
0.778339
0.827522
0.867118
0.853411
0.810140
0.838011
0.801374
0.863673
0.829652
0.802731
0.849188
0.810887
0.861398
0.832341
0.847613
0.866642
0.820301
0.830688
0.829527
0.854800
0.858541
0.795708
0.833599
0.840254
0.807398
0.828416
0.848718
0.871030
0.822605
0.828218
0.808047
0.820660
0.813498
0.832522
0.843348
0.803060
0.813807
0.836614
0.831696
0.823148
0.820807
0.819643
0.802126
0.813907
0.789767
0.835988
0.842804
0.816250
0.788590
0.766881
0.819277
0.812526
0.810635
0.854499
0.854709
0.838963
0.795479
0.830299
0.860083
0.848020
0.783243
0.814940
0.787630
0.802619
0.835114
0.847171
0.802349
0.825501
0.825850
0.906514
0.895841
0.865556
0.836607
0.892486
0.803044
0.813610
0.829688
0.855183
0.797895
0.844630
0.790706
0.847168
0.843109
0.844869
0.821997
0.855677
0.800770
0.824765
0.787300
0.851677
0.831645
0.826891
0.824156
0.855190
0.829818
0.871872
0.845467
0.801538
0.811457
0.844923
0.802950
0.870654
0.789026
0.810819
0.866875
0.830473
0.822509
0.863865
0.822110
0.787577
0.814501
0.810369
0.834368
0.818536
0.823896
0.871793
0.861035
0.825745
0.849904
0.832683
0.837987
0.808524
0.828822
0.815406
0.838278
0.835805
0.779310
0.843276
0.791631
0.801550
0.808300
0.835263
0.860007
0.817957
0.817974
0.857184
0.823298
0.796275
0.829172
0.797932
0.801941
0.860125
0.841843
0.790122
0.818233
0.814153
0.825956
0.856940
0.832967
0.889775
0.829150
0.839229
0.802874
0.839620
0.824832
0.808321
0.822314
0.834845
0.824102
0.804676
0.826745
0.809484
0.801682
0.814748
0.811221
0.834807
0.832461
0.835616
0.800359
0.861484
0.834520
0.832701
0.821811
0.887907
0.842821
0.835737
0.820651
0.813433
0.857686
0.815425
0.830399
0.830607
0.865803
0.864849
0.868352
0.798545
0.841062
0.779688
0.819379
0.781752
0.862734
0.815060
0.816222
0.859327
0.786578
0.861619
0.798575
0.854423
0.836499
0.831563
0.824552
0.887227
0.813439
0.840724
0.851163
0.821063
0.838004
0.877900
0.815715
0.818966
0.819344
0.857148
0.857276
0.848203
0.814805
0.865492
0.824774
0.794461
0.805315
0.843234
0.912747
0.778600
0.805952
0.852005
0.789720
0.848094
0.881701
0.834608
0.822560
0.820936
0.803640
0.834016
0.835084
0.796573
0.825809
0.832775
0.839323
0.841661
0.854460
0.848120
0.790653
0.875998
0.838978
0.830953
0.874531
0.788777
0.875034
0.855820
0.872288
0.876536
0.840729
0.834319
0.843256
0.797601
0.814551
0.814929
0.848443
0.842373
0.815119
0.868498
0.799676
0.851263
0.799801
0.800660
0.814043
0.824603
0.813240
0.870600
0.821588
0.830566
0.826199
0.787922
0.818684
0.839487
0.845295
0.859540
0.832004
0.816384
0.846704
0.797491
0.845981
0.786061
0.858971
0.857127
0.806884
0.865050
0.784601
0.811474
0.800428
0.837004
0.801755
0.797437
0.824397
0.798723
0.800320
0.845230
0.828425
0.783144
0.797088
0.829112
0.823921
0.809721
0.875263
0.848612
0.851984
0.799192
0.837636
0.829068
0.848728
0.806760
0.808763
0.817413
0.836049
0.817418
0.841847
0.841327
0.834933
0.803079
0.824828
0.826661
0.833975
0.830669
0.805368
0.795778
0.839972
0.811324
0.827429
0.851114
0.816380
0.821750
0.854003
0.799725
0.837873
0.816630
0.822096
0.831998
0.862339
0.811091
0.782313
0.832551
0.793419
0.840443
0.799158
0.807728
0.846504
0.783863
0.850115
0.870755
0.843856
0.837302
0.822668
0.792343
0.781082
0.853149
0.849795
0.808183
0.822023
0.804959
0.840784
0.815135
0.852693
0.825138
0.835337
0.807606
0.824283
0.814342
0.831352
0.783994
0.807897
0.828913
0.779497
0.836756
0.843864
0.855549
0.831135
0.807283
0.805443
0.811029
0.790359
0.813785
0.808032
0.817780
0.810426
0.819699
0.806650
0.768606
0.871895
0.836493
0.807802
0.859919
0.829246
0.862838
0.861752
0.802655
0.809784
0.806826
0.788997
0.843664
0.805292
0.821625
0.849756
0.833393
0.825371
0.811093
0.782492
0.805019
0.837761
0.846618
0.855879
0.813944
0.880278
0.807228
0.791795
0.872311
0.806853
0.855974
0.874871
0.847394
0.857396
0.850992
0.830541
0.815400
0.856567
0.789480
0.827564
0.849191
0.817437
0.819079
0.910890
0.807965
0.818468
0.845866
0.794753
0.922064
0.792615
0.856528
0.788633
0.808012
0.801800
0.830487
0.807145
0.925558
0.799878
0.795566
0.830529
0.807196
0.814433
0.836153
0.811567
0.826266
0.815446
0.797982
0.798403
0.805642
0.810293
0.802289
0.806035
0.810779
0.868672
0.877568
0.857664
0.823185
0.829766
0.801396
0.821521
0.833330
0.809315
0.826714
0.791023
0.805580
0.855258
0.800251
0.804112
0.804662
0.818276
0.825673
0.815422
0.827753
0.837669
0.815299
0.828900
0.862641
0.797842
0.849279
0.837733
0.785690
0.799203
0.844427
0.850772
0.797240
0.826422
0.866782
0.782586
0.831739
0.831077
0.781208
0.829767
0.805701
0.795016
0.822067
0.777829
0.857148
0.803382
0.801610
0.810088
0.810331
0.774782
0.786256
0.798495
0.811942
0.864035
0.894616
0.814062
0.821895
0.821033
0.824731
0.811376
0.855460
0.787323
0.847517
0.808749
0.795546
0.851660
0.846959
0.822796
0.820065
0.836462
0.890825
0.815135
0.812648
0.821091
0.817545
0.856101
0.788031
0.816941
0.866032
0.810122
0.805221
0.842060
0.814494
0.801176
0.796256
0.908253
0.814918
0.792728
0.768354
0.851713
0.880833
0.808065
0.837694
0.815734
0.843785
0.835349
0.831992
0.864648
0.837927
0.789874
0.831829
0.798451
0.867239
0.802404
0.850539
0.798277
0.884081
0.872872
0.800688
0.791284
0.831740
0.850620
0.839589
0.827219
0.817046
0.811154
0.781561
0.827716
0.799695
0.819066
0.799492
0.804934
0.792360
0.844502
0.820084
0.812772
0.800673
0.874992
0.803519
0.844711
0.840276
0.810094
0.861443
0.831471
0.830906
0.800857
0.855484
0.861323
0.815509
0.815460
0.813240
0.814837
0.864194
0.799083
0.795475
0.832713
0.809757
0.849993
0.852417
0.823276
0.934323
0.826455
0.813165
0.791098
0.818671
0.855819
0.898268
0.791748
