2.302618
2.300633
2.298849
2.297373
2.294123
2.290189
2.286689
2.283989
2.279276
2.274126
2.263516
2.259110
2.251639
2.251667
2.225955
2.200268
2.206963
2.192706
2.172912
2.178258
2.136158
2.111504
2.090914
2.111551
2.046526
2.094100
2.052326
2.010896
1.941150
1.967800
1.923346
1.973519
1.941810
1.884331
1.888750
1.981880
1.868382
1.797799
1.884425
1.837840
1.858070
1.818481
1.816265
1.749862
1.817394
1.707870
1.744085
1.774948
1.807371
1.751587
1.795923
1.788030
1.744606
1.855480
1.839675
1.712986
1.770339
1.718939
1.811078
1.738790
1.712662
1.784327
1.769603
1.807122
1.812317
1.715307
1.679890
1.695088
1.731484
1.709365
1.756195
1.725344
1.712490
1.748730
1.720406
1.732008
1.630258
1.673172
1.717204
1.684680
1.720152
1.651278
1.558149
1.706583
1.684980
1.666770
1.610906
1.632510
1.599192
1.505709
1.562768
1.650648
1.577949
1.593730
1.577595
1.680939
1.590368
1.594513
1.581357
1.635697
1.683152
1.645134
1.617965
1.626275
1.601124
1.538239
1.603766
1.596773
1.537779
1.569167
1.475545
1.620196
1.544417
1.582390
1.585350
1.569564
1.549277
1.626318
1.521870
1.520960
1.448857
1.628248
1.488680
1.542307
1.496139
1.462278
1.536063
1.572475
1.486733
1.607445
1.474893
1.489827
1.508087
1.442957
1.464172
1.483450
1.402581
1.373699
1.470107
1.434207
1.481164
1.468542
1.477320
1.423858
1.408663
1.389984
1.550745
1.410795
1.503595
1.448719
1.510567
1.429906
1.479818
1.413895
1.468050
1.430895
1.401111
1.474821
1.419343
1.402349
1.425815
1.501844
1.373882
1.464405
1.465732
1.372030
1.419751
1.419788
1.387353
1.413547
1.482280
1.420691
1.397366
1.451231
1.510138
1.349960
1.409839
1.504268
1.398193
1.316204
1.323081
1.283314
1.310871
1.327398
1.335901
1.422294
1.324146
1.312585
1.438617
1.342989
1.313448
1.289215
1.455070
1.299138
1.360598
1.416685
1.288131
1.359374
1.269416
1.332395
1.241612
1.222252
1.418005
1.370916
1.249357
1.345987
1.294582
1.340571
1.275482
1.321482
1.387680
1.282380
1.362324
1.303093
1.457546
1.387672
1.230931
1.305716
1.220883
1.475904
1.279331
1.412389
1.289170
1.280173
1.350486
1.392804
1.258470
1.308421
1.371790
1.274942
1.143522
1.343707
1.286420
1.211692
1.307994
1.171372
1.240019
1.350639
1.166597
1.263555
1.282433
1.359822
1.403826
1.255684
1.319798
1.256495
1.287247
1.325076
1.281157
1.300749
1.239459
1.173439
1.280650
1.381593
1.279959
1.194438
1.267338
1.283380
1.260622
1.245608
1.270013
1.241160
1.243738
1.183823
1.132532
1.229813
1.201376
1.174428
1.274535
1.342474
1.191056
1.161389
1.205631
1.200417
1.170884
1.217693
1.285576
1.339330
1.195431
1.111509
1.068469
1.278455
1.204231
1.227174
1.241324
1.175101
1.315461
1.198355
1.240167
1.248088
1.275114
1.144812
1.133685
1.251121
1.146429
1.258829
1.284665
1.213071
1.149666
1.202359
1.259369
1.161142
1.131759
1.213457
1.218106
1.290324
1.077496
1.163718
1.200857
1.151642
1.184029
1.033309
1.128725
1.268260
1.178335
1.188578
1.106807
1.109488
1.146227
1.193975
1.118934
1.252456
1.136065
1.141623
1.132464
1.284465
1.045565
1.175546
1.033217
1.103764
1.094411
1.152297
1.139732
1.092915
1.074004
1.201548
1.231411
1.217571
1.278810
1.189772
1.033586
1.164254
1.225188
1.198206
1.107671
1.221099
1.231481
1.221576
1.112437
1.152118
1.074361
1.132493
1.134234
1.120453
1.157556
1.022162
1.076957
1.116805
1.086615
1.120615
1.087976
1.094152
1.076080
1.162930
1.052839
1.138981
1.263133
1.059602
1.171471
0.933504
1.020180
1.134577
1.095106
1.025244
1.001885
1.005553
1.073306
1.008206
1.105077
1.181195
1.128554
1.110264
1.134641
1.047228
1.088120
1.111182
1.147440
1.030031
1.153051
1.202030
1.026652
1.076954
1.054278
1.096664
1.182949
1.052973
1.139663
1.088652
1.091502
0.997989
1.072758
0.959956
1.035322
1.043749
1.050910
1.229119
1.059621
1.007859
0.995385
1.075999
1.100619
1.030865
1.247344
0.990865
0.908324
1.088218
1.014800
1.027003
1.142181
0.955086
0.942632
1.079232
1.034294
1.128149
0.994319
1.061813
1.022009
1.009304
1.107763
1.000728
1.062233
1.168190
0.987878
1.087882
1.058790
1.134848
0.980736
1.140669
1.007505
1.073269
1.037717
0.971033
0.987344
1.060604
0.995022
1.212021
1.095043
0.992183
1.079857
1.053467
0.929670
1.012892
1.058721
1.011424
1.104121
0.976388
1.099721
0.985317
1.076248
1.034138
1.070436
1.073627
1.138684
0.913491
1.082834
1.005968
1.099450
1.043709
0.998939
1.040677
1.028805
1.140507
1.046865
1.024341
0.995908
1.075728
1.031618
1.011228
1.007674
1.012010
0.875680
0.926085
0.904743
0.972187
1.166849
1.104923
0.963443
1.096178
0.984487
0.922651
1.103202
0.967018
0.989249
1.006382
1.040043
1.003295
1.121534
1.087942
0.955953
1.015610
1.006804
1.062289
1.021142
1.086614
0.964128
0.937798
1.021098
0.972405
0.957904
0.890585
0.934064
1.062869
1.025037
0.969592
0.971402
1.083595
0.902327
0.914301
1.086026
0.837970
1.012562
0.884408
0.978449
0.930667
0.929742
0.917152
0.986468
0.941219
0.942407
0.894744
1.006257
0.878998
0.839566
0.938571
0.946451
0.876449
0.942828
0.852316
1.006438
0.993287
1.004629
0.888571
0.890643
0.995657
0.905958
0.811045
0.874797
0.965606
0.890083
0.835965
0.898538
1.056475
1.036701
1.004389
0.924173
0.900186
0.980523
0.938442
0.867513
0.907804
0.956832
0.940331
0.948184
1.049912
1.004900
1.093238
0.919355
1.004204
1.068591
1.074103
1.015175
1.016700
1.007292
0.864867
1.022022
0.958947
0.875229
0.974009
0.982604
0.965437
0.961293
0.893857
0.874286
1.031251
0.915502
0.933627
0.855250
0.861413
0.940578
0.927978
0.934805
1.003403
1.018651
0.948607
1.047662
0.920224
0.917067
0.899098
0.877173
0.936253
0.909215
0.900687
0.971796
0.871388
1.007765
1.000224
0.910667
0.986081
0.887244
1.074272
1.046830
0.941829
0.872434
0.957843
0.740033
0.890966
0.826240
0.877437
0.841436
0.845368
0.834972
1.022063
0.884611
0.994676
0.930037
0.921112
0.743532
0.903823
0.965742
1.044039
1.029062
0.794626
1.019563
0.987636
1.012569
0.770564
0.934597
0.865346
0.898480
0.934693
1.007432
0.931893
0.918718
0.908631
0.868791
0.833964
1.048634
1.075033
0.885416
1.020476
0.982030
0.895632
0.912006
1.000207
0.831865
0.953189
0.819185
0.850954
0.936432
0.835903
0.868260
0.897759
1.038529
0.844112
0.982397
0.805516
0.831628
0.959123
0.895760
0.914758
1.004501
1.006429
0.921999
0.888478
0.983011
0.976142
0.921490
0.856871
0.997279
0.930506
0.955339
0.809870
0.868243
1.002061
0.936057
0.906515
0.835937
0.855846
0.845579
0.972937
0.895602
0.884496
0.924045
0.955711
0.784233
0.843462
0.783497
0.984292
0.965430
0.933559
0.814765
0.851442
0.778953
0.972196
0.852654
0.866656
0.912529
1.009110
0.829523
0.741644
0.862661
0.937887
0.804773
0.856614
0.964775
0.977731
0.849933
0.829674
0.898072
0.886570
0.811865
0.965504
0.928322
0.879803
0.819768
0.879149
0.927938
0.876837
0.878953
0.844079
0.796867
0.807393
0.784823
0.827411
0.960356
0.876846
0.853897
0.859085
0.953904
0.905612
0.747643
0.858087
0.794929
0.878872
0.853694
0.802963
0.894505
0.918413
0.940233
0.871199
1.026258
0.912450
0.849346
0.815383
0.871690
0.858899
0.843235
0.884155
0.858741
0.892875
0.805444
0.910406
0.938868
0.831645
0.851352
0.868341
0.867239
0.828062
0.747079
0.923852
0.826935
0.829208
0.773690
0.844331
0.860251
0.911527
0.843274
0.831837
0.863578
0.792917
0.867825
0.753421
0.878198
0.840369
0.804595
0.839123
0.953023
0.918756
0.956185
0.820149
0.879996
0.869237
0.874126
0.826410
0.827632
0.717740
0.877086
0.899477
0.846354
0.890728
0.923489
0.842796
0.873188
0.916659
0.890719
0.824931
0.789303
0.827293
0.825395
0.922015
0.931311
0.955123
0.836415
0.814995
0.779962
0.729633
0.771858
0.859089
0.797253
0.644285
0.768118
0.804751
0.860760
0.901256
0.967266
0.842641
0.765407
0.808443
0.904186
0.791443
0.842126
0.772731
0.891416
0.803471
0.815662
0.959552
0.849086
0.967071
0.761580
0.801915
0.815558
0.947008
0.861679
0.831041
0.892393
0.891526
0.842516
0.750270
0.844448
0.790609
0.787794
0.807874
0.867471
0.761714
0.823765
0.828509
0.784900
0.837892
0.935250
0.699690
0.889657
0.824866
0.716507
1.016051
0.868411
0.705463
0.880425
0.907490
0.943043
0.898478
0.877666
0.721466
0.891321
0.821013
0.826519
0.790098
0.892895
0.844555
0.847101
0.749549
0.799969
0.792866
0.811397
0.739217
0.827732
0.855489
0.846839
0.804030
0.795496
0.762705
0.764884
0.832449
0.679938
0.729137
0.784916
0.715987
0.805955
0.822645
0.829022
0.848006
0.800207
0.879243
0.781318
0.810582
0.834836
0.869362
0.929967
0.889521
0.779219
0.761257
0.797978
0.826775
0.744728
0.708649
0.777397
0.837283
0.812808
0.758684
0.785073
0.731254
0.736170
0.732936
0.836111
0.681744
0.711043
0.932894
0.868206
0.853215
0.724413
0.768701
0.695403
0.780693
0.764816
0.746589
0.662303
0.707778
0.681794
0.821194
0.792551
0.844964
0.814314
0.746636
0.844529
0.895875
0.783711
0.778737
0.807853
0.780440
0.728720
0.731776
0.807062
0.803059
0.801755
0.748883
0.697527
0.810174
0.814353
0.854702
0.703677
0.777724
0.727139
0.776644
0.707141
0.771376
0.673735
0.799510
0.848193
0.794379
0.758128
0.827126
0.709826
0.878208
0.776212
0.877634
0.755172
0.703069
0.865448
0.800307
0.671246
0.790944
0.719603
0.781600
0.795481
0.768144
0.786010
0.891538
0.810095
0.876213
0.805578
0.782939
0.731301
0.805996
0.763921
0.790491
0.714779
0.757696
0.675378
0.853765
0.815329
0.763958
0.803258
0.794107
0.847746
0.964193
0.784772
0.767729
0.740407
0.823539
0.796605
0.733482
0.724126
0.775489
0.777941
0.833007
0.747619
0.881524
0.765960
0.734290
0.854466
0.791939
0.866811
0.912047
0.793452
0.775833
0.749175
0.773411
0.726252
0.739757
0.634340
0.791832
0.843006
0.673099
0.713014
0.787065
0.808030
0.655231
0.891109
0.760417
0.739990
0.761004
0.827700
0.788377
0.840851
0.788697
0.744536
0.659763
0.841332
0.745498
0.793481
0.692138
0.661228
0.688787
0.651729
0.694834
0.790607
0.683923
0.715122
0.628838
0.761854
0.802143
0.793945
0.830371
0.719639
0.708531
0.682711
0.715054
0.684431
0.653693
0.718389
0.727165
0.868210
0.693804
0.817251
0.834652
0.708115
0.846861
0.748388
0.725792
0.721379
0.778072
0.694685
0.876294
0.829899
0.722233
0.698572
0.626139
0.718487
0.751707
0.704336
0.794476
0.792321
0.803911
0.685285
0.883576
0.791542
0.758401
0.674939
0.714507
0.664026
0.772029
0.767489
0.812963
0.746253
0.855002
0.591923
0.767260
0.804746
0.791458
0.785743
0.795692
0.836205
0.636387
0.633069
0.698996
0.659785
0.605348
0.816164
0.783838
0.772535
0.902720
0.779794
0.633365
0.762628
0.721832
0.607235
0.833701
0.639077
0.768756
0.719492
0.791611
0.776396
0.708164
0.829243
0.734085
0.696917
0.606403
0.600659
0.796037
0.795187
0.784145
0.775660
0.726386
0.717780
0.780630
0.625763
0.736084
0.725697
0.794985
0.730026
0.728432
0.767817
0.695844
0.668932
0.641492
0.667873
0.721446
0.732283
0.691657
0.779272
0.814921
0.706053
0.818274
0.832374
0.617809
0.704348
0.692099
0.710791
0.744660
0.706164
0.726686
0.666631
0.630577
0.756661
0.745162
0.684354
0.608642
0.746258
0.720898
0.673316
0.883126
0.676686
0.815472
0.634686
0.695968
0.598806
0.661560
0.863533
0.657582
0.863939
0.706473
0.646867
0.756624
0.776432
0.757676
0.694209
0.770555
0.722291
0.601849
0.694653
0.752241
0.755378
0.781471
0.774599
0.609976
0.732103
0.708436
0.694501
0.549232
0.781208
0.710208
0.674487
0.691967
0.692298
0.840162
0.827063
0.630725
0.786382
0.899858
0.650794
0.596725
0.692011
0.741935
0.675600
0.603173
0.683526
0.692755
0.623542
0.710387
0.614870
0.592327
0.590830
0.634504
0.766482
0.616193
0.559979
0.681133
0.639429
0.645592
0.688565
0.707656
0.697538
0.751155
0.720953
0.660743
0.665738
0.657564
0.599599
0.728004
0.718612
0.824042
0.509028
0.535213
0.675330
0.682415
0.686316
0.720094
0.678856
0.770090
0.659386
0.717829
0.555161
0.672594
0.641575
0.673451
0.749397
0.776692
0.794095
0.676537
0.676481
0.624068
0.797800
0.681602
0.708997
0.676735
0.708120
0.741590
0.786119
0.736876
0.605327
0.685102
0.916808
0.725057
0.648707
0.563250
0.691885
0.689700
0.815685
0.710720
0.692233
0.722600
0.629075
0.752780
0.687973
0.708713
0.728015
0.670779
0.610512
0.576362
0.781999
0.629235
0.689415
0.702637
0.640785
0.625318
0.736879
0.640214
0.754998
0.679723
0.662954
0.708614
0.623604
0.702710
0.810844
0.596595
0.678949
0.839679
0.693438
0.659979
0.687588
0.690220
0.593772
0.654815
0.678120
0.840564
0.729116
0.769203
0.700565
0.655362
0.666351
0.673830
0.678251
0.722176
0.802264
0.672558
0.716387
0.696678
0.634516
0.641460
0.690430
0.714602
0.554670
0.716165
0.705832
0.666840
0.754831
0.715530
0.684515
0.636395
0.792029
0.767440
0.710090
0.770615
0.677997
0.571657
0.733536
0.657743
0.739342
0.652922
0.743180
0.648564
0.693851
0.740266
0.738700
0.658640
0.870747
0.663027
0.722790
0.719132
0.740068
0.722743
0.657985
0.759923
0.672860
0.740341
0.550100
0.690680
0.665569
0.670140
0.647985
0.812881
0.588811
0.713822
0.666237
0.762118
0.691024
0.596508
0.703019
0.652288
0.682286
0.748285
0.646986
0.744433
0.695766
0.674624
0.563058
0.597305
0.626463
0.693329
0.730215
0.618612
0.548565
0.634967
0.747674
0.561118
0.706987
0.646625
0.590109
0.523866
0.608214
0.700309
0.670704
0.747366
0.600888
0.711359
0.583443
0.689067
0.611703
0.683833
0.637061
0.574110
0.704166
0.568494
0.568901
0.653121
0.583154
0.656669
0.557462
0.624667
0.574870
0.630041
0.524657
0.514795
0.781586
0.671454
0.586124
0.513411
0.757229
0.623358
0.600445
0.640900
0.664967
0.569777
0.564969
0.678044
0.655442
0.644371
0.581814
0.656566
0.630364
0.525950
0.621324
0.600398
0.689629
0.586552
0.655669
0.582549
0.702238
0.657111
0.667322
0.628470
0.572878
0.632953
0.723485
0.752570
0.642935
0.598573
0.630829
0.662601
0.631773
0.657732
0.571364
0.699504
0.771258
0.562169
0.659966
0.553618
0.584160
0.595290
0.659870
0.749019
0.651055
0.514596
0.602372
0.763225
0.590445
0.689839
0.683782
0.694539
0.553905
0.610512
0.636155
0.639191
0.603172
0.671135
0.587535
0.575415
0.613104
0.647533
0.629482
0.750619
0.725998
0.752820
0.647245
0.657882
0.635621
0.550068
0.750327
0.654195
0.647239
0.564588
0.484186
0.607343
0.667192
0.617333
0.607227
0.676022
0.677625
0.607860
0.679507
0.646996
0.576642
0.602156
0.835981
0.651602
0.616788
0.551575
0.708057
0.733659
0.749318
0.627831
0.645542
0.585256
0.586924
0.585029
0.653901
0.642783
0.650049
0.679176
0.740026
0.660077
0.603362
0.629252
0.615364
0.574945
0.694917
0.563306
0.611772
0.691586
0.694697
0.571440
0.566827
0.510702
0.543450
0.643468
0.679391
0.616546
0.732272
0.659051
0.651849
0.697674
0.637674
0.573598
0.641211
0.786002
0.615963
0.663793
0.590403
0.607139
0.707376
0.778805
0.674963
0.597488
0.602352
0.686798
0.729927
0.566250
0.669421
0.635535
0.475001
0.752936
0.579116
0.636151
0.522831
0.538283
0.548444
0.656030
0.555710
0.628064
0.617379
0.644103
0.626165
0.612138
0.676126
0.568730
0.704923
0.592210
0.651633
0.586865
0.609169
0.494787
0.682950
0.610769
0.543115
0.580072
0.650945
0.616702
0.664703
0.606895
0.628941
0.595872
0.560101
0.477616
0.609940
0.554031
0.634795
0.597678
0.695486
0.646265
0.635511
0.564074
0.635873
0.631728
0.735820
0.605891
0.620016
0.668035
0.575122
0.699431
0.655393
0.584221
0.624082
0.758559
0.514382
0.540575
0.602642
0.643803
0.606140
0.637215
0.588457
0.682899
0.634937
0.641084
0.522541
0.668905
0.604296
0.571495
0.512061
0.674715
0.544247
0.500422
0.727180
0.550414
0.628349
0.687640
0.612887
0.654239
0.660423
0.673511
0.665699
0.518071
0.781892
0.645275
0.664804
0.547990
0.584640
0.587570
0.622780
0.508053
0.548316
0.686215
0.566647
0.612232
0.531236
0.466772
0.658360
0.635233
0.712641
0.500611
0.572449
0.630020
0.584879
0.661293
0.719959
0.670580
0.643953
0.550252
0.467641
0.585953
0.635169
0.541656
0.581480
0.687674
0.697952
0.670457
0.651425
0.605504
0.633591
0.578061
0.712700
0.546154
0.632722
0.511164
0.668850
0.610514
0.707388
0.704294
0.763880
0.568663
0.562288
0.571093
0.667645
0.551387
0.552430
0.568938
0.493585
0.600977
0.656062
0.603603
0.613650
0.637490
0.582253
0.561221
0.586053
0.606416
0.591512
0.629158
0.615084
0.554677
0.602227
0.688202
0.665114
0.702237
0.548690
0.581815
0.663816
0.540848
0.635952
0.593083
0.494667
0.470926
0.560128
0.596671
0.596724
0.691106
0.631046
0.565139
0.582753
0.667096
0.446748
0.647080
0.561484
0.628194
0.637337
0.592436
0.581425
0.563785
0.586361
0.568977
0.586396
0.586298
0.480526
0.488125
0.498353
0.583567
0.477457
0.541783
0.569390
0.476497
0.619445
0.502860
0.593892
0.585305
0.489124
0.618396
0.658131
0.519492
0.567888
0.515582
0.675624
0.812367
0.589713
0.628760
0.508875
0.616781
0.710281
0.611720
0.553738
0.579655
0.496126
0.571669
0.537102
0.515038
0.453402
0.510596
0.544662
0.549899
0.568343
0.545632
0.563870
0.512833
0.600547
0.553729
0.561558
0.489893
0.609256
0.582863
0.532723
0.541090
0.608683
0.575371
0.602044
0.582031
0.534068
0.589418
0.571145
0.561768
0.486461
0.500471
0.589249
0.545635
0.507327
0.558330
0.627834
0.635650
0.676646
0.577144
0.765135
0.606939
0.589152
0.616568
0.557811
0.663825
0.589342
0.604799
0.690262
0.512100
0.557626
0.628252
0.511938
0.677808
0.548918
0.614069
0.633494
0.711279
0.580324
0.722909
0.546577
0.627283
0.617278
0.539462
0.511515
0.507239
0.590686
0.436522
0.582328
0.537024
0.706982
0.573474
0.482794
0.628183
0.632845
0.561068
0.466365
0.588516
0.574114
0.582809
0.547823
0.593506
0.563345
0.575475
0.623766
0.647637
0.522350
0.561828
0.564633
0.572023
0.472092
0.574210
0.564781
0.496673
0.587760
0.551767
0.567329
0.553984
0.606346
0.609962
0.598462
0.577276
0.757183
0.578124
0.611699
0.595932
0.694391
0.547620
0.592827
0.569412
0.608511
0.543538
0.589791
0.504704
0.575069
0.569575
0.611227
0.654900
0.592004
0.586798
0.571362
0.570239
0.657916
0.551029
0.639533
0.564527
0.582957
0.636859
0.542617
0.641107
0.512462
0.558952
0.615820
0.557592
0.573262
0.555520
0.593980
0.508723
0.628506
0.581227
0.639610
0.575807
0.552860
0.560531
0.463193
0.582025
0.554691
0.510904
0.516847
0.608907
0.500795
0.504903
0.503201
0.542825
0.496332
0.528159
0.556677
0.491332
0.491728
0.564296
0.447996
0.478287
0.572520
0.538264
0.466152
0.580083
0.491331
0.570659
0.576520
0.567726
0.503806
0.584671
0.579169
0.542708
0.623606
0.495174
0.473547
0.606053
0.577734
0.599324
0.556725
0.502054
0.587914
0.490870
0.599158
0.574859
0.541756
0.519941
0.493942
0.469235
0.555144
0.486392
0.641244
0.589735
0.486969
0.737099
0.509779
0.538859
0.574487
0.510779
0.572886
0.568985
0.516790
0.515354
0.478950
0.566432
0.599128
0.590248
0.621980
0.604927
0.486187
0.447832
0.550391
0.588161
0.595528
0.610868
0.591208
0.648972
0.518813
0.571947
0.545646
0.520212
0.513405
0.571220
0.648641
0.562481
0.625050
0.625103
0.609130
0.553988
0.547232
0.540658
0.597908
0.507000
0.602093
0.541118
0.592095
0.579008
0.531989
0.528148
0.553957
0.525344
0.619195
0.497456
0.556300
0.509109
0.546439
0.543998
0.509445
0.408420
0.608218
0.561292
0.534479
0.488568
0.463969
0.426958
0.463395
0.688004
0.571042
0.463743
0.522301
0.688362
0.493165
0.722794
0.491561
0.582247
0.523279
0.482128
0.516787
0.477986
0.476036
0.572611
0.584966
0.536433
0.549132
0.550483
0.488660
0.533300
0.665355
0.511162
0.623218
0.504208
0.617088
0.644752
0.480746
0.567056
0.641663
0.563706
0.614337
0.594013
0.645839
0.517349
0.540296
0.553123
0.579257
0.545758
0.505789
0.545490
0.595032
0.588382
0.557054
0.624329
0.610284
0.482309
0.602958
0.587889
0.587969
0.603906
0.522018
0.512506
0.526434
0.496434
0.583131
0.593471
0.570581
0.560133
0.591021
0.530143
0.535878
0.563671
0.610514
0.451425
0.525108
0.561723
0.617599
0.464742
0.506194
0.460460
0.473290
0.478625
0.500786
0.453050
0.537605
0.581409
0.511652
0.576570
0.582074
0.655291
0.505567
0.535093
0.553637
0.500306
0.465322
0.535241
0.490103
0.488331
0.560697
0.489324
0.499772
0.475120
0.447050
0.471971
0.582706
0.448463
0.583026
0.552392
0.512795
0.589773
0.560492
0.506607
0.562025
0.521490
0.530647
0.501722
0.605916
0.505160
0.581449
0.553209
0.552034
0.456025
0.595341
0.485695
0.455039
0.638379
0.532407
0.522972
0.546280
0.463867
0.489644
0.605476
0.427832
0.438936
0.502788
0.536148
0.543030
0.497432
0.473157
0.593162
0.458501
0.558384
0.603443
0.511896
0.529877
0.456099
0.487636
0.472662
0.578987
0.543909
0.473183
0.626301
0.520635
0.625544
0.514015
0.483659
0.474463
0.483983
0.613290
0.526999
0.461799
0.482553
0.486851
0.514182
0.549444
0.418696
0.574842
0.536008
0.565586
0.493388
0.515821
0.528233
0.464604
0.503962
0.515261
0.565484
0.525023
0.469963
0.485338
0.506410
0.475102
0.479039
0.488779
0.550403
0.505848
0.471139
0.546835
0.436916
0.478325
0.495296
0.526147
0.519792
0.490157
0.615460
0.520966
0.485802
0.606935
0.436466
0.520223
0.440184
0.567696
0.572797
0.491255
0.518540
0.434675
0.604043
0.507990
0.555311
0.486129
0.467022
0.515546
0.591369
0.526438
0.484959
0.561256
0.457770
0.632029
0.532269
0.520626
0.495907
0.582987
0.662453
0.623450
0.548199
0.636163
0.516616
0.566643
0.661847
0.560395
0.550032
0.481638
0.658519
0.489102
0.654499
0.464822
0.587594
0.462573
0.600745
0.517302
0.590903
0.512051
0.597317
0.500312
0.473404
0.465217
0.427799
0.409347
0.488126
0.431698
0.579843
0.488474
0.462391
0.515838
0.475099
0.478778
0.445950
0.508844
0.455571
0.491952
0.433807
0.404682
0.423989
0.536984
0.409167
0.543953
0.358915
0.463134
0.514288
0.509669
0.498037
0.382273
0.553170
0.447943
0.484213
0.368948
0.533015
0.586935
0.487110
0.560753
0.487035
0.482826
0.484498
0.503461
0.626364
0.565745
0.413415
0.436366
0.439951
0.501380
0.445452
0.595973
0.496926
0.593339
0.538553
0.584979
0.448633
0.461160
0.425923
0.495275
0.384140
0.499935
0.429225
0.444401
0.499315
0.387888
0.542789
0.479490
0.523062
0.475737
0.458208
0.362310
0.568648
0.452933
0.541378
0.505279
0.537302
0.520573
0.500738
0.463511
0.643002
0.551860
0.607713
0.482562
0.396571
0.470230
0.502062
0.551239
0.514875
0.407435
0.553950
0.488778
0.470700
0.511748
0.593445
0.412341
0.504318
0.442784
0.466821
0.667194
0.559255
0.509756
0.594505
0.524291
0.459271
0.547183
0.449658
0.502226
0.565399
0.531629
0.527481
0.430553
0.531965
0.470659
0.442461
0.589433
0.481554
0.528622
0.554234
0.526299
0.506972
0.384353
0.487602
0.523101
0.498348
0.580216
0.478612
0.541040
0.483957
0.538775
0.500401
0.522467
0.663118
0.443567
0.489327
0.457760
0.489778
0.543692
0.405191
0.503539
0.539498
0.404488
0.481405
0.456379
0.466187
0.605815
0.487207
0.515775
0.465333
0.582029
0.462681
0.533926
0.489065
0.571662
0.562059
0.593562
0.465930
0.452657
0.480685
0.526400
0.515177
0.535002
0.511976
0.490700
0.424173
0.453175
0.625747
0.576762
0.528903
0.543540
0.527977
0.571886
0.495225
0.513941
0.478935
0.555806
0.510080
0.472072
0.526972
0.409033
0.437691
0.502797
0.447319
0.499250
0.477028
0.491650
0.399049
0.348531
0.424937
0.457506
0.434131
0.445096
0.464930
0.475553
0.497253
0.498339
0.461737
0.503792
0.384885
0.391879
0.517184
0.475597
0.392469
0.376314
0.382641
0.415360
0.461020
0.433084
0.556544
0.416271
0.426788
0.530389
0.510648
0.410500
0.432239
0.560042
0.414053
0.473116
0.476815
0.484605
0.445161
0.448404
0.445130
0.358375
0.444120
0.501095
0.531731
0.562189
0.546254
0.569352
0.560445
0.557212
0.456750
0.428626
0.466519
0.550911
0.461375
0.480009
0.537889
0.594146
0.560499
0.486431
0.490349
0.474586
0.457852
0.480401
0.400197
0.480163
0.442161
0.482293
0.514186
0.548580
0.428780
0.555859
0.520807
0.490395
0.402321
0.411719
0.425635
0.515338
0.472992
0.451903
0.438741
0.467066
0.353010
0.414088
0.550261
0.541194
0.457930
0.361745
0.405679
0.531815
0.439947
0.497805
0.441265
0.463144
0.406611
0.566417
0.499751
0.543526
0.400894
0.519786
0.514166
0.486792
0.518494
0.486561
0.554033
0.530125
0.542527
0.465272
0.515417
0.410222
0.504359
0.462908
0.444772
0.437336
0.562866
0.609627
0.533503
0.549876
0.564054
0.495559
0.504786
0.517561
0.584466
0.501953
0.443575
0.420360
0.517919
0.485744
0.420991
0.379344
0.496103
0.614029
0.548684
0.554940
0.395510
0.498045
0.444780
0.469490
0.429234
0.426196
0.449232
0.531183
0.495055
0.508978
0.503251
0.417857
0.521516
0.538858
0.511801
0.520854
0.423641
0.395175
0.564891
0.501150
0.446965
0.491950
0.572967
0.473358
0.528336
0.556637
0.402137
0.403597
0.455427
0.514405
0.450649
0.573797
0.424204
0.406775
0.577750
0.462213
0.567771
0.460935
0.471560
0.337161
0.490779
0.520459
0.411120
0.455908
0.375903
0.443382
0.487194
0.352051
0.378176
0.416089
0.493793
0.490062
0.419787
0.426014
0.471533
0.557791
0.494600
0.404663
0.367755
0.441357
0.464070
0.393516
0.462619
0.363533
0.538447
0.367822
0.434775
0.426401
0.423471
0.431226
0.501344
0.477990
0.488175
0.424647
0.503476
0.425016
0.494238
0.405784
0.670441
0.387855
0.521283
0.474956
0.456733
0.455792
0.474921
0.420716
0.543864
0.446021
0.536978
0.355117
0.427590
0.507161
0.450132
0.484321
0.513965
0.498202
0.513557
0.443816
0.484775
0.350192
0.533826
0.400244
0.531353
0.416372
0.455103
0.543841
0.486110
0.414191
0.428430
0.465803
0.455139
0.541465
0.512939
0.461544
0.441830
0.404544
0.465675
0.499739
0.498419
0.448582
0.410344
0.505786
0.367877
0.465747
0.427377
0.426596
0.453834
0.439167
0.480819
0.446639
0.445209
0.445294
0.559911
0.423810
0.360411
0.496986
0.379218
0.453530
0.412269
0.401252
0.389285
0.550004
0.529849
0.462848
0.485191
0.474555
0.406121
0.445987
0.356088
0.534285
0.418093
0.457427
0.465638
0.450370
0.506017
0.425890
0.472438
0.433585
0.426824
0.426481
0.524014
0.477096
0.486521
0.499508
0.421867
0.461766
0.494801
0.496263
0.519219
0.415240
0.414124
0.527196
0.431081
0.473796
0.505678
0.633165
0.413723
0.506849
0.573324
0.464434
0.482495
0.428419
0.500732
0.468994
0.432082
0.414810
0.416911
0.379814
0.515311
0.381245
0.486388
0.469816
0.369083
0.566747
0.443946
0.453927
0.427062
0.470542
0.442765
0.440034
0.479184
0.484302
0.536572
0.446903
0.363913
0.454968
0.494619
0.418115
0.522783
0.433736
0.530654
0.435935
0.438476
0.346903
0.372449
0.330846
0.466910
0.455777
0.314106
0.467089
0.368349
0.367787
0.435219
0.424967
0.371990
0.540153
0.330556
0.374822
0.384454
0.388064
0.474976
0.382954
0.461102
0.441405
0.428424
0.400203
0.386708
0.542759
0.481173
0.424239
0.415153
0.372959
0.351096
0.433178
0.387819
0.395135
0.476506
0.488111
0.538836
0.410992
0.448810
0.370588
0.444007
0.400315
0.409531
0.396184
0.373045
0.426367
0.510905
0.381786
0.419504
0.437232
0.343349
0.392047
0.419697
0.560289
0.414668
0.464505
0.431139
0.404352
0.385707
0.420499
0.378190
0.395060
0.500151
0.484157
0.369335
0.556835
0.441134
0.550546
0.490543
0.515197
0.423636
0.390974
0.406051
0.461099
0.534523
0.431265
0.463459
0.374372
0.417045
0.538126
0.373067
0.519098
0.412204
0.424374
0.438859
0.332242
0.440278
0.500908
0.403453
0.442506
0.474342
0.421632
0.531526
0.489742
0.508920
0.316958
0.394076
0.399772
0.426870
0.364958
0.418047
0.324155
0.436640
0.418132
0.526186
0.447316
0.443665
0.436074
0.451554
0.436712
0.404124
0.476957
0.451709
0.487782
0.356122
0.416122
0.394853
0.501428
0.369364
0.357107
0.506515
0.456967
0.478232
0.385878
0.417984
0.482259
0.559631
0.509875
0.517614
0.492969
0.476490
0.485520
0.400313
0.446519
0.444006
0.470368
0.498513
0.501608
0.360126
0.461393
0.351575
0.432326
0.552425
0.449801
0.451860
0.382317
0.493514
0.456430
0.476452
0.494675
0.412718
0.550359
0.438767
0.398124
0.527535
0.443870
0.526382
0.451651
0.422650
0.461626
0.454391
0.402461
0.347889
0.366422
0.455187
0.454898
0.396220
0.469596
0.457708
0.373393
0.546292
0.482429
0.360759
0.478905
0.441441
0.410925
0.467539
0.337375
0.385971
0.434065
0.439032
0.399120
0.410150
0.507832
0.378659
0.352065
0.416447
0.364701
0.415459
0.368629
0.426411
0.491284
0.401570
0.397449
0.428228
0.387161
0.369529
0.409076
0.375140
0.398538
0.504764
0.338107
0.423420
0.318015
0.509899
0.501028
0.364655
0.509077
0.409275
0.425402
0.444066
0.452081
0.299563
0.485050
0.457749
0.464383
0.439822
0.403091
0.389010
0.414367
0.347656
0.509057
0.393829
0.385674
0.354037
0.360515
0.314760
0.286146
0.531663
0.474504
0.377637
0.455646
0.509609
0.427903
0.393059
0.389784
0.320071
0.464835
0.418595
0.421695
0.415968
0.517712
0.491749
0.380506
0.461185
0.439555
0.410607
0.415379
0.366135
0.485176
0.442297
0.488252
0.432837
0.348471
0.471159
0.475108
0.445612
0.427216
0.390453
0.351646
0.454335
0.372770
0.430421
0.353429
0.384573
0.433953
0.399553
0.400035
0.346347
0.392713
0.422319
0.373564
0.440494
0.476866
0.416264
0.429662
0.491565
0.426784
0.440681
0.500790
0.407014
0.496112
0.435824
0.389791
0.413841
0.451255
0.537064
0.464088
0.427931
0.455032
0.424487
0.452076
0.330264
0.445180
0.464606
0.317244
0.357396
0.387690
0.472943
0.334097
0.404428
0.425991
0.407338
0.369482
0.390050
0.404616
0.361105
0.385184
0.374435
0.479031
0.405489
0.322543
0.333014
0.464773
0.466327
0.341246
0.412468
0.435551
0.416029
0.435552
0.358130
0.462606
0.452328
0.368011
0.450854
0.458941
0.476107
0.456211
0.435104
0.446864
0.438659
0.448454
0.454161
0.479399
0.412300
0.421025
0.497207
0.404380
0.421818
0.515168
0.414895
0.497182
0.443157
0.432079
0.404882
0.451869
0.455743
0.414962
0.416434
0.458567
0.356606
0.372422
0.371711
0.416636
0.401308
0.346804
0.405086
0.378262
0.473713
0.468224
0.348733
0.432415
0.411768
0.278772
0.384319
0.364229
0.346118
0.327978
0.410730
0.345901
0.446209
0.344106
0.421708
0.469947
0.399218
0.317860
0.450724
0.389382
0.376337
0.411486
0.357118
0.491956
0.316750
0.386115
0.359471
0.440121
0.377351
0.455346
0.309591
0.447013
0.333750
0.360865
0.476250
0.380922
0.286008
0.356275
0.405208
0.399973
0.472712
0.417101
0.400490
0.317522
0.413890
0.428363
0.413601
0.370267
0.254003
0.361786
0.355821
0.370703
0.339071
0.412235
0.431574
0.360214
0.400073
0.454809
0.302992
0.491484
0.343420
0.453465
0.438716
0.387851
0.312069
0.542751
0.317305
0.441006
0.434808
0.363482
0.376278
0.355475
0.405354
0.475983
0.381186
0.446781
0.454627
0.386363
0.472433
0.361067
0.408002
0.415433
0.442863
0.385617
0.416141
0.394972
0.497223
0.397032
0.449140
0.489720
0.397915
0.494170
0.468045
0.365097
0.438849
0.407510
0.386520
0.400595
0.270974
0.478723
0.449536
0.404913
0.389332
0.396229
0.408755
0.422033
0.409085
0.464539
0.575741
0.369098
0.410455
0.412827
0.433905
0.478479
0.510491
0.337775
0.416164
0.440180
0.415542
0.516364
0.346272
0.335779
0.376551
0.432707
0.410098
0.383126
0.442560
0.425781
0.495150
0.390022
0.478825
0.443532
0.403858
0.472967
0.435058
0.425109
0.431390
0.380991
0.433408
0.403789
0.469590
0.446511
0.334689
0.440024
0.333466
0.325149
0.548249
0.412653
0.438730
0.516902
0.382958
0.523685
0.406455
0.404060
0.333727
0.364611
0.435590
0.437141
0.371574
0.390573
0.370755
0.449934
0.328935
0.486180
0.478995
0.465051
0.301922
0.410809
0.345682
0.416795
0.387837
0.430794
0.333431
0.424901
0.446895
0.502228
0.487047
0.320707
0.304325
0.380713
0.329574
0.302249
0.376378
0.426057
0.370902
0.343339
0.389802
0.339961
0.408592
0.330074
0.306383
0.318847
0.414969
0.371287
0.343508
0.375494
0.389883
0.459375
0.351474
0.310079
0.394111
0.382558
0.379708
0.407849
0.449914
0.361765
0.446361
0.343696
0.291881
0.413368
0.446221
0.352910
0.412440
0.397837
0.446106
0.410291
0.331649
0.403237
0.431479
0.442519
0.345382
0.391311
0.443492
0.376824
0.328922
0.395058
0.291407
0.297301
0.429286
0.429492
0.428791
0.374148
0.406982
0.465130
0.446301
0.335970
0.385848
0.361103
0.586906
0.407321
0.358258
0.361686
0.403879
0.321019
0.357276
0.438309
0.434351
0.393213
0.357008
0.427410
0.439393
0.355867
0.410937
0.406597
0.428824
0.402988
0.448254
0.431666
0.323546
0.413427
0.457782
0.383339
0.398164
0.390738
0.364595
0.402229
0.338601
0.426713
0.410896
0.334899
0.358045
0.276399
0.511290
0.375276
0.487589
0.517709
0.442762
0.403235
0.383661
0.424117
0.378038
0.434434
0.261748
0.347086
0.408293
0.388311
0.352275
0.326249
0.359048
0.343987
0.412452
0.469526
0.329961
0.329553
0.382799
0.427918
0.388202
0.348740
0.453676
0.377286
0.472692
0.435559
0.350727
0.335908
0.353348
0.415513
0.385284
0.392442
0.441621
0.539405
0.403593
0.388877
0.420367
0.427744
0.421237
0.393900
0.400715
0.386597
0.435360
0.378344
0.328033
0.407154
0.443541
0.472061
0.321304
0.475115
0.328286
0.375604
0.388306
0.321270
0.421982
0.412677
0.379180
0.455607
0.404236
0.351781
0.404530
0.352759
0.398205
0.500960
0.389057
0.340583
0.410218
0.438423
0.387770
0.407731
0.368447
0.399444
0.341402
0.413583
0.383985
0.343607
0.420189
0.401087
0.385177
0.488068
0.348833
0.341338
0.458217
0.410297
0.382895
0.464706
0.306825
0.343002
0.322947
0.301227
0.367405
0.393802
0.389693
0.375090
0.412117
0.406454
0.363783
0.436946
0.323798
0.364790
0.410143
0.308317
0.392727
0.336578
0.352948
0.397714
0.406264
0.334592
0.296662
0.305669
0.358369
0.377396
0.316017
0.345640
0.334163
0.373703
0.352563
0.438341
0.350918
0.314951
0.314720
0.342473
0.394503
0.421990
0.402170
0.280648
0.334743
0.281252
0.441368
0.377591
0.384580
0.307004
0.321739
0.310967
0.392679
0.357203
0.436408
0.346975
0.339531
0.318773
0.360352
0.393586
0.292677
0.279737
0.381617
0.381665
0.390286
0.359236
0.360358
0.412179
0.373498
0.364386
0.384263
0.344186
0.360668
0.326968
0.377922
0.323826
0.370245
0.394571
0.391564
0.414349
0.304567
0.384040
0.381143
0.282334
0.373461
0.538684
0.356802
0.362434
0.385506
0.360142
0.309854
0.322606
0.440513
0.366879
0.306206
0.356818
0.393230
0.285349
0.355919
0.251889
0.373676
0.358252
0.376613
0.400725
0.352824
0.382357
0.375653
0.292818
0.375031
0.340895
0.362361
0.481999
0.427390
0.406873
0.369391
0.482634
0.442084
0.463358
0.340201
0.409677
0.288640
0.342885
0.334722
0.456209
0.457644
0.371295
0.413266
0.367307
0.355102
0.345391
0.489673
0.344546
0.363485
0.333363
0.322683
0.311018
0.488613
0.403935
0.389017
0.395948
0.370121
0.341912
0.409455
0.367579
0.360094
0.432894
0.377974
0.406877
0.362381
0.364207
0.312030
0.349932
0.380087
0.345976
0.358185
0.436791
0.410962
0.343484
0.294027
0.236683
0.396607
0.274566
0.304180
0.295137
0.328231
0.382552
0.421107
0.330224
0.238711
0.324666
0.316641
0.394491
0.374232
0.468151
0.372042
0.343048
0.320805
0.363197
0.264264
0.254708
0.367270
0.279006
0.367443
0.376813
0.350762
0.329873
0.361305
0.304190
0.299461
0.380722
0.366233
0.397437
0.352940
0.293418
0.344700
0.332014
0.376027
0.376903
0.387832
0.289959
0.426944
0.330949
0.479359
0.402218
0.348910
0.287843
0.379483
0.413626
0.393101
0.427602
0.319486
0.406223
0.389319
0.305292
0.344870
0.346106
0.316740
0.403338
0.384852
0.291959
0.343806
0.290311
0.292566
0.426504
0.315669
0.362891
0.315875
0.396916
0.340650
0.371258
0.305642
0.344075
0.319686
0.330976
0.347384
0.294947
0.381215
0.291322
0.393951
0.285489
0.401224
0.368412
0.331251
0.397075
0.479160
0.424237
0.335066
0.372883
0.333742
0.273898
0.470542
0.375612
0.369551
0.466336
0.311825
0.394734
0.404589
0.351839
0.352585
0.399528
0.353828
0.408013
0.310021
0.398465
0.332717
0.311542
0.320833
0.381634
0.356558
0.301663
0.371657
0.334996
0.380077
0.317154
0.296513
0.417757
0.386730
0.352349
0.385910
0.437945
0.315688
0.397662
0.327013
0.441454
0.352584
0.370296
0.391131
0.304333
0.443789
0.299951
0.308098
0.374565
0.341322
0.375134
0.423794
0.362881
0.307726
0.330267
0.308695
0.378767
0.337843
0.265348
0.303801
0.383354
0.413756
0.335882
0.419372
0.404460
0.357644
0.391370
0.480197
0.440075
0.320668
0.288168
0.358186
0.342614
0.384785
0.359844
0.374299
0.368748
0.374690
0.317910
0.360700
0.419798
0.304952
0.361801
0.387012
0.359703
0.448398
0.396411
0.406680
0.392762
0.319431
0.391247
0.328316
0.324137
0.341447
0.265789
0.314435
0.302368
0.312089
0.264508
0.377688
0.267769
0.351898
0.285594
0.250114
0.310506
0.430335
0.307309
0.412354
0.278755
0.345543
0.278336
0.305625
0.446396
0.307162
0.404174
0.343489
0.354900
0.350522
0.265131
0.469681
0.357885
0.355565
0.403056
0.320717
0.431960
0.310086
0.331536
0.301288
0.352654
0.324020
0.313979
0.333268
0.340142
0.383909
0.345149
0.271636
0.333444
0.278991
0.353956
0.307918
0.322386
0.322385
0.355811
0.353810
0.386360
0.239429
0.285541
0.408962
0.379352
0.385243
0.373890
0.350146
0.318260
0.360040
0.358404
0.370039
0.345580
0.351610
0.265135
0.301176
0.270813
0.371102
0.354846
0.402903
0.255296
0.348173
0.391712
0.347651
0.358417
0.349125
0.379512
0.349496
0.387408
0.305306
0.334113
0.394209
0.454887
0.273590
0.300866
0.275145
0.402330
0.254277
0.278635
0.391802
0.335410
0.330713
0.372693
0.430734
0.322263
0.286743
0.286969
0.305677
0.287283
0.350560
0.376102
0.306448
0.345343
0.231916
0.342699
0.368557
0.397991
0.381890
0.250545
0.361797
0.326846
0.409430
0.494879
0.350350
0.410457
0.385058
0.368788
0.377427
0.257389
0.291327
0.395785
0.267494
0.305711
0.304230
0.344643
0.362185
0.392414
0.395224
0.322380
0.343498
0.413412
0.342769
0.324263
0.321659
0.355518
0.319524
0.431466
0.251842
0.321684
0.331463
0.417360
0.350308
0.388992
0.387201
0.372314
0.388782
0.345022
0.357869
0.317282
0.336083
0.305429
0.412435
0.443311
0.442956
0.385847
0.390684
0.378561
0.284927
0.378592
0.321183
0.432936
0.365300
0.410865
0.359441
0.276088
0.263165
0.377899
0.406346
0.458188
0.266305
0.288744
0.282064
0.394254
0.377422
0.325412
0.431096
0.379658
0.364986
0.303484
0.391302
0.413662
0.290381
0.394639
0.314970
0.332822
0.345745
0.317390
0.348549
0.297612
0.223171
0.315944
0.315889
0.302821
0.268450
0.285923
0.267353
0.240939
0.361605
0.313558
0.284221
0.308978
0.414787
0.345688
0.317741
0.327790
0.278570
0.365788
0.337533
0.295721
0.374632
0.298622
0.321613
0.258904
0.286301
0.324789
0.337890
0.341973
0.257663
0.311265
0.382931
0.305271
0.330989
0.335302
0.342775
0.356880
0.283145
0.292836
0.317233
0.315029
0.314606
0.252453
0.351165
0.351275
0.332917
0.348876
0.266958
0.264978
0.377709
0.370886
0.334517
0.261719
0.330649
0.330074
0.256820
0.369480
0.425361
0.320244
0.307748
0.309545
0.330108
0.270983
0.425349
0.269239
0.268728
0.375811
0.302699
0.275283
0.341388
0.266705
0.386542
0.368074
0.328981
0.350042
0.391405
0.355324
0.312564
0.402297
0.390849
0.266094
0.372922
0.425133
0.268915
0.359691
0.335454
0.434430
0.251857
0.344732
0.239203
0.486875
0.319044
0.366335
0.322042
0.299539
0.394920
0.279230
0.308846
0.319363
0.354299
0.368971
0.340493
0.321048
0.304918
0.345334
0.371499
0.422995
0.317180
0.294532
0.365222
0.302252
0.315825
0.315806
0.340672
0.293776
0.373203
0.462065
0.422730
0.301312
0.369356
0.339829
0.304925
0.329848
0.352827
0.261166
0.395276
0.328666
0.318543
0.355332
0.348631
0.375452
0.290082
0.325570
0.333443
0.440098
0.318017
0.247335
0.301227
0.409958
0.492599
0.241957
0.322290
0.315962
0.270306
0.321442
0.285351
0.310713
0.294969
0.279308
0.331671
0.332246
0.358389
0.358354
0.307348
0.384444
0.332567
0.330372
0.327038
0.287292
0.241055
0.301549
0.317869
0.362878
0.273608
0.312441
0.292448
0.276712
0.310878
0.310972
0.303935
0.257469
0.330962
0.338065
0.288829
0.352011
0.290303
0.261758
0.415782
0.263024
0.308976
0.278524
0.254116
0.293577
0.286621
0.249638
0.230254
0.268681
0.343098
0.330129
0.309340
0.303795
0.340906
0.293599
0.260593
0.270190
0.292754
0.298951
0.299007
0.246178
0.303842
0.340057
0.331117
0.363560
0.294996
0.365640
0.251473
0.422726
0.343417
0.331406
0.341359
0.280160
0.288652
0.384017
0.298021
0.251855
0.329757
0.318877
0.355149
0.291587
0.309978
0.287385
0.366011
0.242091
0.268000
0.360432
0.330973
0.331200
0.321315
0.309708
0.281275
0.297301
0.351362
0.336066
0.380486
0.332886
0.245884
0.323664
0.331941
0.323797
0.314707
0.317432
0.338372
0.306906
0.249694
0.357160
0.273407
0.329132
0.336401
0.354674
0.299425
0.375892
0.325615
0.287292
0.362982
0.371842
0.278954
0.328022
0.312689
0.377905
0.478146
0.309928
0.340974
0.301507
0.425853
0.358082
0.356097
0.319775
0.368649
0.342502
0.282777
0.200789
0.262851
0.348954
0.312161
0.274773
0.425011
0.302337
0.329665
0.337646
0.267327
0.335888
0.286614
0.360467
0.349818
0.358258
0.334920
0.321612
0.257912
0.370872
0.284705
0.323997
0.304147
0.343425
0.310878
0.309074
0.294543
0.357201
0.299009
0.297522
0.290343
0.346081
0.384946
0.232960
0.348514
0.312633
0.331979
0.346670
0.303211
0.315526
0.269151
0.419406
0.208992
0.458702
0.368719
0.371235
0.406482
0.373921
0.279317
0.294658
0.371331
0.277131
0.460927
0.294258
0.383148
0.398095
0.221397
0.375104
0.317403
0.376270
0.395460
0.311059
0.440815
0.246123
0.226029
0.223175
0.347387
0.359486
0.326709
0.396195
0.317305
0.258541
0.283658
0.248227
0.265512
0.323417
0.359400
0.311994
0.247450
0.279186
0.352716
0.346113
0.283736
0.307307
0.302462
0.318212
0.261337
0.292276
0.305010
0.288427
0.314872
0.378205
0.330635
0.334328
0.283531
0.302086
0.260074
0.293248
0.304773
0.332295
0.309668
0.382459
0.275011
0.311771
0.235899
0.329477
0.287569
0.322988
0.326489
0.305347
0.288465
0.306671
0.310641
0.337322
0.323550
0.365862
0.276901
0.356497
0.372280
0.289299
0.335446
0.269752
0.333348
0.275999
0.274940
0.279886
0.341890
0.292110
0.263320
0.244659
0.281627
0.215019
0.377146
0.365155
0.281278
0.462103
0.428527
0.284280
0.357368
0.338895
0.308872
0.355226
0.326253
0.370686
0.344622
0.349882
0.282720
0.310442
0.413615
0.235476
0.290712
0.368343
0.238595
0.326874
0.312138
0.303211
0.316836
0.347846
0.196594
0.301801
0.317792
0.357593
0.339089
0.348100
0.305675
0.354685
0.298762
0.279752
0.400929
0.261025
0.294006
0.395775
0.423411
0.342826
0.334378
0.404803
0.363106
0.276333
0.282089
0.302293
0.317595
0.377729
0.305187
0.274170
0.391685
0.322354
0.274542
0.243212
0.265255
0.334399
0.287408
0.295985
0.263669
0.212309
0.386914
0.266105
0.296971
0.354016
0.246835
0.300715
0.286049
0.301698
0.256187
0.316167
0.399150
0.345465
0.306562
0.298171
0.285195
0.312310
0.379698
0.333175
0.340600
0.277183
0.219344
0.289867
0.280918
0.362555
0.310206
0.342835
0.325347
0.262210
0.397799
0.380102
0.371245
0.243260
0.274254
0.393908
0.277703
0.274041
0.357385
0.273217
0.315355
0.388294
0.333746
0.320841
0.350760
0.287236
0.325399
0.303530
0.244794
0.298897
0.261259
0.186907
0.310363
0.238316
0.306499
0.310751
0.258720
0.284202
0.288791
0.305748
0.293236
0.273531
0.251288
0.440253
0.343412
0.292307
0.281559
0.313869
0.259038
0.330295
0.346298
0.285569
0.271607
0.295355
0.235785
0.294505
0.322322
0.347574
0.274601
0.290766
0.268271
0.360535
0.359700
0.415934
0.284916
0.275084
0.264682
0.307503
0.322095
0.324845
0.287233
0.253611
0.294000
0.283886
0.261365
0.251531
0.238147
0.295725
0.337103
0.315578
0.414474
0.358260
0.295197
0.279764
0.294647
0.299644
0.324637
0.248322
0.310669
0.281378
0.358919
0.260237
0.314757
0.274013
0.253373
0.356506
0.329714
0.337256
0.315043
0.349715
0.235548
0.281378
0.365546
0.278697
0.342381
0.331612
0.378297
0.298236
0.314438
0.311046
0.246095
0.319003
0.324760
0.272231
0.259195
0.315595
0.334141
0.252985
0.282086
0.346208
0.305774
0.333511
0.294140
0.346208
0.317254
0.334402
0.253004
0.239039
0.244192
0.353282
0.392406
0.277447
0.330983
0.247455
0.429651
0.199949
0.303450
0.346763
0.362056
0.309811
0.339238
0.278470
0.341271
0.302401
0.382828
0.282878
0.297990
0.246446
0.334145
0.259735
0.288575
0.285415
0.231534
0.370460
0.282904
0.324227
0.300601
0.259429
0.275955
0.311797
0.307431
0.274563
0.318527
0.283774
0.266447
0.308155
0.392342
0.239841
0.328450
0.344253
0.334287
0.266783
0.225054
0.273213
0.312999
0.248184
0.304219
0.351004
0.312656
0.341934
0.313166
0.205380
0.241217
0.244079
0.298340
0.279677
0.321088
0.286466
0.277533
0.344739
0.267504
0.315224
0.275133
0.242875
0.355140
0.271431
0.340370
0.270983
0.316865
0.283102
0.351121
0.305256
0.314935
0.282913
0.312026
0.267848
0.275128
0.228478
0.239488
0.240037
0.276841
0.306032
0.236660
0.274784
0.200454
0.259326
0.312858
0.243746
0.271037
0.313155
0.229033
0.304048
0.260659
0.243933
0.259071
0.344754
0.197663
0.258828
0.368831
0.310139
0.226749
0.289524
0.327497
0.282017
0.241269
0.274045
0.293054
0.272772
0.242510
0.313582
0.289643
0.258689
0.330796
0.299739
0.337029
0.349104
0.294249
0.288013
0.264592
0.274071
0.269854
0.302480
0.330539
0.310437
0.270907
0.315622
0.231790
0.357967
0.326289
0.227945
0.340980
0.276868
0.209638
0.334281
0.266880
0.262002
0.258527
0.296788
0.329988
0.272476
0.282429
0.228758
0.336541
0.253437
0.286150
0.427952
0.330186
0.287185
0.323187
0.268392
0.227639
0.320243
0.308940
0.282921
0.311385
0.228786
0.308056
0.261487
0.276895
0.377900
0.216719
0.251417
0.236065
0.295909
0.228557
0.282575
0.375078
0.288343
0.252792
0.255080
0.270486
0.189462
0.340153
0.341864
0.261487
0.206744
0.241929
0.288254
0.238667
0.315391
0.231819
0.266115
0.281314
0.251847
0.292765
0.330866
0.310449
0.324012
0.296844
0.254794
0.258454
0.256301
0.266005
0.242364
0.286288
0.265575
0.259768
0.313546
0.337084
0.337132
0.361688
0.308492
0.254709
0.379801
0.266336
0.259408
0.354645
0.245777
0.383423
0.250357
0.277773
0.261268
0.182703
0.317701
0.310278
0.317529
0.382413
0.407705
0.298978
0.272644
0.294102
0.327494
0.302502
0.378636
0.295530
0.387382
0.349124
0.255288
0.254714
0.248932
0.385386
0.362205
0.306923
0.300648
0.294400
0.214187
0.313764
0.297744
0.386048
0.330309
0.275037
0.372879
0.276697
0.272304
0.301895
0.314029
0.316952
0.243073
0.315482
0.250292
0.290621
0.293887
0.188979
0.253023
0.297125
0.289643
0.269613
0.316204
0.230699
0.354798
0.238604
0.223901
0.262407
0.165376
0.304360
0.203132
0.218807
0.226879
0.260354
0.280462
0.208926
0.223955
0.232763
0.338261
0.258050
0.339825
0.267420
0.258083
0.291928
0.236791
0.281214
0.271011
0.327506
0.242172
0.190581
0.240038
0.225118
0.247640
0.234466
0.288790
0.231569
0.327462
0.268459
0.271197
0.241525
0.219539
0.251857
0.283838
0.381682
0.300958
0.273994
0.357831
0.251810
0.247418
0.237212
0.258908
0.285578
0.378669
0.228758
0.181953
0.276950
0.339960
0.313432
0.276185
0.384491
0.215008
0.240745
0.207186
0.258969
0.208497
0.256991
0.305700
0.255224
0.300930
0.255065
0.188178
0.262217
0.292343
0.224862
0.375743
0.225783
0.421268
0.272480
0.251595
0.249804
0.323519
0.385679
0.291106
0.294699
0.266011
0.313529
0.256233
0.281961
0.320572
0.297278
0.277232
0.264174
0.264131
0.360572
0.228855
0.286824
0.279177
0.278913
0.215776
0.236320
0.228483
0.280621
0.238764
0.296085
0.303677
0.217518
0.327885
0.290637
0.292832
0.302962
0.296095
0.270610
0.353246
0.385569
0.224161
0.324628
0.233855
0.226425
0.286130
0.322747
0.318463
0.289567
0.314751
0.294301
0.336040
0.255024
0.330620
0.289444
0.253865
0.221105
0.225007
0.220596
0.263276
0.215605
0.300754
0.324613
0.296139
0.252630
0.203388
0.288497
0.338570
0.237535
0.259591
0.188118
0.351503
0.223903
0.296159
0.181967
0.311462
0.384041
0.331133
0.209287
0.223344
0.216359
0.287961
0.268115
0.286407
0.277796
0.222029
0.346497
0.223649
0.157936
0.291710
0.283104
0.253931
0.371915
0.231719
0.255881
0.198350
0.229987
0.297164
0.309517
0.172443
0.268233
0.221445
0.239814
0.197036
0.253891
0.254783
0.212058
0.200385
0.261117
0.343735
0.182564
0.225501
0.280112
0.238487
0.227204
0.260088
0.268052
0.271836
0.246248
0.247597
0.248916
0.282334
0.258126
0.239391
0.326788
0.297234
0.274901
0.387776
0.324785
0.266003
0.333565
0.281103
0.345780
0.221903
0.245038
0.288733
0.220283
0.329679
0.198231
0.301251
0.295904
0.273588
0.267191
0.284874
0.201205
0.184094
0.313282
0.249977
0.282137
0.195362
0.256982
0.301578
0.246642
0.322502
0.351441
0.293007
0.288264
0.280226
0.281260
0.396781
0.238849
0.271978
0.285706
0.209562
0.261465
0.255588
0.271509
0.188307
0.257235
0.284886
0.294855
0.306489
0.232309
0.158077
0.352958
0.239176
0.282813
0.268686
0.260515
0.244458
0.293250
0.263990
0.241287
0.276085
0.292584
0.257343
0.281009
0.270016
0.273576
0.312608
0.384901
0.220287
0.252698
0.208168
0.235043
0.310610
0.295117
0.334650
0.279417
0.256908
0.207791
0.360608
0.275283
0.328729
0.345703
0.267483
0.252881
0.347066
0.254932
0.360574
0.262540
0.272884
0.233676
0.249156
0.180771
0.315937
0.338412
0.197613
0.178574
0.262236
0.246810
0.271643
0.291746
0.277034
0.214812
0.228698
0.328950
0.178441
0.289100
0.261476
0.309044
0.278848
0.388673
0.300760
0.234007
0.221492
0.313256
0.319025
0.242516
0.175983
0.264644
0.273517
0.242488
0.228640
0.272558
0.264828
0.313955
0.286898
0.259746
0.291636
0.252385
0.266882
0.273233
0.255444
0.303826
0.292753
0.245839
0.224264
0.327698
0.256942
0.363908
0.303771
0.266881
0.228684
0.294535
0.201665
0.279627
0.317859
0.266905
