3.593447
3.636718
3.516085
3.602519
3.395145
3.466657
3.433646
3.482333
3.345612
3.267685
3.378831
3.251634
3.234118
3.219473
3.229233
3.100387
3.191922
3.081158
3.190759
3.051892
3.121234
3.087395
2.926283
2.947065
2.997216
2.959617
3.053114
3.085720
3.120648
2.972709
2.992654
3.001236
2.906962
2.919787
3.067740
2.930593
3.072978
2.843624
2.880937
2.912991
2.770493
2.903715
2.793223
2.801047
2.936101
2.761094
2.816113
2.843136
2.786274
3.062314
2.655900
2.791814
2.844330
2.816736
2.857827
2.768697
2.811100
2.699521
2.627618
2.722145
2.680784
2.685565
2.632405
2.683914
2.747430
2.614329
2.577259
2.680580
2.580424
2.735987
2.759409
2.608121
2.686066
2.646176
2.585070
2.562743
2.651706
2.653900
2.712116
2.644411
2.710049
2.726131
2.502491
2.611093
2.564445
2.560968
2.471333
2.582027
2.625654
2.600052
2.540952
2.530262
2.573383
2.586096
2.585021
2.651471
2.680479
2.641326
2.486735
2.508006
2.573410
2.558978
2.421350
2.408880
2.537034
2.566987
2.673584
2.385342
2.434811
2.545805
2.369543
2.365653
2.588324
2.357181
2.529171
2.537224
2.471076
2.456448
2.353578
2.613351
2.513095
2.487852
2.387540
2.441628
2.458011
2.425004
2.529203
2.537514
2.431016
2.387710
2.489982
2.467884
2.418387
2.455821
2.276111
2.231072
2.347912
2.438396
2.493600
2.380407
2.292283
2.337366
2.426667
2.312664
2.442156
2.327069
2.289905
2.328794
2.295611
2.506364
2.383219
2.321160
2.456723
2.517783
2.365708
2.345255
2.265627
2.355884
2.412610
2.383952
2.445182
2.381710
2.206363
2.262425
2.499325
2.271566
2.192949
2.370168
2.280261
2.314780
2.165460
2.323381
2.187253
2.405952
2.279130
2.172927
2.309766
2.354533
2.245948
2.171698
2.275226
2.307180
2.235615
2.397191
2.146590
2.259136
2.348274
2.473142
2.251249
2.340132
2.148447
2.221421
2.265771
2.224608
2.207532
2.331214
2.210982
2.291000
2.140249
2.168644
2.232337
2.334585
2.377749
2.122379
2.116983
2.307708
2.128100
2.219334
2.202826
2.284124
2.213475
2.230587
2.231829
2.267158
2.174083
2.137549
2.320385
2.289806
2.152447
2.237854
2.212614
2.188775
2.095312
2.285195
2.014025
2.170005
2.048868
2.086899
2.076122
2.148943
2.079979
1.998764
2.191050
2.041021
1.929450
2.133249
2.071300
2.107627
2.008450
2.145394
2.140738
1.948180
2.190705
2.081290
2.156864
2.032480
1.981596
2.178297
2.022629
2.006882
2.135554
2.168432
2.099520
2.012827
2.158215
2.153913
2.203365
1.951272
1.933284
1.997192
2.264852
1.951501
1.975495
2.034164
1.996136
2.006647
2.081901
2.168115
2.079281
2.028959
2.121565
1.970897
2.133914
2.062257
2.026848
2.079246
2.082731
1.982484
2.013445
1.980048
2.133858
2.059043
1.915382
2.008595
2.036332
1.947445
1.968219
1.949244
2.046211
1.925307
1.863339
1.725796
1.991300
1.895645
1.804656
1.893716
1.830832
1.985971
2.046507
1.895185
2.110784
1.886910
2.128111
1.902775
1.936698
1.867815
2.086452
2.056261
1.999057
2.059933
2.092186
1.859177
1.895749
1.918417
2.079157
2.061875
2.043051
1.917746
2.018962
2.009334
1.937474
1.858882
1.951101
2.059169
1.877969
2.017517
1.815858
1.951060
1.803940
2.065813
1.963487
1.888894
1.946369
1.867584
2.134650
2.005445
2.052620
1.950776
1.965535
1.910978
1.918481
1.835139
1.936987
1.943104
2.026011
1.791649
1.773452
1.886647
1.887120
1.853781
1.902193
1.857387
2.016161
1.927667
2.101275
1.821426
1.950533
1.918224
1.922386
1.966300
1.662509
1.977678
1.795431
1.936501
1.923228
1.816529
1.724598
1.840338
1.887101
1.747208
1.942245
1.977691
1.750008
1.716657
1.791614
1.909416
1.696134
1.901478
1.827777
1.845049
2.045272
1.766589
1.725644
1.901002
1.921456
1.778927
1.780766
1.676777
1.891987
1.926330
1.830534
1.796899
1.806853
1.905382
1.803848
1.755151
1.762086
1.687598
1.864916
2.048487
2.029369
1.848194
1.678051
2.004426
1.845517
1.922035
1.934276
1.862841
1.855435
1.890118
1.954029
1.776546
1.621931
1.850225
1.840436
1.780918
1.709414
1.866573
1.887324
1.880194
1.694807
1.686394
1.793808
1.958338
1.685557
1.784091
1.705320
1.771679
1.696325
1.931776
1.695764
1.781609
1.930065
1.619145
1.674315
1.669449
1.836179
1.596467
1.635631
1.595370
1.720211
1.753028
1.831232
1.705778
1.891920
1.848791
1.799764
1.752151
1.747327
1.556468
1.745542
1.656832
1.900424
1.716986
1.681186
1.732589
1.675191
1.592337
1.771862
1.613689
1.803665
1.801494
1.733647
1.814047
1.713997
1.715513
1.722072
1.688801
1.780282
1.784051
1.891410
1.693355
1.807161
1.672956
1.780511
1.662757
1.750798
1.630022
1.780727
1.642308
1.718946
1.821086
1.761061
1.819597
1.724907
1.630775
1.654101
1.807384
1.772916
1.575193
1.711204
1.544372
1.746334
1.739383
1.728524
1.779358
1.662163
1.846976
1.969884
1.593215
1.715735
1.677697
1.675467
1.721892
1.815959
1.684239
1.645242
1.598004
1.699431
1.840588
1.572130
1.530123
1.637241
1.529719
1.593486
1.713368
1.718412
1.566738
1.645453
1.649326
1.671269
1.726729
1.691281
1.580209
1.763393
1.720611
1.603321
1.544331
1.743450
1.531692
1.622711
1.508546
1.796120
1.645118
1.639457
1.668861
1.698340
1.609691
1.567949
1.620808
1.458785
1.657695
1.692141
1.697977
1.659966
1.731947
1.625915
1.457961
1.677906
1.642181
1.655331
1.766992
1.794556
1.448266
1.584131
1.627116
1.641157
1.746694
1.472989
1.518497
1.560786
1.719359
1.646380
1.547566
1.628635
1.713800
1.771442
1.764095
1.759535
1.623539
1.449379
1.632829
1.568570
1.601108
1.691313
1.502121
1.734771
1.731629
1.590659
1.695120
1.711052
1.627506
1.651744
1.643281
1.731948
1.652160
1.478288
1.707074
1.663830
1.659334
1.688759
1.682592
1.599907
1.657336
1.584656
1.560556
1.498167
1.572665
1.720060
1.669793
1.653464
1.682017
1.799010
1.686516
1.821946
1.498862
1.595687
1.801358
1.774105
1.647506
1.584953
1.638240
1.646355
1.432140
1.502481
1.743894
1.690289
1.639482
1.610279
1.570732
1.580086
1.386571
1.572476
1.693352
1.500258
1.679555
1.589022
1.564575
1.489706
1.405724
1.513194
1.517251
1.814795
1.430417
1.531190
1.521559
1.699648
1.522501
1.659069
1.477762
1.699899
1.635328
1.533044
1.445297
1.618670
1.529749
1.763814
1.571685
1.611245
1.632079
1.795249
1.867408
1.492391
1.439166
1.520895
1.573473
1.546263
1.685586
1.725613
1.471281
1.585168
1.559849
1.444063
1.629204
1.597149
1.610309
1.533162
1.533122
1.487097
1.561166
1.474504
1.688387
1.430046
1.639470
1.550660
1.715806
1.732813
1.611973
1.484489
1.701783
1.541663
1.560447
1.603899
1.584797
1.595624
1.569123
1.653287
1.608214
1.450637
1.681637
1.569745
1.559560
1.536376
1.626472
1.635237
1.796401
1.648759
1.627278
1.607741
1.648420
1.573228
1.369806
1.559804
1.450019
1.507701
1.484978
1.463902
1.488453
1.409379
1.551974
1.737177
1.654792
1.427392
1.472510
1.577333
1.451158
1.567923
1.595482
1.618621
1.531370
1.347430
1.497927
1.571389
1.504333
1.639951
1.517644
1.442838
1.487268
1.543087
1.454918
1.530240
1.588853
1.459742
1.401756
1.323774
1.487701
1.661032
1.308686
1.550711
1.513231
1.454357
1.387738
1.402007
1.567303
1.326707
1.359223
1.504229
1.663568
1.562439
1.577764
1.437367
1.294522
1.445978
1.514942
1.442770
1.329853
1.519481
1.625225
1.539101
1.574509
1.498047
1.514985
1.621705
1.420129
1.543949
1.519654
1.446960
1.392238
1.258180
1.518831
1.303342
1.436849
1.625987
1.569571
1.540801
1.532010
1.419563
1.529965
1.620133
1.427618
1.442171
1.511911
1.610019
1.470282
1.411952
1.403737
1.524937
1.606723
1.564150
1.415385
1.374132
1.526708
1.601311
1.512250
1.451781
1.559349
1.571934
1.570124
1.524980
1.363049
1.408949
1.485746
1.506795
1.340245
1.458942
1.354035
1.315050
1.538473
1.508277
1.456618
1.441965
1.402681
1.455650
1.408842
1.461499
1.456173
1.384473
1.339575
1.540833
1.548131
1.451895
1.582382
1.642955
1.515833
1.481981
1.458779
1.388875
1.327198
1.361857
1.306241
1.436798
1.310615
1.305178
1.508155
1.392777
1.415822
1.439514
1.492189
1.404954
1.469050
1.585755
1.619728
1.516919
1.375313
1.352692
1.413254
1.693991
1.286875
1.305476
1.668113
1.383599
1.503665
1.343947
1.594243
1.446724
1.584220
1.396806
1.351394
1.436792
1.437121
1.289409
1.381598
1.442179
1.434023
1.346727
1.203001
1.342795
1.445038
1.350704
1.241881
1.370744
1.454498
1.516937
1.373439
1.499223
1.327995
1.302775
1.448692
1.485885
1.540647
1.358016
1.358414
1.469106
1.353252
1.449859
1.417220
1.459565
1.425463
1.408369
1.632029
1.448785
1.391134
1.503732
1.389862
1.472611
1.303913
1.305461
1.287723
1.394318
1.205761
1.325868
1.404313
1.287391
1.314338
1.277655
1.307190
1.291417
1.358490
1.615388
1.203138
1.392407
1.610057
1.447181
1.387970
1.461557
1.380908
1.377722
1.386183
1.465742
1.394080
1.406488
1.630313
1.221263
1.375451
1.387897
1.400907
1.413049
1.309013
1.498445
1.170516
1.309041
1.438396
1.449208
1.352414
1.376951
1.455282
1.353390
1.492194
1.406138
1.449126
1.343332
1.376390
1.350821
1.324483
1.507776
1.495611
1.351900
1.415462
1.221633
1.248722
1.302178
1.488342
1.231526
1.333415
1.387683
1.433703
1.264697
1.305746
1.432967
1.317028
1.426473
1.301892
1.293435
1.402423
1.283242
1.389588
1.443200
1.416493
1.275686
1.396554
1.445249
1.562664
1.320343
1.283935
1.590242
1.437020
1.288734
1.373191
1.361708
1.220363
1.392525
1.420025
1.340672
1.165062
1.307967
1.273172
1.446251
1.352012
1.437876
1.480684
1.303542
1.542725
1.414867
1.376978
1.328180
1.387100
1.454221
1.361796
1.243758
1.218616
1.254178
1.265857
1.330155
1.260170
1.344836
1.322556
1.312845
1.211216
1.542026
1.349852
1.432284
1.506028
1.297804
1.620251
1.358363
1.396534
1.178795
1.472202
1.434546
1.300494
1.396418
1.416772
1.448465
1.520464
1.275409
1.281678
1.573563
1.326843
1.309457
1.385517
1.265253
1.262457
1.535938
1.567070
1.503664
1.291064
1.369102
1.361623
1.432682
1.292159
1.344062
1.233917
1.335510
1.394062
1.287214
1.368213
1.511113
1.345960
1.317706
1.339657
1.319586
1.612400
1.381545
1.524720
1.294123
1.376537
1.304595
1.187418
1.427059
1.272083
1.365770
1.407658
1.279458
1.252027
1.428147
1.381620
1.193335
1.269866
1.366348
1.265550
1.311588
1.224368
1.414271
1.238217
1.227036
1.506239
1.388101
1.415287
1.397194
1.344734
1.272422
1.409129
1.256313
1.390529
1.321856
1.310062
1.484919
1.483612
1.403351
1.246865
1.193774
1.283086
1.305974
1.422172
1.321113
1.390302
1.286672
1.370809
1.248160
1.322500
1.383458
1.250681
1.330796
1.242891
1.079577
1.338057
1.401552
1.266379
1.251008
1.209647
1.171817
1.353091
1.163400
1.431196
0.976183
1.146121
1.227441
1.253466
1.231660
1.436695
1.379183
1.284145
1.164857
1.158611
1.219890
1.458626
1.174578
1.291094
1.116379
1.385259
1.392768
1.221363
1.323232
1.170431
1.229316
1.322764
1.122025
1.229787
1.258096
1.259053
1.545459
1.629089
1.275940
1.303545
1.420266
1.381400
1.381138
1.306598
1.098673
1.396075
1.199600
1.310210
1.386834
1.234560
1.305020
1.274993
1.234826
1.327099
1.215458
1.180524
1.586356
1.323282
1.255181
1.295805
1.291326
1.178079
1.300454
1.343355
1.314011
1.313838
1.245703
1.279579
1.250732
1.355953
1.297131
1.491028
1.245775
1.332199
1.369598
1.382159
1.185294
1.331906
1.213215
1.310203
1.238301
1.305719
1.389873
1.207472
1.291209
1.143696
1.359066
1.380527
1.256944
1.308323
1.081208
1.303272
1.184956
1.105527
1.282499
1.202417
1.476450
1.283625
1.228120
1.308861
1.391523
1.292102
1.210568
1.373420
1.441387
1.314481
1.358290
1.517331
1.530282
1.233136
1.251548
1.199169
1.267347
1.198332
1.353126
1.483169
1.370839
1.234855
1.290439
1.282522
1.285046
1.250685
1.110930
1.207433
1.284388
1.412090
1.107106
1.132833
1.351159
1.094198
1.177052
1.531515
1.138866
1.268755
1.574968
1.130845
1.231165
1.097093
1.145929
1.205791
1.403755
1.253551
1.256984
1.294843
1.006891
1.271448
1.297731
1.280703
1.211199
1.298591
1.189549
0.987610
1.318824
1.238701
1.301285
1.279228
1.175898
1.205365
1.317869
1.315659
1.238656
1.212845
1.587807
1.315588
1.134930
1.318659
1.364164
1.285075
1.222399
1.313851
1.357637
1.228184
1.268940
1.196253
1.155244
1.104199
1.223146
1.281195
1.193547
1.144176
1.183832
1.217516
1.127724
1.245997
1.193309
1.069286
1.189409
1.200852
1.092412
1.173469
1.196354
1.187375
1.134106
1.262867
1.160087
1.212696
1.311492
1.154478
1.203598
1.198640
1.289951
1.027565
1.280244
1.307650
1.420113
1.194399
1.231042
1.249505
1.156305
1.161469
1.300773
1.203163
1.343283
1.286250
1.315433
1.224002
1.209766
1.214248
1.354364
1.372581
1.236082
1.285107
1.198692
1.040575
1.279189
1.188666
1.253352
1.233794
1.317688
1.236701
1.258674
1.260893
1.268051
1.025482
1.088360
1.152916
1.400295
1.149012
1.277393
1.039373
1.263195
1.193427
0.978839
1.178648
1.254837
1.301523
0.923764
1.225815
1.099876
1.242365
1.224596
1.069324
1.486545
1.167864
1.336875
1.239378
1.212946
1.225487
1.155828
1.271351
1.401384
1.260257
1.224000
1.070204
1.086077
1.074732
1.295633
1.189310
1.069589
1.212786
1.148534
1.061712
1.152404
1.141123
1.151965
1.092415
1.371767
1.241143
1.195521
1.113644
1.251460
1.428070
1.157911
1.007868
1.154357
1.068862
1.125755
1.233545
1.446953
1.183782
1.255126
1.175064
1.243564
1.231600
1.240655
1.287302
1.190658
1.132460
1.281483
1.260523
1.243398
1.310109
1.131916
1.076518
1.378027
1.141049
1.147654
1.217271
1.053160
1.180970
1.312290
1.358727
1.295620
1.351647
1.152959
1.493937
1.536345
1.208825
1.226106
1.089847
1.186868
1.216811
1.317302
1.182338
1.037286
1.256927
1.313328
1.142947
1.009950
1.070151
1.242671
1.235623
1.141055
1.087758
1.294010
1.101134
1.110775
1.111166
1.156749
1.312858
1.195968
1.011471
1.262157
1.159314
1.136325
1.463196
1.218685
1.290689
1.320398
1.373570
1.196825
1.139704
1.070661
1.191337
1.014300
1.338543
1.092203
1.107549
1.131190
1.067187
1.127032
1.199891
1.229884
1.024479
1.154093
1.049040
1.033782
1.184616
1.042524
1.165729
1.154523
1.137629
1.316280
1.230142
0.945644
1.096655
1.062775
1.197006
1.247311
1.131239
1.051986
0.967799
0.950743
1.041901
1.104057
1.144487
1.184461
1.254723
1.124415
1.157775
1.002067
1.149125
1.107315
1.197202
1.021409
1.236000
1.113834
1.101882
0.990220
1.243491
1.311778
1.157156
1.098071
1.239123
1.230671
0.961550
1.224721
1.128414
1.162296
1.138683
1.099023
1.071966
1.219288
1.214572
0.951374
1.138929
1.140735
1.024571
1.115325
0.945528
1.287911
1.141995
1.263110
1.277684
1.003959
1.088050
1.198364
1.145034
1.330755
1.109033
1.194080
0.993796
1.179557
1.092103
1.110135
1.167360
1.255508
1.294010
1.134765
1.108405
1.153047
1.229046
1.012748
1.203256
1.021987
1.019105
1.147935
1.330300
1.164894
1.038434
1.086019
1.175273
1.162065
1.189968
1.165787
1.135443
1.170803
1.184618
1.149781
1.077791
1.319390
1.130050
1.220227
1.222086
1.119020
1.245009
1.123373
1.203679
1.079775
0.981493
1.179801
1.045655
1.124703
1.168842
1.134521
1.112400
0.935264
1.180509
1.110193
1.014028
1.128727
1.217962
1.281469
1.198513
1.340585
1.182455
1.018596
1.081339
1.211390
1.229813
1.064729
1.366345
1.165871
1.079180
1.003154
1.047076
1.123821
1.071186
1.134370
1.163561
1.116973
1.164656
1.230096
1.367244
1.152137
1.230769
1.276179
1.030966
0.966995
1.184444
1.102525
1.161910
1.055450
1.100894
1.061004
1.164830
1.111014
1.262155
1.019600
1.116003
1.095640
0.987205
1.388492
1.080589
0.974483
1.295200
1.065299
1.348544
1.084063
0.982305
1.117998
1.220088
1.011372
1.098852
1.069316
1.067050
1.314446
1.123625
1.088581
1.129653
1.102767
1.253311
1.153378
0.974825
1.365442
1.092965
1.056723
0.943952
1.052330
1.269870
1.087204
1.122372
1.124323
1.068570
1.118972
1.228833
1.127575
1.048971
1.059540
1.121367
1.160379
1.210649
1.289189
1.055104
0.908311
1.180212
1.116482
1.091188
1.090357
1.034522
1.201247
1.038094
1.202219
1.169839
1.110785
1.148166
1.084017
1.039263
1.086609
1.181991
1.204925
1.122052
1.261292
1.227795
1.123395
1.219049
1.093883
0.996660
0.940686
1.031611
1.115827
1.062589
1.101503
1.018265
1.195890
0.915775
1.242939
1.193036
1.064329
1.236663
1.072410
1.011819
1.036840
0.979194
1.062428
1.111931
1.035933
1.083616
0.993042
1.038323
1.186214
1.158154
1.079938
1.118570
1.132431
1.136320
1.292746
1.246406
1.008691
1.303946
1.057613
1.091670
1.101367
1.129943
1.227199
0.988309
1.313504
0.961977
1.058335
1.164302
1.030757
1.037487
1.013352
1.113568
1.023677
1.115715
1.099714
0.966346
1.213138
1.175222
0.921556
0.951650
1.171587
1.150393
1.235774
1.066549
1.079916
1.084803
1.029820
1.029603
1.094758
1.009654
1.013623
1.081961
0.974753
1.045014
0.977736
1.134199
1.000808
0.999848
1.047891
0.926027
1.129496
1.042329
0.893807
0.913268
1.005539
1.085620
1.038355
1.010333
1.130358
1.026292
1.063589
0.971972
0.978837
1.031860
0.982272
1.087275
1.138574
1.156413
1.105919
1.208843
1.165342
1.089307
1.177855
1.156388
1.092639
1.167716
1.221369
1.261220
1.005854
0.989977
1.170260
0.889997
1.145653
0.922100
1.317288
1.051406
1.074416
1.090636
1.182132
0.991849
1.170363
0.870281
0.908397
1.092542
1.163989
0.979114
0.899808
1.001487
0.998497
1.034405
0.998328
1.126141
1.024185
0.944763
1.199077
0.897090
1.101718
0.986175
1.158238
1.109991
1.077087
1.040197
0.998332
1.010758
1.028589
0.976187
1.172218
1.128761
0.981184
0.960223
1.054329
1.028108
1.058167
1.062914
0.996094
0.992990
1.015628
1.008685
1.183376
0.868205
0.912422
1.010929
1.262349
0.943831
1.074295
1.010204
0.981119
0.970277
0.991346
0.803682
0.947411
1.068937
1.125290
1.101436
1.062464
1.019324
1.039736
1.098535
0.931886
0.978544
0.978159
1.142907
0.934940
0.963041
1.000874
1.043382
1.014386
0.967424
0.969799
1.017830
1.182341
0.921245
1.189565
1.143325
0.979012
0.966330
1.060260
0.954424
0.978517
1.054481
1.033774
1.078677
1.138027
0.960420
0.913886
1.188006
1.022705
1.030759
0.933885
0.970654
0.862075
0.945010
1.135291
1.070644
1.124240
0.967542
0.994742
1.103918
1.045313
0.987802
1.143664
1.095430
1.013113
1.133904
0.891746
1.080437
1.037565
1.034266
0.966613
0.941578
1.088989
0.915324
0.967144
1.114228
0.941605
1.154677
0.860104
1.149986
0.904206
1.153873
1.011539
1.017043
1.057829
1.100240
0.990977
1.108442
0.992597
1.072018
1.070917
1.015575
1.178268
1.002193
1.140431
0.940849
0.919715
1.000721
0.930776
1.008375
0.919268
0.919733
1.041873
0.981190
0.985790
0.966675
1.001532
1.022498
1.305203
1.212658
1.212649
1.117604
1.094735
1.111187
0.937798
0.931451
0.853039
1.102123
1.064428
1.056937
1.021941
1.043524
1.028097
0.865963
0.932945
0.898513
1.034604
1.027321
1.163459
1.129533
0.944292
1.020252
0.944652
0.922375
1.073940
1.177519
1.144216
1.174822
1.101124
1.148406
0.983069
1.025579
1.113179
1.004809
1.013663
0.977050
1.130148
0.881527
1.025541
0.907921
1.039259
0.897190
1.071168
0.952294
0.972641
0.971420
1.126831
1.057181
1.033704
0.950817
0.889979
1.231343
1.033111
1.012954
0.869439
1.033787
0.890495
0.823339
1.071053
0.883146
0.851038
1.045277
0.936936
1.075724
0.953168
1.039927
1.137946
1.090399
0.960021
1.005435
0.957858
1.010801
0.904923
1.017217
0.974111
0.944378
1.000482
1.048582
1.075157
0.973618
0.974591
0.919796
1.003322
1.040182
1.077021
0.957088
0.933468
1.091728
0.976796
1.018622
0.890071
1.101462
1.136195
1.145624
1.243323
1.000988
0.984266
0.896822
0.941197
0.918088
1.063915
1.025883
1.016514
0.933997
1.107064
1.077294
0.976110
1.167967
1.118211
1.047977
1.226868
1.106263
0.921788
1.199792
0.927343
1.088940
1.046383
1.007913
0.977906
0.900363
1.047179
1.032311
0.985804
0.945913
0.977917
0.882355
0.896860
1.012364
1.090715
1.055465
0.938441
0.904284
0.846589
1.030161
1.010916
1.054421
1.079273
0.973325
0.899669
1.088996
0.842421
1.077726
0.989064
1.169723
1.077572
0.955205
0.828605
1.017808
0.827154
1.069345
0.923689
1.043219
1.080570
0.946516
0.909515
1.206537
0.832777
1.037518
1.035343
0.800109
0.935913
0.873686
1.112301
1.000728
0.884470
0.865380
0.919257
1.049036
0.910829
0.990820
0.862242
0.954600
0.847645
0.825337
0.904373
0.941930
0.974789
1.039889
0.944556
1.017754
1.034709
0.948568
1.133761
0.931783
1.035762
0.988446
0.995878
1.074804
0.945253
1.116327
1.005996
0.919035
1.014400
1.067964
1.071911
0.971164
1.018742
0.845389
1.059210
0.955879
0.996209
1.041306
1.037843
0.882139
0.977737
1.105812
0.928770
0.868193
0.920711
0.879156
0.894534
1.050923
0.955591
0.935907
0.978452
0.891342
0.832047
0.914686
0.819314
0.965088
0.946214
0.962285
0.979381
0.967373
1.078122
0.775157
0.893979
1.000570
0.954531
0.983977
0.943125
0.880824
1.015380
1.013474
0.894525
0.939868
1.049757
0.960608
0.944400
1.092026
1.002953
1.099867
0.942222
1.086471
0.861701
0.936016
0.964633
0.939033
0.853499
0.983087
0.961392
0.996936
0.913681
0.958281
1.008919
0.960338
1.094337
0.950922
1.050167
0.928259
0.900916
0.719293
0.846307
1.055616
0.919227
0.981028
0.840960
1.171106
0.925112
1.122404
1.090273
0.888302
1.040258
1.034115
0.959363
0.875449
0.868959
0.825084
1.189995
1.085416
0.990842
0.978038
0.794148
0.847319
1.007664
0.985522
0.887688
1.115002
1.015870
1.043995
0.840085
0.972633
1.056338
0.943068
1.001964
0.843028
0.848225
0.969620
0.921748
1.002959
1.034439
0.990606
0.877393
0.908787
1.097862
0.962854
1.062631
1.025477
1.076213
0.858775
1.043680
0.900961
0.965946
1.041869
1.305074
0.751114
0.853245
0.959925
1.032287
0.981143
0.933343
0.980203
1.131168
0.979885
1.023981
0.887319
0.987999
0.918618
0.994682
0.838869
1.113966
1.094453
1.017888
0.812164
0.916223
1.043699
1.149332
0.936321
0.910827
0.978413
0.863567
0.979634
1.009209
1.095695
1.008373
0.831655
1.043470
1.019705
0.893159
0.825115
0.952003
1.026312
1.012998
0.838480
0.969980
0.984752
1.072401
0.796425
0.836573
0.943434
0.974690
1.048979
0.923925
0.913929
0.948034
0.849030
0.945977
0.958887
1.001654
1.017006
1.063208
0.948761
1.013422
0.917098
0.911341
0.939931
1.093421
0.896988
0.964271
1.055488
0.971533
1.079369
0.896551
0.888037
0.953742
1.018325
1.000787
0.957849
0.789259
0.943489
0.933856
0.947791
0.995185
0.893832
0.989685
0.882232
0.934411
0.976446
1.127325
0.770812
0.836375
0.919841
1.145863
0.881397
0.880519
0.818875
0.998418
1.027322
0.981457
0.867371
1.085990
0.905413
0.928901
1.009812
0.890660
0.976151
0.729363
0.821264
1.007445
0.925906
0.939262
0.990488
1.018462
0.981051
0.905161
0.975943
1.008898
0.929107
0.794341
1.147924
1.092275
1.027993
0.917775
0.925561
1.025050
0.902646
1.078278
1.076680
0.835663
0.920339
0.875655
0.913220
0.810530
0.955592
0.967516
1.150639
0.939479
0.885629
0.874811
0.890183
0.947709
0.729307
0.828080
0.910521
0.920416
1.013838
0.934913
1.110557
1.144985
0.871406
0.911688
0.853019
1.210789
0.896696
0.917731
1.086961
1.097846
0.889674
0.959468
0.905257
0.914437
0.942819
1.004789
1.194919
0.819271
0.929891
1.049660
0.808591
0.890719
0.874091
0.886396
0.805078
1.043403
0.920209
0.899237
0.758313
0.999670
0.974633
1.107444
1.131287
0.789436
0.942641
0.841507
0.861166
0.788435
0.848156
0.919670
0.850681
0.956515
0.910625
0.820637
0.915536
0.944658
0.777676
0.991565
1.028173
1.087865
1.031021
0.942665
0.903208
0.819422
0.903677
0.915246
0.771143
0.739631
0.899837
0.873317
0.881362
0.935963
1.097880
0.851045
0.805894
1.057007
0.875999
1.012038
0.920660
0.796406
0.821521
0.943238
0.872005
0.821434
0.904651
0.950383
0.888483
0.907686
1.170130
0.992132
0.922339
0.911942
0.942527
0.855832
0.855339
0.956876
1.079663
0.864510
0.831437
1.028461
0.895424
0.945368
1.000371
0.942791
0.871846
0.996413
0.901260
0.766744
0.826066
0.926504
0.840595
0.922003
0.984757
0.879123
1.005016
0.796231
0.935037
0.906118
0.864051
0.807242
0.904616
0.923890
0.938224
0.972010
0.952273
0.814047
0.953030
0.809918
0.732879
0.938092
0.894050
0.942316
0.992926
0.972145
0.937897
0.897156
0.814827
0.834148
1.038767
0.731145
0.902213
0.917372
0.833996
0.962924
0.854859
0.840107
0.920000
0.978699
0.788073
0.724782
0.957310
0.756786
0.895505
1.063809
1.052127
1.012062
0.941140
0.857661
0.813717
0.838896
0.796466
1.007497
0.972467
0.792851
0.824605
1.099470
0.874008
0.916762
0.967380
0.794682
0.940355
1.011448
0.830799
0.983288
0.960238
0.880017
0.854063
0.898360
0.920273
0.814297
0.981106
0.914414
0.904164
0.908207
0.728963
0.967506
0.829615
0.871117
1.148607
0.872339
0.812084
1.010422
1.163414
0.801363
0.783151
0.879110
1.022298
0.933354
0.830621
0.870850
0.918566
0.942318
0.717792
0.902573
0.830762
0.992505
0.970202
0.754575
1.032938
0.878824
0.780365
0.874656
0.918770
1.163138
0.974617
0.943202
0.852179
1.077236
1.213309
1.051753
0.900040
1.001163
0.888803
1.032327
0.833453
0.790663
0.974684
0.846887
0.931656
0.936231
0.838327
0.916924
0.924837
0.739916
0.810149
0.946718
0.894761
0.809287
0.880220
0.758042
0.916734
0.902047
1.022290
1.156896
0.935250
0.807039
0.861216
0.829459
0.916966
0.805712
1.030954
0.859792
0.805191
0.865229
0.919805
0.848206
0.935105
0.846123
0.888239
0.775952
0.983981
0.956746
0.748967
0.809045
0.854394
0.817245
0.820210
0.867216
0.941613
0.979833
1.006917
0.890721
0.809305
0.873330
0.813288
0.747598
0.837116
0.842389
0.871618
0.865220
0.947310
0.885278
0.774556
0.958299
0.912649
0.843599
0.865214
0.892083
0.734309
0.797247
1.133205
0.821383
0.768078
0.865314
0.841182
0.950559
0.767546
0.733739
0.937612
0.757417
0.734515
0.914963
0.847052
0.925492
0.750944
0.889421
0.819750
0.827442
0.975004
1.052584
1.034035
0.629565
0.838457
1.093153
0.755262
0.832854
1.034751
0.749813
0.816021
0.935661
0.806739
0.778924
0.966329
0.829510
0.766513
0.860239
1.078241
0.753829
0.855778
0.829075
0.938028
0.846382
0.811975
0.852648
0.846100
0.810621
1.063653
1.018827
0.774781
0.972356
0.677750
0.782619
0.984024
0.825006
0.727581
0.830760
0.928681
0.963981
0.898466
0.724097
0.976466
0.748434
0.783480
0.851805
0.886975
0.842784
0.776953
1.159476
0.892695
0.782946
0.954096
0.872460
0.997562
0.755839
0.859294
0.827143
0.775227
0.927213
0.771165
0.835982
0.990760
0.867859
0.823957
0.860874
0.745684
0.828439
0.963277
0.919093
0.815952
0.788739
0.803329
0.813223
0.829101
0.930566
0.792606
0.974806
0.879791
0.810312
0.885225
0.944327
0.796977
0.943471
0.888794
0.848221
0.895241
0.877911
0.872488
0.822279
0.778371
0.923744
0.939234
0.874534
0.775133
0.825503
0.708965
0.915937
0.886870
0.861442
1.038539
1.071887
0.909326
0.847098
0.902501
0.828667
0.990451
0.877272
1.051348
0.881513
0.964483
1.025348
0.873771
0.861811
1.067031
0.796186
0.956768
0.825994
0.834556
0.820960
0.985814
0.887483
0.740279
0.885376
0.810504
0.696583
0.794459
0.848146
0.769080
0.858904
0.858950
0.768114
1.087173
0.932663
0.947646
0.868524
0.875244
0.733514
0.893210
0.840626
0.883080
0.924280
0.870206
0.867117
0.896406
0.877489
0.815112
0.941330
0.718191
0.860119
0.851356
0.927509
0.880987
1.015082
0.863468
0.729468
0.947261
0.967693
0.717299
0.992865
0.703532
0.888719
0.895382
0.851179
0.868030
0.838344
1.025812
0.758286
0.801944
0.683981
0.692051
0.800814
0.975590
0.768112
0.762993
0.919846
0.829204
0.772413
0.797092
0.893367
0.815639
0.890590
0.934459
0.777463
0.888218
0.831398
0.863740
0.815190
0.902117
0.655205
0.746588
0.755810
0.915805
0.771303
0.850956
0.757901
0.791337
0.736614
1.079899
0.699543
0.971301
0.821214
0.731486
0.916789
0.893206
0.757075
0.767955
0.809462
0.951510
0.924995
0.837028
0.873382
0.795956
0.770788
0.845484
0.808486
0.832948
0.874823
0.876495
0.855977
0.910632
0.870584
0.942774
0.891093
0.739471
0.743520
0.983973
0.814644
0.960265
0.942712
0.810063
0.767709
0.887514
0.889933
0.932453
0.967473
0.902899
1.010806
0.823777
0.902963
0.898520
1.036192
0.714815
0.899115
0.774964
0.934279
0.968260
0.770395
0.757999
0.892307
1.023364
0.771070
0.961140
0.803938
0.718933
0.880087
0.923961
0.829044
0.839923
0.790498
0.824460
1.208531
0.709103
0.877066
0.746965
0.815566
0.786562
0.718648
0.821979
0.704686
0.739100
0.861690
0.839352
0.683248
0.864389
0.722179
0.844021
0.913807
0.789099
0.899850
0.719813
0.778021
0.853833
0.665101
0.934605
0.757610
0.810845
0.785854
0.822440
0.798152
0.919078
0.954161
0.792107
0.839334
0.648119
0.764042
0.666103
0.768378
0.915030
0.958820
0.778514
0.665332
0.677416
0.804226
0.855771
0.736304
0.959160
0.981866
0.878432
0.765497
0.623022
0.834188
0.902781
0.639386
0.772411
0.804339
0.759472
0.712760
0.777307
0.862412
0.829936
0.743704
0.740340
0.803834
0.812824
1.042572
0.952408
0.960000
0.813962
0.833885
0.774844
0.842073
0.911760
0.803332
0.876043
0.881454
0.914271
0.645442
0.836087
0.782549
0.726981
0.869667
0.942621
1.089556
0.971192
0.854444
0.619177
0.900208
0.861925
0.872631
0.909521
0.820482
0.641059
0.898870
0.747316
0.708657
0.846385
0.796553
0.759811
0.978103
0.980892
0.870057
0.781891
0.870467
0.899954
0.765688
0.872596
0.704904
0.852499
0.623506
0.929535
0.872862
0.806875
0.898097
0.986562
0.809931
0.821923
0.791697
0.834247
0.718807
0.890683
0.810887
0.837007
0.734400
0.814366
0.686828
0.682478
0.831739
0.758382
0.764040
0.754007
0.803257
0.728170
0.785239
1.025978
0.701338
0.910051
1.111421
0.829185
0.881694
0.910597
0.761158
0.849972
0.812519
0.931144
0.920722
0.772615
0.808956
0.861315
0.753902
0.801263
0.686795
0.754227
0.741413
0.802999
0.855923
0.796751
0.860682
0.969363
0.732301
0.840337
0.849442
0.775047
0.687018
0.746183
0.718730
0.725800
0.816621
0.961869
0.824704
0.853959
0.777493
0.822650
0.802004
0.955815
0.776154
0.881531
0.775177
0.887062
0.795008
0.740718
0.845258
0.866722
0.693887
0.771648
0.769071
0.904450
0.772492
0.738093
0.803811
0.820545
0.780096
0.564601
0.755202
0.883572
0.656550
0.843953
0.717048
0.748800
0.842824
0.678200
0.738880
0.715412
0.873488
0.794350
0.804429
0.953886
0.900601
0.719839
0.709731
0.759890
0.776365
0.788325
0.767734
0.939305
0.660114
0.756756
0.703404
0.720375
0.895501
0.725357
0.680674
0.963565
0.888848
0.741850
0.674317
0.792350
0.773423
0.897989
0.855875
0.828368
0.868534
0.724568
0.828199
0.761884
0.748885
0.699963
0.801348
0.868444
0.754447
0.952535
0.866380
0.813611
0.850002
0.831543
0.791394
0.855499
0.630943
0.691004
1.018091
1.022884
0.719360
0.782462
0.765616
0.757873
0.941884
0.761806
0.809628
0.695047
0.896828
0.745841
0.723176
0.623898
0.667578
0.825936
0.761599
0.824027
0.823421
0.778114
0.717803
0.721644
0.971119
0.862574
0.769704
0.822691
0.925424
0.873729
0.767534
0.669754
0.710491
0.829334
0.858534
0.924848
0.806231
0.862503
0.704367
0.928408
0.860193
0.781325
0.761574
0.677317
0.680745
0.709452
0.751374
0.746604
0.902893
0.825277
0.552112
0.667723
0.869590
0.777251
0.685687
0.797415
0.830621
0.933459
0.611057
0.849331
0.938094
0.796496
0.739393
0.773150
0.818257
0.630149
0.960338
0.930831
0.943040
0.745430
0.884222
0.787827
0.701712
0.905558
0.718633
0.921696
0.718939
0.836864
0.682628
0.978438
0.786868
0.832936
0.767219
0.910293
0.720547
0.842651
0.744941
0.751891
0.787899
0.732809
0.767501
0.859614
0.856218
0.773162
0.703654
0.694882
0.747504
0.660208
0.774995
0.930777
0.699731
0.917949
0.745293
0.785493
0.839454
0.892091
0.660760
0.779549
0.848685
0.845404
0.803608
0.846694
0.786126
0.836078
0.717607
0.809044
0.683591
0.647654
0.753058
0.769502
0.862571
0.784397
0.847052
0.762109
0.717423
0.766226
0.674450
0.748012
0.671752
0.731092
0.757910
0.793054
0.798112
0.721689
0.828287
0.766301
0.924919
0.760166
0.748607
0.817468
0.837797
0.836711
0.630811
0.705075
0.879666
0.857353
0.824316
0.670324
0.730685
0.904888
0.756879
0.657761
0.897030
0.808333
0.817180
0.915814
0.818896
0.831529
0.887821
0.929528
0.851181
0.891019
0.768071
0.672209
0.768944
0.750273
0.765836
0.880061
0.704748
0.935658
0.761576
0.797218
0.855232
0.646188
0.715819
0.768562
0.712515
0.764008
0.670197
0.753798
0.763000
0.771605
0.884285
0.897390
0.775587
0.754476
0.766546
0.632943
0.803758
0.796903
0.771412
0.696843
1.051551
0.692099
0.793635
0.702427
0.882977
0.777288
0.811794
0.701331
0.714290
0.853673
0.766266
0.885572
0.727046
0.746414
0.862055
0.760746
0.834399
0.726735
0.896887
0.778163
0.856791
0.797713
0.866255
0.755849
0.801845
0.859765
0.739186
0.844786
0.755728
0.705369
0.793266
0.943601
0.822427
0.812974
0.877003
0.826784
0.710011
0.788884
0.809568
0.875671
0.697035
0.725396
0.764616
0.720283
0.881872
0.851363
0.956809
0.805658
0.765664
0.719260
0.773478
0.693010
0.724897
0.853460
0.794619
0.813509
0.645535
0.904994
0.979434
0.815606
0.951202
0.984140
0.678133
0.710601
0.785514
0.648973
0.827173
0.703839
0.834891
0.895485
0.850619
0.798496
0.827312
0.639425
0.984826
0.894561
0.756626
0.747908
0.821145
0.850030
0.845978
0.857668
0.847415
0.708207
0.647149
0.824490
0.709835
0.734240
0.909581
0.911462
0.695561
0.752379
0.697190
0.750231
0.674977
0.841036
0.724350
0.706631
0.778527
0.823096
0.785474
0.819231
0.690978
0.565039
0.709828
0.770118
0.661854
0.594464
0.828404
0.641523
0.744799
0.698866
0.811871
0.638368
0.682254
0.825082
0.838545
0.636394
0.723280
0.667041
0.597492
0.678888
0.904210
0.743283
0.899882
0.647143
0.852090
0.801895
0.737050
0.856298
0.770380
0.869634
0.895396
0.852905
0.770018
0.765502
0.694260
0.870192
0.738988
0.852152
0.817539
0.871698
0.897356
0.605613
0.799127
0.712341
0.810253
0.798663
0.753373
0.810733
0.818137
0.679510
0.909203
0.813926
0.906319
0.787149
0.724210
0.898360
0.729017
0.757480
0.717130
0.724582
0.698881
0.851369
0.781256
0.672211
0.751782
0.786796
0.779781
0.789369
0.867807
0.603993
0.688753
0.789150
0.667077
0.721794
0.839149
0.692866
0.696215
0.842282
0.736755
0.665975
0.774457
0.668339
0.779250
0.709840
0.598361
0.784137
0.666390
0.801455
0.800640
0.819560
0.687999
0.714126
0.818394
0.790477
0.543483
0.841450
0.733710
0.774470
0.661608
0.861395
0.809129
0.690761
0.799667
0.707762
0.671747
0.604965
0.658918
0.729316
0.747279
0.784512
0.804778
0.944486
0.840862
0.785068
0.650480
0.720982
0.748760
0.550477
0.692331
0.734462
0.633473
0.802019
0.749707
0.661246
0.795997
0.890965
0.714811
0.702435
0.646846
0.817002
0.634295
0.767577
0.732613
0.797372
0.639871
0.773135
0.965943
0.846142
0.826534
0.680300
0.717889
0.815110
0.739831
0.704585
0.784742
0.699552
0.857713
0.925513
0.701276
0.737863
0.704894
0.739828
0.637823
0.670823
0.821294
0.700743
0.592486
0.865154
0.609054
0.766373
0.696640
0.795804
0.656499
0.769266
0.804202
0.650113
0.713758
0.681943
0.713530
0.743551
0.666555
0.859609
0.786854
0.932692
0.715977
0.797710
0.685231
0.667731
0.716949
0.953264
0.768060
0.647045
0.686135
0.800322
0.745694
0.624587
0.914547
0.896492
0.851216
0.859153
0.762431
0.730229
0.727396
0.770540
0.711037
0.728974
0.675598
0.783533
0.797191
0.831226
0.681686
0.800563
0.784783
0.740770
0.888485
0.653253
0.813031
0.819282
0.816097
0.688666
0.642054
0.770561
0.839432
0.627242
0.700971
0.771647
0.753732
0.858609
0.810052
0.719700
0.705589
0.679299
0.751054
0.736389
0.702092
0.720532
0.741506
0.777933
0.787845
0.641254
0.758296
0.622430
0.736822
0.650669
0.770424
0.619510
0.695061
0.769665
0.735695
0.780332
0.759948
0.728149
0.718669
0.740541
0.685018
0.749207
0.773428
0.795146
0.762073
0.791730
0.739982
0.752254
0.743120
0.775355
0.673258
0.681830
0.709612
0.808107
0.795425
0.738359
0.646243
0.784436
0.796637
0.830908
0.842732
0.856633
0.772380
0.629549
0.693584
0.811800
0.806073
0.789330
0.829195
0.804211
0.701867
0.708557
0.792657
0.820153
0.775065
0.723490
0.751432
0.960101
0.741775
0.734680
0.666418
0.923240
0.875052
0.711517
0.828271
0.720188
0.775832
0.691596
0.661463
0.917848
0.574621
0.820135
0.813864
0.650279
0.852963
0.732011
0.756340
0.748517
0.874281
0.889353
0.906577
0.696559
0.647480
0.806292
0.571063
0.784276
0.729699
0.743723
0.722071
0.762913
0.641382
0.688707
0.698421
0.717482
0.685385
0.728544
0.749156
0.565304
0.673301
0.681213
0.616006
0.756963
0.671650
0.753312
0.916845
0.785486
0.667258
0.739798
0.666437
0.835169
0.742189
0.674776
0.756375
0.824061
0.701440
0.697027
0.714156
0.696777
0.628447
0.745117
0.783647
0.790072
0.746308
0.667379
0.752198
0.696687
0.835296
0.855798
0.725384
0.688261
0.749494
0.814025
0.724799
0.749982
0.665114
0.734258
0.795575
0.742733
0.875769
0.769752
0.640274
0.723559
0.720548
0.738779
0.723311
0.741321
0.636597
0.829279
0.632870
0.722455
0.657730
0.601300
0.797644
0.651565
0.723934
0.798061
0.797159
0.641457
0.551999
0.705706
0.720605
0.579604
0.672426
0.623517
0.609123
0.780109
0.758939
0.751061
0.614710
0.881497
0.715856
0.629298
0.764149
0.763863
0.618256
0.637659
0.712346
0.688136
0.851939
0.714134
0.625245
0.671588
0.769350
0.701182
0.687902
0.910683
0.860510
0.671855
0.619586
0.727705
0.762852
0.618274
0.624064
0.680084
0.732387
0.644370
0.868410
0.505440
0.686083
0.694011
0.818129
0.598799
0.740479
0.737306
0.678932
0.734158
0.672352
0.582867
0.726629
0.607991
0.644996
0.667626
0.633221
0.607092
0.796019
0.723498
0.717584
0.676554
0.747648
0.737183
0.685236
0.642887
0.863007
0.635072
0.498909
0.671992
0.868613
0.665334
0.716682
0.680583
0.627553
0.798004
0.759492
0.712495
0.786473
0.702610
0.835138
0.607184
0.646451
0.783867
0.659154
0.803766
0.640682
0.696025
0.781317
0.636490
0.857290
0.776057
0.733369
0.652914
0.833169
0.764319
0.635919
0.700910
0.717722
0.690969
0.675905
0.678434
0.661532
0.768888
0.720602
0.743172
0.584525
0.818544
0.767044
0.748140
0.907114
0.636102
0.781436
0.683243
0.676947
0.751219
0.895534
0.664460
0.734927
0.784079
0.577088
0.633310
0.713704
0.789206
0.638597
0.822376
0.793609
0.759212
0.712131
0.820649
0.660099
0.916217
0.768889
0.756596
0.722044
0.771878
0.662609
0.691181
0.655725
0.677719
0.732108
0.722300
0.552983
0.680730
0.664576
0.683499
0.693103
0.683149
0.675444
0.659117
0.676407
0.784003
0.650919
0.775694
0.722989
0.705718
0.794783
0.744617
0.715344
0.673470
0.661219
0.688996
0.635461
0.818702
0.649815
0.738406
0.619320
0.781847
0.670801
0.563045
0.727563
0.701787
0.626005
0.633111
0.632441
0.760210
0.902525
0.764173
0.800111
0.744194
0.875409
0.601598
0.624345
0.880890
0.882571
0.690008
0.932252
0.668620
0.710062
0.793538
0.774730
0.812569
0.636380
0.739213
0.810516
0.876399
0.633587
0.681468
0.643663
0.770859
0.736450
0.665234
0.629991
0.859072
0.687507
0.528715
0.769025
0.771626
0.642089
0.643982
0.726953
0.583863
0.813153
0.683493
0.707163
0.671166
0.577324
0.782927
0.864890
0.659855
0.718568
0.689080
0.544141
0.864466
0.670722
0.718519
0.641242
0.614460
0.734621
0.649529
0.783714
0.650032
0.780188
0.715646
0.607807
0.777614
0.803849
0.642992
0.600689
0.765065
0.675314
0.717499
0.742392
0.710481
0.676391
0.757723
0.645547
0.652620
0.817031
0.708880
0.737166
0.846502
0.767898
0.595078
0.734647
0.765407
0.681463
0.671396
0.730967
0.739483
0.645779
0.786938
0.739559
0.734702
0.673014
0.673402
0.852405
0.675515
0.819580
0.729301
0.930958
0.623321
0.620097
0.711575
0.778773
0.591877
0.726059
0.816884
0.645675
0.643195
0.787593
0.780779
0.726575
0.725706
0.679864
0.620421
0.594753
0.724038
0.785188
0.752147
0.602558
0.630791
0.784799
0.678852
0.742026
0.649585
0.703028
0.713744
0.751095
0.628354
0.594984
0.815934
0.774358
0.814964
0.873245
0.617948
0.726663
0.606571
0.645958
0.552098
0.630618
0.700905
0.763675
0.721143
0.801109
0.658604
0.661403
0.729234
0.782369
0.707706
0.729712
0.655342
0.808499
0.671902
0.727723
0.831003
0.624990
0.612517
0.639335
0.524277
0.724576
0.607282
0.621875
0.787320
0.665784
0.693050
0.671563
0.589110
0.794448
0.875942
0.738061
0.666668
0.720367
0.655948
0.681484
0.748504
0.751888
0.757462
0.765483
0.611998
0.622905
0.668495
0.716534
0.558162
0.658880
0.749938
0.619298
0.648938
0.617933
0.726195
0.715093
0.742833
0.727207
0.791965
0.745368
0.609227
0.709920
0.762773
0.581012
0.628717
0.713161
0.654669
0.727098
0.701983
0.638738
0.680791
0.762789
0.706744
0.713505
0.764180
0.798506
0.619522
0.625729
0.614211
0.654779
0.660281
0.724212
0.680677
0.591559
0.622647
0.767062
0.880672
0.556977
0.507008
0.772825
0.613726
0.698244
0.674218
0.729835
0.852282
0.761363
0.774763
0.697822
0.578589
0.659018
0.691612
0.600424
0.571649
0.688191
0.793172
0.609514
0.529612
0.725770
0.653994
0.551568
0.585420
0.702252
0.597524
0.675075
0.576270
0.705560
0.700204
0.599209
0.701769
0.800135
0.667769
0.653560
0.664642
0.740551
0.632010
0.707977
0.771019
0.729356
0.711217
0.706581
0.689887
0.561662
0.690476
0.598111
0.582432
0.870566
0.724877
0.897326
0.819063
0.603649
0.640071
0.655324
0.721077
0.762538
0.803044
0.604403
0.740439
0.807243
0.680801
0.843325
0.732086
0.879631
0.581182
0.745686
0.676127
0.630127
0.711001
0.555112
0.653952
0.723078
0.700104
0.715246
0.673523
0.701572
0.618161
0.576281
0.720517
0.758954
0.675631
0.632587
0.701206
0.682820
0.590183
0.600367
0.746251
0.685475
0.568162
0.562079
0.733767
0.587337
0.601336
0.659692
0.582896
0.596143
0.627983
0.647719
0.642699
0.763943
0.748443
0.674242
0.683912
0.656923
0.636264
0.670180
0.591661
0.689240
0.817476
0.702914
0.684206
0.733557
0.704856
0.552106
0.560180
0.668403
0.673511
0.740546
0.736976
0.736678
0.698030
0.725479
0.642545
0.675378
0.626870
0.679617
0.667696
0.750852
0.742638
0.713104
0.752999
0.737868
0.621017
0.593242
0.641224
0.838122
0.574466
0.648556
0.554646
0.706236
0.641831
0.631068
0.625522
0.808622
0.609275
0.660637
0.664431
0.737566
0.607947
0.725748
0.666118
0.862072
0.772821
0.643544
0.643892
0.718238
0.644753
0.535363
0.764204
0.615589
0.688013
0.653786
0.788324
0.694580
0.689795
0.805001
0.717865
0.746146
0.611042
0.684855
0.704733
0.710823
0.625569
0.701172
0.750672
0.655965
0.809594
0.757727
0.845938
0.803474
0.750070
0.636699
0.580358
0.665786
0.631018
0.615415
0.626339
0.710605
0.550337
0.715188
0.698500
0.529004
0.543115
0.856527
0.696727
0.613476
0.610472
0.833992
0.728684
0.678425
0.534183
0.828287
0.615028
0.665385
0.651357
0.661869
0.698111
0.560793
0.624611
0.641778
0.785765
0.568247
0.601539
0.643592
0.604741
0.648263
0.593285
0.663916
0.577714
0.521875
0.696006
0.666289
0.881259
0.656194
0.591692
0.605193
0.798789
0.730834
0.616461
0.607715
0.608750
0.653350
0.750541
0.784256
0.609106
0.615504
0.700672
0.724866
0.529123
0.850917
0.793503
0.747110
0.713753
0.703472
0.646342
0.736676
0.782096
0.765577
0.755185
0.650942
0.720049
0.878824
0.584531
0.767153
0.768023
0.675580
0.713345
0.588576
0.592388
0.736402
0.656110
0.598631
0.650773
0.737317
0.576143
0.664113
0.610572
0.585633
0.674750
0.438863
0.651663
0.672029
0.725187
0.812925
0.642497
0.668298
0.599093
0.710696
0.596759
0.652732
0.704273
0.601509
0.732515
0.904990
0.634496
0.678630
0.743185
0.638016
0.574592
0.643492
0.679594
0.535242
0.530357
0.634339
0.646321
0.681423
0.531400
0.747710
0.734984
0.623015
0.797419
0.496244
0.563567
0.661755
0.605975
0.748892
0.580296
0.618195
0.661090
0.595022
0.832704
0.832212
0.649727
0.606925
0.574023
0.746518
0.661934
0.823344
0.629454
0.747790
0.613979
0.687318
0.812697
0.678407
0.655681
0.595965
0.587715
0.608114
0.771957
0.704861
0.716472
0.596693
0.836071
0.691853
0.571453
0.650253
0.714269
0.667348
0.660039
0.682524
0.656152
0.679417
0.767851
0.681654
0.602529
0.743380
0.596956
0.701804
0.694182
0.628876
0.758470
0.717993
0.673793
0.637844
0.537903
0.575200
0.590705
0.597731
0.606063
0.571312
0.532671
0.762649
0.672863
0.632445
0.770847
0.703205
0.677788
0.522794
0.723746
0.658192
0.654560
0.601420
0.667886
0.643227
0.721112
0.657160
0.697720
0.525870
0.563833
0.641976
0.524887
0.607635
0.730825
0.714357
0.685046
0.519667
0.736341
0.899389
0.671739
0.685481
0.727128
0.756924
0.727593
0.854468
0.477724
0.587060
0.737372
0.687775
0.704075
0.697048
0.580898
0.697091
0.655022
0.594991
0.564638
0.548557
0.648493
0.809899
0.572760
0.594357
0.650314
0.725423
0.724356
0.630792
0.638405
0.651781
0.633056
0.545414
0.632552
0.538138
0.664027
0.647424
0.679324
0.663723
0.575466
0.505483
0.633180
0.706002
0.592540
0.465394
0.697270
0.645101
0.537584
0.571803
0.565792
0.502488
0.555179
0.606108
0.739388
0.641874
0.437893
0.553532
0.781316
0.640557
0.614938
0.588891
0.581648
0.655584
0.626931
0.635204
0.654190
0.541558
0.690917
0.637914
0.606634
0.542056
0.653681
0.834157
0.733136
0.606719
0.574563
0.625666
0.545809
0.643127
0.728267
0.610365
0.632551
0.614346
0.658240
0.673275
0.576983
0.793315
0.695756
0.568993
0.633311
0.650476
0.651249
0.747599
0.519192
0.530443
0.757833
0.610004
0.510765
0.513049
0.671818
0.659449
0.682144
0.572994
0.652344
0.533217
0.671627
0.528873
0.726674
0.773967
0.553003
0.624216
0.730091
0.673493
0.652239
0.532677
0.576117
0.504040
0.573699
0.569976
0.567516
0.694454
0.632583
0.731147
0.626820
0.594921
0.670670
0.616674
0.696136
0.629893
0.576916
0.690154
0.603423
0.541425
0.571419
0.667743
0.579291
0.640605
0.614600
0.697547
0.813154
0.573036
0.637597
0.595317
0.707779
0.642459
0.717678
0.628038
0.661526
0.601553
0.567183
0.577162
0.665247
0.676575
0.583186
0.673450
0.603018
0.759042
0.599721
0.673405
0.614294
0.664100
0.560714
0.638344
0.609667
0.740026
0.504305
0.663776
0.642595
0.614962
0.869540
0.657102
0.630306
0.515329
0.690342
0.719997
0.796409
0.598572
0.589265
0.680856
0.609733
0.599708
0.747178
0.459833
0.612064
0.522600
0.733145
0.566560
0.690012
0.538423
0.740058
0.664291
0.668184
0.716133
0.500290
0.664408
0.533661
0.573570
0.640681
0.692779
0.506351
0.711106
0.712943
0.624120
0.739313
0.644392
0.661121
0.671547
0.569054
0.587649
0.647713
0.693592
0.802948
0.612295
0.719412
0.749722
0.565009
0.638356
0.742664
0.668616
0.637654
0.625737
0.624489
0.635141
0.656042
0.745212
0.569610
0.759642
0.700287
0.621786
0.656343
0.794247
0.591922
0.730271
0.645536
0.628961
0.678787
0.601398
0.697516
0.603046
0.627268
0.823427
0.596129
0.692314
0.709938
0.773576
0.675315
0.615473
0.619113
0.565799
0.581369
0.468785
0.616464
0.645649
0.661084
0.616563
0.702247
0.700179
0.667352
0.623204
0.690901
0.548885
0.532662
0.632248
0.624887
0.506005
0.656190
0.667595
0.614733
0.626307
0.688811
0.646757
0.671293
0.663409
0.479632
0.602062
0.614605
0.581603
0.659767
0.629137
0.685224
0.631239
0.598109
0.556250
0.671163
0.658771
0.508444
0.511111
0.648352
0.608063
0.477297
0.496172
0.717708
0.579266
0.571564
0.577097
0.748252
0.612729
0.585202
0.586231
0.559284
0.570781
0.658910
0.651903
0.637960
0.700957
0.597961
0.582800
0.596049
0.483563
0.717623
0.634692
0.642905
0.528397
0.693513
0.655624
0.615098
0.507075
0.594561
0.643643
0.568058
0.688643
0.583321
0.674742
0.665881
0.487117
0.600274
0.744385
0.633374
0.595191
0.666124
0.610060
0.549628
0.638590
0.563149
0.643281
0.666036
0.633289
0.654138
0.625899
0.639750
0.656775
0.609391
0.697606
0.595545
0.579063
0.553267
0.602788
0.605843
0.510956
0.593547
0.649247
0.533112
0.590911
0.680998
0.561856
0.490967
0.834743
0.565587
0.610585
0.444236
0.637582
0.596926
0.599050
0.571237
0.717586
0.607276
0.596070
0.718693
0.521267
0.520747
0.622099
0.596628
0.560477
0.727093
0.607143
0.522485
0.712609
0.672797
0.576866
0.604831
0.605718
0.691461
0.526316
0.621425
0.578908
0.847828
0.739623
0.656157
0.579247
0.565894
0.680652
0.609907
0.650786
0.578838
0.643043
0.623407
0.624557
0.664115
0.570690
0.590060
0.624434
0.558592
0.688638
0.707567
0.568186
0.581506
0.652677
0.728497
0.688094
0.694095
0.708415
0.541549
0.705254
0.518026
0.582570
0.831795
0.738546
0.647367
0.500116
0.619149
0.709383
0.669545
0.579017
0.514443
0.616229
0.490909
0.708115
0.638596
0.591913
0.573527
0.654498
0.760888
0.639088
0.626908
0.568370
0.658564
0.597930
0.553573
0.660400
0.541411
0.557544
0.553245
0.551873
0.637396
0.646170
0.635010
0.659978
0.721655
0.587610
0.567501
0.591429
0.620393
0.500249
0.556783
0.575679
0.735226
0.667471
0.538753
0.620839
0.551648
0.571481
0.649043
0.725042
0.539716
0.452595
0.582655
0.827058
0.717849
0.621058
0.711041
0.535156
0.682792
0.581261
0.609198
0.565944
0.582538
0.514369
0.537971
0.582704
0.709870
0.615884
0.690474
0.544240
0.646697
0.571114
0.510036
0.533048
0.554394
0.578280
0.700225
0.665907
0.612734
0.487760
0.551605
0.633359
0.667118
0.573344
0.590610
0.672273
0.594649
0.771481
0.667569
0.595883
0.655822
0.648360
0.732894
0.687825
0.572279
0.630817
0.435443
0.697511
0.549205
0.657619
0.638163
0.512037
0.604079
0.564887
0.606849
0.573523
0.751178
0.703902
0.649418
0.613575
0.550658
0.590302
0.501832
0.577507
0.506019
0.625717
0.550148
0.709008
0.692596
0.646924
0.654323
0.741760
0.793886
0.631433
0.622648
0.668841
0.567906
0.527068
0.671762
0.752714
0.630556
0.596727
0.506125
0.658691
0.625166
0.635215
0.535664
0.660830
0.545987
0.667106
0.575135
0.569695
0.729450
0.637056
0.629999
0.529782
0.576402
0.806998
0.681550
0.554914
0.588432
0.655453
0.555584
0.579587
0.618853
0.532278
0.558482
0.773758
0.723162
0.684440
0.531760
0.580948
0.653624
0.605058
0.555807
0.584255
0.581296
0.617620
0.516836
0.538242
0.644514
0.608368
0.505481
0.682093
0.710228
0.532756
0.705660
0.565845
0.565214
0.718907
0.780839
0.610913
0.661904
0.609766
0.652402
0.485299
0.594348
0.693354
0.580186
0.520680
0.696707
0.596828
0.544766
0.564876
0.560171
0.673697
0.601053
0.665012
0.802586
0.518056
0.626807
0.514734
0.780678
0.674957
0.631367
0.718439
0.666651
0.498247
0.533934
0.492979
0.709943
0.533314
0.611229
0.512037
0.662201
0.805155
0.583807
0.703009
0.575607
0.589737
0.833552
0.574546
0.525101
0.549778
0.679181
0.634500
0.614419
0.638289
0.539294
0.644780
0.628199
0.537279
0.626462
0.676677
0.620551
0.547684
0.619400
0.633910
0.628255
0.666721
0.743733
0.643951
0.414465
0.642082
0.619568
0.591113
0.578062
0.624579
0.522015
0.661404
0.643989
0.621049
0.549479
0.692142
0.562828
0.700214
0.522642
0.593078
0.662098
0.699097
0.675588
0.681942
0.541611
0.495285
0.591983
0.466171
0.645905
0.706585
0.654790
0.671767
0.561041
0.615047
0.541756
0.590448
0.723593
0.663944
0.698682
0.581728
0.562512
0.647325
0.633229
0.523977
0.670301
0.519776
0.523108
0.552511
0.459995
0.588962
0.546285
0.576794
0.572200
0.660809
0.681872
0.551744
0.653932
0.559632
0.601338
0.609695
0.547595
0.594779
0.581463
0.652977
0.582935
0.613114
0.579769
0.520374
0.608381
0.498435
0.474784
0.594572
0.606784
0.471329
0.571075
0.500187
0.519447
0.702777
0.542495
0.586235
0.586548
0.629333
0.505163
0.673057
0.599778
0.616112
0.473103
0.612509
0.591126
0.679010
0.668038
0.410078
0.539237
0.596060
0.533762
0.623493
0.562304
0.722200
0.607178
0.620646
0.493845
0.501844
0.592101
0.787538
0.599438
0.486447
0.625104
0.575057
0.528806
0.486143
0.544278
0.546929
0.611618
0.633071
0.575897
0.611487
0.737375
0.564127
0.537341
0.491544
0.488097
0.482564
0.600130
0.570730
0.545252
0.727872
0.680424
0.511753
0.558059
0.582114
0.494112
0.437582
0.574006
0.755809
0.595584
0.449277
0.611127
0.606571
0.601472
0.758161
0.569838
0.661203
0.613590
0.613643
0.608705
0.456264
0.663768
0.546419
0.500573
0.534102
0.605972
0.593363
0.636488
0.627552
0.651000
0.613090
0.676763
0.567682
0.576164
0.602445
0.738544
0.592287
0.518344
0.599629
0.581083
0.579929
0.530735
0.513704
0.622594
0.587424
0.650056
0.511200
0.462107
0.370957
0.571940
0.442147
0.684720
0.726049
0.564583
0.673929
0.551505
0.558442
0.664311
0.661344
0.668646
0.576986
0.493158
0.753607
0.538881
0.646881
0.651497
0.578673
0.687632
0.560763
0.652587
0.604182
0.503029
0.644034
0.496006
0.596272
0.619580
0.598925
0.595803
0.582678
0.594422
0.537655
0.575201
0.553896
0.576446
0.527898
0.685852
0.686716
0.519303
0.870407
0.664907
0.642347
0.575796
0.480356
0.658516
0.758339
0.581398
0.431653
0.532004
0.519874
0.513901
0.752509
0.535296
0.565695
0.559103
0.555284
0.559561
0.703839
0.547935
0.528013
0.609162
0.547522
0.496791
0.530470
0.578710
0.531318
0.548368
0.608362
0.544261
0.514535
0.554465
0.843918
0.531555
0.623135
0.570417
0.562043
0.524709
0.505782
0.514677
0.567666
0.561384
0.492525
0.528012
0.561687
0.650508
0.530644
0.663898
0.528196
0.525814
0.586118
0.515919
0.520655
0.755930
0.495293
0.521378
0.560292
0.636510
0.661506
0.461618
0.541019
0.569740
0.529432
0.584099
0.598769
0.577443
0.562976
0.527186
0.417682
0.636781
0.602494
0.706855
0.608585
0.544259
0.580855
0.685383
0.599697
0.674203
0.558331
0.567198
0.480338
0.500999
0.678544
0.649727
0.647165
0.585209
0.487367
0.481188
0.531133
0.735070
0.743108
0.582007
0.569928
0.531882
0.563865
0.548247
0.689785
0.575723
0.790213
0.613896
0.595193
0.543471
0.513942
0.684477
0.413690
0.632115
0.563962
0.692660
0.655883
0.659868
0.653392
0.515555
0.618202
0.504569
0.619364
0.519736
0.564490
0.622598
0.649727
0.455856
0.527152
0.481608
0.577056
0.453672
0.575968
0.517299
0.650624
0.534118
0.645496
0.577618
0.453555
0.514900
0.636167
0.468340
0.595975
0.540574
0.544613
0.554440
0.651344
0.551769
0.527686
0.461592
0.533599
0.551421
0.542071
0.507526
0.683021
0.580271
0.530261
0.468517
0.549590
0.403164
0.463142
0.562441
0.639113
0.517875
0.551421
0.550155
0.658939
0.750607
0.549376
0.555065
0.603895
0.594740
0.556088
0.502882
0.525449
0.495887
0.589742
0.575292
0.632075
0.612010
0.586564
0.600919
0.643821
0.506816
0.579003
0.597915
0.490527
0.594243
0.546577
0.578433
0.422576
0.587154
0.501728
0.435968
0.612654
0.591457
0.643173
0.498839
0.540302
0.698788
0.658533
0.643347
0.668088
0.599509
0.439640
0.667922
0.589105
0.601984
0.485551
0.619413
0.501707
0.493976
0.507644
0.633128
0.543699
0.630250
0.571866
0.565931
0.502777
0.497374
0.587024
0.720663
0.561190
0.574973
0.601235
0.539394
0.591781
0.655853
0.546445
0.478791
0.476327
0.505167
0.580539
0.431364
0.652382
0.576092
0.570185
0.706469
0.556816
0.675637
0.477767
0.629768
0.457826
0.478108
0.608796
0.637664
0.528993
0.417406
0.695523
0.422537
0.589716
0.680706
0.534509
0.559304
0.590970
0.710674
0.530987
0.525527
0.415972
0.461085
0.523456
0.515082
0.648073
0.548388
0.631000
0.622858
0.452111
0.556075
0.575833
0.545902
0.548632
0.563174
0.504304
0.435532
0.464961
0.453112
0.564827
0.548101
0.615893
0.550839
0.555440
0.642612
0.624360
0.484233
0.609864
0.534648
0.705549
0.525189
0.605524
0.437518
0.612336
0.618466
0.554815
0.545908
0.617866
0.499101
0.557580
0.504816
0.676124
0.621180
0.503247
0.474938
0.575706
0.549435
0.459259
0.692871
0.499012
0.546265
0.578825
0.569694
0.653536
0.627580
0.539950
0.503162
0.724644
0.578195
0.803174
0.628207
0.538556
0.454556
0.622981
0.475961
0.561754
0.647278
0.569562
0.606610
0.585894
0.487817
0.526133
0.535354
0.630418
0.679819
0.474739
0.458991
0.627432
0.520701
0.489032
0.631249
0.510376
0.473975
0.491111
0.488572
0.549845
0.522632
0.483291
0.674275
0.513644
0.477249
0.640221
0.751638
0.487272
0.564809
0.531906
0.466063
0.496518
0.612803
0.546948
0.516832
0.573679
0.453858
0.445714
0.501215
0.570741
0.593208
0.480752
0.670503
0.571552
0.730987
0.567733
0.559695
0.519280
0.531730
0.556527
0.453338
0.501769
0.511513
0.469699
0.514799
0.530836
0.663379
0.498984
0.506862
0.591312
0.710294
0.427065
0.568300
0.593748
0.586983
0.597528
0.653010
0.612793
0.567526
0.691412
0.619229
0.457057
0.661837
0.581133
0.507357
0.612703
0.567128
0.504201
0.599353
0.493552
0.461828
0.578590
0.679612
0.516272
0.500422
0.765472
0.561809
0.550228
0.698994
0.820996
0.496387
0.531950
0.585504
0.699830
0.511396
0.543176
0.602533
0.559387
0.567522
0.499870
0.683729
0.527527
0.549835
0.717974
0.504887
0.650021
0.486964
0.436558
0.612888
0.566035
0.507270
0.612695
0.472826
0.531728
0.488997
0.536682
0.504356
0.522750
0.586004
0.586778
0.633487
0.457011
0.427109
0.509197
0.627168
0.470103
0.594296
0.488995
0.530022
0.881540
0.567770
0.541410
0.542494
0.447063
0.634227
0.545063
0.561315
0.528344
0.490761
0.608048
0.554830
0.507832
0.617830
0.525101
0.705587
0.555403
0.616707
0.433733
0.416717
0.541312
0.545805
0.498055
0.561993
0.484926
0.511126
0.686806
0.463457
0.494412
0.500609
0.661688
0.547871
0.508904
0.541667
0.617209
0.557121
0.574351
0.577525
0.566166
0.513365
0.480503
0.612073
0.576425
0.579873
0.529206
0.583756
0.591006
0.650130
0.561569
0.523154
0.655599
0.569821
0.470699
0.450474
0.383932
0.552204
0.586985
0.447301
0.544132
0.602938
0.521003
0.514265
0.595849
0.574510
0.552842
0.527145
0.538350
0.442355
0.524080
0.418288
0.588366
0.455709
0.542031
0.436254
0.506270
0.504453
0.463822
0.468191
0.593601
0.692266
0.642827
0.617945
0.515898
0.496798
0.518307
0.524780
0.688495
0.565337
0.444022
0.559850
0.490506
0.627239
0.649700
0.485249
0.541250
0.511773
0.502871
0.626098
0.535408
0.461236
0.438851
0.592245
0.536179
0.508989
0.526273
0.521086
0.476101
0.533685
0.519068
0.554849
0.412361
0.580950
0.462826
0.536927
0.628553
0.556109
0.419959
0.427213
0.524534
0.621746
0.478632
0.534494
0.559343
0.504581
0.434276
0.535243
0.567112
0.496642
0.459015
0.537669
0.640110
0.599072
0.540482
0.579800
0.505287
0.510778
0.553588
0.547894
0.584207
0.472912
0.617284
0.406597
0.494077
0.624279
0.508274
0.545773
0.671786
0.571663
0.614042
0.547211
0.636447
0.681793
0.510946
0.435346
0.644900
0.542988
0.386517
0.444117
0.499511
0.485991
0.462237
0.580932
0.565336
0.644095
0.523669
0.520288
0.516677
0.587623
0.598785
0.441236
0.477292
0.604316
0.458595
0.615861
0.601525
0.560393
0.452205
0.640648
0.572144
0.482807
0.638647
0.585295
0.569955
0.636911
0.489459
0.540469
0.476594
0.704143
0.543913
0.476860
0.521028
0.447418
0.423131
0.532736
0.636240
0.529816
0.587644
0.624063
0.520499
0.524199
0.518341
0.586927
0.593737
0.597417
0.479943
0.481684
0.421888
0.526634
0.531512
0.554794
0.576220
0.617677
0.424896
0.449874
0.430451
0.566522
0.434378
0.469008
0.483906
0.589350
0.577190
0.557647
0.570119
0.442161
0.408740
0.495850
0.427574
0.452288
0.460736
0.450634
0.620970
0.709025
0.573255
0.485640
0.535801
0.484932
0.479671
0.569282
0.399031
0.589078
0.550898
0.420621
0.453836
0.512369
0.570564
0.693926
0.570460
0.417378
0.605600
0.570495
0.529004
0.439515
0.557242
0.498844
0.549909
0.494093
0.535590
0.648949
0.646745
0.541334
0.517345
0.594445
0.535816
0.509238
0.494192
0.513482
0.473059
0.711531
0.649419
0.437575
0.581018
0.485947
0.535720
0.518699
0.583856
0.612579
0.441931
0.480835
0.576950
0.543546
0.482509
0.677998
0.545029
0.623629
0.437736
0.678105
0.587234
0.540994
0.594458
0.475833
0.451764
0.554676
0.512864
0.473777
0.484254
0.492848
0.612303
0.525176
0.530395
0.616988
0.642226
0.617039
0.593994
0.497635
0.460261
0.636553
0.479315
0.477539
0.577793
0.507644
0.588467
0.564827
0.578146
0.550567
0.575064
0.451269
0.533560
0.570603
0.455679
0.462251
0.540252
0.501916
0.698394
0.444583
0.453489
0.469027
0.471346
0.461861
0.372800
0.625525
0.589102
0.646373
0.638304
0.475049
0.572005
0.567463
0.583669
0.632689
0.479702
0.543246
0.551497
0.467377
0.469032
0.561817
0.503500
0.599130
0.477412
0.448231
0.530084
0.530616
0.561619
0.509043
0.506136
0.515215
0.613653
0.533015
0.406797
0.484183
0.383765
0.528296
0.500507
0.367532
0.440579
0.550487
0.582057
0.563586
0.568528
0.581619
0.530323
0.544602
0.468305
0.492697
0.481227
0.486170
0.427308
0.522777
0.576511
0.565732
0.614200
0.524192
0.555704
0.500196
0.513804
0.452989
0.598471
0.609534
0.529254
0.498223
0.504496
0.658154
0.498291
0.540642
0.568876
0.536679
0.531601
0.501532
0.508542
0.574746
0.660716
0.626467
0.450724
0.467494
0.471776
0.593425
0.492355
0.599041
0.566613
0.439598
0.551141
0.473098
0.415634
0.561683
0.447150
0.441579
0.402992
0.489417
0.528435
0.477275
0.539126
0.506868
0.434916
0.628228
0.513301
0.600563
0.496524
0.463765
0.483999
0.610354
0.603137
0.529394
0.445233
0.549361
0.499655
0.488210
0.455315
0.443512
0.529392
0.435554
0.540047
0.438593
0.493488
0.641467
0.438242
0.393948
0.617086
0.536714
0.494474
0.398507
0.463500
0.496463
0.445312
0.467466
0.381861
0.417472
0.506936
0.532852
0.440992
0.549133
0.500954
0.446373
0.434011
0.606205
0.450182
0.377236
0.332167
0.497581
0.591117
0.427241
0.515764
0.628408
0.571868
0.508455
0.693859
0.567564
0.516448
0.560311
0.491001
0.558381
0.479554
0.486722
0.459125
0.526907
0.445774
0.520080
0.551827
0.564792
0.434202
0.567387
0.590064
0.539911
0.528057
0.508370
0.557421
0.516069
0.556294
0.483222
0.474110
0.464057
0.425612
0.580248
0.480497
0.498684
0.436422
0.457593
0.498416
0.511063
0.505668
0.522014
0.594038
0.368860
0.530825
0.397759
0.511714
0.492615
0.513790
0.583638
0.579817
0.550491
0.540954
0.597582
0.511515
0.663716
0.448410
0.599307
0.474601
0.650003
0.419596
0.519408
0.472614
0.534023
0.461937
0.552771
0.549041
0.516031
0.563174
0.450130
0.409552
0.497212
0.508386
0.485170
0.529803
0.355429
0.574658
0.416613
0.497085
0.529286
0.592970
0.625879
0.481460
0.577958
0.467531
0.520667
0.419701
0.446521
0.552130
0.376565
0.473588
0.479841
0.478408
0.442869
0.516092
0.515382
0.448316
0.450829
0.478950
0.471686
0.474529
0.534528
0.432988
0.502084
0.394704
0.454861
0.715935
0.531170
0.524053
0.571683
0.605425
0.494126
0.466214
0.562125
0.541578
0.446905
0.464248
0.497237
0.475529
0.497575
0.464606
0.545204
0.526137
0.534967
0.560414
0.459673
0.462741
0.683782
0.507066
0.487115
0.514714
0.516690
0.517106
0.583816
0.468881
0.527431
0.388630
0.468795
0.497249
0.417254
0.443734
0.570433
0.452562
0.485026
0.445203
0.510877
0.488140
0.539843
0.713779
0.479833
0.456147
0.472945
0.403036
0.424895
0.457307
0.524379
0.440297
0.585835
0.542763
0.511029
0.562132
0.457741
0.708397
0.373726
0.504431
0.663135
0.502415
0.424137
0.559996
0.435978
0.478733
0.517596
0.423176
0.535812
0.546264
0.527899
0.438230
0.512651
0.436267
0.592630
0.502439
0.516024
0.549365
0.625587
0.530586
0.552734
0.473704
0.481886
0.593256
0.428412
0.486813
0.515379
0.488295
0.465742
0.607771
0.636840
0.455785
0.483528
0.472840
0.443963
0.485981
0.453924
0.583474
0.561427
0.607544
0.463608
0.466455
0.585604
0.550865
0.462662
0.405457
0.529229
0.466291
0.412912
0.502775
0.567685
0.675025
0.521555
0.490470
0.548690
0.549189
0.491534
0.555961
0.474705
0.453442
0.596477
0.483450
0.423567
0.428025
0.450922
0.538405
0.526985
0.539814
0.447614
0.604908
0.415439
0.552122
0.610781
0.418742
0.529317
0.584827
0.600369
0.639679
0.533029
0.576065
0.466677
0.424810
0.516853
0.427122
0.441899
0.431260
0.454195
0.464577
0.373155
0.515779
0.492096
0.389539
0.543051
0.543230
0.505767
0.460934
0.527223
0.394533
0.383922
0.500415
0.600249
0.470922
0.513536
0.381796
0.516731
0.465709
0.427096
0.390367
0.475034
0.434001
0.520367
0.551744
0.532023
0.558351
0.505538
0.417232
0.461984
0.470814
0.448850
0.398639
0.523065
0.529874
0.556063
0.560202
0.420506
0.455251
0.457431
0.455405
0.480145
0.550461
0.562958
0.416045
0.413786
0.454738
0.523517
0.567466
0.523443
0.602914
0.569972
0.508889
0.504331
0.417470
0.425739
0.474357
0.403454
0.575391
0.460351
0.377673
0.396547
0.538127
0.649585
0.499967
0.543117
0.371385
0.619590
0.522627
0.442247
0.544576
0.460605
0.546844
0.414762
0.432316
0.566311
0.491214
0.675872
0.585889
0.491509
0.528403
0.467169
0.444510
0.363460
0.432392
0.472563
0.494156
0.382744
0.396118
0.387512
0.536328
0.548206
0.444427
0.523189
0.628800
0.476167
0.427438
0.385430
0.455165
0.508114
0.489773
0.478705
0.510606
0.508275
0.336592
0.443313
0.474685
0.488299
0.576843
0.478905
0.548390
0.491614
0.459522
0.515694
0.492472
0.599348
0.408381
0.554823
0.379768
0.508548
0.442918
0.471217
0.420584
0.561978
0.523639
0.557310
0.517972
0.374519
0.562365
0.457487
0.501426
0.530929
0.463921
0.443836
0.567579
0.551182
0.459735
0.524907
0.510470
0.544778
0.416763
0.514782
0.486311
0.687082
0.492611
0.542634
0.413046
0.488277
0.449152
0.469918
0.437905
0.416177
0.489122
0.448246
0.455681
0.515682
0.471790
0.450194
0.399570
0.530482
0.535381
0.393265
0.484684
0.470850
0.430126
0.592160
0.485725
0.469121
0.568534
0.434818
0.575808
0.536124
0.501178
0.529005
0.438392
0.405317
0.471922
0.479409
0.367982
0.538124
0.501144
0.603674
0.439298
0.384845
0.496462
0.468467
0.430589
0.478204
0.478603
0.427272
0.547311
0.468836
0.371514
0.480981
0.346423
0.488701
0.363415
0.472703
0.412728
0.448973
0.559022
0.533998
0.428988
0.522885
0.637700
0.426895
0.583677
0.509693
0.372275
0.367653
0.422796
0.556931
0.458079
0.384622
0.436167
0.451084
0.528979
0.475681
0.452090
0.464624
0.380437
0.393876
0.469423
0.425568
0.451623
0.589768
0.415166
0.555631
0.476962
0.549062
0.522921
0.525124
0.539140
0.517642
0.659202
0.507215
0.513224
0.441907
0.409912
0.455485
0.461212
0.471117
0.466292
0.453962
0.509976
0.516999
0.508574
0.469434
0.402716
0.490123
0.524063
0.513547
0.515363
0.444993
0.440122
0.472533
0.442754
0.489829
0.474837
0.513945
0.412700
0.491574
0.527834
0.509682
0.527677
0.442060
0.360476
0.464193
0.594760
0.570934
0.395265
0.578270
0.425978
0.614084
0.465893
0.447307
0.625356
0.537918
0.440783
0.436634
0.550642
0.555529
0.436687
0.430786
0.428894
0.392942
0.477529
0.433187
0.561049
0.467612
0.481420
0.406406
0.587089
0.512541
0.531958
0.440563
0.504967
0.426498
0.545229
0.506490
0.424099
0.426216
0.565684
0.397417
0.447003
0.574474
0.578192
0.506384
0.509790
0.575705
0.536231
0.598344
0.421661
0.577621
0.486319
0.509563
0.423522
0.482724
0.459976
0.453720
0.410964
0.528174
0.382834
0.484117
0.442101
0.375135
0.439777
0.444280
0.414101
0.468075
0.464095
0.422453
0.479259
0.473677
0.435909
0.391098
0.402549
0.592159
0.427150
0.368756
0.717283
0.424895
0.486983
0.440055
0.395335
0.504965
0.419871
0.455388
0.450522
0.448732
0.426089
0.460546
0.438505
0.490161
0.480223
0.540629
0.451328
0.478443
0.425410
0.451863
0.480197
0.554360
0.466290
0.512115
0.505395
0.475085
0.424807
0.427035
0.429669
0.439296
0.452674
0.380007
0.471741
0.599279
0.469053
0.422597
0.513860
0.479449
0.482350
0.478555
0.557571
0.417162
0.472847
0.530496
0.530157
0.492698
0.572620
0.493003
0.429103
0.445293
0.464519
0.399118
0.516314
0.356385
0.456452
0.397156
0.348875
0.614606
0.427340
0.443400
0.458686
0.354894
0.363443
0.361565
0.436262
0.384748
0.496775
0.603682
0.346560
0.361406
0.399432
0.408260
0.512948
0.530952
0.405885
0.485695
0.571741
0.407845
0.508670
0.379077
0.380168
0.481224
0.521033
0.461151
0.516876
0.472376
0.632335
0.492237
0.505509
0.404634
0.475320
0.417219
0.314305
0.477398
0.347899
0.435825
0.497308
0.512729
0.385954
0.508067
0.469099
0.509984
0.418471
0.447149
0.443605
0.447047
0.426077
0.477021
0.494325
0.509993
0.542241
0.427572
0.350634
0.411262
0.476347
0.315012
0.382834
0.424208
0.399025
0.561935
0.409958
0.561520
0.422300
0.447424
0.398088
0.515331
0.443257
0.428490
0.420441
0.401869
0.538468
0.471395
0.524360
0.534707
0.433940
0.410399
0.377503
0.410497
0.531934
0.423360
0.411889
0.492170
0.569342
0.534579
0.464649
0.415495
0.488471
0.404670
0.433179
0.442945
0.535563
0.556465
0.505424
0.488458
0.462823
0.448155
0.411273
0.360273
0.466760
0.519785
0.457335
0.496429
0.413673
0.426601
0.406023
0.634285
0.460342
0.459872
0.378885
0.493689
0.492516
0.531535
0.468939
0.613115
0.426125
0.535507
0.496015
0.487126
0.410100
0.482681
0.421658
0.431821
0.394823
0.422989
0.410151
0.478225
0.406847
0.412646
0.486859
0.560916
0.446350
0.334799
0.356682
0.469288
0.445285
0.556329
0.448272
0.402117
0.447733
0.467311
0.376897
0.418799
0.412680
0.395990
0.418233
0.381615
0.515891
0.465000
0.431170
0.536111
0.408931
0.409165
0.472472
0.380343
0.502774
0.437901
0.334767
0.351032
0.429826
0.463170
0.444257
0.383143
0.455689
0.558134
0.566678
0.531261
0.520757
0.342100
0.652813
0.501674
0.365656
0.462473
0.390441
0.426821
0.330461
0.462617
0.509969
0.469441
0.484140
0.479473
0.500034
0.425085
0.438712
0.349221
0.490111
0.420174
0.467801
0.381300
0.465576
0.380398
0.443665
0.485830
0.522323
0.444723
0.547827
0.437824
0.417515
0.445532
0.517208
0.462300
0.535697
0.456949
0.526503
0.512965
0.426851
0.445762
0.520781
0.460043
0.443322
0.495864
0.365530
0.362882
0.424703
0.598580
0.380015
0.589727
0.506362
0.502053
0.459065
0.481233
0.365750
0.607731
0.403456
0.578437
0.463288
0.565126
0.425899
0.520550
0.438437
0.623208
0.462503
0.440423
0.439559
0.480917
0.521978
0.433611
0.445239
0.429540
0.523118
0.440047
0.539238
0.497266
0.503753
0.499584
0.540654
0.499026
0.506290
0.407854
0.436640
0.531793
0.602873
0.503523
0.465419
0.431193
0.426933
0.534959
0.538392
0.507646
0.577809
0.482852
0.397945
0.381978
0.355107
0.459225
0.403657
0.371842
0.504296
0.479706
0.529137
0.394263
0.438668
0.483664
0.417338
0.455903
0.359819
0.579855
0.333111
0.550232
0.381787
0.459112
0.418261
0.366955
0.548169
0.478594
0.465810
0.505582
0.358944
0.384370
0.485430
0.525346
0.435491
0.529846
0.465014
0.432999
0.563076
0.458567
0.353498
0.404689
0.392897
0.355964
0.506739
0.327366
0.450774
0.382341
0.484917
0.526809
0.400321
0.447019
0.427060
0.332387
0.387518
0.390756
0.464207
0.428346
0.487192
0.432808
0.534320
0.424673
0.442438
0.365550
0.317978
0.421263
0.452634
0.442683
0.436560
0.372379
0.424547
0.437804
0.412351
0.434250
0.418713
0.399035
0.382108
0.385589
0.522045
0.437043
0.485504
0.372261
0.346007
0.356397
0.523028
0.371063
0.521872
0.568010
0.540382
0.436703
0.420098
0.372797
0.381282
0.458385
0.340368
0.393875
0.360353
0.472826
0.328217
0.464860
0.466444
0.365088
0.353003
0.438394
0.511592
0.445119
0.413883
0.467243
0.411246
0.398728
0.517064
0.501813
0.487405
0.530102
0.453941
0.496719
0.381526
0.506219
0.373743
0.321082
0.395094
0.350056
0.485943
0.364432
0.373250
0.471709
0.512198
0.369207
0.425866
0.401523
0.450620
0.350848
0.423694
0.515727
0.374952
0.466601
0.386576
0.469812
0.465802
0.415308
0.474694
0.432858
0.380437
0.400701
0.421756
0.596774
0.430082
0.430148
0.440520
0.592409
0.467446
0.530813
0.370878
0.472896
0.489235
0.421558
0.482272
0.367137
0.522792
0.526592
0.419345
0.442135
0.373090
0.459293
0.544897
0.381106
0.439324
0.498873
0.356634
0.353817
0.342670
0.495020
0.367620
0.401777
0.387401
0.425342
0.504737
0.430376
0.373829
0.424087
0.500441
0.519090
0.375467
0.403336
0.456346
0.511179
0.485619
0.347184
0.363610
0.429958
0.444569
0.374490
0.392307
0.372142
0.400916
0.377304
0.476825
0.306677
0.447590
0.391837
0.496454
0.452675
0.364616
0.417217
0.383982
0.435828
0.489619
0.377325
0.377312
0.536678
0.467585
0.353058
0.404295
0.351833
0.541045
0.399990
0.341276
0.389571
0.385735
0.392829
0.481447
0.558008
0.355845
0.404258
0.498216
0.524124
0.342074
0.457042
0.406358
0.552499
0.479885
0.393901
0.563503
0.356297
0.430267
0.439038
0.394555
0.498180
0.440909
0.423038
0.394124
0.336869
0.466092
0.414783
0.503981
0.405966
0.405074
0.457645
0.467109
0.519640
0.352320
0.318358
0.360058
0.431479
0.363057
0.392435
0.448084
0.407747
0.414274
0.371923
0.400123
0.453299
0.415544
0.592741
0.454423
0.340473
0.466848
0.413474
0.439313
0.437775
0.406713
0.503955
0.455649
0.438591
0.388868
0.509534
0.511060
0.382752
0.333141
0.447621
0.464494
0.494832
0.421653
0.406533
0.428069
0.461582
0.395153
0.363439
0.536817
0.390247
0.464380
0.493496
0.451643
0.451603
0.401330
0.411013
0.413195
0.355829
0.384970
0.474332
0.454885
0.578200
0.378987
0.503787
0.462809
0.400805
0.560266
0.556716
0.430714
0.355409
0.422496
0.368750
0.410896
0.478319
0.385668
0.477377
0.360592
0.545177
0.416791
0.505259
0.383446
0.423495
0.476059
0.521638
0.488720
0.430555
0.419196
0.489423
0.500555
0.460282
0.577084
0.542603
0.423530
0.367889
0.570652
0.338990
0.449141
0.453835
0.463081
0.421345
0.463633
0.385860
0.346338
0.397359
0.632552
0.397932
0.337841
0.368259
0.501074
0.418414
0.469396
0.460083
0.440790
0.404344
0.453858
0.573510
0.411001
0.377670
0.457789
0.433232
0.474280
0.397669
0.469952
0.496397
0.440463
0.432563
0.536155
0.360101
0.424817
0.410772
0.432082
0.517584
0.550427
0.436281
0.511343
0.435123
0.355657
0.365880
0.402516
0.447565
0.383034
0.399139
0.435309
0.416269
0.486143
0.423330
0.445475
0.565586
0.331786
0.425941
0.436925
0.389861
0.418607
0.425166
0.538988
0.369487
0.377589
0.305785
0.391686
0.538485
0.355474
0.417211
0.355313
0.416131
0.319706
0.400236
0.399599
0.409557
0.449755
0.424592
0.555626
0.373624
0.434671
0.459232
0.363455
0.412345
0.414122
0.480320
0.411168
0.539257
0.405030
0.334042
0.354133
0.382990
0.369760
0.398933
0.388944
0.360356
0.434494
0.442883
0.410191
0.417294
0.356012
0.426288
0.536701
0.331641
0.406841
0.479662
0.452957
0.368687
0.348967
0.545863
0.410057
0.344188
0.527227
0.407557
0.371404
0.361144
0.393084
0.366794
0.364812
0.379945
0.434797
0.339407
0.494383
0.387947
0.376585
0.405134
0.335435
0.365628
0.353222
0.366956
0.414667
0.480206
0.437162
0.358978
0.437854
0.384818
0.506072
0.439099
0.450006
0.371683
0.417287
0.391348
0.335899
0.334480
0.383769
0.490589
0.408931
0.410824
0.407340
0.431517
0.407615
0.402114
0.281073
0.404578
0.386869
0.494462
0.417419
0.513244
0.600390
0.378650
0.440894
0.424708
0.376103
0.386623
0.493333
0.365679
0.588000
0.321967
0.457833
0.385788
0.387929
0.565308
0.590458
0.356539
0.430820
0.316442
0.496398
0.438710
0.375382
0.387211
0.329848
0.502881
0.376134
0.474090
0.372173
0.296294
0.345496
0.488112
0.335951
0.386483
0.368101
0.456079
0.384206
0.495887
0.347550
0.450801
0.413560
0.487822
0.334190
0.466419
0.435581
0.424824
0.404763
0.282375
0.424846
0.504890
0.404306
0.473444
0.440606
0.531238
0.405274
0.429161
0.408538
0.460364
0.498867
0.471309
0.456147
0.449929
0.390896
0.303600
0.528495
0.397063
0.411386
0.437451
0.438849
0.425465
0.509433
0.489459
0.390933
0.408407
0.411874
0.338282
0.482934
0.411859
0.404631
0.476558
0.393612
0.487962
0.459628
0.378675
0.354541
0.326515
0.396056
0.480889
0.384090
0.512050
0.331336
0.435360
0.348155
0.444528
0.374785
0.475458
0.361783
0.333175
0.417598
0.480000
0.471172
0.429738
0.337201
0.500771
0.376699
0.461481
0.373904
0.410191
0.300053
0.409692
0.381717
0.343529
0.461465
0.408882
0.336391
0.501174
0.424556
0.407683
0.474517
0.435235
0.476279
0.316029
0.347492
0.348022
0.250107
0.363809
0.410321
0.356425
0.569872
0.457160
0.455530
0.403984
0.438093
0.404299
0.370013
0.385775
0.398650
0.453538
0.438850
0.387858
0.428672
0.413672
0.389068
0.449002
0.456793
0.396674
0.379752
0.470305
0.359660
0.439076
0.470874
0.420786
0.401374
0.426635
0.397511
0.318008
0.465260
0.392326
0.565949
0.408185
0.436017
0.477457
0.383870
0.506611
0.411419
0.384308
0.366789
0.396281
0.505820
0.351954
0.437863
0.367286
0.505644
0.471806
0.391938
0.400681
0.435070
0.477888
0.381697
0.368489
0.357863
0.463270
0.429704
0.512902
0.402553
0.357472
0.452008
0.354826
0.472474
0.402337
0.484830
0.343925
0.367870
0.342621
0.385575
0.394156
0.312347
0.321995
0.421306
0.419657
0.353828
0.382957
0.309931
0.326375
0.419912
0.374674
0.402996
0.362343
0.379534
0.448446
0.490176
0.351447
0.421023
0.318132
0.325814
0.475610
0.366397
0.392665
0.360299
0.450636
0.379045
0.435372
0.357000
0.475758
0.445188
0.438160
0.370153
0.331886
0.341249
0.328422
0.355558
0.430643
0.300866
0.355935
0.382262
0.477037
0.421936
0.435841
0.420258
0.430545
0.543483
0.339876
0.417961
0.425442
0.330531
0.450830
0.448393
0.366620
0.344678
0.371924
0.347681
0.509926
0.469410
0.506869
0.414169
0.468465
0.309819
0.396927
0.396016
0.403241
0.361447
0.437246
0.327101
0.326860
0.469136
0.428217
0.372281
0.355261
0.402052
0.364519
0.551165
0.371596
0.334942
0.302422
0.516808
0.334300
0.494641
0.393272
0.425219
0.389374
0.355031
0.380341
0.459945
0.279828
0.442709
0.353536
0.386248
0.347597
0.448346
0.322421
0.353096
0.385539
0.380118
0.456427
0.367612
0.398279
0.370170
0.427946
0.411270
0.333441
0.402552
0.345593
0.442633
0.312022
0.462442
0.397047
0.341388
0.381692
0.416452
0.375867
0.422882
0.417488
0.439526
0.382384
0.420142
0.358464
0.309262
0.333673
0.362338
0.448896
0.380196
0.457861
0.328298
0.414509
0.353466
0.336995
0.418808
0.261540
0.435143
0.408975
0.349238
0.461380
0.361894
0.331886
0.423280
0.375316
0.461440
0.399015
0.377469
0.313431
0.350209
0.454659
0.420973
0.468511
0.417320
0.372214
0.480410
0.383643
0.389637
0.331693
0.312500
0.353649
0.358205
0.425637
0.396412
0.376824
0.395204
0.421256
0.419972
0.425537
0.313778
0.315517
0.383771
0.427899
0.441893
0.503960
0.369290
0.412655
0.449937
0.469855
0.375580
0.433946
0.352891
0.412929
0.434564
0.523897
0.299595
0.360706
0.385085
0.324884
0.541547
0.475920
0.433073
0.507221
0.323375
0.337424
0.500135
0.423604
0.500250
0.372803
0.406368
0.365428
0.302688
0.417748
0.338444
0.461360
0.285246
0.443560
0.326377
0.340323
0.388239
0.324841
0.502500
0.478470
0.435964
0.392372
0.327489
0.462667
0.406227
0.346018
0.408293
0.333312
0.417043
0.335040
0.365751
0.443700
0.406365
0.512363
0.391987
0.366450
0.357508
0.458874
0.267324
0.368086
0.328630
0.405789
0.321734
0.378843
0.429472
0.312816
0.367035
0.431943
0.370768
0.434119
0.414303
0.422416
0.398011
0.386672
0.435882
0.420139
0.423691
0.307060
0.372422
0.464755
0.368982
0.464343
0.389465
0.523090
0.398189
0.422309
0.320507
0.337542
0.466286
0.407674
0.441300
0.391047
0.341359
0.431800
0.716965
0.446696
0.422726
0.304932
0.361321
0.461641
0.382542
0.431005
0.469492
0.381402
0.459661
0.475497
0.319917
0.313525
0.410552
0.463903
0.397000
0.392070
0.318618
0.503208
0.364837
0.427437
0.368465
0.507927
0.391002
0.479228
0.375776
0.384047
0.316883
0.378921
0.388185
0.429230
0.378894
0.394362
0.502640
0.408024
0.284038
0.381523
0.442441
0.428392
0.355333
0.413554
0.428368
0.358944
0.500780
0.525453
0.428560
0.442403
0.376253
0.341213
0.408798
0.298458
0.480462
0.325426
0.313412
0.371277
0.396788
0.295524
0.447700
0.409812
0.307478
0.312502
0.325509
0.355310
0.376426
0.374288
0.425370
0.343257
0.333428
0.343541
0.285281
0.473895
0.351429
0.430786
0.503036
0.352017
0.394888
0.403225
0.388001
0.298576
0.327515
0.515770
0.471336
0.404244
0.507888
0.391782
0.338497
0.497791
0.377322
0.372118
0.343437
0.474540
0.423647
0.459353
0.407572
0.398558
0.427085
0.336061
0.448491
0.460373
0.461964
0.489575
0.408253
0.365533
0.380478
0.299461
0.402879
0.399519
0.300736
0.318252
0.359479
0.441684
0.463724
0.365970
0.453536
0.484049
0.309110
0.520331
0.362614
0.399863
0.399302
0.444585
0.425148
0.389403
0.346648
0.411119
0.425356
0.468363
0.424875
0.374322
0.315260
0.391212
0.373898
0.422126
0.337321
0.518105
0.402242
0.349445
0.376207
0.359552
0.398280
0.421607
0.317092
0.419935
0.418558
0.316660
0.465909
0.445348
0.369643
0.385757
0.418927
0.312441
0.295673
0.334525
0.426909
0.369526
0.405591
0.378992
0.385550
0.451496
0.387037
0.364290
0.255996
0.338609
0.318439
0.351772
0.328951
0.294595
0.431672
0.365041
0.398376
0.282438
0.293141
0.397523
0.377081
0.371589
0.361109
0.454269
0.403446
0.288302
0.350471
0.444761
0.386436
0.397339
0.440597
0.386851
0.438529
0.530200
0.278291
0.328856
0.315618
0.292320
0.414637
0.349367
0.422371
0.427543
0.401991
0.406102
0.502297
0.389465
0.314429
0.312786
0.311367
0.289059
0.299613
0.326109
0.262262
0.388214
0.343134
0.311042
0.339324
0.461578
0.331593
0.475040
0.337965
0.391948
0.381324
0.407493
0.383710
0.333453
0.444962
0.330111
0.442984
0.340749
0.399669
0.383693
0.358722
0.323587
0.273855
0.310688
0.374602
0.397377
0.391164
0.303981
0.393221
0.372187
0.310679
0.453180
0.464260
0.396700
0.314679
0.416527
0.349711
0.335177
0.361021
0.461583
0.394173
0.363431
0.365867
0.353005
0.480747
0.334665
0.330908
0.378713
0.343469
0.508490
0.458153
0.387297
0.398719
0.356680
0.383501
0.420310
0.307631
0.405111
0.405745
0.355472
0.363566
0.374230
0.377572
0.306855
0.459038
0.393263
0.306491
0.332481
0.426349
0.287721
0.407284
0.431634
0.334161
0.423967
0.356377
0.354923
0.316595
0.283362
0.320188
0.355626
0.374739
0.374192
0.330600
0.334318
0.435078
0.306138
0.353637
0.467348
0.390148
0.423334
0.408926
0.536681
0.437576
0.382417
0.482567
0.338077
0.433585
0.405738
0.352114
0.404225
0.300538
0.379911
0.408210
0.284378
0.539802
0.292010
0.421213
0.379284
0.356279
0.389472
0.405550
0.366404
0.285938
0.296661
0.358759
0.458685
0.416204
0.371544
0.455972
0.362097
0.379541
0.318756
0.422710
0.314642
0.448518
0.367004
0.304032
0.343244
0.442626
0.307761
0.437312
0.304686
0.396599
0.299005
0.447792
0.424834
0.362287
0.333792
0.422965
0.360513
0.350810
0.403435
0.363541
0.282652
0.270878
0.412158
0.363794
0.400306
0.327141
0.291457
0.382742
0.365799
0.335352
0.449703
0.424583
0.276419
0.380056
0.389301
0.389464
0.458751
0.305249
0.357296
0.439209
0.355962
0.394621
0.341785
0.401466
0.439429
0.318715
0.451606
0.415272
0.381203
0.383428
0.411224
0.394772
0.462596
0.449287
0.336339
0.376945
0.408358
0.380603
0.381923
0.320417
0.403701
0.348618
0.463549
0.354220
0.358411
0.393290
0.491691
0.379803
0.309886
0.397327
0.466397
0.342371
0.333618
0.409665
0.282998
0.457025
0.275176
0.372547
0.385399
0.306461
0.311060
0.386400
0.357646
0.416052
0.293036
0.353283
0.419498
0.340821
0.377822
0.530450
0.373913
0.335202
0.370125
0.366448
0.319779
0.404363
0.328482
0.333564
0.378545
0.364056
0.290117
0.420516
0.326099
0.385419
0.478480
0.410378
0.365725
0.459926
0.408555
0.283774
0.415575
0.394078
0.342858
0.291797
0.399888
0.329322
0.414347
0.316867
0.442410
0.384328
0.378821
0.343546
0.334974
0.308765
0.364187
0.430200
0.332018
0.349828
0.435736
0.374343
0.483266
0.424216
0.428702
0.314781
0.323530
0.365919
0.402362
0.342943
0.501872
0.404467
0.357127
0.391314
0.286121
0.418546
0.356979
0.362255
0.396197
0.371581
0.506314
0.465348
0.420372
0.302944
0.285671
0.507300
0.373374
0.316201
0.386550
0.390973
0.426004
0.319055
0.305125
0.413266
0.357876
0.528128
0.364289
0.398739
0.340552
0.364563
0.291579
0.344421
0.395958
0.377097
0.362086
0.349244
0.287176
0.360050
0.332133
0.357310
0.472176
0.312164
0.477691
0.322519
0.408900
0.399722
0.359012
0.315882
0.367752
0.437373
0.370460
0.282865
0.394710
0.327764
0.379306
0.468236
0.328596
0.297357
0.457230
0.342505
0.275592
0.432527
0.391983
0.498947
0.360921
0.497718
0.360673
0.303419
0.264358
0.376293
0.309828
0.347849
0.338914
0.325342
0.327173
0.351808
0.398107
0.359902
0.333001
0.351801
0.394687
0.319560
0.339970
0.383314
0.395788
0.391312
0.344203
0.334900
0.399154
0.275606
0.297868
0.346948
0.396918
0.430776
0.396038
0.306655
0.374733
0.325365
0.328539
0.280910
0.366723
0.434181
0.433811
0.349347
0.354947
0.426075
0.356381
0.380773
0.347814
0.375976
0.394376
0.431230
0.359968
0.346008
0.366721
0.372849
0.457700
0.347714
0.366794
0.307831
0.335159
0.303579
0.327173
0.416034
0.480236
0.411687
0.367921
0.512935
0.474190
0.423448
0.431290
0.414914
0.316742
0.332909
0.309236
0.410493
0.291161
0.298812
0.352926
0.321338
0.298511
0.342146
0.331291
0.403455
0.318262
0.325079
0.314949
0.434142
0.396062
0.279666
0.375021
0.360009
0.450232
0.383038
0.263299
0.368387
0.309172
0.461355
0.325466
0.310632
0.317919
0.468244
0.305317
0.426956
0.405881
0.367814
0.358580
0.266810
0.363914
0.409700
0.343372
0.314339
0.376391
0.471516
0.358664
0.350261
0.341449
0.324660
0.317936
0.310709
0.448825
0.321796
0.294836
0.490280
0.304119
0.388766
0.392380
0.328203
0.314475
0.416112
0.427487
0.331879
0.401233
0.402446
0.378306
0.329261
0.607938
0.431118
0.287917
0.280148
0.386942
0.386102
0.353457
0.373760
0.336900
0.371483
0.315048
0.447093
0.464176
0.335037
0.409131
0.284804
0.426905
0.322064
0.292642
0.320467
0.310924
0.314711
0.419590
0.417786
0.370324
0.364220
0.413488
0.330277
0.372202
0.420295
0.268050
0.339480
0.372862
0.379223
0.390567
0.321999
0.329019
0.434386
0.347287
0.422216
0.336861
0.325187
0.349967
0.332896
0.384342
0.359068
0.269532
0.315903
0.327307
0.331179
0.382798
0.346118
0.462340
0.299579
0.343559
0.393954
0.380272
0.337973
0.456355
0.358488
0.346304
0.306690
0.400446
0.363013
0.398165
0.426876
0.421839
0.341320
0.291770
0.285623
0.317193
0.381117
0.380343
0.408019
0.254943
0.324064
0.392944
0.369231
0.262321
0.317177
0.290633
0.394749
0.458002
0.393898
0.404886
0.314184
0.392725
0.417606
0.343495
0.331482
0.419396
0.393218
0.281725
0.380188
0.425947
0.353291
0.438412
0.352928
0.315618
0.285398
0.349468
0.309792
0.392361
0.432319
0.294941
0.362148
0.317240
0.440565
0.307854
0.384927
0.411827
0.300203
0.465111
0.324598
0.278701
0.467006
0.374925
0.281943
0.313839
0.273544
0.388006
0.309527
0.327852
0.356322
0.356988
0.431428
0.400268
0.373249
0.363644
0.287447
0.347143
0.268594
0.390869
0.296068
0.368981
0.347603
0.263162
0.320767
0.377182
0.319075
0.378756
0.339903
0.424173
0.343143
0.341947
0.305494
0.420310
0.419412
0.448556
0.300013
0.310127
0.336690
0.540254
0.336494
0.297678
0.325163
0.369528
0.265538
0.255271
0.332647
0.328266
0.363910
0.347143
0.429108
0.317103
0.320878
0.374016
0.349353
0.373255
0.428652
0.379213
0.323628
0.436234
0.372687
0.355259
0.318761
0.394895
0.287296
0.316412
0.410587
0.411521
0.356359
0.426244
0.439389
0.352520
0.456431
0.328988
0.363830
0.281857
0.241947
0.434734
0.392493
0.564047
0.328654
0.409352
0.319579
0.331786
0.326767
0.408619
0.401091
0.304977
0.360038
0.353657
0.393539
0.339772
0.332665
0.369233
0.432394
0.315908
0.313703
0.316113
0.276191
0.302062
0.300887
0.438211
0.289317
0.330678
0.406016
0.393378
0.272665
0.376930
0.354196
0.353188
0.334578
0.448165
0.336523
0.409432
0.318888
0.295243
0.258809
0.375328
0.335235
0.318116
0.422695
0.322313
0.383061
0.312637
0.349834
0.374581
0.273646
0.355403
0.403798
0.362576
0.340961
0.289062
0.374727
0.440260
0.325406
0.384044
0.271167
0.305725
0.326977
0.404069
0.306195
0.329065
0.403001
0.242115
0.346430
0.402829
0.412389
0.307087
0.279119
0.386223
0.380464
0.355540
0.336353
0.313211
0.292712
0.281210
0.357127
0.258536
0.375330
0.337739
0.405996
0.280251
0.394224
0.280261
0.452576
0.329803
0.374028
0.286871
0.341974
0.286224
0.377227
0.322353
0.331897
0.289850
0.334878
0.307495
0.501778
0.402839
0.308996
0.449054
0.432961
0.310631
0.298493
0.326987
0.357864
0.316270
0.319864
0.379911
0.375339
0.272812
0.380859
0.335078
0.459645
0.321156
0.518240
0.378872
0.299469
0.401192
0.364072
0.323698
0.280470
0.290620
0.340031
0.312720
0.451277
0.370854
0.310016
0.296187
0.270930
0.428083
0.358499
0.298349
0.371377
0.354236
0.443355
0.306870
0.370774
0.388624
0.326460
0.284285
0.302180
0.314540
0.417889
0.287561
0.331229
0.390680
0.307182
0.378713
0.352942
0.339916
0.310842
0.293790
0.504738
0.334463
0.309774
0.397806
0.295961
0.288333
0.311399
0.378247
0.341143
0.332087
0.295489
0.358216
0.501618
0.331275
0.263039
0.304028
0.531976
0.502235
0.353562
0.366118
0.361944
0.388237
0.371334
0.351452
0.298083
0.261270
0.282508
0.322529
0.310876
0.306913
0.392195
0.305257
0.345818
0.251418
0.385230
0.353990
0.458056
0.333909
0.329695
0.326809
0.369904
0.364385
0.296740
0.394303
0.331258
0.276318
0.441730
0.324957
0.419190
0.340337
0.274539
0.324034
0.384286
0.278858
0.379724
0.395362
0.340849
0.346257
0.333461
0.297640
0.303299
0.383998
0.298672
0.362469
0.299734
0.283656
0.271712
0.327309
0.336188
0.363467
0.464737
0.418695
0.404549
0.377890
0.346840
0.276520
0.321411
0.374474
0.491425
0.298694
0.340671
0.303411
0.371993
0.336701
0.340481
0.333449
0.231601
0.341026
0.333592
0.290559
0.387487
0.368716
0.312798
0.437734
0.476351
0.355179
0.301028
0.368791
0.411220
0.271611
0.303575
0.417308
0.392989
0.467787
0.380659
0.284493
0.355937
0.309820
0.400931
0.372846
0.351579
0.337661
0.308371
0.334827
0.292260
0.326622
0.387536
0.373107
0.341344
0.320914
0.469039
0.306009
0.391635
0.293796
0.369742
0.326958
0.352852
0.236697
0.406996
0.348712
0.353117
0.312622
0.318995
0.341138
0.276413
0.293439
0.344694
0.307078
0.272132
0.311262
0.308257
0.337407
0.344331
0.295894
0.327603
0.396922
0.295175
0.420198
0.290668
0.355931
0.397298
0.329920
0.319346
0.408802
0.358608
0.349133
0.446645
0.345103
0.264819
0.397880
0.303389
0.354147
0.347615
0.304690
0.370852
0.307839
0.438167
0.292137
0.438999
0.359577
0.296584
0.368722
0.286910
0.448095
0.324131
0.343527
0.431997
0.443370
0.385355
0.438928
0.291906
0.371337
0.337393
0.327369
0.302465
0.334221
0.371278
0.333129
0.290503
0.296867
0.505279
0.322450
0.288239
0.318217
0.299652
0.274890
0.308464
0.313335
0.299706
0.442308
0.333446
0.277177
0.284816
0.408779
0.363860
0.459399
0.351636
0.310611
0.318241
0.293094
0.296745
0.373047
0.427435
0.367568
0.298239
0.297882
0.389425
0.317555
0.369178
0.411270
0.339849
0.274539
0.326358
0.310238
0.284347
0.327017
0.315668
0.264644
0.417327
0.332959
0.408828
0.350959
0.328885
0.428044
0.230600
0.313850
0.299115
0.429396
0.330762
0.288116
0.263195
0.315010
0.281417
0.339426
0.366187
0.363617
0.339931
0.284235
0.386220
0.289885
0.348821
0.327778
0.318775
0.299248
0.311996
0.318436
0.243889
0.316645
0.335373
0.312789
0.351525
0.257014
0.314660
0.350885
0.438331
0.391673
0.339343
0.250869
0.326454
0.319574
0.376783
0.273414
0.369918
0.254392
0.296572
0.279253
0.317931
0.339239
0.314080
0.303430
0.286104
0.283434
0.299096
0.394738
0.300361
0.290159
0.333928
0.329103
0.417707
0.309645
0.266689
0.261102
0.367995
0.393639
0.349528
0.347531
0.330644
0.322095
0.295451
0.365674
0.259250
0.301596
0.358527
0.411875
0.362069
0.323499
0.364282
0.330717
0.357429
0.344389
0.310062
0.459448
0.339413
0.367371
0.374041
0.390357
0.367189
0.356118
0.317153
0.267166
0.378962
0.338847
0.433943
0.404637
0.352728
0.340795
0.322476
0.317850
0.366372
0.321367
0.325358
0.316226
0.293962
0.324377
0.430499
0.369982
0.404080
0.342927
0.325650
0.332232
0.348885
0.346471
0.250991
0.317292
0.260812
0.298470
0.354804
0.406658
0.314761
0.282369
0.480054
0.320805
0.289614
0.426162
0.295390
0.341309
0.288403
0.375232
0.309833
0.375977
0.336332
0.372929
0.372931
0.366588
0.272680
0.398736
0.376676
0.360098
0.311748
0.283943
0.348225
0.349032
0.293134
0.401544
0.311374
0.394755
0.379823
0.294171
0.368809
0.319875
0.284989
0.377892
0.353672
0.273353
0.264216
0.323452
0.361688
0.369405
0.356843
0.349680
0.409271
0.328826
0.287484
0.354281
0.358019
0.351768
0.313892
0.406143
0.284542
0.393246
0.408104
0.277423
0.482051
0.405397
0.246625
0.298546
0.309065
0.382592
0.290987
0.263123
0.325475
0.380263
0.321197
0.287399
0.329912
0.287282
0.278094
0.413219
0.297159
0.409050
0.390819
0.299223
0.352016
0.315544
0.351228
0.324978
0.371170
0.340175
0.297446
0.385014
0.309141
0.328643
0.394515
0.378993
0.417697
0.324165
0.312815
0.336163
0.373761
0.342729
0.331549
0.366613
0.397050
0.295182
0.390989
0.355304
0.363082
0.315925
0.372395
0.300757
0.309562
0.339819
0.341224
0.350071
0.302223
0.365031
0.348591
0.318300
0.288341
0.362356
0.230072
0.319473
0.296487
0.304864
0.358611
0.338586
0.293934
0.352423
0.323575
0.363508
0.356780
0.263965
0.292400
0.459283
0.355498
0.356626
0.326190
0.363219
0.396634
0.317140
0.367958
0.449451
0.342267
0.302134
0.346743
0.280367
0.352743
0.268739
0.353886
0.382484
0.360310
0.388995
0.395981
0.374704
0.303117
0.313792
0.355528
0.255233
0.300036
0.304306
0.319927
0.361193
0.476806
0.453566
0.317231
0.339353
0.278527
0.294034
0.353008
0.282633
0.297024
0.299655
0.363820
0.376139
0.273186
0.314960
0.353709
0.302570
0.356009
0.359580
0.315087
0.328328
0.229773
0.270341
0.321354
0.230008
0.338467
0.352749
0.398037
0.387362
0.364499
0.305205
0.386621
0.359819
0.244864
0.297020
0.431996
0.435074
0.324624
0.294538
0.245607
0.287481
0.380226
0.284895
0.421036
0.401156
0.343362
0.355309
0.330976
0.280473
0.340553
0.368075
0.242550
0.310456
0.375659
0.336176
0.291696
0.266429
0.290390
0.395501
0.349394
0.290655
0.280377
0.364286
0.275089
0.332065
0.397057
0.362769
0.327930
0.403684
0.439421
0.355321
0.363869
0.325365
0.281222
0.303868
0.309357
0.274092
0.336448
0.389257
0.290336
0.378730
0.285223
0.341902
0.401533
0.346550
0.402437
0.353517
0.406697
0.412233
0.435912
0.395464
0.291267
0.286562
0.317170
0.353998
0.291008
0.324410
0.231925
0.309625
0.341368
0.387410
0.319435
0.364270
0.343595
0.348079
0.368557
0.383415
0.340588
0.360584
0.312750
0.351323
0.338595
0.299433
0.334401
0.307982
0.410321
0.345808
0.267158
0.314076
0.324530
0.258521
0.383138
0.318327
0.507142
0.303924
0.271412
0.358379
0.332730
0.370192
0.330205
0.346953
0.316163
0.244126
0.335416
0.417759
0.298342
0.280316
0.380684
0.270824
0.357815
0.266070
0.397513
0.326391
0.312057
0.314414
0.284294
0.307081
0.331096
0.378150
0.271066
0.282874
0.283489
0.342370
0.316208
0.305448
0.300156
0.344383
0.314002
0.310406
0.318064
0.322086
0.308068
0.257541
0.294064
0.370275
0.387204
0.365982
0.284868
0.369024
0.333814
0.379453
0.348342
0.370682
0.351563
0.305518
0.333010
0.352641
0.304593
0.272755
0.238601
0.445573
0.267906
0.324140
0.339965
0.307443
0.410597
0.319327
0.379693
0.300325
0.363771
0.279666
0.266429
0.334861
0.339322
0.359031
0.290667
0.341087
0.330768
0.407735
0.287489
0.416725
0.286968
0.343681
0.317369
0.250547
0.350448
0.346186
0.277867
0.381310
0.322889
0.328242
0.297060
0.306632
0.300922
0.269785
0.352640
0.306324
0.323960
0.311867
0.410612
0.320017
0.314568
0.398727
0.314206
0.329938
0.294932
0.286708
0.297445
0.388818
0.311699
0.310084
0.296251
0.355339
0.350022
0.406406
0.326735
0.327130
0.298030
0.437037
0.333687
0.253593
0.344283
0.296490
0.415021
0.322778
0.344912
0.458973
0.332621
0.326429
0.407963
0.321503
0.275590
0.319970
0.283094
0.308896
0.394650
0.364388
0.325649
0.306801
0.356733
0.274806
0.368798
0.297813
0.288535
0.342573
0.345105
0.345660
0.312587
0.323941
0.368241
0.315338
0.353208
0.323648
0.343380
0.358845
0.320871
0.341365
0.354675
0.391811
0.315938
0.297401
0.353497
0.304914
0.302507
0.357378
0.231426
0.265063
0.296189
0.255053
0.309739
0.296561
0.283457
0.388157
0.362142
0.415447
0.331421
0.358189
0.357016
0.288805
0.344360
0.318249
0.345113
0.330841
0.293066
0.294185
0.304394
0.289018
0.297074
0.365095
0.297050
0.266275
0.320746
0.325974
0.334336
0.357312
0.333738
0.286739
0.285972
0.282283
0.371874
0.312104
0.255443
0.363740
0.308947
0.324222
0.319794
0.324155
0.406376
0.312004
0.295277
0.270152
0.313330
0.352720
0.265864
0.369169
0.247975
0.299536
0.413657
0.337733
0.289347
0.302427
0.264740
0.268375
0.285654
0.292287
0.378795
0.334658
0.342554
0.406332
0.345392
0.283554
0.284993
0.325801
0.336104
0.313931
0.359994
0.313787
0.266165
0.310293
0.349049
0.357336
0.356664
0.283340
0.419922
0.330256
0.365626
0.425587
0.332160
0.275575
0.342542
0.354941
0.230273
0.356022
0.324493
0.291793
0.289018
0.379036
0.269113
0.422482
0.301833
0.324076
0.378562
0.378607
0.388821
0.311388
0.286185
0.362564
0.347212
0.358209
0.310545
0.249107
0.331578
0.411428
0.345971
0.275005
0.299767
0.306400
0.266549
0.306010
0.279461
0.384255
0.290913
0.391112
0.293152
0.317482
0.323404
0.378497
0.413796
0.325372
0.348455
0.267285
0.360864
0.358764
0.309963
0.305710
0.358511
0.289286
0.261327
0.361222
0.314118
0.297944
0.268390
0.308847
0.329622
0.456048
0.334868
0.322026
0.304255
0.296315
0.322074
0.337895
0.272045
0.335852
0.258476
0.385089
0.319692
0.276325
0.357212
0.341088
0.311306
0.359023
0.374678
0.314376
0.272972
0.307842
0.379711
0.327121
0.345870
0.332225
0.255263
0.296257
0.258739
0.426551
0.256975
0.365208
0.326893
0.280148
0.343011
0.398356
0.401811
0.333697
0.436827
0.249438
0.355708
0.318920
0.355810
0.325816
0.282035
0.503123
0.320263
0.441914
0.320747
0.309623
0.403491
0.303599
0.396418
0.376403
0.368185
0.272503
0.253549
0.365422
0.311110
0.333633
0.265477
0.309330
0.262461
0.412231
0.327826
0.336984
0.312469
0.283995
0.358520
0.425174
0.331775
0.293317
0.397136
0.308529
0.322540
0.251384
0.400642
0.313045
0.359841
0.342949
0.295084
0.319213
0.283676
0.399040
0.360316
0.302803
0.274261
0.323914
0.396934
0.300517
0.378301
0.352951
0.402873
0.378652
0.313499
0.310158
0.367210
0.510866
0.311666
0.381122
0.298885
0.441527
0.282783
0.289513
0.257855
0.267087
0.287873
0.359239
0.312244
0.284957
0.372279
0.241407
0.259544
0.376996
0.310337
0.335508
0.323324
0.383427
0.406267
0.255362
0.352318
0.297274
0.331888
0.329654
0.320825
0.342681
0.354016
0.318123
0.347391
0.390054
0.267440
0.387139
0.381964
0.324923
0.414775
0.440293
0.289683
0.264012
0.398357
0.291744
0.291622
0.267145
0.395770
0.314931
0.308260
0.332673
0.311530
0.404666
0.310492
0.324924
0.297016
0.389626
0.282097
0.382856
0.304390
0.364294
0.392368
0.324273
0.377884
0.317265
0.374326
0.298759
0.401355
0.370675
0.415719
0.317612
0.445322
0.230541
0.339987
0.289197
0.279385
0.388676
0.325445
0.234642
0.319269
0.323041
0.260221
0.298794
0.392176
0.307160
0.364018
0.277451
0.253526
0.346460
0.337939
0.251090
0.379898
0.255445
0.347792
0.301351
0.282882
0.352087
0.353218
0.329062
0.345956
0.332106
0.317306
0.355598
0.317870
0.324759
0.273150
0.330375
0.330729
0.295351
0.328010
0.313989
0.345150
0.377773
0.273624
0.333178
0.297367
0.308405
0.310741
0.318681
0.403224
0.305228
0.284559
0.338189
0.362426
0.350863
0.266143
0.311677
0.313831
0.328944
0.362303
0.285506
0.258063
0.392875
0.316326
0.289188
0.312918
0.332826
0.406916
0.487128
0.315135
0.310559
0.326155
0.278417
0.313807
0.296904
0.335542
0.253008
0.396877
0.298325
0.335033
0.345912
0.276571
0.368294
0.315863
0.397193
0.262195
0.395423
0.314526
0.269607
0.377418
0.374536
0.343893
0.298570
0.314047
0.342762
0.362496
0.300875
0.278101
0.345039
0.364611
0.290606
0.314767
0.290885
0.432566
0.245520
0.287452
0.457516
0.288776
0.343882
0.309062
0.285308
0.360677
0.275559
0.340049
0.386194
0.355028
0.285333
0.322993
0.359287
0.358582
0.322684
0.253224
0.345737
0.293144
0.291872
0.263286
0.327673
0.293611
0.312430
0.287575
0.324738
0.350646
0.409265
0.332214
0.308526
0.289561
0.316271
0.323849
0.373138
0.361706
0.272228
0.263002
0.350158
0.408086
0.350558
0.336933
0.364990
0.321149
0.270918
0.347543
0.274513
0.336854
0.228976
0.311171
0.271185
0.438355
0.389931
0.351844
0.305107
0.388808
0.312725
0.301976
0.306151
0.319543
0.309038
0.339331
0.264854
