3.598165
3.650733
3.492753
3.537085
3.429931
3.484441
3.476314
3.507714
3.333530
3.328199
3.374898
3.249091
3.302588
3.217724
3.256026
3.061176
3.196901
3.137716
3.208636
3.015156
3.234523
3.169736
2.937055
2.958377
3.035357
3.052524
2.973491
3.017413
3.090219
2.988951
3.023041
2.999598
2.934951
2.972648
3.071448
2.940216
3.098509
2.843431
2.911873
2.876368
2.835366
2.926702
2.833716
2.777540
2.952153
2.752360
2.731925
2.845076
2.804126
3.137247
2.764845
2.754185
2.892476
2.806048
2.872062
2.730400
2.860412
2.758445
2.620777
2.709476
2.642774
2.844125
2.643777
2.754428
2.714115
2.677809
2.685931
2.618536
2.584944
2.722989
2.688847
2.573849
2.720716
2.689350
2.553139
2.564506
2.588217
2.692192
2.659045
2.654160
2.800178
2.708169
2.477529
2.525668
2.510483
2.458138
2.442397
2.462882
2.755413
2.642568
2.609630
2.580097
2.682475
2.613556
2.586147
2.609381
2.746744
2.569206
2.530892
2.621032
2.579886
2.640033
2.435732
2.514595
2.534331
2.595886
2.573644
2.307211
2.472238
2.403376
2.345645
2.344912
2.632327
2.245773
2.546184
2.561951
2.478177
2.451488
2.338923
2.682267
2.482352
2.494502
2.462785
2.514695
2.515817
2.379818
2.594733
2.539044
2.421595
2.363331
2.493215
2.425758
2.414712
2.407512
2.273958
2.213663
2.350014
2.443193
2.390097
2.326212
2.207285
2.372625
2.324660
2.270658
2.434358
2.279143
2.323691
2.329957
2.282096
2.377466
2.316441
2.454704
2.512173
2.362005
2.305217
2.389556
2.325755
2.303872
2.273994
2.342983
2.370745
2.382900
2.196992
2.215499
2.408035
2.077383
2.204185
2.308018
2.193605
2.245170
2.148080
2.394118
2.171682
2.263955
2.263178
2.216708
2.251461
2.267869
2.247116
2.275262
2.195717
2.227491
2.204882
2.426212
2.201933
2.262215
2.208564
2.433570
2.275631
2.322769
2.101159
2.203079
2.201213
2.157675
2.174057
2.389678
2.094412
2.252032
2.104557
2.143535
2.118316
2.251441
2.291589
2.084021
2.099306
2.317081
2.188270
2.209045
2.126294
2.301768
2.199283
2.286724
2.270070
2.301662
2.070711
2.211424
2.285027
2.225791
2.233804
2.231785
2.174757
2.150027
2.034708
2.207199
1.934778
2.107860
2.022965
2.078873
2.068284
2.161554
2.058989
1.940666
2.104692
1.981114
1.920851
2.044928
2.055185
2.121499
1.993167
2.152367
2.177025
1.950161
2.191626
2.065203
2.115980
2.009522
2.034777
2.091453
1.986518
2.023671
2.212363
2.202656
2.034255
1.975497
2.113519
2.211100
2.196502
1.987443
1.982991
2.070678
2.212913
1.899266
1.982310
2.029344
2.015722
2.009155
2.099954
2.087218
2.015517
2.046273
1.991522
2.035852
2.121391
2.176154
2.071528
1.972464
2.022520
2.029636
2.061913
1.981346
2.147447
2.038325
1.977683
2.004866
2.058116
1.867102
2.079512
1.945256
2.113384
2.039187
1.830824
1.736138
2.004834
1.884598
1.711348
1.820705
1.847606
1.948415
2.020599
1.946736
2.124910
1.940900
2.066405
1.931906
2.012075
1.967749
2.084694
2.021347
1.939051
2.008719
2.117224
1.909159
1.890784
1.845825
2.064982
2.002984
2.012956
1.966797
2.005679
1.925668
1.947678
1.858155
1.935230
2.095142
1.839099
2.094328
1.879881
1.935124
1.952184
1.949928
1.911429
1.865707
1.941993
1.975572
2.167053
2.005618
1.946130
2.052313
1.973979
1.865826
1.854361
1.831693
1.830146
2.000370
1.935891
1.812795
1.751075
1.861460
1.911263
1.919592
1.871245
1.863996
2.134739
2.019465
1.995561
1.900814
2.039266
1.934441
1.893869
1.975929
1.773020
1.900462
1.760615
1.958890
1.915160
1.822533
1.711146
1.832523
1.939385
1.702777
1.935684
1.919419
1.876168
1.779832
1.724568
1.808066
1.779975
2.002509
1.828966
1.823058
2.011685
1.940746
1.744761
1.860831
1.889822
1.810274
1.893181
1.619469
1.854957
1.889936
1.842839
1.858696
1.837914
1.984010
1.916121
1.781438
1.781538
1.673606
1.912458
2.088986
2.099981
1.806760
1.727794
2.056084
1.902158
1.958298
1.976335
1.842146
1.881784
1.886198
1.984627
1.787315
1.690333
1.924914
1.887967
1.788571
1.811926
1.889012
1.940674
1.825938
1.789011
1.753817
1.821400
2.042663
1.803942
1.733740
1.693444
1.792644
1.693513
1.885016
1.741429
1.812892
1.889534
1.732665
1.701356
1.740444
1.760420
1.675443
1.655763
1.655324
1.752994
1.829957
1.957768
1.702468
1.992047
1.812090
1.735377
1.733419
1.819610
1.638901
1.730395
1.680314
1.802625
1.794775
1.761868
1.775037
1.743913
1.684468
1.747216
1.684315
1.817094
1.737827
1.758055
1.828652
1.686503
1.682981
1.744844
1.658514
1.758357
1.812531
1.912780
1.718841
1.914274
1.702506
1.843104
1.756900
1.826195
1.754642
1.784546
1.715622
1.810002
1.686246
1.803188
1.816247
1.792248
1.656848
1.754841
1.803145
1.725025
1.519894
1.729533
1.562170
1.730796
1.750743
1.766611
1.801055
1.728061
1.773484
1.971865
1.651361
1.732468
1.761028
1.690847
1.741543
1.866681
1.687677
1.677868
1.681556
1.746501
1.787464
1.634227
1.563071
1.655803
1.546631
1.675755
1.680263
1.705500
1.595729
1.718044
1.671855
1.689242
1.754273
1.709429
1.626443
1.742928
1.653711
1.601263
1.625348
1.783337
1.672211
1.633795
1.596438
1.624552
1.620723
1.716468
1.738430
1.697014
1.595124
1.568983
1.698916
1.540217
1.714775
1.714830
1.786682
1.750536
1.762881
1.614956
1.560176
1.784058
1.579066
1.635965
1.762458
1.733282
1.418070
1.662012
1.637246
1.649597
1.763939
1.499028
1.588790
1.523429
1.790906
1.730257
1.582293
1.715803
1.742399
1.707054
1.772785
1.915670
1.660400
1.510639
1.746706
1.593047
1.592418
1.778246
1.580845
1.872184
1.759338
1.530549
1.694687
1.699903
1.607924
1.773554
1.708642
1.713502
1.659118
1.565824
1.805629
1.708432
1.638803
1.688787
1.705509
1.657090
1.703472
1.611511
1.597146
1.548016
1.703170
1.732844
1.585555
1.685842
1.751795
1.819897
1.608615
1.857988
1.509201
1.668844
1.849964
1.784476
1.718239
1.622409
1.599766
1.639811
1.522968
1.547483
1.654777
1.665708
1.599084
1.618918
1.656224
1.483345
1.437785
1.687261
1.649316
1.599714
1.657914
1.617885
1.511181
1.502775
1.480926
1.556350
1.676402
1.867684
1.549925
1.563391
1.499031
1.674346
1.561061
1.658311
1.552713
1.806193
1.694477
1.564080
1.442422
1.648474
1.497888
1.794294
1.645572
1.773460
1.742962
1.813958
1.817324
1.583326
1.506284
1.565351
1.610504
1.595020
1.696917
1.629714
1.576463
1.647217
1.478933
1.478220
1.718324
1.626336
1.703229
1.595560
1.545024
1.464891
1.533023
1.550430
1.696307
1.401800
1.690764
1.550393
1.736079
1.741875
1.674653
1.516208
1.740023
1.608157
1.501144
1.697829
1.600607
1.561027
1.567044
1.706310
1.633131
1.525083
1.702127
1.606199
1.611537
1.587960
1.703876
1.664810
1.702189
1.767234
1.532965
1.626656
1.649670
1.628576
1.438569
1.591002
1.410406
1.441745
1.417415
1.490556
1.594834
1.432270
1.635457
1.756155
1.693468
1.550543
1.511687
1.616398
1.438786
1.647330
1.665147
1.610233
1.484849
1.471241
1.555133
1.574337
1.627210
1.594520
1.550234
1.501135
1.556325
1.552324
1.541363
1.516331
1.610697
1.450030
1.457137
1.336512
1.630335
1.769645
1.380524
1.554448
1.460611
1.551394
1.422995
1.462094
1.524916
1.360546
1.465351
1.492652
1.653876
1.595406
1.661493
1.400718
1.299459
1.447633
1.486639
1.464090
1.482304
1.518094
1.571987
1.543303
1.630423
1.565749
1.561908
1.576422
1.438851
1.574757
1.548091
1.486404
1.362270
1.248411
1.655527
1.362558
1.460518
1.748886
1.592787
1.553923
1.577948
1.337669
1.518960
1.589978
1.404522
1.536988
1.514242
1.678780
1.424170
1.389741
1.448392
1.595874
1.648001
1.573996
1.390358
1.405638
1.500309
1.665855
1.577875
1.496838
1.559421
1.483445
1.582922
1.611213
1.387498
1.413822
1.481765
1.481844
1.430504
1.411139
1.389515
1.336331
1.550298
1.512144
1.513326
1.398324
1.464647
1.662366
1.477144
1.439387
1.534073
1.575659
1.436151
1.642838
1.735413
1.594296
1.667447
1.603083
1.521155
1.609213
1.567149
1.524716
1.398340
1.429326
1.405612
1.478743
1.373775
1.425479
1.536548
1.384092
1.387029
1.662007
1.528306
1.485506
1.514467
1.544341
1.638822
1.533757
1.449595
1.382311
1.505121
1.655758
1.354082
1.383843
1.735246
1.403447
1.530314
1.442716
1.696217
1.432528
1.536171
1.490293
1.373369
1.498219
1.496698
1.374663
1.481568
1.508983
1.419733
1.379835
1.300561
1.285510
1.443071
1.487668
1.323464
1.434860
1.396751
1.436522
1.503916
1.383969
1.352195
1.319907
1.468019
1.542390
1.605963
1.412742
1.378597
1.530936
1.444516
1.543836
1.433315
1.500543
1.603051
1.545277
1.600023
1.478648
1.471633
1.582229
1.494722
1.558622
1.392117
1.345629
1.350664
1.472453
1.298248
1.497877
1.523517
1.416136
1.369599
1.395369
1.339650
1.271310
1.417680
1.560854
1.283863
1.337991
1.516406
1.513778
1.432718
1.553087
1.372549
1.377331
1.410985
1.589887
1.448694
1.427265
1.606765
1.294171
1.469901
1.475986
1.487437
1.506464
1.385371
1.489774
1.213723
1.420354
1.375640
1.469775
1.321066
1.391892
1.498970
1.407480
1.456858
1.352815
1.399440
1.384568
1.421217
1.458988
1.312434
1.518164
1.549895
1.257701
1.466283
1.235097
1.265545
1.369169
1.443617
1.315878
1.396790
1.351612
1.495034
1.298419
1.276786
1.480122
1.308770
1.498294
1.384207
1.375562
1.434656
1.372660
1.392172
1.482810
1.409925
1.356816
1.495000
1.491913
1.442322
1.350330
1.381146
1.690958
1.408085
1.340800
1.360173
1.440087
1.347614
1.495400
1.585606
1.399497
1.295914
1.377960
1.292936
1.429513
1.364673
1.463395
1.507932
1.449282
1.504738
1.384586
1.299741
1.362789
1.297683
1.468010
1.483463
1.254256
1.208230
1.277280
1.287269
1.322986
1.270866
1.338776
1.466133
1.390420
1.274812
1.445358
1.431293
1.406451
1.498414
1.378158
1.625965
1.518477
1.539016
1.195514
1.423177
1.480653
1.246635
1.423343
1.488202
1.499706
1.577804
1.228973
1.347806
1.610876
1.339083
1.278316
1.351787
1.285269
1.323024
1.421474
1.621734
1.452395
1.332989
1.384887
1.409328
1.490554
1.383639
1.335788
1.163157
1.400972
1.515183
1.241634
1.463322
1.510677
1.390927
1.329420
1.429840
1.367012
1.458392
1.366141
1.490651
1.425739
1.403917
1.305276
1.271188
1.338933
1.314205
1.370188
1.396738
1.234659
1.364410
1.454347
1.518172
1.195021
1.317544
1.368820
1.278806
1.359061
1.364498
1.392877
1.304034
1.187377
1.461230
1.341463
1.484911
1.464951
1.410203
1.288162
1.399384
1.255079
1.469467
1.342983
1.344828
1.441162
1.545621
1.396141
1.284778
1.190365
1.318814
1.230595
1.303109
1.306047
1.394611
1.312925
1.335162
1.210588
1.277489
1.421150
1.224617
1.389394
1.299850
1.205029
1.299514
1.439296
1.219797
1.395721
1.217687
1.103992
1.305734
1.221180
1.429925
1.060928
1.188717
1.315737
1.266942
1.293726
1.442511
1.319121
1.279427
1.072785
1.182896
1.326542
1.556814
1.206941
1.296913
1.080633
1.375173
1.361641
1.187095
1.412029
1.233582
1.158085
1.408455
1.183701
1.270539
1.256857
1.211552
1.472531
1.524194
1.336162
1.335131
1.415473
1.396180
1.357023
1.374901
1.103939
1.508768
1.275122
1.423342
1.449048
1.264546
1.282331
1.262624
1.283901
1.381469
1.223578
1.163825
1.635099
1.349499
1.301942
1.251653
1.241555
1.248611
1.199514
1.442617
1.438752
1.289017
1.295178
1.326147
1.230413
1.357850
1.294548
1.574878
1.329594
1.330674
1.281469
1.402909
1.185766
1.399144
1.303122
1.349363
1.315805
1.326510
1.479601
1.270656
1.268573
1.247987
1.416872
1.353166
1.340458
1.332849
1.123792
1.332735
1.253870
1.109404
1.358504
1.276300
1.379335
1.318013
1.344245
1.377949
1.468722
1.288562
1.241008
1.363247
1.409099
1.347788
1.376871
1.518907
1.536125
1.379594
1.284444
1.256063
1.248438
1.320591
1.476178
1.425812
1.383378
1.276829
1.278283
1.367688
1.293174
1.263062
1.167934
1.198332
1.241537
1.349824
1.107077
1.222958
1.432356
1.122837
1.267559
1.483354
1.125962
1.220563
1.542380
1.218556
1.218149
1.074043
1.110178
1.269715
1.433756
1.241315
1.314453
1.360215
1.094633
1.300969
1.251121
1.267331
1.257931
1.308166
1.224580
1.014665
1.302702
1.223533
1.283270
1.300529
1.128026
1.250046
1.228863
1.317750
1.197719
1.265115
1.626619
1.341244
1.235048
1.374302
1.463273
1.320578
1.239282
1.215053
1.338670
1.241903
1.346900
1.256732
1.167583
1.111261
1.267819
1.197395
1.172016
1.185246
1.236707
1.355614
1.145512
1.365054
1.246766
1.134184
1.168372
1.195094
1.147228
1.286585
1.137012
1.247152
1.218863
1.202259
1.212673
1.195780
1.341338
1.206528
1.222073
1.225204
1.372220
1.059421
1.311403
1.403706
1.445754
1.303215
1.303567
1.292143
1.161252
1.143899
1.358150
1.245405
1.340833
1.220807
1.255842
1.256139
1.262623
1.228723
1.385543
1.355924
1.170768
1.266250
1.322263
1.125021
1.268176
1.261351
1.212021
1.238314
1.419827
1.252531
1.279914
1.291643
1.318141
1.068183
1.128717
1.251088
1.448030
1.183226
1.254534
1.069139
1.275731
1.201575
1.009987
1.191633
1.336604
1.334082
1.037474
1.232209
1.134164
1.243211
1.338357
1.120350
1.475677
1.217317
1.366232
1.285741
1.322708
1.189550
1.209192
1.388036
1.461814
1.395329
1.397010
1.155487
1.110815
1.124600
1.390468
1.212058
1.178106
1.242091
1.288789
1.102178
1.145587
1.154373
1.159221
1.164724
1.398263
1.357521
1.218811
1.153696
1.198601
1.454066
1.212555
1.058751
1.240551
1.107518
1.176270
1.242945
1.504504
1.189853
1.307596
1.259894
1.376265
1.145398
1.248470
1.230045
1.199383
1.197294
1.322149
1.342762
1.275389
1.380062
1.110810
1.171258
1.333126
1.222844
1.220641
1.291097
1.087864
1.223456
1.313224
1.474954
1.318504
1.381908
1.211160
1.412525
1.446181
1.204060
1.366441
1.164083
1.234021
1.218049
1.388207
1.147121
1.052281
1.281129
1.357233
1.166950
1.022040
1.157539
1.280302
1.339023
1.244296
1.212806
1.393560
1.123253
1.196369
1.333416
1.121657
1.211148
1.198221
1.054376
1.411683
1.224086
1.133730
1.382719
1.293640
1.265211
1.243698
1.345766
1.247100
1.089931
1.179862
1.226346
1.070077
1.335667
1.205889
1.152461
1.160574
1.150193
1.147566
1.235030
1.343680
1.048571
1.159594
1.048349
1.102362
1.243090
1.098928
1.160827
1.133300
1.167648
1.306472
1.146627
1.086732
1.116158
1.098534
1.177105
1.247696
1.152519
1.146982
0.987472
0.965094
1.100922
1.109151
1.190978
1.185859
1.253538
1.097510
1.189875
1.007245
1.089802
1.179057
1.174605
1.124335
1.288970
1.058989
1.021314
1.037464
1.269965
1.385084
1.094810
1.241993
1.185761
1.173848
1.019195
1.245344
1.238006
1.188468
1.136571
1.152802
1.173981
1.150982
1.322932
1.032844
1.075230
1.124249
1.046638
1.150340
0.995470
1.236569
1.154871
1.280413
1.357650
1.107106
1.119690
1.300806
1.254748
1.337456
1.140242
1.224848
1.103554
1.215616
1.155412
1.055399
1.221190
1.389906
1.227135
1.169414
1.175095
1.187643
1.367166
1.092502
1.242777
1.052664
1.207387
1.115993
1.355885
1.157199
1.182254
1.061044
1.175899
1.136036
1.133609
1.216927
1.109234
1.211904
1.222377
1.166235
1.107767
1.369905
1.218556
1.158445
1.286242
1.095412
1.268525
1.222348
1.228170
1.153294
1.084810
1.164444
1.165873
1.174276
1.141494
1.160789
1.056873
0.983781
1.205788
1.124442
1.096594
1.162130
1.322854
1.323190
1.146470
1.372172
1.171045
1.019938
1.187017
1.325800
1.284078
1.114167
1.295646
1.222393
1.145947
1.105506
1.071340
1.019529
1.093307
1.151443
1.160400
1.123822
1.104162
1.250066
1.346015
1.220041
1.224893
1.313727
1.101210
1.048263
1.121929
1.205013
1.127031
1.109516
1.124311
1.152773
1.178728
1.017838
1.269384
1.089663
1.130006
1.187554
1.083998
1.386553
1.107976
1.075823
1.303913
1.115416
1.311449
1.107654
0.971447
1.138464
1.223813
1.097873
1.163182
1.130542
1.212559
1.293586
1.118285
1.157511
1.154681
1.168175
1.380016
1.118312
0.989128
1.283415
1.147154
1.102264
1.059712
1.093287
1.263180
1.192373
1.233454
1.121951
1.052727
1.097514
1.214898
1.154024
1.021222
1.113357
1.048133
1.130034
1.260060
1.263758
1.141748
0.914415
1.171578
1.183067
1.103359
1.159950
1.061620
1.198310
1.117522
1.195108
1.230114
1.101179
1.090578
1.088491
1.051522
1.157640
1.196783
1.310016
1.132982
1.400071
1.239854
1.171850
1.275387
1.145940
1.081767
1.069552
1.144256
1.185194
1.041144
1.131735
1.119133
1.164952
0.970826
1.317314
1.308127
1.094203
1.257958
1.078198
1.006499
1.056973
1.021473
1.053741
1.067166
1.117955
1.091197
1.049634
1.040758
1.199247
1.139231
1.014442
1.173665
1.198493
1.199450
1.259101
1.342271
1.076283
1.422050
1.085100
1.131765
1.100752
1.096677
1.269464
1.013269
1.359323
1.063181
1.045293
1.216752
1.133936
1.065082
1.070446
1.162969
1.071925
1.119613
1.089336
0.994614
1.150048
1.165220
0.912865
0.958642
1.183490
1.254823
1.330186
1.143364
1.018929
1.021555
1.053562
1.067417
1.178291
1.037655
1.121890
1.008076
1.044796
1.151861
1.032777
1.182239
1.075143
1.115389
1.010680
0.947340
1.229273
1.206430
1.035448
0.958329
1.018398
1.100621
1.149259
1.093704
1.154314
0.995919
1.101735
1.067758
0.971970
1.080592
1.061819
1.156492
1.166768
1.176703
1.098938
1.418450
1.176117
1.082834
1.253245
1.162352
1.130920
1.249818
1.278804
1.303845
1.085211
0.957625
1.217666
1.011258
1.147025
1.075301
1.346022
1.179447
1.089482
1.183621
1.106089
1.046349
1.143863
0.950603
0.972952
1.097468
1.188164
1.114866
0.949274
1.000974
0.973663
1.066828
1.006355
1.120877
1.047721
1.038803
1.255423
0.930774
1.105112
1.027103
1.217347
1.111029
1.109033
1.053192
0.957833
1.026850
1.145743
1.047835
1.234097
1.229111
1.104921
1.074172
1.078739
1.083356
1.135806
1.119497
0.966113
1.017746
0.972346
1.010448
1.269122
0.871841
0.944796
1.072483
1.210569
0.938135
1.143182
0.982426
0.962625
1.069766
1.043357
0.898999
0.994498
1.102699
1.027377
1.128129
1.045325
1.134925
1.092058
1.143175
0.950141
1.051491
1.029655
1.106331
0.987437
0.927267
0.930092
1.037316
1.052980
0.960833
1.034864
1.022185
1.247142
1.024817
1.113189
1.314085
1.054958
0.999670
1.099752
0.932182
1.009785
1.174198
1.124685
1.133341
1.180200
1.016277
0.967213
1.265653
0.992141
1.070894
0.951562
1.031240
0.877766
1.016140
1.181751
1.180235
1.091238
0.947533
1.084588
1.157341
1.018926
1.046954
1.229407
1.053396
1.062039
1.140776
1.069494
1.082826
1.200930
1.117445
0.983103
1.007922
1.159027
1.119278
1.009341
1.123784
1.039130
1.173771
1.012073
1.131669
0.911618
1.091434
1.030849
1.110571
1.181118
1.158117
1.108594
1.194452
0.997578
1.048661
1.038811
1.058519
1.269722
0.995311
1.069034
0.901017
0.927374
1.074107
0.916514
0.930052
0.882998
0.930685
1.029818
0.988929
0.970334
1.031811
1.048212
0.952513
1.362030
1.197405
1.240505
1.088891
0.961340
1.014827
1.015427
0.991230
0.912399
1.119352
1.092271
1.061340
1.085516
1.003186
0.988568
0.899654
1.069807
0.967392
1.127337
1.087844
1.098966
1.167869
0.971580
1.089288
1.093438
0.972263
1.094706
1.208529
1.120271
1.231553
1.062477
1.186281
1.016951
1.012377
1.113455
1.073599
0.987611
1.035299
1.106687
0.920125
1.080929
0.918084
1.060379
0.870576
1.191844
0.966577
1.077821
0.964832
1.160717
0.999359
0.999174
0.977275
0.875169
1.255751
1.119982
1.125443
1.028614
1.005327
0.902841
0.856462
1.127255
0.894439
0.879781
1.031676
0.981378
1.117591
1.069627
1.134402
1.106702
1.190399
0.988627
1.030181
1.089143
1.023186
0.974474
1.144442
1.023383
0.947123
1.071777
1.034217
1.064427
1.098610
0.980240
0.947785
1.117333
1.185277
0.968304
0.999979
1.034923
1.049151
1.073430
1.063172
0.959941
1.040238
1.141966
1.126600
1.094294
0.987347
1.000049
0.900992
0.988319
0.996487
1.065130
1.122929
1.050882
0.994247
1.146140
1.203331
1.142446
1.207927
1.056731
1.061358
1.159108
1.148339
1.039566
1.129238
0.931445
1.175614
1.062824
1.032570
0.962079
0.934696
1.065959
0.987751
0.966719
0.987811
0.994421
0.958041
0.912369
1.048491
1.162328
1.119347
0.986082
0.867713
0.926484
1.069368
1.048505
1.182039
1.091713
0.962668
1.004601
1.125257
0.938894
1.117700
1.100486
1.114345
1.161452
1.112490
0.930282
1.046358
0.869682
1.124006
0.911364
1.032494
1.047586
1.019109
0.937246
1.256242
0.969045
1.142198
1.057820
0.813298
0.981030
0.991388
1.238814
0.946731
0.973765
0.864283
0.975792
1.063389
0.979041
0.944946
0.976007
0.979106
0.889488
0.887451
0.981567
0.895786
1.062540
0.980216
1.038706
1.015178
1.102816
0.983842
1.116389
1.020147
1.143135
0.961107
0.951915
1.058975
0.913296
1.095230
0.996681
0.962007
1.075163
1.109864
1.027655
0.958736
1.024138
0.933075
1.054937
0.945884
1.013646
1.010302
1.098055
0.920138
1.036321
1.165827
0.992776
0.901405
0.923144
0.988989
0.895117
1.075536
1.029876
0.916590
1.005141
0.914371
0.848033
0.923972
0.864142
1.065472
1.019745
1.015631
1.017773
0.911538
1.105520
0.814968
0.892035
1.164575
0.957992
0.936567
0.945447
0.934216
0.960036
1.144008
0.936342
1.027329
0.989924
0.926500
0.882464
1.044303
0.954814
1.043649
0.828633
1.097346
0.827477
0.901887
0.998264
0.907117
0.803984
1.079065
0.979083
1.049779
0.974099
0.997233
1.051764
1.011478
1.081043
0.958569
1.078788
1.061272
0.977513
0.798150
0.888404
1.168334
0.940318
1.004327
0.899053
1.229250
0.896131
1.235137
1.060327
0.919545
1.127141
0.989868
0.934585
0.870053
0.960316
0.889078
1.122440
1.085345
1.050728
1.076069
1.002452
0.912274
1.009114
0.908131
0.977820
1.138201
1.007352
0.958972
0.878725
0.969842
1.036964
0.995589
1.043877
0.816555
0.879055
0.913003
0.999003
1.062817
1.156944
0.981619
0.886827
0.919008
1.214270
0.968475
1.110096
1.089812
0.983144
0.898916
1.152867
0.914519
1.048699
1.077178
1.209556
0.828749
0.886311
0.964980
1.059967
1.083059
0.974928
0.992135
1.067716
1.052117
0.960766
0.922607
1.105841
0.926792
1.034129
0.794979
1.107548
1.016977
1.025777
0.886488
0.899620
1.065216
1.133712
0.962115
1.001691
1.082115
0.825092
1.065433
1.022670
1.033225
1.099410
0.854024
1.057068
1.066288
0.897296
0.819378
0.923954
1.082995
0.970183
0.848060
1.036945
1.022115
1.091413
0.870175
0.956650
0.924946
0.932361
0.970818
0.923087
0.945161
1.045906
0.901618
1.041521
1.020739
1.016281
0.969455
1.113858
0.870911
1.009362
0.926586
0.872617
0.932845
1.109926
0.916239
1.036510
1.110408
0.978886
1.031005
0.893856
0.868558
1.027372
1.079185
0.945712
0.942307
0.862168
0.907645
0.979915
0.875400
0.975532
0.934205
0.981828
1.005044
0.891509
0.983853
1.128887
0.881322
0.923816
0.955197
1.197779
0.925043
1.003428
0.923945
0.984252
0.960796
0.960651
0.962738
1.175385
0.951875
0.895542
0.961132
0.920307
0.995227
0.740456
0.889054
0.915543
0.970047
1.010945
0.901923
0.948043
0.985635
0.925928
0.966701
1.018390
1.031025
0.879971
1.269734
1.181447
1.063874
1.007540
0.981248
1.044953
0.928713
1.124206
1.047630
0.885903
0.979241
0.927311
0.959409
0.805918
1.028293
1.000230
1.167731
0.968719
0.957318
0.879290
0.943775
1.026094
0.808607
0.892298
0.885453
0.871440
1.025258
0.912462
1.175747
1.152299
0.921793
0.964877
0.854412
1.262192
0.958613
0.981558
1.177976
1.122948
0.961823
0.985582
0.821610
0.936425
0.957844
0.989268
1.207316
0.856803
0.981920
1.025197
0.819492
0.983594
0.920048
0.910226
0.882715
1.062271
0.903653
0.909218
0.884976
0.958254
1.008967
1.053772
1.070952
0.773769
0.997878
0.946956
0.873779
0.866859
0.864102
0.864698
0.874302
1.008136
0.890754
0.877432
0.927138
0.872103
0.884255
1.019286
1.104039
1.058017
1.096522
0.919274
0.978975
0.862810
0.893715
0.888906
0.812623
0.935079
0.929125
0.850858
0.985505
0.941610
1.074753
0.902016
0.801547
1.062877
0.939354
1.059288
1.074327
0.800169
0.909160
0.963014
0.921365
0.833546
0.983870
1.066062
0.941183
0.912478
1.103266
1.056624
0.870999
0.945529
0.961745
0.921478
0.921082
0.955927
1.085068
0.854546
0.853823
0.971642
0.954130
0.949579
1.005164
0.957485
0.828709
1.040036
0.946594
0.874199
0.855319
0.948413
0.914060
0.921393
0.940541
0.956354
1.038904
0.811148
0.972281
0.999345
0.832482
0.881237
0.892018
1.003865
0.941451
0.944414
0.954941
0.924071
0.977120
0.910619
0.786796
0.972750
0.903078
0.960357
0.936685
0.946684
0.985259
0.840719
0.853286
0.855197
0.930817
0.728594
0.962574
0.939073
0.909484
0.934588
0.885210
0.857025
1.038141
0.985218
0.829665
0.703385
0.984511
0.754945
0.837018
1.162139
1.150361
1.015031
0.961683
0.938279
0.849763
0.813416
0.847611
1.006557
1.013365
0.884217
0.832372
0.937156
0.849929
0.922082
0.997032
0.853061
0.929808
1.045969
0.871548
1.021156
0.942384
0.849869
0.933575
0.938198
0.987430
0.808058
0.924256
1.016741
1.044648
0.990782
0.759364
1.010864
0.986512
0.845116
1.150736
1.038226
0.812617
1.040867
1.112343
0.862830
0.822746
0.820984
0.967900
0.945859
0.926367
1.033305
0.949385
1.068816
0.753071
0.925180
0.900768
0.909292
0.966085
0.786894
1.043479
0.926394
0.887921
0.818497
0.969731
1.080765
1.074539
0.966473
0.826885
1.183975
1.142320
1.049428
0.943240
0.960355
0.981331
1.011510
0.835310
0.815521
0.955263
0.887182
0.866803
0.944537
0.975844
0.909892
0.926478
0.766001
0.857132
0.806420
0.840889
0.872699
0.950541
0.815949
0.991371
0.949329
1.038193
1.157357
0.963377
0.894715
0.926510
0.882578
0.869412
0.826004
0.988762
0.784995
0.832959
0.921812
0.831308
0.795777
0.974366
0.924349
0.970782
0.810828
0.978210
0.931695
0.715572
0.813852
0.749827
0.793504
0.851897
0.752638
0.903363
0.910470
1.106157
0.991005
0.815267
0.895383
0.843739
0.859286
0.908580
0.895889
0.869743
0.849107
0.971053
0.865708
0.776417
0.985017
0.980798
0.849285
0.918174
0.823930
0.766366
0.856222
1.211550
0.868308
0.882713
0.921217
0.888039
1.150322
0.819873
0.692916
0.946543
0.816751
0.829562
0.825483
0.895921
0.949732
0.826925
1.009431
0.829258
0.825119
1.051834
1.069508
1.042003
0.685417
0.890696
1.101053
0.793309
0.890217
0.999271
0.812888
0.851785
0.892726
0.854049
0.863764
1.028838
1.010251
0.800495
0.868207
0.991244
0.816596
0.876944
0.872591
0.911441
0.875737
0.884519
0.838148
0.824222
0.879075
1.032295
1.031893
0.782232
0.966845
0.737489
0.845593
1.123109
0.940601
0.775454
0.838274
0.960465
0.967905
0.912334
0.858020
1.046231
0.795287
0.890477
0.894275
0.846421
0.928127
0.753350
1.135531
0.989583
0.955555
0.933692
0.921813
1.022151
0.838106
0.894555
0.863881
0.858549
0.971375
0.803636
0.865251
1.025552
0.787419
0.899452
0.850648
0.814768
0.875092
0.951037
0.982400
0.797974
0.816837
0.783147
0.838612
0.851579
0.986929
0.819711
0.979734
0.929552
0.866540
0.965437
0.918368
0.812325
0.966373
0.862571
0.846142
0.911001
0.888060
0.954575
0.789778
0.793161
1.016883
0.937447
0.958821
0.764874
0.850588
0.794166
0.991781
0.952991
0.878934
0.999887
1.152635
0.919983
0.878219
0.923030
0.797564
0.963678
0.851073
1.037742
0.906376
0.935498
1.155967
0.863911
0.765993
1.077658
0.834679
1.023790
0.873754
0.874012
0.775155
0.954418
0.894399
0.744349
0.937430
0.826022
0.821741
0.853738
0.873261
0.845738
0.874594
0.864739
0.749617
1.007633
0.951834
1.007129
0.917995
0.900621
0.696885
0.865568
0.840708
0.903188
0.892600
0.934844
0.927951
0.874483
0.876745
0.844335
0.925975
0.727347
0.808274
0.866992
0.986342
0.810954
1.035418
0.858357
0.722116
1.006279
1.053199
0.734875
0.945524
0.792331
0.950536
0.939637
0.828038
0.976254
0.791370
0.997236
0.720993
0.701098
0.717876
0.720821
0.823694
0.922072
0.812991
0.858248
0.899329
0.897476
0.745396
0.793064
0.906714
0.825215
0.942329
1.025997
0.866474
0.942908
0.874633
0.861521
0.833277
0.956407
0.671567
0.791113
0.711473
1.039312
0.782890
0.865009
0.767964
0.828853
0.689426
1.090618
0.759130
0.984013
0.876770
0.798396
0.989469
0.921293
0.852757
0.802015
0.868608
0.919374
0.986118
1.000337
0.841616
0.765652
0.759843
0.931178
0.857221
0.884657
0.951621
0.883021
0.836219
0.876533
0.857304
0.921740
0.920237
0.784499
0.776454
0.941996
0.821671
0.921893
0.873811
0.893793
0.868818
0.781121
0.921515
0.850120
1.068205
0.892177
1.112287
0.858577
0.940898
0.896314
1.022625
0.769957
0.922360
0.778914
0.987107
0.927610
0.774015
0.728316
0.900516
0.992784
0.793124
1.013489
0.892451
0.788820
0.859760
1.017427
0.843625
0.817033
0.812706
0.855944
1.163683
0.760731
0.866365
0.798151
0.812145
0.808254
0.741094
0.826685
0.783874
0.761834
0.904958
0.842540
0.757892
0.895396
0.809602
0.809012
0.936580
0.913674
0.928930
0.746797
0.800735
0.862501
0.739336
0.928629
0.812304
0.793247
0.808644
0.802085
0.825385
0.982567
0.852786
0.838496
0.848930
0.647640
0.861563
0.672627
0.749506
0.911327
0.954298
0.759102
0.648391
0.697733
0.855121
0.803266
0.722245
0.943323
1.001992
0.912436
0.825377
0.634733
0.912480
1.002754
0.720443
0.736678
0.807655
0.743276
0.816544
0.799851
0.880816
0.983712
0.746223
0.796421
0.908422
0.841415
0.990104
0.954696
1.093734
0.811145
0.885978
0.733751
0.984435
0.849222
0.990219
0.894379
0.984343
0.957524
0.692815
0.841496
0.736001
0.726567
0.790572
0.944383
1.174312
1.037471
0.816139
0.641497
0.908644
0.931949
0.810036
0.863644
0.880196
0.633425
0.911803
0.782250
0.788119
0.826580
0.835877
0.797465
0.943013
1.028689
0.838187
0.789018
0.855145
0.929490
0.818540
0.855234
0.718283
0.820926
0.660612
0.865779
0.838426
0.854118
0.857601
0.952769
0.863243
0.866493
0.874844
0.849627
0.719099
0.840783
0.840290
0.851494
0.714263
0.842755
0.677708
0.732757
0.837568
0.793640
0.781756
0.762285
0.806844
0.773505
0.758009
1.062007
0.632367
0.936367
1.038059
0.808212
0.905295
0.898925
0.751362
0.876879
0.758159
0.839144
0.961116
0.837663
0.789258
0.933984
0.815643
0.827277
0.693566
0.831138
0.889429
0.820849
0.857242
0.803837
0.962565
0.984249
0.718043
0.902078
0.850026
0.803205
0.745426
0.724121
0.769892
0.787459
0.810053
0.931504
0.874817
0.895475
0.802398
0.826014
0.726224
0.997185
0.844291
0.979998
0.786471
0.903203
0.819745
0.801516
0.826342
0.819819
0.772773
0.856106
0.798493
0.894823
0.834143
0.761717
0.881956
0.835711
0.730454
0.628425
0.765619
0.961512
0.738470
0.855936
0.855974
0.892367
0.812939
0.711550
0.692580
0.803074
0.865241
0.862165
0.904599
1.002315
0.949538
0.886868
0.764767
0.877536
0.866967
0.791480
0.760315
0.920470
0.783011
0.768916
0.644091
0.673250
1.007243
0.762668
0.676577
1.012517
0.863599
0.758118
0.625957
0.771936
0.837462
0.987081
0.851436
0.821069
0.868779
0.782138
0.801669
0.834698
0.661191
0.740063
0.825854
0.880037
0.747984
0.890530
0.835155
0.766184
0.786563
0.821620
0.772908
0.876387
0.593314
0.775199
1.154722
0.970221
0.763443
0.754092
0.819295
0.763138
0.957567
0.749162
0.892288
0.715139
0.983463
0.782752
0.656131
0.634975
0.749373
0.845244
0.714224
0.765264
0.876224
0.767811
0.730887
0.723867
1.004084
0.942298
0.761869
0.836789
0.951197
0.946278
0.745509
0.662537
0.795976
0.924792
0.772375
0.875118
0.790051
0.820680
0.756379
0.870324
0.897955
0.764622
0.785103
0.626129
0.628391
0.734229
0.828347
0.809024
0.920180
0.804091
0.599774
0.810464
0.903099
0.768614
0.693617
0.767552
0.807094
0.828175
0.619391
0.762121
0.909144
0.753843
0.692538
0.768582
0.804957
0.686713
1.005158
0.935936
0.958196
0.774145
0.838930
0.787540
0.778297
0.911397
0.720120
0.944326
0.785466
0.817120
0.670787
1.019759
0.807237
0.837260
0.725262
0.996350
0.765970
0.937445
0.729690
0.774239
0.868215
0.703699
0.878507
0.836132
0.771964
0.787661
0.686137
0.697423
0.828915
0.726973
0.823180
0.911065
0.683779
0.932608
0.790263
0.800130
0.864129
0.871156
0.763818
0.823469
0.855205
0.822291
0.872130
0.861349
0.888482
0.810628
0.736470
0.822765
0.700740
0.673015
0.837478
0.827752
0.779321
0.801405
0.908878
0.792647
0.777688
0.781698
0.732147
0.771994
0.684752
0.694057
0.790269
0.806533
0.818944
0.657472
0.820148
0.849059
0.864823
0.742168
0.754312
0.746337
0.854639
0.854559
0.660925
0.673228
0.938938
0.880071
0.780169
0.770625
0.878737
0.922581
0.759246
0.699322
1.037560
0.844776
0.834310
0.871739
0.802078
0.805001
0.954444
0.907088
0.811951
0.936316
0.743147
0.717331
0.748026
0.790435
0.795713
0.882440
0.728606
0.931127
0.801257
0.845900
0.813576
0.633280
0.726998
0.812976
0.788977
0.795223
0.749232
0.791050
0.831151
0.801790
0.892810
0.992185
0.726047
0.738006
0.775630
0.675976
0.801899
0.844647
0.831376
0.799854
1.095447
0.712154
0.757192
0.743394
0.865479
0.730638
0.891977
0.651762
0.788356
0.873528
0.735257
0.950448
0.734541
0.787566
0.764384
0.783928
0.822690
0.790174
0.829072
0.822678
0.854790
0.891271
0.898038
0.745483
0.814969
0.891336
0.791069
0.878836
0.753368
0.737132
0.761977
0.896312
0.851112
0.787595
0.920267
0.842923
0.717440
0.811210
0.793058
0.909949
0.738947
0.713498
0.757595
0.696910
0.839076
0.858400
0.995755
0.746375
0.736568
0.726866
0.729886
0.699151
0.759946
0.899024
0.705686
0.844449
0.667655
0.972981
1.047028
0.848011
0.995799
0.924092
0.624200
0.770530
0.820510
0.709273
0.814628
0.725099
0.776992
0.925732
0.875313
0.832748
0.754550
0.687589
0.968253
0.859971
0.792052
0.772335
0.717933
0.848592
0.825436
0.858154
0.862901
0.640123
0.723899
0.895639
0.737182
0.613494
0.873855
0.966889
0.752973
0.832424
0.684324
0.804760
0.667811
0.805772
0.760547
0.756249
0.796247
0.899702
0.851152
0.785766
0.797702
0.605095
0.751378
0.794778
0.731040
0.606022
0.891274
0.731717
0.683822
0.703927
0.808280
0.707138
0.722381
0.792179
0.795391
0.740320
0.723294
0.751579
0.604615
0.684640
0.914382
0.746556
0.829493
0.692362
0.762465
0.786186
0.698138
0.861629
0.788876
0.823242
0.903317
0.849869
0.763682
0.794747
0.664759
0.918470
0.803269
1.004894
0.796169
0.844773
0.828646
0.626221
0.834824
0.689575
0.863312
0.830650
0.778218
0.903384
0.889371
0.670134
0.999373
0.823336
0.881811
0.814676
0.753414
0.824964
0.791156
0.814273
0.720397
0.765810
0.731377
0.837150
0.761880
0.670035
0.702661
0.753487
0.824878
0.804544
0.917450
0.642623
0.758292
0.767973
0.672617
0.760617
0.923911
0.668384
0.730459
0.821494
0.704293
0.673550
0.896484
0.676625
0.825405
0.674993
0.661353
0.825839
0.675069
0.810615
0.781101
0.740806
0.728151
0.814761
0.807678
0.749773
0.633991
0.795486
0.742783
0.799232
0.748129
0.964256
0.751857
0.625180
0.888154
0.831628
0.640943
0.654593
0.682432
0.678641
0.717617
0.762806
0.830182
1.021804
0.851142
0.712505
0.705884
0.768381
0.724064
0.606581
0.725591
0.743983
0.697278
0.801481
0.812647
0.703962
0.710014
0.760445
0.662129
0.677612
0.609159
0.768668
0.608238
0.769466
0.756721
0.863337
0.604765
0.748323
0.965632
0.871988
0.824619
0.674302
0.722040
0.723432
0.731492
0.760401
0.810477
0.740652
0.794207
0.920150
0.776744
0.738109
0.704872
0.707803
0.690684
0.671915
0.814217
0.840947
0.540086
0.899054
0.649336
0.697058
0.812692
0.844617
0.787722
0.836001
0.940285
0.635880
0.839268
0.689678
0.741451
0.698415
0.707635
0.817031
0.880858
0.915943
0.708703
0.799271
0.671195
0.716738
0.757528
1.058637
0.756923
0.640559
0.701016
0.824166
0.721305
0.700185
0.804426
0.894192
0.804750
0.752210
0.784860
0.789226
0.741696
0.828833
0.686515
0.799793
0.627133
0.761921
0.769188
0.915768
0.697288
0.811802
0.867179
0.830268
0.806577
0.610721
0.857852
0.789534
0.782255
0.758292
0.649034
0.712276
0.928850
0.678338
0.675147
0.858023
0.730255
0.988116
0.745319
0.803625
0.716862
0.670694
0.781686
0.747153
0.694360
0.854154
0.729250
0.834468
0.699556
0.743302
0.693527
0.658578
0.678585
0.640355
0.726132
0.660630
0.665926
0.699431
0.747593
0.748588
0.788912
0.691767
0.745818
0.747549
0.613659
0.734258
0.799782
0.804173
0.655551
0.914065
0.740350
0.769931
0.772686
0.682463
0.704737
0.735373
0.768416
0.837484
0.833684
0.699321
0.624040
0.792006
0.810296
0.867477
0.799743
0.907614
0.751539
0.692243
0.751967
0.865321
0.767042
0.815662
0.836549
0.759466
0.796596
0.698782
0.889333
0.854938
0.797622
0.776891
0.843416
0.963472
0.756038
0.788585
0.681324
0.920316
0.874860
0.784436
0.872142
0.807592
0.861157
0.788524
0.790489
0.888963
0.629989
0.760998
0.783581
0.601026
0.893986
0.712944
0.738577
0.730062
1.040920
0.873904
0.901550
0.731673
0.753092
0.820434
0.586171
0.870580
0.722241
0.658038
0.776056
0.826538
0.741418
0.752690
0.772342
0.776886
0.629883
0.760086
0.803373
0.589381
0.730168
0.649927
0.697295
0.693008
0.703048
0.763571
0.866277
0.780932
0.655216
0.747464
0.704533
0.817435
0.698397
0.676148
0.758302
0.814012
0.639102
0.685255
0.748502
0.703795
0.618252
0.787546
0.771285
0.801936
0.786655
0.725430
0.744371
0.716549
0.806629
0.925725
0.764579
0.615300
0.682827
0.759158
0.732359
0.867113
0.744677
0.761622
0.802968
0.755355
0.893455
0.779943
0.737902
0.825697
0.729126
0.772635
0.710485
0.765246
0.818219
0.805885
0.776613
0.787937
0.676118
0.621733
0.784587
0.705963
0.744599
0.719774
0.757480
0.683015
0.599734
0.794446
0.672232
0.636385
0.675630
0.646597
0.602337
0.687781
0.732637
0.815603
0.646081
0.796648
0.626086
0.646406
0.765898
0.669448
0.671666
0.636477
0.715461
0.712346
0.864063
0.769558
0.694286
0.715071
0.823135
0.783364
0.636778
0.855519
0.837430
0.593217
0.660616
0.734452
0.763649
0.630996
0.690786
0.676414
0.742270
0.662830
0.786389
0.525763
0.659734
0.707827
0.895896
0.673099
0.714087
0.727702
0.684569
0.733084
0.662485
0.703622
0.673972
0.589911
0.638807
0.691303
0.687944
0.544435
0.776795
0.781982
0.719797
0.759056
0.687004
0.707265
0.742267
0.733006
0.807427
0.758142
0.605602
0.623212
0.878562
0.686962
0.788901
0.697269
0.727457
0.792663
0.876220
0.636828
0.704673
0.755362
0.871107
0.602514
0.671255
0.756882
0.715835
0.742916
0.701006
0.761016
0.746746
0.661332
0.833260
0.813359
0.778228
0.688075
0.876973
0.890255
0.663585
0.823094
0.757181
0.760659
0.709868
0.742990
0.731429
0.815780
0.763807
0.789381
0.627032
0.874773
0.833653
0.748893
0.918749
0.690724
0.749038
0.702275
0.678400
0.705915
0.899682
0.642447
0.920077
0.822436
0.621551
0.733622
0.749826
0.807080
0.720896
0.720803
0.766955
0.666917
0.743267
0.866350
0.694933
0.931952
0.769561
0.767048
0.696954
0.800492
0.733777
0.711506
0.711484
0.708970
0.716015
0.745128
0.630223
0.688516
0.671762
0.665854
0.733121
0.692254
0.721261
0.661508
0.708347
0.905853
0.651597
0.770255
0.699257
0.718994
0.823485
0.688474
0.757141
0.662849
0.639638
0.590677
0.621389
0.733628
0.687817
0.803411
0.663201
0.805044
0.648431
0.558452
0.700741
0.795878
0.647253
0.661690
0.692868
0.774868
0.891841
0.703602
0.806212
0.685431
0.886915
0.695203
0.632339
0.920290
0.861244
0.757538
0.927652
0.695615
0.768776
0.762483
0.797915
0.824434
0.702985
0.693160
0.760609
0.873420
0.653592
0.690748
0.645251
0.796091
0.756040
0.621777
0.597903
0.818607
0.731314
0.568468
0.753641
0.767244
0.664032
0.676770
0.797206
0.604017
0.811139
0.707640
0.701854
0.757209
0.694850
0.676415
0.856823
0.682251
0.704732
0.674596
0.607590
0.905162
0.673258
0.679856
0.675024
0.663514
0.659702
0.723482
0.716855
0.683437
0.907434
0.631437
0.547984
0.834124
0.756917
0.618931
0.685444
0.753883
0.765808
0.682246
0.673789
0.783092
0.620625
0.727249
0.623884
0.790411
0.791894
0.702146
0.785435
0.816108
0.826907
0.622895
0.746807
0.678542
0.692813
0.738621
0.754233
0.662170
0.601089
0.742270
0.766416
0.687518
0.779939
0.686770
0.805797
0.606502
0.696593
0.760882
0.949609
0.729631
0.743388
0.768988
0.748884
0.568997
0.775148
0.760881
0.611209
0.702650
0.742255
0.748988
0.770413
0.810509
0.631518
0.652665
0.614524
0.700799
0.787876
0.735057
0.664239
0.574906
0.785212
0.708634
0.747685
0.610200
0.728366
0.732546
0.740468
0.690614
0.645423
0.879592
0.816344
0.796746
0.932093
0.738276
0.881595
0.647551
0.721330
0.592530
0.754539
0.684434
0.918112
0.754826
0.799413
0.738439
0.666830
0.760175
0.775215
0.643727
0.759148
0.688215
0.813406
0.675736
0.719791
0.883092
0.701943
0.675554
0.608985
0.608458
0.688681
0.666002
0.601889
0.766663
0.616915
0.568102
0.731807
0.653833
0.771931
0.829390
0.820954
0.702148
0.732412
0.712617
0.723361
0.767597
0.823450
0.792235
0.849661
0.665747
0.629303
0.741084
0.728038
0.558600
0.665286
0.804864
0.701177
0.615779
0.656176
0.715901
0.599671
0.705278
0.750935
0.790004
0.727763
0.608223
0.766762
0.778230
0.624722
0.649140
0.724991
0.662055
0.814573
0.650227
0.649446
0.733353
0.720621
0.743342
0.765531
0.788254
0.721619
0.685554
0.622408
0.686739
0.646329
0.640438
0.689833
0.659806
0.542389
0.625337
0.790160
0.836803
0.540238
0.595071
0.817307
0.652596
0.722868
0.698774
0.732107
0.803601
0.677798
0.808293
0.697971
0.635980
0.635377
0.639671
0.621745
0.719377
0.646350
0.847328
0.607292
0.598018
0.706132
0.681657
0.595417
0.688408
0.667639
0.673448
0.691738
0.710135
0.751192
0.732055
0.620183
0.700881
0.805923
0.675474
0.550498
0.612969
0.756612
0.615630
0.676404
0.770725
0.704137
0.753137
0.734872
0.744279
0.563730
0.697078
0.645814
0.583772
0.836784
0.734800
0.909899
0.883499
0.606733
0.645405
0.714567
0.639709
0.783290
0.810676
0.546635
0.755462
0.777562
0.691118
0.903205
0.706116
0.904355
0.583128
0.774658
0.612081
0.667847
0.654115
0.548777
0.726828
0.707981
0.704339
0.779317
0.685036
0.730028
0.593782
0.578983
0.746914
0.798799
0.711966
0.637120
0.625162
0.606630
0.664070
0.670455
0.736834
0.666576
0.591871
0.615609
0.749609
0.606291
0.577034
0.701215
0.562800
0.562054
0.647400
0.605886
0.635220
0.744584
0.712480
0.709588
0.595329
0.657318
0.679334
0.647568
0.663730
0.651967
0.844282
0.754094
0.657895
0.766634
0.732450
0.612057
0.568677
0.707636
0.687781
0.840504
0.686961
0.732914
0.707177
0.836880
0.698696
0.697059
0.726329
0.732133
0.736992
0.791546
0.629319
0.677140
0.778129
0.711898
0.643537
0.595497
0.721020
0.749586
0.623118
0.747572
0.578791
0.791630
0.602455
0.725722
0.640892
0.889096
0.626264
0.620031
0.724237
0.667222
0.612777
0.704368
0.661045
0.852899
0.783534
0.716289
0.588827
0.837547
0.662403
0.560244
0.713148
0.586438
0.703397
0.641345
0.691926
0.720883
0.616834
0.700321
0.724286
0.801750
0.574032
0.693349
0.723929
0.749885
0.707861
0.761720
0.748343
0.599947
0.838888
0.787814
0.862468
0.742236
0.771761
0.619630
0.661806
0.672826
0.691960
0.696268
0.655948
0.738779
0.606633
0.678399
0.673117
0.600936
0.561356
0.838948
0.680866
0.672437
0.607720
0.794008
0.771212
0.691283
0.587086
0.781870
0.612223
0.740317
0.657088
0.655298
0.626216
0.585544
0.649034
0.679586
0.869391
0.589252
0.607724
0.666199
0.558746
0.751286
0.662789
0.724683
0.582209
0.518455
0.739808
0.617114
0.898586
0.667159
0.618053
0.671719
0.880195
0.726948
0.619670
0.569196
0.715906
0.718155
0.681974
0.793834
0.553066
0.689318
0.751100
0.715867
0.579885
0.840669
0.744795
0.767972
0.795297
0.705710
0.606464
0.879973
0.769346
0.814323
0.711419
0.700870
0.699632
0.771277
0.679824
0.807295
0.750251
0.650366
0.717057
0.663104
0.611110
0.731769
0.676275
0.576494
0.662340
0.683183
0.644471
0.674443
0.621550
0.539060
0.636432
0.541800
0.592975
0.645877
0.775982
0.900239
0.769476
0.709136
0.694061
0.777627
0.584414
0.678036
0.666545
0.654886
0.718561
0.938164
0.641096
0.685005
0.749737
0.657106
0.611450
0.693768
0.624535
0.618312
0.632753
0.675845
0.687460
0.712876
0.644448
0.752930
0.841557
0.721386
0.813121
0.487881
0.577578
0.662241
0.619404
0.677605
0.568027
0.624606
0.652675
0.659444
0.777205
0.844761
0.719991
0.656046
0.603139
0.771228
0.636043
0.721773
0.641412
0.721767
0.596910
0.685707
0.817561
0.719509
0.736653
0.613418
0.630494
0.602629
0.719004
0.770719
0.772331
0.632128
0.793229
0.701981
0.580580
0.682853
0.697656
0.749621
0.634614
0.638536
0.649386
0.662692
0.739032
0.688094
0.614618
0.710976
0.610036
0.724393
0.662368
0.674059
0.713230
0.807886
0.644256
0.691945
0.524392
0.572662
0.608402
0.587940
0.700919
0.696546
0.604467
0.785127
0.655967
0.604897
0.794591
0.716332
0.726556
0.522095
0.717094
0.698591
0.690593
0.639809
0.623578
0.652369
0.644363
0.680864
0.697732
0.538828
0.572704
0.739187
0.591820
0.625182
0.661649
0.712610
0.747228
0.463256
0.732983
0.757119
0.639048
0.648945
0.746756
0.820831
0.748062
0.837141
0.453485
0.628214
0.697632
0.699597
0.637140
0.704829
0.606954
0.641645
0.682962
0.636528
0.551256
0.640009
0.624486
0.697882
0.535888
0.633956
0.649480
0.739879
0.692151
0.682062
0.715438
0.684996
0.698518
0.513888
0.608989
0.551541
0.640219
0.615799
0.687293
0.668401
0.541931
0.529891
0.702068
0.628254
0.652882
0.502463
0.742495
0.661528
0.566137
0.567343
0.613073
0.500792
0.598788
0.628868
0.755867
0.643206
0.491869
0.599328
0.916793
0.683067
0.579652
0.564362
0.642918
0.598630
0.670858
0.665238
0.671470
0.593771
0.651184
0.656574
0.577424
0.571233
0.771596
0.743292
0.658007
0.757995
0.536584
0.667813
0.619767
0.624060
0.697512
0.635894
0.615628
0.684456
0.739204
0.642097
0.605411
0.687392
0.747389
0.623636
0.637415
0.714746
0.721955
0.741357
0.480440
0.612821
0.711058
0.624295
0.560582
0.552213
0.660490
0.678461
0.702722
0.573533
0.622770
0.555248
0.637018
0.546165
0.711225
0.855057
0.649722
0.633880
0.815242
0.742362
0.692736
0.577750
0.695459
0.552067
0.598212
0.546645
0.548884
0.730724
0.688954
0.752250
0.581279
0.581129
0.657310
0.648687
0.739289
0.671683
0.565739
0.724730
0.603234
0.471233
0.629383
0.675060
0.565460
0.665678
0.575507
0.722366
0.684912
0.608388
0.652757
0.535912
0.694601
0.698302
0.719394
0.576666
0.678065
0.586628
0.518121
0.654796
0.711699
0.710531
0.728750
0.636687
0.606851
0.848162
0.666186
0.774499
0.657144
0.739838
0.606569
0.658226
0.612193
0.818878
0.545172
0.682842
0.698665
0.719530
0.874267
0.654746
0.589831
0.589457
0.653993
0.713704
0.811827
0.601582
0.593696
0.696868
0.633798
0.599169
0.752382
0.547598
0.611122
0.602224
0.753001
0.622134
0.722860
0.510251
0.655649
0.629055
0.620600
0.776288
0.541944
0.628820
0.572693
0.553421
0.662648
0.789672
0.608763
0.708482
0.685608
0.641325
0.630979
0.759100
0.648113
0.618658
0.565738
0.569794
0.549506
0.678958
0.727863
0.552910
0.662237
0.725234
0.607415
0.603505
0.655861
0.710473
0.589877
0.646404
0.712786
0.647680
0.697578
0.706685
0.597376
0.649512
0.681321
0.693376
0.741695
0.720475
0.573132
0.652123
0.547643
0.671189
0.688700
0.590896
0.667307
0.630758
0.609302
0.832539
0.627658
0.770080
0.736812
0.846287
0.685162
0.601251
0.667335
0.593313
0.626186
0.499113
0.594625
0.641012
0.675599
0.636773
0.797378
0.687901
0.631003
0.688936
0.718273
0.555836
0.577390
0.676291
0.628908
0.537251
0.692245
0.648862
0.624902
0.525884
0.741374
0.581464
0.645769
0.721146
0.555750
0.674935
0.709328
0.586693
0.685684
0.667564
0.683386
0.657117
0.705557
0.616826
0.733381
0.587054
0.480128
0.504895
0.701191
0.561834
0.432990
0.521886
0.653002
0.553214
0.599672
0.531892
0.791369
0.561548
0.515413
0.568197
0.586197
0.580519
0.661025
0.573160
0.639456
0.646293
0.667932
0.562456
0.708431
0.462406
0.751604
0.690456
0.570303
0.498036
0.702772
0.663556
0.503087
0.505731
0.580411
0.625760
0.537687
0.700344
0.640240
0.656510
0.629046
0.542600
0.555187
0.692067
0.614080
0.596968
0.726265
0.625822
0.592417
0.653238
0.534246
0.663847
0.692360
0.623406
0.709704
0.721590
0.639939
0.665705
0.594190
0.712679
0.691919
0.560164
0.564017
0.593960
0.623353
0.512723
0.623895
0.659392
0.513733
0.621673
0.673776
0.616993
0.623966
0.806001
0.583548
0.590604
0.450993
0.674428
0.552619
0.656115
0.615534
0.626913
0.582091
0.616852
0.797597
0.496493
0.561601
0.707482
0.550046
0.628307
0.824313
0.608135
0.583344
0.745410
0.659442
0.549173
0.573142
0.616274
0.641307
0.527144
0.659883
0.535297
0.837165
0.693841
0.637877
0.532196
0.604683
0.658931
0.642355
0.750818
0.567226
0.670051
0.630432
0.697896
0.719715
0.610950
0.591552
0.563334
0.575102
0.703819
0.682767
0.569456
0.578015
0.689723
0.766704
0.789647
0.672067
0.763891
0.590138
0.725659
0.605894
0.562606
0.833178
0.650354
0.674419
0.498450
0.637925
0.782981
0.707557
0.526290
0.589122
0.708753
0.585856
0.811827
0.680438
0.663124
0.558912
0.573961
0.733065
0.604199
0.584963
0.535632
0.638911
0.587827
0.556974
0.615204
0.568076
0.577702
0.602414
0.606498
0.680504
0.578685
0.610701
0.689709
0.711954
0.596203
0.569416
0.554290
0.643538
0.568157
0.528802
0.558333
0.694647
0.655843
0.542302
0.635662
0.545577
0.599264
0.677308
0.647895
0.529492
0.441632
0.635991
0.823849
0.712609
0.597856
0.665023
0.556947
0.672772
0.565728
0.574831
0.596447
0.521422
0.605060
0.541501
0.602597
0.710607
0.548890
0.680214
0.586001
0.703185
0.579718
0.554291
0.586586
0.594388
0.661050
0.719467
0.663601
0.585863
0.545005
0.556777
0.711573
0.652466
0.619973
0.623454
0.614618
0.581676
0.756675
0.699612
0.603748
0.654069
0.595710
0.723129
0.655507
0.596054
0.637059
0.477823
0.643047
0.599224
0.696779
0.633326
0.473773
0.651806
0.621470
0.740846
0.541612
0.805583
0.655763
0.667392
0.648504
0.629359
0.625140
0.543723
0.525077
0.554325
0.679913
0.496682
0.728642
0.696058
0.620650
0.684134
0.689746
0.888986
0.655396
0.613304
0.717726
0.606936
0.526036
0.615540
0.634671
0.695229
0.681814
0.531317
0.666375
0.697512
0.691276
0.531167
0.642522
0.602189
0.665393
0.633662
0.576093
0.752228
0.676065
0.667107
0.543652
0.635124
0.828879
0.786726
0.552522
0.550650
0.674184
0.567012
0.581909
0.563474
0.519278
0.630434
0.740669
0.718967
0.677301
0.488928
0.627099
0.649608
0.610319
0.520717
0.547417
0.468335
0.666097
0.494054
0.588053
0.607990
0.631581
0.501087
0.775821
0.702018
0.565410
0.736943
0.521260
0.657561
0.765864
0.801890
0.642268
0.570814
0.550788
0.624903
0.501185
0.619939
0.779918
0.583693
0.493202
0.661795
0.571717
0.597142
0.636877
0.636672
0.579848
0.656913
0.628164
0.797349
0.615393
0.663384
0.538323
0.727839
0.647405
0.669414
0.648767
0.662888
0.568790
0.567824
0.544337
0.806160
0.582473
0.555295
0.488632
0.607250
0.804596
0.610869
0.637058
0.613101
0.580365
0.830841
0.586762
0.524708
0.614524
0.763874
0.724177
0.654106
0.631427
0.493208
0.640189
0.677722
0.553980
0.630396
0.659589
0.649083
0.588116
0.690860
0.598803
0.674862
0.629841
0.672669
0.649919
0.493788
0.635459
0.583327
0.571723
0.500276
0.574931
0.577671
0.700538
0.662352
0.605808
0.559323
0.724978
0.576215
0.668489
0.459710
0.533788
0.702866
0.705593
0.661717
0.612034
0.521512
0.528857
0.638892
0.458754
0.621149
0.736918
0.688029
0.561170
0.590407
0.571109
0.487200
0.543560
0.682312
0.701649
0.545922
0.556276
0.515202
0.559714
0.610241
0.569163
0.609023
0.559990
0.525563
0.598904
0.543799
0.599491
0.557547
0.577846
0.536453
0.649340
0.776201
0.551728
0.634664
0.607864
0.590940
0.562250
0.532362
0.604560
0.640840
0.690305
0.552840
0.587760
0.601802
0.486772
0.647803
0.627373
0.601048
0.639463
0.572511
0.539485
0.510169
0.493252
0.614266
0.742358
0.573693
0.552634
0.604619
0.720867
0.458857
0.709740
0.705920
0.637685
0.515663
0.666438
0.663115
0.582669
0.642323
0.447592
0.434628
0.605332
0.470868
0.718926
0.503280
0.650889
0.588612
0.683498
0.551819
0.475855
0.581103
0.761946
0.623157
0.551798
0.610805
0.567822
0.546547
0.512862
0.586618
0.670349
0.589151
0.642202
0.580619
0.624957
0.712306
0.550017
0.518482
0.434651
0.522625
0.575592
0.578984
0.509838
0.509857
0.735313
0.703995
0.523581
0.500980
0.550621
0.495521
0.545592
0.670825
0.733060
0.611623
0.447139
0.637890
0.538105
0.650160
0.680942
0.662619
0.483876
0.536742
0.654695
0.580685
0.433879
0.734216
0.502245
0.558169
0.580770
0.612901
0.622139
0.632002
0.636380
0.698091
0.655712
0.718776
0.597493
0.570671
0.657522
0.667754
0.605921
0.617356
0.629205
0.544912
0.661930
0.473251
0.509258
0.626998
0.632065
0.628827
0.540556
0.491592
0.486720
0.557853
0.464993
0.655466
0.711653
0.564389
0.611856
0.567141
0.612186
0.715496
0.660592
0.688961
0.620534
0.450920
0.754107
0.560121
0.683213
0.625262
0.594579
0.652024
0.609932
0.651251
0.544895
0.485224
0.608266
0.530189
0.591489
0.680194
0.591751
0.559964
0.556333
0.553934
0.467125
0.581217
0.564970
0.560798
0.588777
0.632744
0.665246
0.461083
0.768864
0.644301
0.571306
0.561660
0.602129
0.658675
0.743617
0.676610
0.455940
0.597632
0.488403
0.478241
0.792825
0.517966
0.551324
0.564981
0.564132
0.593871
0.675742
0.600821
0.498271
0.574042
0.593138
0.528525
0.492258
0.567228
0.527360
0.653299
0.675740
0.561649
0.566209
0.516734
0.857281
0.550685
0.558866
0.575284
0.642579
0.564816
0.546228
0.558716
0.653749
0.618271
0.529549
0.606976
0.545959
0.676315
0.553254
0.675705
0.524315
0.515184
0.604684
0.529968
0.614954
0.697768
0.618987
0.635305
0.612611
0.643484
0.640002
0.469455
0.535215
0.531923
0.561633
0.665925
0.618143
0.642626
0.544574
0.517937
0.486888
0.578141
0.546100
0.538817
0.604511
0.519417
0.626311
0.679470
0.619239
0.614175
0.560766
0.618477
0.476987
0.514212
0.603868
0.692159
0.618810
0.557711
0.533709
0.436081
0.536699
0.734443
0.773351
0.628495
0.558860
0.492197
0.540903
0.537318
0.662740
0.541158
0.838045
0.639044
0.549810
0.612730
0.611757
0.663159
0.410923
0.607248
0.548392
0.569764
0.648984
0.594677
0.668432
0.539225
0.622202
0.495620
0.627230
0.648896
0.493735
0.630449
0.631137
0.508196
0.541884
0.507936
0.596988
0.463873
0.569333
0.457024
0.652789
0.531548
0.635181
0.573783
0.532120
0.472553
0.764030
0.466646
0.610208
0.586190
0.504180
0.662444
0.621648
0.536081
0.522658
0.530402
0.599638
0.504645
0.544376
0.591373
0.668206
0.603704
0.554680
0.473335
0.529970
0.435949
0.409189
0.560959
0.636723
0.483833
0.499712
0.579973
0.664198
0.735881
0.520233
0.592416
0.560851
0.656705
0.570341
0.613544
0.540760
0.494570
0.620599
0.517602
0.625434
0.635457
0.609707
0.564773
0.598822
0.521853
0.505882
0.663303
0.591340
0.553136
0.511824
0.621115
0.462789
0.566691
0.555359
0.444883
0.782316
0.656032
0.542501
0.542330
0.581484
0.706712
0.610883
0.607548
0.747821
0.602871
0.422430
0.714640
0.537686
0.675414
0.504993
0.614375
0.477732
0.506864
0.535764
0.655584
0.525152
0.633312
0.570712
0.566864
0.508741
0.555564
0.572867
0.609345
0.601221
0.600739
0.670585
0.580538
0.481024
0.520228
0.592103
0.513424
0.441739
0.488478
0.665206
0.427248
0.673343
0.584089
0.535609
0.709808
0.655217
0.708166
0.480384
0.623375
0.465319
0.509220
0.567207
0.581175
0.446471
0.415749
0.765150
0.435379
0.539098
0.624188
0.643359
0.528039
0.603892
0.605647
0.589723
0.589060
0.467309
0.444148
0.560637
0.489783
0.696718
0.488359
0.620510
0.697775
0.425330
0.570951
0.623332
0.503630
0.596642
0.527273
0.498498
0.490897
0.527245
0.448103
0.536563
0.591977
0.597144
0.585414
0.525490
0.683133
0.501910
0.433128
0.574165
0.540559
0.713510
0.584814
0.532549
0.433583
0.620103
0.555342
0.543565
0.611222
0.636410
0.575110
0.602246
0.495046
0.747040
0.644122
0.510607
0.512690
0.649588
0.608961
0.509395
0.636882
0.533783
0.492889
0.602523
0.508463
0.719962
0.708254
0.655360
0.589457
0.653735
0.475468
0.811499
0.626517
0.585755
0.503366
0.674143
0.523105
0.535617
0.576507
0.704657
0.620589
0.647606
0.518203
0.476871
0.553550
0.574356
0.640194
0.492344
0.504026
0.659340
0.447032
0.532347
0.600203
0.461440
0.525959
0.460123
0.521877
0.493001
0.592603
0.598822
0.650624
0.551882
0.505388
0.569165
0.710956
0.483766
0.573559
0.537337
0.554273
0.525132
0.684153
0.560958
0.481032
0.489316
0.549836
0.536011
0.509501
0.601414
0.560736
0.491740
0.560979
0.641323
0.652364
0.653082
0.559982
0.486735
0.565787
0.623057
0.482763
0.577004
0.476395
0.470834
0.503573
0.531146
0.668438
0.497894
0.600233
0.586102
0.628810
0.486151
0.598946
0.572730
0.513416
0.607027
0.674325
0.558177
0.555421
0.679812
0.662169
0.432729
0.622708
0.612149
0.598618
0.498285
0.529998
0.568295
0.655382
0.499647
0.501217
0.564328
0.683860
0.464670
0.527330
0.732286
0.465156
0.648609
0.710983
0.797027
0.450311
0.518523
0.570691
0.691014
0.510371
0.576835
0.575448
0.607599
0.589515
0.546552
0.645852
0.494699
0.466268
0.673342
0.466494
0.608081
0.503976
0.394305
0.560271
0.678038
0.526245
0.602047
0.511888
0.564791
0.534313
0.519974
0.573602
0.568293
0.521488
0.648734
0.573544
0.414905
0.498201
0.571643
0.567752
0.503873
0.582109
0.548676
0.564120
0.856644
0.586509
0.495752
0.572737
0.473008
0.622084
0.575759
0.583019
0.564521
0.484119
0.573039
0.511317
0.517204
0.604731
0.524779
0.760424
0.500969
0.606126
0.432618
0.415295
0.568158
0.536932
0.437374
0.502406
0.478982
0.490067
0.633852
0.476257
0.445494
0.529015
0.567214
0.570308
0.488102
0.559336
0.521900
0.495672
0.597538
0.610438
0.634792
0.552432
0.420839
0.560378
0.623465
0.495836
0.524810
0.562507
0.571375
0.636070
0.614347
0.559502
0.671147
0.560329
0.518409
0.495641
0.358025
0.503319
0.558531
0.494778
0.535616
0.545696
0.476469
0.543361
0.569740
0.565869
0.598312
0.509203
0.517611
0.481271
0.569682
0.421141
0.590330
0.551765
0.492201
0.462277
0.512584
0.488022
0.484655
0.442352
0.593663
0.696046
0.727555
0.616942
0.538881
0.481124
0.577021
0.544618
0.722194
0.509560
0.444154
0.528120
0.589940
0.654992
0.667753
0.470569
0.517199
0.508847
0.510366
0.585067
0.547617
0.515681
0.455206
0.566043
0.498822
0.531999
0.541091
0.515165
0.520150
0.472341
0.527699
0.529834
0.431720
0.553325
0.523478
0.561245
0.663809
0.650221
0.476243
0.437395
0.544054
0.634867
0.481308
0.495204
0.718670
0.457774
0.497284
0.531103
0.646247
0.486479
0.481288
0.477260
0.577947
0.506485
0.590560
0.567414
0.499383
0.514848
0.497381
0.572717
0.537671
0.485575
0.577802
0.418245
0.481302
0.687898
0.589923
0.581022
0.707314
0.532471
0.626182
0.511546
0.608543
0.642198
0.417560
0.398425
0.705252
0.561354
0.402657
0.467397
0.441397
0.508038
0.478526
0.605491
0.566072
0.644272
0.527627
0.565786
0.529392
0.570177
0.631021
0.493405
0.555095
0.625447
0.428988
0.545146
0.662044
0.626248
0.495357
0.619320
0.570035
0.450345
0.550613
0.563222
0.543633
0.632456
0.477605
0.542265
0.435128
0.644029
0.541699
0.516689
0.486919
0.475332
0.436496
0.518574
0.595498
0.571014
0.561110
0.637296
0.640244
0.553854
0.499799
0.621513
0.663826
0.603364
0.431366
0.533922
0.478311
0.587936
0.552744
0.538415
0.585582
0.650326
0.432908
0.453052
0.496790
0.540266
0.429789
0.479930
0.533140
0.554826
0.545002
0.513840
0.559051
0.436081
0.402110
0.561049
0.492622
0.510036
0.533997
0.510663
0.608237
0.682770
0.637190
0.523388
0.527297
0.478027
0.466651
0.525743
0.410830
0.628691
0.513791
0.411231
0.497697
0.535128
0.557203
0.683642
0.534832
0.492155
0.558847
0.568939
0.462961
0.508839
0.598420
0.563606
0.600775
0.461073
0.489675
0.654457
0.694248
0.584872
0.481936
0.574071
0.535902
0.515163
0.520334
0.551544
0.469001
0.669536
0.577528
0.475772
0.629854
0.546705
0.632695
0.525635
0.520777
0.539017
0.413994
0.470844
0.499124
0.536294
0.468263
0.615858
0.498205
0.601369
0.490672
0.609521
0.594636
0.532902
0.524365
0.499371
0.435729
0.522919
0.570689
0.446393
0.514697
0.535130
0.575048
0.600053
0.546336
0.566675
0.642269
0.626763
0.623064
0.475247
0.425977
0.689793
0.531169
0.559831
0.617846
0.479213
0.562692
0.540803
0.602362
0.622789
0.508490
0.479377
0.521972
0.527997
0.481276
0.478196
0.647421
0.523223
0.674224
0.452529
0.470332
0.521299
0.530903
0.466266
0.418742
0.561463
0.602896
0.681222
0.654347
0.491623
0.594975
0.550457
0.604948
0.617283
0.577477
0.559106
0.519827
0.474611
0.480444
0.565311
0.581106
0.544929
0.543022
0.464696
0.537114
0.543551
0.595115
0.536424
0.571857
0.512575
0.581153
0.559597
0.428409
0.531472
0.372316
0.553512
0.445652
0.429309
0.448461
0.543758
0.550169
0.546304
0.508473
0.526513
0.560700
0.609085
0.467970
0.475747
0.549936
0.546014
0.527466
0.534423
0.537372
0.530690
0.525404
0.545039
0.478236
0.473434
0.476456
0.524548
0.538450
0.541164
0.502204
0.471997
0.450090
0.585487
0.470669
0.624014
0.489567
0.516475
0.622842
0.558659
0.464761
0.607229
0.633536
0.565047
0.446754
0.469631
0.514173
0.583167
0.497612
0.632551
0.551582
0.408694
0.488687
0.483606
0.409238
0.503406
0.402144
0.408414
0.435601
0.545440
0.493623
0.482621
0.634976
0.577121
0.441650
0.554940
0.530187
0.594610
0.480521
0.495113
0.444855
0.544576
0.578434
0.494323
0.432896
0.518960
0.488508
0.539033
0.501801
0.539561
0.500865
0.473270
0.481698
0.467355
0.509070
0.548713
0.438505
0.471755
0.638879
0.538303
0.589441
0.438571
0.467119
0.458153
0.490771
0.476406
0.342428
0.423035
0.474204
0.535484
0.504692
0.626091
0.483203
0.453980
0.419910
0.578280
0.456854
0.454061
0.406120
0.444828
0.575065
0.438162
0.595531
0.585078
0.558502
0.548971
0.619773
0.502344
0.548405
0.512451
0.466351
0.595684
0.497846
0.478330
0.450614
0.514966
0.489473
0.468792
0.557399
0.592579
0.411595
0.537868
0.603857
0.532728
0.518495
0.466978
0.550301
0.416761
0.588482
0.524955
0.507145
0.485537
0.427918
0.556337
0.500762
0.500768
0.417333
0.531133
0.485508
0.426459
0.517455
0.531804
0.577376
0.411652
0.508665
0.507319
0.487177
0.486683
0.681658
0.518987
0.503806
0.442241
0.501813
0.591171
0.529135
0.590616
0.539239
0.544778
0.458748
0.673965
0.504270
0.468962
0.484299
0.620017
0.511871
0.534293
0.493271
0.527282
0.570915
0.468727
0.384254
0.536321
0.553383
0.596650
0.512717
0.316920
0.568438
0.367823
0.493387
0.474896
0.571826
0.589999
0.486389
0.685595
0.465524
0.486017
0.386891
0.486910
0.593774
0.450746
0.483570
0.498908
0.474479
0.469602
0.550865
0.593731
0.470110
0.445376
0.507693
0.551067
0.455738
0.518016
0.445225
0.493180
0.438643
0.516354
0.559060
0.590554
0.511693
0.560534
0.656935
0.490752
0.513987
0.612489
0.493603
0.444938
0.477081
0.436583
0.589168
0.476673
0.442508
0.550445
0.509332
0.505831
0.515569
0.409729
0.524226
0.643996
0.559180
0.505801
0.482497
0.589171
0.483553
0.659836
0.492187
0.568176
0.395631
0.473286
0.419859
0.386799
0.536613
0.535347
0.468614
0.499326
0.511640
0.558889
0.622859
0.492595
0.664515
0.443728
0.510195
0.504624
0.502327
0.441609
0.485049
0.522671
0.496215
0.540074
0.574611
0.498009
0.573366
0.479296
0.653131
0.410075
0.544885
0.600714
0.507486
0.474921
0.529500
0.445716
0.476776
0.494847
0.419758
0.531157
0.484153
0.520435
0.400071
0.488128
0.447976
0.565011
0.526110
0.454525
0.591537
0.605181
0.541515
0.539658
0.445879
0.504177
0.562748
0.488480
0.463804
0.527197
0.432156
0.381567
0.576009
0.587890
0.379661
0.506252
0.400307
0.396155
0.426270
0.455247
0.569941
0.584361
0.588712
0.526526
0.490338
0.536065
0.572594
0.414947
0.455356
0.533414
0.444300
0.471461
0.474819
0.558472
0.617459
0.518059
0.506889
0.533600
0.509905
0.542606
0.540660
0.453887
0.494132
0.673686
0.527858
0.464210
0.384623
0.475913
0.521083
0.520533
0.586293
0.504937
0.611503
0.417622
0.530681
0.608517
0.461098
0.558176
0.568359
0.561338
0.512997
0.522768
0.495588
0.470513
0.418636
0.577221
0.422793
0.467798
0.477583
0.457248
0.460686
0.382179
0.494539
0.418455
0.392788
0.483927
0.506996
0.601239
0.515377
0.491923
0.427348
0.446335
0.524978
0.584664
0.527143
0.467336
0.310155
0.552506
0.411642
0.446718
0.425807
0.420260
0.453369
0.553812
0.471801
0.480799
0.520716
0.516710
0.444221
0.445716
0.505758
0.435045
0.426122
0.570004
0.513174
0.569492
0.550216
0.486064
0.465085
0.450273
0.443834
0.506291
0.549450
0.606088
0.448736
0.404296
0.467883
0.511677
0.521578
0.493958
0.564663
0.570071
0.552908
0.511806
0.431383
0.505565
0.450190
0.416687
0.630918
0.396517
0.373087
0.441458
0.501557
0.649710
0.499970
0.555027
0.375673
0.521549
0.519008
0.514309
0.603864
0.485345
0.534412
0.405375
0.436974
0.594892
0.530424
0.540525
0.569514
0.419807
0.493608
0.445390
0.503185
0.369628
0.409860
0.462248
0.450031
0.352784
0.470931
0.355948
0.605871
0.489316
0.439433
0.486862
0.624919
0.511214
0.449589
0.416033
0.421906
0.641078
0.431059
0.518147
0.634443
0.539736
0.350874
0.561193
0.428463
0.452134
0.512136
0.514156
0.567688
0.437275
0.511604
0.521531
0.585844
0.631607
0.402122
0.592702
0.393471
0.465577
0.496612
0.432163
0.553687
0.524113
0.559805
0.501722
0.464817
0.380284
0.532431
0.359600
0.542050
0.544800
0.382096
0.527402
0.584015
0.514024
0.493407
0.566033
0.464838
0.524785
0.400993
0.510943
0.534084
0.631177
0.521731
0.530050
0.463389
0.511213
0.583687
0.510871
0.446618
0.423269
0.499583
0.474932
0.523834
0.492082
0.537058
0.501965
0.398420
0.445010
0.520721
0.436322
0.381576
0.480858
0.442716
0.573810
0.571376
0.434050
0.555635
0.443437
0.544417
0.516426
0.426655
0.568262
0.453594
0.387136
0.557171
0.433930
0.407215
0.513462
0.480878
0.551945
0.458205
0.347778
0.534757
0.407566
0.495297
0.417312
0.434144
0.477069
0.421983
0.455691
0.468987
0.478795
0.322039
0.436254
0.414797
0.474520
0.393127
0.408519
0.623462
0.466583
0.371310
0.527974
0.562143
0.479904
0.577499
0.511250
0.332668
0.415315
0.533239
0.574720
0.484112
0.429207
0.496939
0.506215
0.608319
0.504135
0.434838
0.453297
0.360536
0.450492
0.448523
0.417711
0.410928
0.605233
0.356059
0.568374
0.491581
0.545780
0.479963
0.540191
0.532275
0.405145
0.609613
0.470232
0.601233
0.492055
0.435149
0.449317
0.497214
0.454814
0.477052
0.463936
0.520900
0.511590
0.557119
0.521713
0.424758
0.597617
0.489599
0.480211
0.476344
0.448566
0.482029
0.484775
0.407017
0.447382
0.470670
0.544709
0.455970
0.495660
0.489686
0.443790
0.532359
0.533559
0.332301
0.455383
0.556907
0.514503
0.401072
0.523009
0.441445
0.619785
0.434901
0.463827
0.647027
0.610286
0.449742
0.489824
0.516777
0.492688
0.420509
0.397006
0.420009
0.345867
0.502383
0.429876
0.460114
0.440817
0.468058
0.424191
0.673566
0.499753
0.570658
0.422709
0.523872
0.392313
0.479695
0.500873
0.487896
0.488628
0.572367
0.389841
0.466975
0.645496
0.606604
0.564840
0.583077
0.621643
0.526784
0.472640
0.443953
0.612824
0.558642
0.597855
0.471960
0.523902
0.451840
0.411521
0.382616
0.538008
0.344250
0.407610
0.350998
0.391325
0.433143
0.443449
0.484383
0.458225
0.432374
0.494629
0.541380
0.545400
0.418070
0.462112
0.461435
0.628482
0.470957
0.376975
0.661978
0.479168
0.461183
0.498849
0.396380
0.590011
0.422967
0.448266
0.454847
0.488236
0.476771
0.439746
0.451637
0.442040
0.471415
0.503974
0.467649
0.515897
0.440847
0.415953
0.464652
0.515372
0.522308
0.487515
0.471316
0.464613
0.489183
0.453294
0.429943
0.474971
0.453500
0.392598
0.466016
0.561417
0.431477
0.370170
0.461238
0.527044
0.523180
0.472104
0.600867
0.494408
0.481964
0.569174
0.541440
0.448346
0.537634
0.481714
0.479063
0.458818
0.455380
0.405562
0.550661
0.399059
0.513503
0.421362
0.389474
0.571419
0.369930
0.433913
0.427759
0.388387
0.352084
0.381532
0.491106
0.414903
0.450152
0.534493
0.354746
0.398646
0.465303
0.436193
0.462371
0.499412
0.387026
0.439598
0.501583
0.402850
0.579474
0.391813
0.430602
0.586649
0.472717
0.461139
0.432510
0.548181
0.657004
0.457476
0.477659
0.411235
0.447474
0.409542
0.335428
0.428563
0.403819
0.463618
0.473768
0.483992
0.376069
0.539819
0.484324
0.497790
0.379140
0.477078
0.452627
0.449675
0.464745
0.468001
0.455618
0.549180
0.487250
0.484273
0.374994
0.436872
0.510880
0.320179
0.398119
0.486372
0.470683
0.477133
0.365319
0.487425
0.375606
0.437559
0.399375
0.483443
0.477827
0.453546
0.450706
0.443152
0.488928
0.518871
0.474266
0.536657
0.468311
0.386966
0.313149
0.387247
0.461840
0.438190
0.429983
0.368878
0.576331
0.452401
0.465218
0.428263
0.417281
0.410721
0.484029
0.431801
0.599886
0.548830
0.398760
0.543949
0.443426
0.423920
0.453865
0.412937
0.436677
0.436449
0.502945
0.470124
0.368106
0.416319
0.454216
0.624666
0.465407
0.539479
0.391706
0.563410
0.502902
0.516398
0.483734
0.671056
0.441187
0.465555
0.541021
0.503716
0.445390
0.491662
0.394245
0.370769
0.453292
0.432538
0.400737
0.550132
0.414510
0.447553
0.596486
0.545469
0.504261
0.393325
0.365557
0.467618
0.562016
0.579751
0.440403
0.505013
0.513129
0.445073
0.375619
0.460351
0.431272
0.425141
0.421852
0.399274
0.574952
0.446858
0.414360
0.524805
0.422061
0.443742
0.537118
0.430689
0.510799
0.405936
0.313479
0.312886
0.478612
0.475570
0.418582
0.413048
0.459514
0.532089
0.582168
0.545103
0.457456
0.319199
0.631623
0.506478
0.352745
0.493720
0.483407
0.470563
0.399545
0.468937
0.407022
0.470508
0.520766
0.521118
0.496725
0.425023
0.456817
0.398854
0.528500
0.497814
0.466938
0.475332
0.496386
0.391723
0.477751
0.477942
0.487734
0.427007
0.471653
0.457926
0.430124
0.440485
0.456480
0.436107
0.479528
0.391857
0.474677
0.532842
0.482728
0.501278
0.484262
0.458857
0.445919
0.496851
0.388206
0.341524
0.455416
0.654298
0.426876
0.606727
0.416631
0.497719
0.488239
0.506940
0.351854
0.579957
0.453130
0.595268
0.433642
0.553088
0.421858
0.490532
0.507985
0.574007
0.533192
0.433189
0.370921
0.487465
0.519733
0.428140
0.415766
0.486864
0.518059
0.377951
0.567375
0.436698
0.506027
0.461454
0.555235
0.437425
0.531617
0.431845
0.425492
0.463365
0.583517
0.514104
0.498064
0.516874
0.441961
0.534243
0.610580
0.399495
0.561606
0.482187
0.500887
0.428293
0.368899
0.468672
0.406070
0.346849
0.449191
0.519316
0.499212
0.429745
0.428583
0.511905
0.416129
0.402896
0.342266
0.573802
0.338420
0.512390
0.414086
0.450568
0.431497
0.388549
0.612598
0.403043
0.486457
0.512362
0.378413
0.344020
0.521689
0.480963
0.363891
0.549542
0.479718
0.434885
0.551494
0.406751
0.357675
0.390763
0.414955
0.367996
0.465592
0.372250
0.419163
0.372325
0.470729
0.521546
0.397529
0.451440
0.417983
0.371894
0.382793
0.402752
0.448002
0.410253
0.504346
0.432742
0.500185
0.372845
0.428234
0.400044
0.349380
0.401716
0.445011
0.495353
0.441588
0.412644
0.400026
0.439137
0.377218
0.402668
0.458265
0.365048
0.469937
0.400609
0.468912
0.423698
0.494001
0.357911
0.309217
0.353841
0.496586
0.376148
0.446853
0.578435
0.568510
0.482800
0.435337
0.349837
0.396735
0.387874
0.402296
0.417441
0.344424
0.461081
0.313915
0.441767
0.457444
0.374559
0.317752
0.436171
0.448964
0.406172
0.425533
0.474712
0.462892
0.399428
0.477314
0.504892
0.505950
0.504227
0.425166
0.509589
0.411674
0.560535
0.326837
0.344923
0.407188
0.333935
0.449747
0.381186
0.343262
0.452904
0.532545
0.405424
0.459787
0.416732
0.427007
0.370901
0.486448
0.471172
0.380466
0.461621
0.340055
0.527064
0.412493
0.372547
0.519668
0.481972
0.400831
0.427293
0.462469
0.572740
0.421005
0.406760
0.480753
0.528407
0.503244
0.518914
0.332798
0.441107
0.473359
0.453248
0.466023
0.394607
0.449914
0.493782
0.367118
0.480583
0.405175
0.488983
0.546259
0.401536
0.559384
0.555561
0.399800
0.436854
0.336882
0.527033
0.392632
0.410319
0.382992
0.405192
0.529321
0.398119
0.427478
0.433874
0.539137
0.494379
0.371513
0.426446
0.416793
0.470949
0.491440
0.336846
0.376042
0.481790
0.453190
0.417607
0.379177
0.381374
0.427093
0.411651
0.512992
0.350710
0.416263
0.476698
0.456246
0.537124
0.347438
0.387407
0.374109
0.528689
0.442248
0.449680
0.349062
0.549859
0.370689
0.402636
0.396549
0.419099
0.559719
0.447594
0.329655
0.397790
0.506675
0.392096
0.471717
0.510601
0.419803
0.458690
0.494164
0.560970
0.421081
0.460477
0.384856
0.492880
0.441185
0.504239
0.444599
0.307668
0.523228
0.390061
0.414071
0.461763
0.382588
0.376171
0.427077
0.379321
0.500646
0.429111
0.514899
0.378838
0.383586
0.481614
0.474436
0.594739
0.390366
0.330567
0.342927
0.370272
0.354240
0.399065
0.460387
0.421817
0.442215
0.400807
0.404940
0.469097
0.395162
0.493323
0.441166
0.334013
0.438008
0.450844
0.415477
0.448049
0.393610
0.507347
0.429382
0.470453
0.424794
0.480324
0.467838
0.384342
0.325366
0.484406
0.466876
0.447287
0.406890
0.361308
0.381213
0.462515
0.458118
0.381411
0.615688
0.418022
0.387803
0.474208
0.516037
0.496694
0.427613
0.417174
0.388290
0.457792
0.464781
0.490494
0.511889
0.519615
0.419700
0.425935
0.474428
0.389470
0.602046
0.557694
0.389260
0.420653
0.412048
0.356914
0.393166
0.537160
0.379466
0.455908
0.380922
0.507341
0.415131
0.519116
0.366911
0.412504
0.499891
0.592645
0.418619
0.469298
0.472445
0.426718
0.503264
0.465083
0.579173
0.574743
0.521234
0.385504
0.535770
0.306909
0.459855
0.451703
0.456366
0.470975
0.440195
0.481195
0.383069
0.338229
0.550154
0.384962
0.355931
0.333860
0.510083
0.333006
0.434960
0.433583
0.464281
0.445710
0.493531
0.498193
0.413896
0.315329
0.471710
0.466318
0.452208
0.445124
0.364084
0.532151
0.430624
0.375950
0.575867
0.361468
0.448098
0.486199
0.393649
0.455902
0.581127
0.430696
0.559707
0.446410
0.326479
0.418684
0.413211
0.447810
0.419870
0.349568
0.400600
0.482695
0.482806
0.470585
0.465219
0.578528
0.372288
0.426375
0.456221
0.451171
0.503106
0.454920
0.463028
0.381036
0.380908
0.387891
0.390943
0.476153
0.381153
0.360974
0.420200
0.501054
0.308723
0.422300
0.408990
0.393348
0.445760
0.457063
0.487102
0.342995
0.413215
0.446920
0.409674
0.380287
0.432841
0.472063
0.429783
0.521057
0.393593
0.340068
0.362059
0.458183
0.369822
0.361280
0.370690
0.332139
0.431374
0.452496
0.447099
0.415942
0.385050
0.420942
0.479347
0.326320
0.442298
0.483465
0.488457
0.301868
0.398892
0.610710
0.413246
0.401567
0.465475
0.366802
0.386654
0.373595
0.496021
0.379136
0.467634
0.415582
0.402463
0.332697
0.487309
0.404868
0.389716
0.358095
0.356281
0.355508
0.360618
0.391965
0.443067
0.517418
0.448795
0.406786
0.422203
0.422417
0.539778
0.466461
0.529592
0.436747
0.394266
0.429198
0.330963
0.358748
0.304791
0.572381
0.376302
0.348762
0.467585
0.435325
0.394836
0.368710
0.309577
0.356828
0.369349
0.438429
0.414286
0.520182
0.587095
0.392566
0.438079
0.427048
0.431298
0.476402
0.458781
0.363304
0.416703
0.342440
0.367216
0.424374
0.384724
0.552430
0.508501
0.328497
0.440212
0.359780
0.576089
0.445205
0.380069
0.404677
0.440595
0.510407
0.379941
0.491435
0.407657
0.320131
0.332934
0.477283
0.394814
0.475569
0.415571
0.494904
0.360307
0.488665
0.439954
0.465557
0.450542
0.443539
0.316770
0.499669
0.447768
0.449135
0.431159
0.334171
0.449272
0.550531
0.373243
0.458693
0.498113
0.447565
0.341086
0.475089
0.439114
0.399138
0.559641
0.475436
0.412707
0.433942
0.497371
0.324353
0.464049
0.340815
0.425143
0.481786
0.353202
0.413675
0.426127
0.536592
0.333726
0.468866
0.447258
0.390946
0.460846
0.450283
0.383426
0.490511
0.405806
0.387710
0.443288
0.322235
0.348901
0.460985
0.430730
0.461510
0.388970
0.461871
0.336434
0.416368
0.328013
0.491307
0.378737
0.430720
0.410176
0.348143
0.446456
0.461878
0.411422
0.393456
0.417056
0.520718
0.438152
0.480158
0.399954
0.419832
0.325217
0.382675
0.400680
0.309598
0.396906
0.376250
0.352991
0.516527
0.405588
0.427638
0.441972
0.411026
0.477919
0.362521
0.320019
0.333759
0.285934
0.424087
0.391114
0.378338
0.527901
0.450207
0.379286
0.451057
0.388860
0.418007
0.380536
0.484722
0.363034
0.383225
0.456521
0.397818
0.366025
0.372619
0.359186
0.455137
0.448389
0.400261
0.358979
0.414913
0.427032
0.474105
0.458311
0.389066
0.407419
0.388406
0.380404
0.297546
0.455960
0.374643
0.542707
0.416753
0.386703
0.376785
0.408305
0.419836
0.444934
0.343250
0.438740
0.360944
0.436957
0.376548
0.414608
0.332554
0.462105
0.449180
0.381198
0.352294
0.476296
0.491425
0.382909
0.370683
0.398761
0.410586
0.533868
0.539160
0.390242
0.364332
0.524968
0.328835
0.436081
0.400179
0.425771
0.311130
0.423198
0.419570
0.369383
0.418684
0.375701
0.328301
0.356301
0.431009
0.320193
0.458309
0.282245
0.369552
0.400124
0.345970
0.358518
0.411729
0.321647
0.423870
0.407546
0.373256
0.511923
0.319545
0.403617
0.404659
0.408180
0.424400
0.330138
0.446814
0.421856
0.436788
0.411442
0.478777
0.458478
0.412915
0.314943
0.344168
0.299130
0.355229
0.359275
0.393228
0.360481
0.394781
0.436454
0.515368
0.407627
0.464228
0.498247
0.381653
0.544878
0.342712
0.460942
0.439805
0.308234
0.477988
0.499362
0.404769
0.323248
0.403649
0.300317
0.466444
0.469103
0.518021
0.395400
0.533329
0.343845
0.414957
0.481374
0.375290
0.351087
0.495392
0.441727
0.396532
0.425219
0.380262
0.400905
0.377636
0.403530
0.318288
0.512185
0.274108
0.333857
0.363233
0.479554
0.322491
0.418935
0.408891
0.453351
0.352740
0.379404
0.424864
0.523811
0.367477
0.482487
0.383357
0.393457
0.410418
0.388069
0.346488
0.356877
0.381361
0.302928
0.474258
0.389183
0.386943
0.401951
0.426919
0.461874
0.400332
0.395804
0.338224
0.485441
0.323335
0.400716
0.421111
0.356407
0.440160
0.455686
0.341854
0.387392
0.367926
0.406210
0.392579
0.381916
0.380421
0.323407
0.392074
0.322920
0.371296
0.354062
0.421694
0.312553
0.532708
0.347317
0.344354
0.415278
0.290942
0.458946
0.447626
0.346526
0.430438
0.332076
0.375398
0.471280
0.413911
0.428551
0.407908
0.340710
0.358322
0.320976
0.454169
0.508214
0.470386
0.343761
0.307542
0.431752
0.355585
0.342358
0.304718
0.324375
0.352513
0.283961
0.420752
0.351586
0.412913
0.358401
0.472256
0.462368
0.450927
0.310394
0.305263
0.428132
0.417568
0.357113
0.454869
0.299026
0.450049
0.449605
0.420937
0.400083
0.343513
0.331724
0.405719
0.351848
0.466297
0.302489
0.385233
0.385289
0.402646
0.500197
0.482934
0.406305
0.424145
0.350689
0.356380
0.469324
0.397582
0.581760
0.370645
0.381361
0.375331
0.327781
0.345802
0.304736
0.478800
0.268643
0.437183
0.315114
0.291381
0.414255
0.323524
0.541515
0.515094
0.419747
0.439446
0.292372
0.484311
0.415082
0.356171
0.411509
0.389678
0.351186
0.337195
0.395008
0.407351
0.445125
0.457988
0.356818
0.304039
0.380771
0.442660
0.256767
0.349225
0.361658
0.467519
0.384213
0.416636
0.448188
0.351389
0.350050
0.336034
0.371336
0.399925
0.437672
0.460495
0.356474
0.418860
0.437679
0.368057
0.375986
0.288552
0.419129
0.442084
0.362426
0.523350
0.348325
0.538617
0.419946
0.382995
0.324410
0.288968
0.474327
0.456715
0.302557
0.389811
0.348822
0.403998
0.744768
0.422500
0.392492
0.282661
0.348211
0.436953
0.453618
0.514977
0.467721
0.339963
0.468391
0.429031
0.314829
0.355536
0.380910
0.400717
0.367830
0.355205
0.383022
0.524763
0.388557
0.509717
0.354054
0.474949
0.380752
0.427160
0.337680
0.417826
0.417640
0.411568
0.304799
0.385708
0.346103
0.436969
0.400046
0.397906
0.317905
0.363556
0.482392
0.375771
0.343076
0.409171
0.481983
0.356856
0.471293
0.487917
0.396128
0.484013
0.350798
0.326795
0.363219
0.318052
0.424905
0.335500
0.322371
0.286227
0.391704
0.336045
0.474555
0.417893
0.255346
0.328377
0.302076
0.387926
0.370210
0.348588
0.395353
0.377714
0.291103
0.378381
0.301545
0.501753
0.365248
0.381241
0.478641
0.422256
0.338625
0.387469
0.408996
0.289907
0.419304
0.505073
0.382696
0.362251
0.460916
0.424024
0.299789
0.528478
0.363566
0.384759
0.398135
0.481474
0.430786
0.367927
0.443182
0.500152
0.378911
0.365518
0.374393
0.505467
0.463811
0.518465
0.397630
0.351920
0.428324
0.314446
0.414007
0.416440
0.326971
0.347878
0.396238
0.498923
0.502349
0.327819
0.459011
0.346504
0.367068
0.465366
0.376745
0.448994
0.360355
0.461391
0.399486
0.364402
0.362335
0.429221
0.444595
0.460786
0.392604
0.375095
0.309476
0.396997
0.362689
0.362955
0.363053
0.507476
0.407818
0.387935
0.390815
0.354063
0.384330
0.396236
0.352955
0.463032
0.411296
0.282863
0.420447
0.389422
0.349635
0.409898
0.399247
0.403383
0.258345
0.378060
0.399378
0.364196
0.480440
0.367198
0.397558
0.396194
0.325133
0.406994
0.241239
0.344984
0.327432
0.396117
0.329376
0.307847
0.348425
0.346768
0.419232
0.289609
0.332140
0.383299
0.362916
0.313958
0.385663
0.386867
0.449175
0.351726
0.394981
0.380718
0.398472
0.401785
0.428951
0.352793
0.451779
0.442092
0.289332
0.386060
0.319178
0.305140
0.367601
0.310931
0.441475
0.450087
0.399389
0.450914
0.436186
0.421084
0.320601
0.312312
0.320740
0.285505
0.303043
0.382427
0.311797
0.349330
0.336513
0.323988
0.428302
0.395726
0.321166
0.413193
0.416299
0.391846
0.377387
0.423087
0.371646
0.395392
0.416434
0.330633
0.389634
0.332534
0.423525
0.325422
0.297341
0.434116
0.293171
0.435480
0.426366
0.391593
0.347202
0.247494
0.336951
0.402432
0.368162
0.482939
0.329035
0.393377
0.314652
0.359261
0.398711
0.380066
0.363381
0.486286
0.399166
0.343043
0.368142
0.320446
0.433458
0.358273
0.305864
0.380854
0.387127
0.483899
0.473510
0.322616
0.347604
0.337584
0.437415
0.408783
0.318414
0.383646
0.335809
0.441841
0.367917
0.386643
0.348290
0.303377
0.522765
0.344802
0.334819
0.321414
0.374391
0.287584
0.335974
0.459807
0.351218
0.372743
0.358236
0.373237
0.256361
0.370630
0.424270
0.329338
0.358270
0.413648
0.386809
0.320377
0.413068
0.359683
0.351911
0.381585
0.339160
0.382697
0.361723
0.508396
0.349659
0.412899
0.428697
0.318612
0.351413
0.377997
0.390894
0.356660
0.322368
0.286806
0.365408
0.315899
0.420053
0.279637
0.386951
0.350774
0.307281
0.376964
0.461502
0.412122
0.294233
0.293712
0.328895
0.514241
0.336987
0.350759
0.471005
0.421566
0.374279
0.328015
0.443472
0.284548
0.439239
0.347648
0.327829
0.406890
0.444415
0.322512
0.421610
0.282124
0.425243
0.310575
0.406029
0.450875
0.394595
0.438138
0.391751
0.354221
0.397000
0.442402
0.338162
0.295236
0.268636
0.418271
0.345149
0.368168
0.350282
0.312986
0.297106
0.364060
0.300734
0.432260
0.466245
0.302785
0.366435
0.414705
0.432792
0.427946
0.297095
0.331521
0.422420
0.375486
0.431370
0.329399
0.445117
0.443901
0.331358
0.411980
0.390307
0.422000
0.376174
0.349476
0.327753
0.433061
0.402589
0.406751
0.393055
0.449489
0.337150
0.399467
0.312200
0.392637
0.387167
0.424219
0.483208
0.416907
0.388513
0.419554
0.344169
0.336200
0.372901
0.448371
0.383188
0.307609
0.383054
0.280231
0.362820
0.255196
0.334127
0.432097
0.274642
0.325423
0.421668
0.400046
0.352725
0.269559
0.307736
0.355469
0.319796
0.437820
0.485788
0.404340
0.415728
0.386337
0.395697
0.346120
0.393684
0.338894
0.416829
0.363810
0.304986
0.356554
0.396575
0.337999
0.451088
0.518231
0.409084
0.382745
0.392896
0.379880
0.287883
0.423676
0.383878
0.321693
0.309011
0.382015
0.407460
0.381742
0.313316
0.417103
0.406284
0.355014
0.401492
0.331653
0.292486
0.351573
0.423025
0.333326
0.336512
0.420188
0.293040
0.484687
0.402735
0.418051
0.317228
0.357343
0.352808
0.436273
0.383606
0.413548
0.403360
0.307787
0.435719
0.336615
0.339135
0.382752
0.341775
0.343116
0.356784
0.456776
0.410316
0.415417
0.295851
0.279696
0.479913
0.368997
0.297287
0.462964
0.338835
0.454668
0.290595
0.318834
0.423448
0.415404
0.557468
0.393429
0.372248
0.367072
0.371208
0.295784
0.304230
0.408468
0.409442
0.382019
0.317058
0.334253
0.353191
0.348961
0.346785
0.455445
0.393042
0.358685
0.359563
0.453029
0.481053
0.365757
0.342149
0.381049
0.414694
0.401667
0.298553
0.390962
0.314925
0.377161
0.357179
0.340113
0.246845
0.402506
0.360933
0.252567
0.402024
0.423771
0.440740
0.375495
0.461153
0.320015
0.311190
0.287586
0.402221
0.363017
0.344502
0.357400
0.285587
0.292158
0.377343
0.392137
0.350385
0.286730
0.338328
0.384103
0.363984
0.341308
0.350537
0.344424
0.387920
0.332011
0.329836
0.424241
0.273192
0.278511
0.284699
0.361762
0.425918
0.376190
0.373178
0.351545
0.351379
0.348724
0.264690
0.352589
0.376833
0.364009
0.345894
0.406699
0.424015
0.311944
0.390446
0.297898
0.378861
0.340722
0.381081
0.315959
0.360889
0.326644
0.327968
0.387091
0.365577
0.397095
0.306645
0.366187
0.316835
0.326692
0.378925
0.353153
0.363582
0.390294
0.434722
0.422098
0.329673
0.389233
0.397932
0.309292
0.346968
0.315136
0.353952
0.293749
0.371492
0.392437
0.338549
0.271814
0.338845
0.313001
0.385620
0.314203
0.360838
0.362800
0.413032
0.399945
0.310195
0.329996
0.351182
0.418371
0.466389
0.309527
0.333999
0.329377
0.469583
0.393036
0.290347
0.350401
0.419734
0.318477
0.440745
0.422165
0.350625
0.410679
0.246138
0.431131
0.459634
0.310446
0.306099
0.361445
0.399497
0.348654
0.382977
0.268433
0.370286
0.381948
0.301012
0.400911
0.341966
0.281234
0.467541
0.303336
0.343365
0.409603
0.386437
0.359044
0.362928
0.421987
0.359443
0.437614
0.379230
0.368142
0.281830
0.654976
0.455101
0.307478
0.268821
0.407543
0.373254
0.289993
0.333625
0.334079
0.389916
0.294985
0.424770
0.456965
0.344569
0.386034
0.284778
0.364843
0.354068
0.324921
0.330531
0.384260
0.309905
0.364174
0.411697
0.385505
0.417662
0.410858
0.339346
0.387115
0.379024
0.326005
0.280189
0.332817
0.300510
0.365831
0.343549
0.370164
0.429539
0.377485
0.388298
0.308183
0.351570
0.354310
0.350470
0.405974
0.330530
0.312453
0.320277
0.331452
0.344951
0.398080
0.400885
0.438023
0.367025
0.313945
0.329092
0.359439
0.286630
0.346520
0.426196
0.349739
0.310283
0.371290
0.347348
0.420805
0.387511
0.371835
0.324739
0.296350
0.376383
0.363607
0.427451
0.373794
0.437422
0.288121
0.303438
0.460087
0.357552
0.395418
0.285618
0.271992
0.372199
0.479241
0.396830
0.436017
0.360587
0.422689
0.402281
0.320995
0.302140
0.379928
0.353487
0.333544
0.416338
0.457845
0.352416
0.367857
0.362492
0.369092
0.277133
0.357566
0.304826
0.380155
0.368546
0.331361
0.400484
0.318082
0.471284
0.287309
0.381954
0.491159
0.361306
0.372440
0.390988
0.299958
0.427555
0.391593
0.276824
0.291441
0.275813
0.421658
0.341753
0.293688
0.289356
0.393645
0.399687
0.398112
0.342489
0.393416
0.288860
0.319609
0.318174
0.353038
0.325147
0.350239
0.368854
0.292338
0.318299
0.366134
0.373903
0.397361
0.322848
0.372981
0.311445
0.373865
0.300361
0.398466
0.393295
0.425997
0.311008
0.323905
0.442060
0.498794
0.311485
0.293586
0.384936
0.348929
0.335686
0.281536
0.320582
0.342603
0.359907
0.380810
0.425451
0.318085
0.355492
0.440687
0.329334
0.461536
0.425541
0.305622
0.315040
0.312055
0.492630
0.413997
0.328085
0.370348
0.313680
0.362078
0.372350
0.332613
0.404482
0.468243
0.458975
0.377986
0.391459
0.359444
0.387190
0.319174
0.310943
0.445922
0.378515
0.532791
0.355368
0.412669
0.369400
0.394644
0.281146
0.402863
0.386096
0.341977
0.439707
0.370021
0.385461
0.328191
0.286446
0.379785
0.444674
0.313222
0.309879
0.301333
0.255041
0.360990
0.297622
0.455933
0.322213
0.289435
0.396206
0.400031
0.250598
0.343619
0.355574
0.297453
0.340697
0.436872
0.316668
0.380672
0.268235
0.293597
0.290970
0.368081
0.347130
0.348639
0.474151
0.340236
0.346741
0.345743
0.296232
0.368782
0.275000
0.367530
0.377400
0.383728
0.367964
0.308940
0.435066
0.491266
0.305794
0.355377
0.303460
0.325732
0.267803
0.382649
0.354342
0.324011
0.425365
0.275680
0.375808
0.389543
0.432135
0.374562
0.244226
0.398791
0.339891
0.336832
0.320253
0.422097
0.337897
0.285772
0.397367
0.326994
0.315044
0.332409
0.405210
0.310646
0.393888
0.298118
0.327170
0.320060
0.355457
0.287207
0.345361
0.307272
0.469387
0.294888
0.361738
0.286673
0.295691
0.318966
0.519231
0.328538
0.298411
0.411050
0.416654
0.340575
0.381494
0.339928
0.318410
0.362001
0.352195
0.389069
0.327845
0.315528
0.363021
0.331991
0.484473
0.349574
0.488383
0.338065
0.379456
0.320518
0.336563
0.336539
0.258806
0.288570
0.354567
0.312503
0.447365
0.309170
0.353768
0.320018
0.292942
0.450341
0.321709
0.333590
0.391610
0.383816
0.424336
0.337599
0.327014
0.378078
0.311283
0.275249
0.315005
0.305106
0.436737
0.328565
0.318456
0.410094
0.280363
0.320925
0.387491
0.354959
0.314319
0.292842
0.431944
0.326895
0.369006
0.375036
0.254478
0.303926
0.312376
0.382938
0.318029
0.342539
0.318196
0.423492
0.393068
0.334729
0.347515
0.278329
0.458793
0.456363
0.348524
0.360891
0.387512
0.411494
0.355431
0.405887
0.259691
0.291001
0.307019
0.360713
0.306124
0.308110
0.437892
0.288735
0.429305
0.251248
0.414816
0.336744
0.422655
0.331039
0.314060
0.243561
0.398648
0.364565
0.303911
0.344859
0.383714
0.287702
0.377615
0.329006
0.379212
0.307325
0.275934
0.316047
0.463798
0.377830
0.363650
0.439760
0.340832
0.377548
0.362778
0.313805
0.332912
0.355476
0.287481
0.340759
0.305555
0.259468
0.265404
0.346884
0.272320
0.341481
0.325486
0.406798
0.443223
0.344490
0.329048
0.228527
0.383146
0.373117
0.480676
0.317512
0.317183
0.310752
0.386174
0.329779
0.329747
0.325581
0.240889
0.343830
0.293629
0.320013
0.323163
0.344422
0.261137
0.379499
0.358131
0.301685
0.316746
0.377827
0.353237
0.272627
0.337416
0.349418
0.468306
0.435476
0.340510
0.335654
0.352390
0.347478
0.384163
0.352665
0.290261
0.355837
0.358252
0.365354
0.278915
0.270416
0.352472
0.331055
0.306594
0.304706
0.457809
0.301885
0.362638
0.287886
0.376815
0.341466
0.397582
0.297726
0.416695
0.316018
0.318123
0.339002
0.295273
0.356580
0.324239
0.259472
0.318157
0.297584
0.318562
0.299765
0.382058
0.353689
0.353374
0.297385
0.347547
0.389737
0.336909
0.366492
0.306949
0.374633
0.357959
0.304799
0.322502
0.424580
0.362702
0.328386
0.372055
0.422102
0.280935
0.300392
0.329290
0.323377
0.409673
0.302137
0.323552
0.353580
0.411206
0.290506
0.410567
0.355357
0.286361
0.365583
0.327054
0.465025
0.309345
0.324513
0.335367
0.367322
0.343019
0.467850
0.240549
0.304067
0.321250
0.318317
0.306842
0.342887
0.406950
0.355456
0.304774
0.312759
0.476213
0.322410
0.313646
0.301080
0.291594
0.243860
0.313753
0.314631
0.357312
0.350226
0.305575
0.300933
0.245532
0.393022
0.320814
0.467556
0.417066
0.301782
0.370709
0.276119
0.338890
0.364519
0.341316
0.318954
0.299132
0.275228
0.384477
0.321201
0.321504
0.419639
0.348039
0.297085
0.386889
0.367620
0.324529
0.363532
0.312790
0.252671
0.361646
0.337819
0.374708
0.319336
0.386310
0.423522
0.246030
0.302370
0.315868
0.459280
0.347811
0.306033
0.265418
0.346852
0.256036
0.307989
0.403027
0.350426
0.362529
0.268551
0.351522
0.314101
0.325583
0.300232
0.374326
0.330899
0.283931
0.293757
0.302795
0.291851
0.280347
0.312226
0.371699
0.306637
0.281236
0.304935
0.369375
0.321843
0.326246
0.263429
0.290322
0.328739
0.363828
0.289490
0.389140
0.280312
0.272322
0.282972
0.289869
0.350346
0.286133
0.256298
0.269964
0.297653
0.345583
0.380059
0.333600
0.249981
0.302907
0.328620
0.343958
0.346578
0.283457
0.305347
0.350810
0.385789
0.367063
0.349549
0.372598
0.320541
0.313838
0.337061
0.279658
0.323417
0.332477
0.429131
0.404596
0.376107
0.369932
0.319733
0.375366
0.323215
0.343182
0.413943
0.383664
0.420460
0.363179
0.377886
0.330412
0.332273
0.320390
0.319673
0.364631
0.282454
0.393448
0.431855
0.331105
0.331136
0.274612
0.337638
0.368131
0.339915
0.312071
0.307320
0.294515
0.324955
0.411912
0.395370
0.389372
0.277269
0.302081
0.333524
0.354144
0.349355
0.258867
0.359971
0.364724
0.277559
0.348391
0.347523
0.318433
0.319280
0.374719
0.326310
0.316081
0.369970
0.323658
0.379333
0.258837
0.314947
0.348063
0.355396
0.319551
0.308377
0.348592
0.325519
0.320770
0.359790
0.350260
0.426713
0.316284
0.274738
0.324615
0.352867
0.278096
0.419208
0.358653
0.359021
0.433115
0.247990
0.361328
0.280463
0.357677
0.418649
0.333918
0.238956
0.236965
0.339295
0.345759
0.353017
0.414318
0.374295
0.427167
0.369013
0.268042
0.333325
0.381347
0.396041
0.307444
0.350936
0.318566
0.407917
0.394525
0.292991
0.511048
0.423455
0.277183
0.325741
0.306160
0.407260
0.287483
0.257512
0.347213
0.383376
0.273539
0.257703
0.337756
0.308194
0.244355
0.342202
0.387597
0.400095
0.391044
0.306479
0.375015
0.302772
0.379795
0.282192
0.349304
0.318414
0.368061
0.414067
0.372457
0.323745
0.362530
0.391762
0.427212
0.359625
0.312646
0.302498
0.358317
0.338983
0.309084
0.355380
0.424471
0.342912
0.363000
0.410082
0.394846
0.334322
0.377955
0.270480
0.291781
0.398356
0.301141
0.317686
0.302323
0.341514
0.313976
0.310634
0.297176
0.316746
0.243362
0.329312
0.328368
0.274322
0.372751
0.360343
0.347590
0.419274
0.298182
0.388706
0.318300
0.304076
0.297850
0.384845
0.335235
0.333190
0.387119
0.351745
0.385275
0.330413
0.412800
0.403710
0.412457
0.250798
0.277005
0.348519
0.383133
0.284317
0.273346
0.388002
0.367596
0.342617
0.359193
0.374817
0.361229
0.319819
0.335506
0.292670
0.306952
0.293982
0.288429
0.363842
0.457034
0.480230
0.325050
0.298869
0.281634
0.309378
0.320195
0.281793
0.290478
0.303472
0.310284
0.368837
0.308390
0.283648
0.287340
0.314406
0.333507
0.281997
0.361283
0.336132
0.227077
0.313756
0.370149
0.287349
0.310369
0.326780
0.407053
0.340820
0.382038
0.306043
0.343057
0.320723
0.270533
0.342249
0.460655
0.353476
0.345404
0.308926
0.262387
0.281158
0.391764
0.332271
0.346877
0.370819
0.401326
0.348540
0.266979
0.298736
0.290614
0.317412
0.300460
0.353842
0.343428
0.264860
0.289543
0.252385
0.332112
0.392879
0.333276
0.304250
0.264072
0.339428
0.306425
0.316321
0.319109
0.302078
0.340048
0.408096
0.386648
0.340647
0.313856
0.323539
0.314548
0.337504
0.348514
0.251307
0.305465
0.326148
0.252969
0.418376
0.267223
0.357503
0.350312
0.318663
0.356187
0.333083
0.380826
0.452506
0.355664
0.401353
0.279658
0.242246
0.350294
0.303233
0.296129
0.276379
0.289727
0.340731
0.310699
0.422593
0.387732
0.369034
0.342083
0.334787
0.351646
0.310501
0.286189
0.377508
0.308707
0.402181
0.316505
0.324107
0.295395
0.289581
0.333948
0.381061
0.366932
0.336498
0.319129
0.269375
0.338306
0.354424
0.503594
0.322748
0.280405
0.367678
0.327015
0.347695
0.308126
0.358543
0.310614
0.271109
0.334621
0.355144
0.316147
0.298606
0.330202
0.279207
0.360148
0.250149
0.340198
0.337554
0.319919
0.282688
0.278224
0.338259
0.323656
0.420749
0.278626
0.245014
0.256943
0.319523
0.272172
0.296039
0.334090
0.304520
0.304834
0.346758
0.338692
0.312893
0.333127
0.241936
0.313070
0.322241
0.354063
0.301965
0.294291
0.348044
0.346988
0.452086
0.347792
0.356450
0.343721
0.392567
0.279876
0.321157
0.299227
0.323405
0.236225
0.479455
0.251770
0.291878
0.400409
0.294987
0.325739
0.313072
0.389543
0.346271
0.400600
0.319283
0.272170
0.383460
0.313731
0.335061
0.311807
0.415161
0.361063
0.377785
0.376288
0.374482
0.307413
0.378294
0.300756
0.237734
0.295949
0.362123
0.297470
0.411420
0.323693
0.342624
0.386570
0.323898
0.343611
0.304030
0.305312
0.318778
0.351026
0.362209
0.401506
0.328956
0.259050
0.329470
0.270326
0.294698
0.311655
0.286630
0.269854
0.313595
0.243778
0.350340
0.280199
0.334180
0.367790
0.358494
0.299041
0.339672
0.286247
0.461523
0.378378
0.261191
0.335228
0.305895
0.337226
0.356004
0.360285
0.396864
0.356145
0.391521
0.342448
0.308029
0.268891
0.352235
0.255747
0.324584
0.298198
0.394826
0.338498
0.271497
0.332593
0.264112
0.354298
0.262628
0.246530
0.320798
0.353870
0.376130
0.307898
0.308391
0.419600
0.288114
0.337916
0.296184
0.311652
0.391558
0.287666
0.388384
0.296381
0.358390
0.331286
0.320579
0.330305
0.311998
0.341095
0.362102
0.270139
0.288556
0.302507
0.310778
0.328437
0.314957
0.327442
0.355320
0.363787
0.412070
0.326991
0.317583
0.335716
0.373458
0.302234
0.376902
0.308880
0.274159
0.295740
0.298682
0.341947
0.278378
0.304150
0.312427
0.293226
0.284418
0.285682
0.348494
0.312167
0.414923
0.351345
0.245422
0.360454
0.313937
0.388304
0.317791
0.259299
0.316271
0.335325
0.313219
0.323783
0.272421
0.364385
0.373088
0.263897
0.287817
0.307691
0.387956
0.263389
0.350540
0.244331
0.295703
0.418844
0.303439
0.284778
0.321556
0.288092
0.311007
0.282888
0.272234
0.310732
0.310967
0.364421
0.348073
0.389988
0.309614
0.348293
0.357042
0.350994
0.334734
0.318127
0.344670
0.268842
0.297506
0.334277
0.364164
0.410655
0.287254
0.384916
0.340198
0.341846
0.397055
0.386792
0.257245
0.323753
0.350445
0.254218
0.350164
0.299257
0.284164
0.271802
0.435571
0.297666
0.379783
0.317868
0.299999
0.340886
0.336208
0.336919
0.335126
0.316811
0.389624
0.327309
0.378084
0.339561
0.248982
0.335456
0.393451
0.285664
0.354508
0.273216
0.306192
0.278742
0.286156
0.271980
0.310027
0.325266
0.358710
0.283841
0.334566
0.315384
0.323577
0.406521
0.295321
0.321287
0.233912
0.403155
0.318569
0.339504
0.306177
0.335678
0.297588
0.261493
0.386973
0.329522
0.307413
0.276253
0.312893
0.309011
0.407722
0.306272
0.295575
0.343918
0.287485
0.347779
0.315986
0.255191
0.301641
0.276020
0.340388
0.310790
0.283812
0.348294
0.336421
0.272082
0.335143
0.306776
0.321714
0.256366
0.368620
0.440793
0.342238
0.317066
0.327043
0.268068
0.314137
0.277130
0.313054
0.285264
0.349758
0.273373
0.278364
0.370684
0.357822
0.354546
0.303033
0.421767
0.266606
0.278234
0.355882
0.353773
0.376325
0.254821
0.429432
0.287753
0.402436
0.395964
0.313800
0.317694
0.262904
0.317529
0.391842
0.455231
0.299461
0.271996
0.365148
0.283086
0.353395
0.337924
0.293902
0.299074
0.335020
0.343903
0.316911
0.361423
0.313851
0.393007
0.386945
0.312381
0.337722
0.386146
0.320873
0.292269
0.310459
0.508713
0.371900
0.304501
0.314097
0.318354
0.377438
0.308043
0.401744
0.418209
0.347790
0.278841
0.314723
0.408677
0.294554
0.354796
0.303928
0.374209
0.324387
0.308732
0.285761
0.424844
0.447021
0.289670
0.333296
0.291397
0.401964
0.313988
0.335310
0.272431
0.280235
0.315584
0.405209
0.258105
0.260195
0.315945
0.280875
0.264151
0.332047
0.279161
0.348646
0.310562
0.342663
0.382385
0.279927
0.361158
0.268289
0.376068
0.353932
0.321760
0.324395
0.388768
0.322525
0.297996
0.447418
0.304275
0.352415
0.352832
0.328088
0.405365
0.374003
0.289333
0.272434
0.331628
0.343946
0.367605
0.257803
0.345642
0.329592
0.297978
0.288552
0.274289
0.333303
0.354320
0.345443
0.305129
0.395878
0.293947
0.394497
0.285091
0.361328
0.387243
0.356866
0.353613
0.283003
0.390165
0.366697
0.358374
0.343355
0.337520
0.297954
0.442991
0.232339
0.287259
0.301262
0.289200
0.385634
0.275359
0.232564
0.319956
0.336141
0.275003
0.286098
0.434172
0.363862
0.415830
0.299667
0.233018
0.306771
0.293001
0.317145
0.336145
0.236528
0.364809
0.303841
0.274784
0.296488
0.384607
0.331705
0.364437
0.324313
0.280200
0.407207
0.304395
0.352013
0.285424
0.325327
0.359290
0.318915
0.350074
0.306764
0.292647
0.393896
0.288149
0.311358
0.300912
0.295880
0.349716
0.338001
0.371856
0.303797
0.223278
0.288986
0.342151
0.285390
0.300252
0.273057
0.355991
0.349667
0.440870
0.256886
0.261321
0.386672
0.356267
0.282217
0.343455
0.313258
0.382199
0.483797
0.299175
0.307294
0.343014
0.296465
0.317796
0.349702
0.336586
0.343082
0.358898
0.282662
0.276781
0.365898
0.272873
0.437463
0.284944
0.340444
0.260648
0.337883
0.346325
0.280240
0.373418
0.388809
0.364286
0.305209
0.325284
0.280532
0.370477
0.237135
0.256767
0.331819
0.409635
0.389530
0.309617
0.303335
0.424208
0.245022
0.297414
0.450342
0.327312
0.371039
0.270916
0.349543
0.352414
0.264051
0.340005
0.350198
0.385738
0.372316
0.355211
0.338042
0.318036
0.351798
0.279916
0.328113
0.297172
0.293978
0.292507
0.342387
0.273286
0.379645
0.273904
0.382164
0.324363
0.425630
0.344243
0.331856
0.302559
0.389010
0.316105
0.386777
0.295215
0.266582
0.264214
0.331380
0.347031
0.415887
0.376173
0.350298
0.331771
0.295439
0.239001
0.278580
0.323404
0.229503
0.313297
0.307979
0.355378
0.440043
0.363501
0.258096
0.324709
0.300502
0.295539
0.279032
0.278429
0.310334
0.400826
0.282827
