3.063415
3.038404
3.043687
2.951907
2.957865
2.849468
2.744831
2.872550
2.720347
2.875459
2.694105
2.796098
2.764599
2.744910
2.735684
2.644876
2.640103
2.673315
2.654276
2.623755
2.638446
2.765486
2.689438
2.622380
2.647471
2.678433
2.618481
2.555871
2.527251
2.613564
2.503230
2.594343
2.463595
2.467772
2.556904
2.448555
2.525270
2.525881
2.422485
2.342637
2.402993
2.539895
2.391987
2.464982
2.568428
2.341456
2.365669
2.362198
2.342458
2.482061
2.428762
2.346118
2.416363
2.276322
2.406677
2.381860
2.297419
2.334013
2.257501
2.391295
2.269828
2.296751
2.431053
2.255805
2.282185
2.312898
2.358163
2.274177
2.410756
2.295781
2.189280
2.275978
2.296059
2.305866
2.172256
2.184969
2.352829
2.258143
2.245006
2.241203
2.181398
2.227254
2.261974
2.163315
2.234330
2.464934
2.330804
2.263698
2.173449
2.105886
2.190088
2.254198
2.191791
2.161427
2.359874
2.241699
2.272589
2.258414
2.211230
2.215968
2.279135
2.184361
2.126920
2.191789
2.109890
2.060628
2.073635
2.205894
2.264925
2.114801
2.133353
2.189516
2.159445
2.247249
2.307431
2.122133
2.084296
2.120669
2.099820
2.202320
2.221259
2.064250
2.186378
2.111720
2.231006
2.038484
2.065813
2.085805
2.275497
2.018776
2.123646
2.084889
2.120200
2.060102
1.975294
1.940665
2.303292
2.060959
2.114404
2.158935
2.097987
2.010261
2.034009
2.114063
2.001947
2.102343
2.016070
1.986564
2.075351
2.062480
2.060681
2.006931
1.903477
2.029033
2.097471
2.040407
2.041420
1.935762
1.812382
1.955793
2.046188
1.912656
1.982554
1.963040
2.109338
2.206271
1.903725
1.940862
2.103439
2.047363
2.043103
1.997128
1.952572
1.907217
2.019313
2.029815
2.060067
1.954181
1.894457
2.077935
1.871048
2.017465
1.892330
1.914004
2.076173
1.961806
2.037524
1.906292
2.067668
1.935337
1.866000
1.960980
2.032350
2.078254
1.955849
1.933780
2.005276
1.911760
1.895507
2.217999
1.844486
1.935889
1.807595
2.028709
1.835881
1.968249
1.858130
1.886459
2.089185
1.942893
1.969459
1.954455
1.820260
1.787200
1.850579
2.094276
1.895023
1.860600
1.954458
2.023900
1.799731
1.735347
2.042204
1.807250
1.839899
1.879993
1.862043
1.986538
1.984333
1.843695
2.018559
1.917914
1.858475
1.960061
1.796425
1.849789
1.779741
1.951994
1.878099
1.848717
2.169981
2.076979
1.848851
1.782970
1.760427
1.962319
1.914431
2.029819
1.775943
1.797593
1.829290
1.790648
1.823379
1.908935
2.044048
1.832650
1.900573
1.893493
1.808835
1.895534
1.935644
1.800816
1.954067
1.971733
1.775617
1.829461
1.914606
1.731368
1.894629
1.881769
1.757857
1.768961
1.881735
1.869520
1.741219
1.771983
1.735870
1.733866
1.869239
1.792886
1.734072
1.774723
1.883366
1.811320
1.848591
1.938013
1.761119
1.645520
1.737355
1.718906
1.700001
1.796740
1.908250
1.932697
1.948157
1.760050
1.838552
1.859197
1.888066
1.889652
1.832752
1.750589
2.000019
1.949487
1.810733
2.002584
1.838751
1.644724
1.724196
1.767748
1.861918
1.768244
1.857666
1.807540
1.651188
1.638183
1.793912
1.868435
1.962853
1.769315
1.827141
1.748724
1.770426
1.832176
1.726781
1.740363
1.753496
1.693710
1.717423
1.844147
1.923079
1.748773
1.856964
1.829848
1.790424
1.561267
1.789532
1.791628
1.646323
1.792333
1.767976
1.800879
1.800546
1.946386
1.872459
1.714950
1.817041
1.696054
1.786624
1.790910
1.551365
1.530635
1.602368
1.667919
1.802504
1.625729
1.724854
1.847938
1.857814
1.757708
1.599931
1.590763
1.976715
1.645827
1.778439
1.746128
1.954528
1.606275
1.619811
1.763401
1.821539
1.731580
1.769948
1.655035
1.768525
1.767408
1.597924
1.707153
1.713965
1.803500
1.779411
1.735602
1.648883
1.684141
1.720051
1.883659
1.598341
1.712057
1.759068
1.716648
1.709480
1.886621
1.693623
1.756092
1.860815
1.599735
1.803760
1.663336
1.671314
1.727881
1.796847
1.938016
1.753261
1.777634
1.683392
1.558378
1.812427
1.682131
1.799606
1.699497
1.670989
1.724808
1.630123
1.558555
1.520736
1.831585
1.555718
1.668043
1.502363
1.736999
1.540374
1.530286
1.958765
1.840148
1.590003
1.580640
1.421959
1.801971
1.524292
1.612545
1.566339
1.580959
1.685251
1.679587
1.531143
1.664987
1.757801
1.658335
1.771518
1.483956
1.615820
1.565582
1.627615
1.608496
1.663734
1.610418
1.683790
1.645383
1.630928
1.609712
1.798662
1.573602
1.622586
1.475437
1.633420
1.753773
1.568937
1.603966
1.719117
1.610159
1.541340
1.638677
1.494410
1.605448
1.725324
1.659330
1.518578
1.716666
1.762725
1.706935
1.570142
1.624622
1.530318
1.664587
1.652708
1.647576
1.614732
1.672528
1.575062
1.733126
1.667803
1.717146
1.633352
1.736782
1.559635
1.531622
1.723798
1.696259
1.699443
1.649889
1.709253
1.556113
1.536500
1.608439
1.558357
1.678140
1.534210
1.826864
1.696829
1.672395
1.691080
1.808054
1.511118
1.640504
1.579915
1.584139
1.573282
1.634678
1.561732
1.718182
1.585002
1.704279
1.557910
1.626334
1.514052
1.620533
1.636142
1.452857
1.535736
1.695764
1.777114
1.519642
1.765364
1.583366
1.492693
1.610619
1.692775
1.612069
1.604133
1.407495
1.617626
1.496830
1.505485
1.647405
1.563724
1.527823
1.667602
1.619033
1.409032
1.638462
1.516231
1.661499
1.533619
1.405893
1.549973
1.563068
1.658509
1.543588
1.486467
1.480110
1.555271
1.457266
1.415626
1.452749
1.856666
1.471198
1.470031
1.418228
1.664520
1.516595
1.541485
1.623411
1.891222
1.762540
1.672281
1.609359
1.641963
1.545441
1.698508
1.667986
1.647910
1.703417
1.665768
1.530439
1.604805
1.530152
1.507764
1.614334
1.615308
1.355230
1.586740
1.517464
1.619113
1.501273
1.599499
1.502442
1.493875
1.540681
1.374850
1.411028
1.355454
1.624058
1.829741
1.605553
1.472835
1.475041
1.645744
1.581887
1.527609
1.674567
1.433480
1.813981
1.646424
1.464209
1.587236
1.523787
1.455755
1.564470
1.810508
1.384609
1.553118
1.503953
1.469316
1.618701
1.727919
1.590953
1.503540
1.559574
1.556095
1.637008
1.472493
1.575025
1.643121
1.591845
1.497703
1.519719
1.664210
1.378284
1.544766
1.643466
1.658912
1.652355
1.304906
1.427345
1.365447
1.572793
1.556975
1.515889
1.557592
1.630167
1.472000
1.473402
1.510652
1.554173
1.702465
1.471908
1.457822
1.534817
1.516373
1.582770
1.504078
1.468417
1.410991
1.481698
1.550336
1.285944
1.533972
1.331554
1.493927
1.537754
1.640478
1.466021
1.485365
1.416531
1.466749
1.492842
1.475095
1.382380
1.419442
1.509717
1.456852
1.440830
1.435126
1.542915
1.405831
1.523910
1.558351
1.592953
1.346049
1.618747
1.483687
1.413202
1.458064
1.418636
1.515522
1.359352
1.594395
1.622794
1.428986
1.418114
1.488106
1.538222
1.481126
1.464915
1.502923
1.398867
1.357083
1.522103
1.398521
1.506420
1.523736
1.308886
1.377525
1.365613
1.414088
1.404749
1.448835
1.572482
1.432956
1.350755
1.396287
1.298652
1.309758
1.452562
1.689887
1.473145
1.395235
1.337347
1.515573
1.320140
1.339460
1.420608
1.451432
1.508982
1.424632
1.406802
1.473583
1.640756
1.413798
1.473601
1.368694
1.419300
1.329572
1.388037
1.352418
1.488387
1.678262
1.472365
1.532833
1.280583
1.400743
1.393550
1.461794
1.439576
1.408486
1.322523
1.598586
1.608688
1.514958
1.474899
1.399948
1.539422
1.522530
1.535221
1.444285
1.534768
1.388683
1.498061
1.380132
1.299522
1.383456
1.465996
1.301147
1.464378
1.362460
1.388661
1.403144
1.530455
1.382127
1.494025
1.585345
1.635936
1.413466
1.264715
1.465253
1.512142
1.406906
1.357695
1.393079
1.366135
1.463915
1.572941
1.384145
1.449037
1.371802
1.519299
1.449947
1.335997
1.416963
1.423333
1.533053
1.305827
1.448960
1.511194
1.237522
1.445216
1.469284
1.236513
1.394210
1.494214
1.334215
1.292014
1.265605
1.604675
1.589193
1.246545
1.322475
1.340982
1.413294
1.359155
1.289686
1.297117
1.372160
1.354036
1.526299
1.425998
1.449048
1.387552
1.476902
1.560542
1.421947
1.411578
1.367051
1.240925
1.325068
1.689828
1.384819
1.559487
1.466872
1.453960
1.394391
1.370365
1.314607
1.508632
1.343572
1.410892
1.457799
1.320673
1.274850
1.267307
1.305118
1.436441
1.372433
1.437480
1.351726
1.394194
1.322985
1.252825
1.333198
1.514113
1.319802
1.319035
1.278080
1.468755
1.462651
1.528456
1.393100
1.510978
1.446564
1.380824
1.402456
1.411683
1.554054
1.449782
1.465174
1.693215
1.500407
1.498426
1.341538
1.363451
1.470692
1.405663
1.659725
1.436540
1.337319
1.337885
1.291971
1.590580
1.523818
1.294065
1.497537
1.454041
1.324025
1.353362
1.233278
1.396155
1.326704
1.379068
1.248755
1.415867
1.357469
1.306397
1.246094
1.424969
1.431270
1.518124
1.440883
1.491894
1.183316
1.343943
1.448985
1.303857
1.409842
1.187012
1.405386
1.351889
1.305656
1.368978
1.489427
1.423924
1.460588
1.250028
1.413068
1.297062
1.265901
1.313290
1.308174
1.174093
1.397675
1.392387
1.357245
1.296890
1.464648
1.280709
1.369102
1.336671
1.540587
1.125027
1.159805
1.152115
1.344222
1.165877
1.365342
1.424948
1.574763
1.320582
1.296811
1.534068
1.470435
1.286156
1.302485
1.361288
1.367744
1.245597
1.288079
1.245522
1.219111
1.302985
1.445031
1.258493
1.410802
1.362458
1.293478
1.285278
1.388644
1.436284
1.364846
1.325724
1.631517
1.190907
1.378580
1.438238
1.295568
1.384689
1.459068
1.328086
1.515064
1.417230
1.323996
1.347605
1.449493
1.312079
1.472224
1.273811
1.232956
1.436948
1.273264
1.179976
1.128825
1.335527
1.215245
1.360910
1.398861
1.105876
1.383893
1.301168
1.236685
1.224707
1.568254
1.292010
1.381398
1.360909
1.326488
1.236164
1.382778
1.375411
1.454744
1.425590
1.370081
1.165997
1.288256
1.660514
1.317942
1.081919
1.424034
1.491243
1.251555
1.491927
1.299220
1.192556
1.472938
1.209897
1.360830
1.545112
1.369111
1.175418
1.385773
1.216359
1.249249
1.275141
1.165521
1.400350
1.306222
1.155213
1.228613
1.207585
1.368598
1.339340
1.244681
1.375572
1.111748
1.399460
1.252056
1.329469
1.443960
1.252981
1.377138
1.349400
1.332686
1.485887
1.435622
1.440170
1.265768
1.392113
1.295200
1.452709
1.347827
1.581999
1.248171
1.506069
1.333304
1.352829
1.264482
1.540285
1.354476
1.260844
1.361042
1.287973
1.197700
1.325740
1.364650
1.215931
1.224977
1.212779
1.184508
1.324357
1.273454
1.226387
1.089166
1.030363
1.329049
1.310531
1.134532
1.431252
1.264002
1.197345
1.346542
1.213029
1.212738
1.552930
1.212206
1.451850
1.232490
1.318322
1.250180
1.259125
1.389534
1.294210
1.354108
1.247556
1.375285
1.277111
1.247306
1.238306
1.389646
1.205370
1.242390
1.262920
1.283731
1.393634
1.223783
1.132898
1.404069
1.536054
1.384892
1.326385
1.272147
1.342064
1.393903
1.254583
1.084046
1.285610
1.312813
1.091879
1.335623
1.126356
1.198820
1.203801
1.167989
1.379692
1.242141
1.436165
1.091916
1.376559
1.408011
1.268197
1.189932
1.413736
1.367249
1.365567
1.350843
1.320231
1.199625
1.305743
1.434205
1.552465
1.263768
1.176488
1.141413
1.223173
1.261885
1.343440
1.107170
1.492115
1.124385
1.274074
1.279418
1.179045
1.345221
1.184803
1.264434
1.310115
1.133544
1.421605
1.243194
1.243152
1.232643
1.366005
1.315158
1.439538
1.343559
1.206362
1.387603
1.252706
1.423754
1.153492
1.130687
1.323278
1.318371
1.258305
1.358732
1.305073
1.229971
1.114437
1.312008
1.229149
1.214296
1.292058
1.284334
1.104275
1.247003
1.129179
1.162658
1.466136
1.174232
1.124958
1.304564
1.363743
1.275318
1.235856
1.361939
1.369433
1.173831
1.306480
1.279359
1.103525
1.218617
1.147699
1.194104
1.222003
1.225798
1.221407
1.427250
1.172702
1.244642
1.220405
1.280325
1.033455
1.408817
1.294052
1.288631
1.352246
1.229818
1.319215
1.236886
1.409546
1.316118
1.245931
1.263464
1.257476
1.230487
1.378112
1.328989
1.384896
1.377209
1.147372
1.242644
1.214732
1.102267
1.150953
1.159406
1.106654
1.086173
1.192464
1.151342
1.259624
1.263561
1.128333
1.184037
1.123348
1.178035
1.232217
1.140408
1.049702
1.386324
1.228928
1.287784
1.063659
1.276966
1.282432
1.346236
1.265429
1.140226
1.289468
1.238418
1.227659
1.090129
1.325184
1.379301
1.258154
1.382128
1.210477
1.360827
1.600519
1.290367
1.363528
1.227298
1.351366
1.495149
1.211807
1.203124
1.159099
1.201230
1.270367
1.304333
1.254704
1.086320
1.340532
1.240263
1.494998
1.170761
1.199449
1.139614
1.024180
1.048863
1.205365
1.192247
1.233695
1.205833
1.335872
1.247743
0.981666
1.294402
1.132855
1.328522
1.218802
1.266670
1.120649
1.268807
1.097130
1.305256
1.072840
1.248682
1.148224
1.266952
1.125484
1.133601
1.224796
1.195013
1.145129
1.267456
1.375575
1.223559
1.243435
1.343018
1.291689
1.364596
1.147404
1.192757
1.324274
1.215574
1.290706
1.244304
1.258157
1.132639
1.225791
1.140449
1.252096
1.269244
1.248442
1.206993
1.164988
1.080094
1.087742
1.166722
1.250089
1.083933
1.253908
1.211488
1.314699
1.165161
1.328693
1.373901
1.175804
1.124827
1.184281
1.274923
1.247334
1.286214
1.321629
1.261305
1.349017
1.199255
1.126378
1.209685
1.143421
1.452042
1.339193
1.019890
1.280342
1.171680
1.442773
1.210359
1.198075
1.239071
1.475444
1.329678
1.081921
1.243937
1.384411
1.382441
1.170718
1.176861
1.348954
1.156622
1.123084
1.343816
1.265610
1.330844
1.257489
1.117986
1.383875
1.119399
1.237242
1.108208
1.389151
1.115514
1.240628
1.047261
1.309273
1.255637
1.209435
0.987764
1.051164
1.324035
1.157139
1.201630
1.103447
1.291847
1.239784
1.271003
1.059566
1.182864
1.400966
1.137297
1.141063
1.199261
1.374924
1.188409
1.222568
1.172376
1.189616
1.212839
1.203942
1.517860
1.370811
1.244509
1.260740
1.183937
1.242995
1.156715
1.398501
1.077437
1.224851
1.149784
1.328778
1.234660
1.335790
1.307778
1.379604
1.231814
1.239073
1.245088
1.149463
1.180707
1.285988
1.175200
1.020746
1.147221
1.203872
1.281069
1.017946
1.091484
1.098355
1.029660
1.229367
1.368241
1.207248
1.232833
1.206678
1.258557
1.175814
1.008811
1.277626
1.319772
1.069321
1.108773
1.069398
1.152568
1.149682
1.218857
1.176174
1.216393
1.331120
1.008844
1.158424
1.327917
1.091250
1.121105
1.233094
1.164423
1.079156
1.190360
1.219887
1.161666
1.119068
1.254916
1.310558
1.032151
1.094568
1.191561
1.069243
1.026994
1.003852
1.056648
1.237699
1.190775
0.944711
1.247643
1.355288
0.968070
1.122704
1.098435
1.148355
1.315253
1.318071
1.240960
1.139021
1.088714
1.161267
1.052877
1.143951
1.120389
1.213302
1.078565
1.099233
1.204723
1.218825
1.173247
1.330108
1.080517
1.307337
1.141186
1.094143
1.170097
1.192156
1.054929
1.364820
1.125612
1.286819
1.142422
1.141193
1.239321
1.176087
1.154621
1.133494
1.204201
0.910997
1.109190
1.052567
1.456970
1.190587
1.220244
1.206160
1.052796
1.105542
1.082859
1.163972
1.038501
1.028847
1.167549
1.347813
1.041681
1.146180
1.072896
1.090795
1.222125
1.272289
1.163149
1.254621
1.346519
1.068797
1.106048
1.026857
0.937294
1.084142
1.011666
1.307682
0.990656
1.035165
1.296060
1.333892
1.280581
1.201417
1.160421
0.988548
1.099219
1.090542
1.067936
1.049213
1.222070
1.075011
1.088436
1.189946
1.093710
1.116257
1.207726
1.247817
1.055637
1.023093
1.199776
1.057850
1.060802
1.083077
1.159454
1.079710
0.951917
1.069173
1.122243
1.141042
1.096919
1.088112
1.251195
1.199079
1.168696
1.346884
1.035861
1.175884
1.305212
1.199679
1.247747
1.168469
1.191208
1.165739
1.186754
1.018650
1.253384
1.097846
1.040740
1.018802
1.053401
1.273898
1.241626
1.201333
1.328826
1.080202
0.993917
1.219208
1.171770
1.311813
1.281339
1.145678
1.194141
1.058342
1.074291
1.037440
1.302607
1.039634
1.127716
0.893505
1.049971
1.149975
1.050632
1.154145
1.162597
1.033316
1.180296
1.120752
1.233166
1.212550
0.987720
1.167340
1.278540
1.083741
1.068377
1.198657
1.035750
1.123250
1.021186
1.078081
1.202896
1.135340
1.164727
1.069755
0.974758
1.029585
1.091647
1.239470
1.238943
1.288027
1.335590
1.301585
1.041320
1.143686
1.121066
1.310377
0.992441
1.083870
1.029396
1.250978
1.026706
1.043865
1.057650
1.059417
1.202038
0.917660
1.028559
1.116900
1.188580
1.130991
1.312991
1.076494
1.005790
1.032590
1.100164
1.170103
1.126652
1.296936
1.223613
1.120606
1.075819
1.187325
1.125158
1.077499
1.167277
1.334650
1.224275
1.259165
1.158690
1.221884
1.284126
1.100511
1.099872
1.114664
1.260847
1.148010
1.292304
1.085862
1.083250
1.092623
1.050008
1.215234
1.027755
0.937684
1.258101
1.049049
1.295178
1.246470
1.201805
1.093586
1.191962
1.194853
1.146103
0.951900
1.156341
1.081269
1.126315
1.067223
1.105069
1.084391
1.214755
1.112988
0.899395
1.144620
0.990238
1.240419
0.976485
0.980862
1.119907
0.963331
1.053212
1.157085
1.189171
1.109442
1.125403
1.283157
0.933798
1.023770
1.233937
1.106446
0.906803
1.218373
1.225414
1.091567
1.356941
1.022128
1.166925
1.076563
1.189931
1.423963
1.029606
1.130409
1.393550
1.075812
1.293880
1.004467
1.124093
1.210851
1.279650
1.121894
1.172659
1.102047
1.080047
1.048862
1.229539
1.066386
0.980257
1.117835
1.027882
0.997674
1.243328
1.074018
1.117861
1.229090
1.255609
0.987564
1.274551
1.057982
1.157699
0.999051
1.151045
1.054993
1.047599
1.013375
1.038138
1.096578
1.187799
1.175851
1.180349
0.922498
1.200980
1.281895
1.109675
0.868886
1.211062
1.040088
0.954700
1.098212
1.126270
1.007536
1.072130
1.008391
1.177997
1.121104
0.934996
1.058643
1.158063
1.112017
1.264421
1.085570
1.263112
1.296666
0.872025
0.905353
1.250579
1.005659
1.289661
1.065475
1.044795
1.007108
0.989170
1.106685
1.057791
1.195188
0.985919
0.918253
1.103753
1.182101
1.066195
1.018044
1.147298
1.128661
0.839381
1.078126
1.270232
1.020518
1.129311
0.948792
1.011970
1.073897
1.097002
1.201347
1.128164
1.159926
0.980253
1.157490
1.329126
1.120489
1.244146
1.043726
1.159300
1.062680
1.029869
1.401036
1.031147
1.122194
1.105011
1.176234
1.039310
1.170924
1.063735
0.963349
1.038851
1.124642
0.900349
0.960024
1.118112
1.114965
1.102024
0.848581
1.000314
1.055550
1.081434
1.240431
1.047794
0.848025
1.108344
0.977121
0.894968
1.076036
0.981737
1.144034
1.193065
1.043091
1.128278
0.945427
1.033291
0.866787
1.120890
0.961248
1.166120
1.148457
0.941879
1.013129
1.163747
1.119512
1.061582
1.059858
1.302490
1.033231
1.114358
1.017744
1.117940
0.977007
1.011014
1.208495
1.144078
1.067435
1.292549
0.896727
1.025721
1.019302
1.008991
1.037696
1.001699
1.049265
1.068908
1.033956
1.132399
1.250051
1.096683
0.921322
0.921779
0.935751
0.930369
1.014649
0.958565
1.080362
1.129309
0.992186
1.037764
1.104845
1.113877
1.242946
1.289153
1.100232
1.251510
1.086371
1.005011
1.065733
1.133616
1.005094
1.144470
1.246507
1.137858
1.087512
0.963928
1.045081
0.963214
1.108490
0.967901
1.085272
1.139370
1.052465
0.922380
0.758044
1.158910
1.174488
0.881099
1.034158
0.981198
0.874840
0.953964
1.045212
1.009169
1.031450
1.151766
0.990934
1.103660
1.174599
0.811359
1.067410
1.061297
1.214011
0.884597
1.176187
0.961364
1.042074
1.079562
1.005834
0.993256
1.017234
1.250149
1.131956
0.962670
1.110778
1.001611
1.026361
0.911672
1.187022
1.024360
1.244612
1.106743
1.001173
0.938805
1.180830
0.969999
1.069256
0.999650
0.999423
1.074692
1.141225
1.152902
0.957666
1.082103
0.995518
1.216549
1.306777
1.028753
0.962903
0.999716
0.888889
1.142341
1.159806
1.090297
1.052383
1.057978
1.063893
0.928561
1.028052
1.024877
1.078488
0.897663
1.138839
0.891244
1.026857
1.112584
0.948746
1.073341
1.062324
0.999000
1.088983
1.159844
0.855927
0.934458
1.050536
0.956608
0.970714
1.029550
1.098994
1.087283
0.954620
1.012524
1.051779
0.946158
0.989988
1.043130
1.170977
1.207449
1.026250
0.999974
0.975376
1.045724
1.102993
0.993177
1.066211
0.969404
1.250374
1.068638
0.950084
0.980381
1.214472
1.082194
0.944158
0.942874
0.952717
1.040436
1.230434
0.925618
1.095679
1.116827
1.165659
1.040140
1.080802
1.066150
0.923844
1.109516
0.937273
0.935667
0.926236
0.997080
1.100280
1.030116
0.930367
1.135563
1.082182
1.073498
1.023794
0.932116
1.156927
0.898370
0.906569
1.212797
0.987422
1.068205
0.917534
0.988624
1.226784
1.227476
1.116394
1.013039
1.004550
1.026750
1.078131
1.060285
1.032989
1.028403
1.177640
1.043042
0.940647
0.867366
1.017019
0.883077
0.931048
1.007297
0.868047
0.983095
0.978604
0.938981
0.922503
0.901997
0.988381
1.052842
1.095027
1.146586
1.008143
0.993203
1.096140
0.850119
1.045761
1.087213
0.930456
0.995462
1.102403
1.163186
1.064254
1.009645
1.150117
1.040933
1.063614
1.069848
1.093101
0.852544
1.066097
0.881184
1.120891
1.005366
1.081452
1.142006
1.069375
0.940158
1.436813
0.993571
0.956646
0.971176
1.023822
0.976092
1.206688
1.013103
0.865695
1.016652
0.965247
1.087228
1.018834
1.050202
1.093962
1.074374
1.111797
1.070600
1.100352
1.270976
1.201225
1.002083
1.101103
0.973693
1.173587
0.875272
1.015242
1.126426
1.002366
1.021947
0.993368
1.095849
1.007949
0.930157
1.035430
0.974162
0.963019
1.025589
1.066989
1.131037
1.140294
1.036878
1.025938
1.078893
1.091498
0.910116
0.927762
0.943816
1.147868
1.087443
1.180361
1.028090
0.857036
1.018633
0.913401
1.037716
1.091051
1.038713
1.088212
0.838921
0.991669
1.158829
1.072591
0.817768
1.011038
1.036002
1.106018
0.930437
0.938896
1.229189
0.896764
0.952128
1.028571
1.125388
1.221198
0.978342
0.849579
0.978006
1.140098
0.968155
1.059971
0.993990
0.958978
1.027241
0.996538
1.124698
0.850074
1.111580
1.110205
1.090102
0.953196
0.924007
1.024814
0.984544
1.038484
1.224939
0.917152
1.034689
0.960159
1.029466
0.893059
1.237398
1.003014
1.376309
0.996954
1.069346
1.055926
1.079302
0.980319
0.960556
0.929989
1.068340
1.150055
0.968931
0.981976
0.951463
1.007064
0.957843
0.942243
1.050485
0.864476
1.017675
1.057320
0.885068
1.022008
1.217812
0.970830
0.888525
1.208888
0.939097
1.112749
0.717018
0.924830
0.928527
1.154383
0.760648
0.840727
0.915162
0.995599
0.894581
1.096678
0.868335
1.116430
0.906139
1.110998
1.013048
0.924784
1.043399
0.871829
1.099841
1.048582
1.159957
0.827640
0.956099
1.015261
0.926924
1.003814
0.974405
1.211205
1.221260
0.867681
0.947968
0.744875
1.122576
1.251021
1.021355
0.937292
0.907186
0.864129
0.967884
0.985146
1.003094
1.008204
0.905167
1.008213
1.041330
1.015155
1.056744
0.967655
1.245367
0.907502
0.822582
0.852002
1.002929
0.934159
0.943697
1.000719
1.057802
0.881772
0.930556
1.076684
0.803328
0.839949
0.961428
1.192033
1.030349
1.012492
0.936587
1.105084
1.115674
1.086113
1.026692
0.967894
1.151532
0.933536
0.963545
1.041901
0.958732
0.919091
0.931623
1.093458
0.931644
0.810786
0.916229
0.888476
1.093332
1.202825
0.828236
0.977255
0.956970
0.976946
0.902136
1.137838
0.916201
1.029437
0.925224
1.080013
1.050548
0.961649
1.032431
0.949464
0.962041
0.980567
0.991598
1.022177
1.055206
0.962768
1.216955
1.017497
0.962601
1.081217
1.236360
0.881546
1.047788
1.016745
1.006860
1.071609
0.825625
1.067602
1.037877
0.984000
0.969329
0.993653
0.965390
1.072579
1.152264
1.004515
1.029922
0.847734
1.074560
0.803161
0.893021
1.021394
0.925546
0.979645
0.993451
0.943148
1.008639
0.871070
1.123068
0.847925
0.950182
0.896958
1.081187
0.950348
0.969216
1.086497
1.009123
1.053327
1.109501
0.840018
1.105126
0.976389
1.033003
1.129216
1.050530
1.060638
0.949249
0.991149
0.803220
0.827318
1.041111
1.091504
0.937937
0.951602
0.964986
0.968233
1.052412
0.942592
0.975406
0.955622
0.890654
1.099505
0.853959
0.809686
0.923024
1.075613
0.723351
1.033116
0.961054
0.926473
0.962903
0.971546
0.835042
1.061929
1.011175
1.012312
1.022496
0.845052
0.893868
0.929765
1.030245
1.055316
0.851213
1.028831
1.220644
1.096390
0.949009
0.791548
0.933784
0.874600
1.084948
0.988591
1.005094
0.916390
0.963633
0.814220
0.909813
1.102402
0.963126
0.888598
0.919439
0.942813
1.019140
0.987356
1.012270
0.841065
1.086640
1.107509
1.091495
0.911109
1.084110
1.034662
0.981068
0.978310
0.946590
1.094074
0.933491
0.908738
1.217898
0.962152
1.027872
0.969848
0.919845
0.814754
1.078592
0.913610
0.874734
0.988826
0.992107
0.910035
1.022909
1.081696
0.977967
0.950270
1.004993
0.830335
0.760733
0.925082
1.095525
0.922116
0.816454
0.897582
1.019606
0.982331
0.913310
0.768330
0.932132
1.084589
0.783141
1.146970
1.005225
0.895578
0.972010
0.982194
0.961037
0.960956
0.875626
0.931545
0.852977
0.913519
0.877578
0.903361
0.925404
0.978339
0.979042
1.039165
0.943824
1.016275
1.008053
0.909062
1.002488
0.913419
1.066755
0.903980
0.961473
0.856104
0.908239
0.910265
1.059656
1.008478
0.882536
0.782083
0.989306
0.765761
1.068988
1.048116
0.973103
0.993524
1.041941
1.020871
1.019238
0.990058
0.768249
0.831531
0.828001
0.991060
0.937210
0.959791
1.062675
1.066729
1.069820
0.901715
0.891104
0.786478
0.956354
0.918375
1.094628
0.980439
0.868065
1.068735
1.005139
0.886740
0.788502
0.862292
0.997670
0.865126
1.008079
0.940786
0.809929
0.996787
1.028383
1.031620
0.921556
0.858174
0.766179
1.140682
1.094320
0.888739
0.843632
0.981374
0.949513
0.877068
1.016438
1.062340
0.828024
0.984413
1.060547
0.849623
1.034312
0.923126
1.018363
0.922511
0.913440
1.052490
0.785021
0.983108
1.067268
0.889412
0.969294
1.012085
1.006397
1.194434
1.119018
0.916044
0.890061
0.985973
1.001165
0.938242
0.877792
0.934768
0.881506
0.785838
1.138003
1.007650
0.837433
1.060770
0.847916
0.963621
0.955038
0.988061
1.034233
0.932385
0.862831
0.923081
1.000361
0.987972
0.838184
0.808722
0.990189
1.022565
0.945926
1.033005
1.027361
0.995007
1.066854
1.113111
0.846957
1.027585
0.843222
0.978352
0.898148
0.989505
0.868565
0.900927
0.966626
0.769559
0.979446
0.953847
1.115334
0.934953
0.971402
0.799861
0.952426
0.765437
0.890692
0.824273
0.878375
0.973669
0.984901
1.020075
0.872100
1.052944
1.145214
1.039585
0.894562
0.886843
1.007019
0.969489
0.983130
1.003414
0.957633
0.884744
0.764395
0.903351
0.861289
0.973712
0.884924
0.867526
0.910337
1.059794
1.038455
0.866190
0.919976
0.851151
1.040429
0.870631
0.875724
0.911626
0.924449
0.931321
0.922536
1.025286
0.972698
1.008075
0.889174
0.840276
1.020737
1.033653
0.943558
0.993618
1.070907
1.048731
1.081484
0.947647
0.880835
1.054082
1.006836
0.845283
0.814831
0.914349
0.987315
0.898957
0.929416
1.126255
0.981151
1.034503
0.910352
1.006983
1.039107
0.902437
0.783119
0.935626
0.932056
0.917927
0.885543
0.946012
1.026817
0.972857
0.897014
0.839807
0.813742
1.108635
0.993089
0.853459
0.888446
0.947381
0.949705
1.015328
1.082774
1.069779
1.109231
0.997931
0.924334
0.830447
0.908289
0.906272
0.952632
0.970985
0.907184
1.001593
0.881939
0.935935
0.776914
0.969711
0.851174
0.929041
0.890640
0.944096
0.916220
1.318287
0.867910
0.860195
0.898634
0.832619
0.783229
1.099090
0.938017
0.825146
0.916231
0.848550
0.970814
0.800308
0.949860
0.821163
1.006508
1.123727
0.939905
0.876323
0.758323
0.880723
1.211339
0.784150
0.921522
0.871318
0.848687
0.910016
1.071601
0.935238
0.931740
0.820652
0.740388
1.014971
0.896848
1.047755
0.918877
0.882163
0.756777
0.785897
0.824064
1.063807
0.797675
0.962201
0.901197
0.965995
0.692863
1.056056
0.895238
1.025567
0.989902
0.821303
0.989011
0.910759
0.958537
0.863109
0.720038
0.864540
0.781568
0.710664
0.932287
1.032590
0.838828
1.075272
1.057571
0.873184
0.852389
1.121791
1.044836
0.941258
0.920718
0.939429
0.851821
0.926808
0.859508
0.797351
0.816673
0.827511
1.052781
0.943439
0.804590
0.968788
0.978810
0.881774
1.052320
0.806819
0.854593
0.839697
0.843051
0.862231
1.004479
0.931341
0.918613
0.903181
0.908515
0.994829
0.760667
0.949982
0.822487
0.787453
0.983758
1.060707
0.902696
0.826064
0.871887
0.929412
0.893658
0.981567
0.864727
0.917514
0.744968
0.859987
0.878993
0.883025
0.742936
0.878124
0.955388
0.751960
0.814750
0.712977
1.003641
0.959909
0.879397
0.940417
0.821814
0.985199
0.948430
0.849694
0.931521
0.920571
1.012042
0.780716
0.785123
0.837574
0.843737
0.899810
0.915592
0.826073
0.941785
1.033098
0.877016
0.830031
0.891166
1.042614
0.792146
0.967870
0.930973
0.983370
0.816072
1.072098
0.920007
0.924335
0.837122
1.100005
0.837889
0.983307
0.765203
0.919484
0.957535
0.976325
1.012855
0.938106
0.735982
0.931139
0.876509
0.856379
0.985422
0.827361
0.812228
0.957983
0.987739
0.834742
0.896094
0.910163
0.879981
0.924116
0.988421
0.784328
0.819234
0.955124
0.842199
0.842423
1.077649
1.006086
0.879977
0.971080
0.761541
0.909642
0.907665
1.031579
0.918205
0.965338
1.011840
1.043214
0.801063
0.921774
0.953810
0.836221
1.023557
0.894366
0.865644
0.827207
0.921407
1.041506
0.934990
0.832931
0.906938
0.806290
1.000551
0.759692
0.873112
0.808442
0.899239
0.811247
0.791926
0.792547
0.845638
1.006597
0.831736
0.848586
0.988329
0.908177
0.879439
0.877585
0.986951
1.293504
0.921840
0.849579
0.853136
0.850610
0.882132
0.920328
0.728457
0.950557
0.978897
0.930832
0.801997
1.035883
0.845985
0.827484
0.771372
0.913403
1.000816
0.874114
0.964195
0.929998
0.876340
1.008377
0.910589
0.943677
1.062589
0.944152
0.853058
0.999455
0.889834
0.961910
0.810646
0.717060
0.804132
0.904668
0.933634
0.854056
0.901588
1.029953
0.909278
0.966352
0.943255
0.906750
1.003337
0.974901
0.951757
0.922112
0.883170
0.914634
1.015097
0.857383
0.766860
0.772157
0.897753
0.890570
0.914610
0.927492
0.848630
0.915930
0.737039
0.909981
0.804282
0.912468
0.743410
0.771070
0.858759
0.844100
0.922888
0.778716
0.722790
0.813227
0.834995
0.898676
0.875118
0.854924
0.753355
0.706380
1.050883
0.852573
1.069719
1.076243
0.874463
0.901145
0.942810
0.886242
0.916026
1.038218
0.926150
0.761615
0.971178
0.995517
0.928685
0.906160
0.726452
0.829214
0.990614
0.761519
0.908322
0.864492
0.913260
0.813979
0.927369
0.894802
0.763944
0.835912
0.872280
0.845555
0.947530
0.904266
1.025738
0.927528
0.990975
0.949931
0.805525
0.860928
0.829949
0.854112
1.057075
0.910833
0.861972
0.891943
0.797427
0.932230
1.027053
0.899443
0.769167
0.874130
0.941832
0.892389
0.841730
0.935610
0.910373
0.878811
0.894680
0.866871
0.810770
0.895971
0.909628
0.881677
0.897089
0.793552
0.824918
0.814113
0.914833
0.840235
0.810150
0.814309
0.710593
0.781050
0.702049
0.695514
0.964941
0.912766
0.842688
0.781814
0.985892
0.752155
0.759217
0.661157
0.878210
0.864420
0.822438
0.655449
0.803937
0.991493
0.837104
1.007474
0.895811
0.898800
1.120081
0.883566
0.861048
0.691110
0.781338
0.840610
0.904939
0.959023
0.747023
0.872671
0.968970
0.857722
0.748962
0.786844
0.930852
0.829852
0.906139
0.949470
0.926514
0.866083
0.737734
0.834127
0.791886
0.896029
0.891736
0.885172
0.780771
0.755819
0.855340
0.819103
0.771501
0.811736
0.796639
0.710445
0.784224
0.785943
0.717763
0.910365
0.745552
0.833004
0.845561
0.929457
0.819579
0.831110
0.809154
0.715272
0.682691
0.966388
0.841571
0.611054
0.926387
0.880942
0.859350
0.733621
0.813661
1.032386
0.805636
0.880497
0.899879
0.722394
0.626926
0.891038
0.925010
1.117680
0.785699
0.927349
0.776531
0.900106
0.913606
0.951912
1.002407
0.950597
1.059044
1.025529
0.896054
0.776555
1.022921
0.848181
0.890303
0.940977
0.927381
0.924721
0.907305
0.819257
0.838451
0.731360
0.916751
0.818957
0.797416
0.860196
0.845178
0.734126
0.788852
0.791402
0.973010
0.853883
1.069921
0.872296
0.825148
0.919801
0.911596
0.922666
0.726155
0.829853
0.774329
0.939746
0.723631
1.050673
0.736793
0.883641
0.696857
0.884527
0.877954
0.882026
0.871817
0.844982
1.039013
0.918442
0.910127
0.757066
0.730856
0.924612
0.831881
0.798326
0.852363
0.781839
0.827157
0.946660
0.742536
1.032627
0.903323
0.768858
0.802400
0.851584
0.946251
0.977799
0.795796
0.912717
0.803258
0.765181
0.935162
0.871591
0.814894
0.986033
0.787081
0.837411
0.775465
0.899050
0.826365
0.689702
0.639901
0.769907
0.860021
0.938995
0.912607
0.905613
0.766555
0.902164
0.993903
0.879306
0.892433
0.821118
0.806343
0.940498
0.759189
0.818504
0.765978
0.977137
1.045504
0.736308
0.891007
1.136080
0.746701
1.019528
0.907974
0.801446
0.795630
0.880559
0.982321
0.977705
0.853818
1.012754
0.840203
0.825119
0.823449
0.784502
0.782490
0.898329
0.794209
0.910192
0.959577
0.970705
0.913083
0.919225
0.863704
0.932684
0.722574
0.956392
0.739940
0.792380
0.731317
0.713307
0.887821
0.900193
0.857787
0.741836
0.929509
1.024269
0.740319
0.922285
0.820199
0.886013
0.865779
0.949234
0.855362
0.811514
0.856482
0.909775
0.805359
0.751508
0.783741
0.836169
0.891417
0.848379
0.901179
0.849813
0.809176
0.990145
0.797389
0.829077
0.813132
0.902013
0.878993
0.919000
0.890388
0.697329
0.688355
0.794830
1.050920
1.091769
0.739931
0.803510
0.747070
0.925661
0.886971
0.837794
0.879008
0.867890
0.681322
0.850184
0.903459
0.923939
0.917395
0.893625
0.999874
0.912254
0.761780
0.810407
1.123462
0.872236
0.823063
0.821595
0.770820
0.821740
0.954518
0.959065
0.769071
0.857167
0.928453
0.783291
0.736879
0.976703
0.887884
1.045839
0.859794
0.816409
1.031836
1.010618
0.979958
0.735402
0.849574
0.691246
0.943939
0.799347
0.812282
0.914076
0.696655
0.891827
0.760262
0.871533
0.867579
0.822024
0.697991
0.969108
1.108746
0.670280
0.942968
0.862243
0.812573
0.710464
0.849316
0.796260
0.842219
0.888819
0.795684
0.856123
0.930671
0.812002
0.839681
0.953171
0.859072
0.843810
0.929288
0.860850
0.840117
1.113584
0.680384
0.814692
0.908059
0.878916
0.902464
0.729445
0.980277
0.739289
0.777787
0.953275
0.856246
0.726116
0.806777
0.752331
0.781231
0.823561
0.796571
0.842388
0.784400
0.774238
0.666886
0.822138
0.837486
0.871143
0.936133
0.745055
0.756151
0.792218
0.804174
0.784313
0.781538
0.787498
0.830597
0.769110
0.724343
0.969863
0.878619
0.933635
0.831248
0.962514
0.983750
0.756254
0.803177
0.859137
0.799045
0.645274
0.817629
0.783852
0.671944
0.846879
0.723897
0.801556
0.820338
0.760416
0.769529
0.690849
0.950558
0.806491
0.683721
0.697693
0.872476
0.773572
0.792083
0.797578
0.974392
0.897129
0.888550
0.886428
0.769253
0.682888
0.825656
0.841792
0.875231
0.684238
1.047193
0.901414
0.903550
0.772368
0.831541
0.708468
0.785376
0.697358
0.879565
0.780925
0.845649
0.785692
0.691424
0.952414
0.965445
0.773698
0.837532
0.822639
0.720581
0.774066
0.827977
0.856091
0.806058
0.717632
0.751928
0.840001
0.811333
0.968619
0.778436
0.939859
0.716482
0.723567
0.861510
0.969539
0.829697
0.857616
0.886233
0.918797
0.933570
0.721237
0.660345
0.861155
0.870948
0.794430
0.834862
0.670522
0.924652
0.746458
0.769315
0.700435
0.921253
0.826108
0.770632
0.682848
0.767393
0.712806
0.874998
0.651453
0.668023
1.012178
0.799859
0.710904
0.857556
0.840383
0.845897
0.927457
0.741245
1.074046
0.717580
0.899324
0.792943
0.914026
0.711220
0.848368
0.778177
0.839179
0.755343
0.726064
0.857266
0.921439
0.705235
0.912611
0.896874
0.787998
0.668094
0.890822
0.844093
0.814434
0.855943
0.909443
0.796621
0.803224
0.820314
0.757119
0.835581
0.722150
0.611732
0.787844
0.730659
0.845241
0.750903
0.695538
0.893492
0.697596
0.859235
0.799840
1.019482
0.712515
0.916127
0.877003
0.789974
0.965296
0.706613
0.787737
0.686701
0.728096
0.720692
0.782348
0.932451
0.896151
0.744842
0.685370
0.697050
0.852563
0.918921
0.694810
0.762722
0.697082
0.798186
0.929203
0.693734
0.692443
0.855282
0.871204
0.884007
0.686816
0.657563
1.093748
0.695303
0.858877
0.876006
0.857712
0.762911
0.960398
0.786523
0.887611
0.949665
0.862687
0.670679
0.911645
0.807633
0.812883
0.785280
0.908914
0.901203
0.858605
0.653651
0.736122
0.842345
0.669765
0.762727
0.800524
0.937648
0.748313
0.811351
0.743768
0.916529
0.725926
0.895307
1.001843
0.769254
0.802949
0.780481
0.949886
0.768120
0.817532
0.848346
0.789626
0.732516
0.805065
0.832400
0.607499
0.657360
0.673375
0.798516
0.774292
0.979140
0.646964
0.904601
0.866592
0.800372
0.888362
0.784514
0.777305
0.715556
0.783006
0.783420
0.840249
0.764037
0.817598
0.763202
0.965765
0.703959
0.765184
0.792676
0.863774
0.835931
0.700368
0.661133
0.799675
0.684157
0.818321
0.857584
0.643545
0.699359
0.765700
0.797623
0.833059
0.769056
0.767691
0.797296
0.670347
0.802693
0.794737
0.751981
0.861606
0.833353
0.864178
0.720516
0.911855
0.805528
0.797279
0.754101
0.980825
0.673497
0.951668
0.779294
0.921683
0.750213
0.788457
0.712187
0.807498
0.895265
0.943552
0.726585
0.854728
0.814042
0.749935
0.717160
0.951581
0.834283
1.083880
0.837340
0.830938
0.776174
0.771718
0.760898
0.866363
0.876178
0.886391
0.795002
0.812038
0.886977
0.808221
0.913877
0.858217
0.861077
0.888835
0.727666
0.822310
0.903301
0.707024
0.881184
0.778044
0.710713
0.878729
0.864217
0.822902
0.829961
0.688967
0.747441
0.801564
0.863031
0.855187
0.848951
0.758326
0.795832
0.850838
0.708154
0.823968
0.669256
0.936329
0.642768
0.763940
0.673104
0.712023
0.709324
0.710772
0.684082
0.807262
0.738722
0.890712
0.687214
0.693740
0.727390
0.983433
0.836486
0.743540
0.783946
0.799558
0.786784
0.658151
0.738334
0.772348
0.740579
0.726793
0.709721
0.902680
0.784773
1.020166
0.747204
0.659424
0.761837
0.809949
0.803690
0.747975
0.762428
0.734328
0.880291
0.745261
0.792248
0.779640
0.748168
0.768029
0.756404
0.610394
0.854353
0.708012
0.826760
0.630078
0.793609
0.632020
0.760654
0.855270
0.772549
0.859073
0.631189
0.757496
0.649425
0.740668
0.803366
0.751198
0.797724
0.849921
0.724810
0.697700
0.687164
0.809110
0.733131
0.777699
0.985199
0.951127
0.683646
0.789139
0.940934
0.799900
0.785688
0.616075
0.812630
0.587800
0.709972
0.714537
0.909087
0.679393
0.786717
0.880387
0.860311
0.852912
0.833959
0.692842
0.923777
0.842904
0.689782
0.641872
0.658695
0.659151
0.758830
0.868861
0.674332
0.797417
0.912564
0.810392
0.638260
0.796519
0.662626
0.595454
0.766663
0.645736
0.697459
0.762329
0.780443
0.789569
0.759793
0.831048
0.900933
0.834253
0.852760
0.886798
0.690155
0.766357
0.664179
0.815534
0.856796
0.834192
0.909235
0.615191
0.770914
0.770944
0.760046
0.659169
1.091009
0.918394
0.838126
0.991005
0.659395
0.799842
0.729808
0.716911
0.730836
0.747789
0.850127
0.633325
0.731995
0.623883
0.876336
0.808188
0.786725
0.908903
0.869997
0.745297
0.796934
0.782263
0.742257
0.712541
0.858450
0.717540
0.791013
0.838714
0.796638
0.798953
0.678227
0.845534
0.737664
0.815024
0.791902
0.881951
0.744352
0.685744
0.666642
0.730826
0.828613
0.757666
0.847814
0.686058
0.665896
0.853661
0.894659
0.762838
0.891806
0.837484
0.695245
0.765602
0.675678
0.656309
0.841899
0.873104
0.878804
0.764378
0.698791
0.739283
0.781430
0.916689
0.694966
0.661864
0.983585
0.698161
0.783414
0.798546
1.009753
0.746195
0.792574
0.718603
0.843348
0.688524
0.675916
0.744397
0.670268
0.695969
0.715374
0.871307
0.747515
0.770616
0.912359
0.955213
0.674148
0.700159
0.721619
0.843179
0.795584
0.742271
0.861162
0.820858
0.620358
0.860745
0.935562
0.776706
0.879449
0.791425
0.837752
0.739842
0.810766
0.792288
0.860651
0.904534
0.853517
0.773965
0.712293
0.812121
0.772298
0.714210
0.694319
0.860952
0.722413
0.739181
1.014299
0.724986
0.716865
0.851034
0.839528
0.810991
0.763941
0.694638
0.719817
0.651467
0.812889
0.671390
0.733189
0.835184
0.796003
0.749582
0.714533
0.720775
0.667898
0.806954
0.797533
0.740697
0.767089
0.810532
0.956806
0.710664
0.786011
0.833489
0.901251
0.595312
0.716997
0.611949
0.740038
0.757142
0.918442
0.748750
0.922627
0.771023
0.788981
0.840642
0.804371
0.739165
0.674789
0.767405
0.806512
0.945166
0.752811
0.846781
0.698060
0.793066
0.811288
0.836411
0.764859
0.780903
0.666318
0.779985
0.763611
0.666956
0.821021
0.885296
0.787244
0.775226
0.832772
0.783806
0.737945
0.697595
0.807331
0.879284
0.736099
0.745305
0.852491
0.826135
0.720246
0.696790
0.723424
0.864041
0.851821
0.752192
0.747560
0.807017
0.695413
0.868515
0.742118
0.813332
0.712279
0.872670
0.796466
0.724509
0.762158
0.707165
0.656346
0.737023
0.735446
0.693960
0.739033
0.865131
0.717290
0.785622
0.806409
0.921186
0.853087
0.680011
0.675324
0.609141
0.667446
0.590328
0.798465
0.562323
0.894606
0.926259
0.705656
0.658155
0.912926
0.756512
0.686766
0.552479
0.673245
0.749906
0.839190
0.817591
0.816422
0.780097
0.932703
0.772001
0.710621
0.734341
0.872571
0.864554
0.893265
0.680696
0.708411
0.875696
0.782372
0.815162
0.732402
0.681736
0.789541
0.782144
0.811573
0.617141
0.722423
0.742442
0.802847
0.602385
0.762253
0.698451
0.773014
0.802419
0.804701
0.912980
0.848834
0.741068
0.757285
0.816858
0.801649
0.866334
0.639213
0.710198
1.026902
0.747836
0.686760
0.850895
0.776870
0.738127
0.691188
0.774258
0.779797
0.755929
0.745681
0.757474
0.752968
0.761474
0.643210
0.626316
0.695645
0.714710
0.644464
0.639346
0.861472
0.776481
0.659131
0.674747
0.818513
0.917594
0.727001
0.597925
0.792366
0.736975
0.681279
0.696687
0.733259
0.763896
0.738194
0.648827
0.712035
0.854006
0.862631
0.881754
0.785843
0.794034
0.863781
0.597328
0.909417
0.693282
0.752896
0.802975
0.684207
0.748519
0.876783
0.703883
0.733401
0.661152
0.627902
0.854056
0.762612
0.835043
0.743840
0.833729
0.679740
0.819675
0.762096
0.646774
0.613996
0.676549
0.753702
0.767843
0.655211
0.754514
0.598322
0.594693
0.700816
0.651462
0.812081
0.821435
0.872297
0.777553
0.946874
0.619585
0.689685
0.715900
0.741957
0.815816
0.854044
0.729672
0.743897
0.820256
0.687600
0.711061
0.858668
0.686378
0.754920
0.636238
0.809970
0.884414
0.759630
0.862265
0.697860
0.738811
0.733617
0.681177
0.734416
0.908219
0.783949
0.685390
0.688408
0.803184
0.682170
0.832241
0.749014
0.641504
0.683144
0.925503
0.793891
0.856356
0.749216
0.722965
0.761037
0.708456
0.615091
0.769472
0.857482
0.830086
0.701653
0.615064
0.772918
0.841317
0.775615
0.851050
0.577720
0.537798
0.857377
0.707300
0.687244
0.742499
0.633973
0.766705
0.642149
0.641957
0.731338
0.639445
0.757249
0.702636
0.868299
0.700731
0.646910
0.732778
0.609887
0.655506
0.755355
0.620385
0.704257
0.708659
0.615728
0.618795
0.752549
0.814498
0.643753
0.654732
0.752639
0.675715
0.739212
0.666329
0.572845
0.949181
0.706656
0.856961
0.700146
1.014634
0.806834
0.668254
0.896163
0.732654
0.808125
0.712454
0.799058
0.788031
0.584151
0.840187
0.701879
0.828812
0.784008
0.711039
0.755064
0.697832
0.676650
0.754337
0.720993
0.670457
0.689046
0.903338
0.785975
0.824422
0.692738
0.811126
0.817834
0.619601
0.861870
0.612182
0.636802
0.720903
0.648229
0.617963
0.708858
0.942326
0.776455
0.745806
0.750633
0.695571
0.834459
0.690490
0.830469
0.763707
0.587924
0.725331
0.786136
0.694909
0.725429
0.699843
0.676234
0.714432
0.709336
0.740799
0.714201
0.829698
0.885754
0.735329
0.646806
0.785610
0.711893
0.642855
0.673013
0.753046
0.512165
0.734867
0.878161
0.771331
0.705896
0.755441
0.845298
0.521834
0.683511
0.699986
0.922452
0.691781
0.973481
0.793852
0.819853
0.858776
0.614708
0.711392
0.668209
0.840461
0.694187
0.596366
0.790131
0.818555
0.596675
0.677678
0.813264
0.799060
0.791194
0.807289
0.823906
0.757876
0.843144
0.780628
0.711209
0.611280
0.719703
0.752004
0.779894
0.781872
0.829306
0.711698
0.793801
0.768773
0.649475
0.727139
0.654172
0.783029
0.871273
0.625568
0.683506
0.706363
0.899436
0.761449
0.701895
0.723265
0.563857
0.716782
0.705979
0.709339
0.656980
0.842649
0.659230
0.793790
0.714018
0.730979
0.670496
0.718657
0.742508
0.843716
0.706770
0.749542
0.618184
0.756673
0.701877
0.651038
0.648443
0.712111
0.627163
0.538935
0.668687
0.858594
0.665459
0.687050
0.809455
0.591175
0.590758
0.748676
0.678393
0.811237
0.606111
0.673393
0.841646
0.721453
0.776840
0.675274
0.718361
0.648180
0.689678
0.776319
0.707716
0.718071
0.575063
0.890943
0.607022
0.823571
0.654811
0.692933
0.679011
0.798508
0.482591
0.680700
0.704778
0.677218
0.651013
0.645743
0.663649
0.590287
0.718308
0.646105
0.744163
0.645097
0.746237
0.728464
0.822300
0.699739
0.589000
0.631584
0.797564
0.780921
0.852904
0.644264
0.874097
0.711637
0.605264
0.640455
0.556660
0.567701
0.802713
0.864165
0.869216
0.731368
0.819841
0.764749
0.670003
0.788200
0.765474
0.711424
0.566964
0.779527
0.709542
0.597162
0.569393
0.633176
0.688901
0.728131
0.828181
0.645840
0.578988
0.715470
0.611137
0.747694
0.850229
0.872038
0.616427
0.694918
0.693119
0.769635
0.692675
0.723772
0.793504
1.034192
0.741831
0.544535
0.797228
0.739614
0.915277
0.924825
0.705142
0.713248
0.691847
0.748883
0.880924
0.631640
0.668394
0.727132
0.802387
0.727369
0.685088
0.775376
0.694559
0.808504
0.721043
0.772702
0.718290
0.871540
0.586420
0.672570
0.850516
0.694806
0.661507
0.794053
0.740139
0.823861
0.746568
0.657491
0.747838
0.736289
0.746847
0.675491
0.598329
0.720224
0.637762
0.577315
0.709281
0.682788
0.713905
0.684570
0.560130
0.646554
0.734295
0.611529
0.743313
0.656415
0.593525
0.762296
0.579293
0.624327
0.553388
0.574619
0.740527
0.963196
0.752864
1.006630
0.615238
0.573439
0.805602
0.590249
0.661275
0.729959
0.790836
0.584237
0.716211
0.867679
0.684612
0.818630
0.721957
0.661832
0.553640
0.649262
0.732304
0.770312
0.673264
0.813859
0.658975
0.760349
0.773714
0.749348
0.760803
0.736329
0.659557
0.610389
0.696645
0.705782
0.687857
0.599434
0.790664
0.865614
0.833840
0.570029
0.743018
0.648751
0.799898
0.678139
0.627535
0.708469
0.780398
0.838007
0.866463
0.679022
0.668381
0.816949
0.719145
0.898347
0.746848
0.713977
0.742640
0.582221
0.663614
0.565347
0.768138
0.722543
0.693358
0.827021
0.730994
0.681251
0.740678
0.813695
0.784653
0.732573
0.725089
0.708814
0.798790
0.654284
0.791293
0.616610
0.648330
0.752496
0.647392
0.753744
0.681719
0.746717
0.791690
0.768223
0.678718
0.793498
0.611395
0.594293
0.653544
0.630714
0.803190
0.647118
0.628078
0.769654
0.646590
0.802541
0.656153
0.640230
0.647510
0.718001
0.777952
0.637250
0.596683
0.594859
0.736184
0.739946
0.697099
0.728012
0.701779
0.711421
0.614806
0.692505
0.752746
0.701216
0.833751
0.850877
0.656148
0.719822
0.768756
0.905526
0.651459
0.664810
0.713628
0.788063
0.598667
0.805083
0.662922
0.607932
0.908433
0.756557
0.626913
0.623260
0.746888
0.738467
0.682503
0.680740
0.629764
0.655847
0.638707
0.699995
0.623863
0.564185
0.674983
0.827644
0.801297
0.829025
0.797314
0.701683
0.831079
0.754536
0.607143
0.647580
0.684219
0.718341
0.746348
0.854731
0.730043
0.757572
0.742428
0.711186
0.677661
0.787194
0.695814
0.797923
0.632806
0.635849
0.659143
0.639564
0.743573
0.651129
0.650723
0.685797
0.641021
0.796872
0.686424
0.783895
0.760769
0.619497
0.765448
0.800101
0.732570
0.609366
0.565488
0.606328
0.573412
0.818086
0.804328
0.798405
0.550325
0.680032
0.733536
0.671436
0.620043
0.814866
0.625091
0.753379
0.746641
0.671697
0.588248
0.846564
0.478628
0.708466
0.639646
0.645107
0.758250
0.700956
0.731745
0.650322
0.674478
0.610666
0.594788
0.575341
0.595559
0.694736
0.683926
0.637915
0.734340
0.700289
0.672461
0.644973
0.751392
0.853902
0.567569
0.758931
0.603424
0.688677
0.712795
0.783585
0.645970
0.649215
0.585890
0.618368
0.646862
0.611987
0.672463
0.714920
0.696641
0.703083
0.843573
0.703033
0.728077
0.647160
0.710504
0.690671
0.649589
0.711741
0.692646
0.598855
0.605328
0.600680
0.571061
0.770527
0.691748
0.494059
0.602511
0.659309
0.759155
0.768947
0.567149
0.651408
0.756118
0.630808
0.885975
0.714686
0.780389
0.638498
0.677437
0.648659
0.719150
0.709949
0.696363
0.570966
0.716604
0.574131
0.730404
0.765484
0.907079
0.750654
0.617427
0.691085
0.665408
0.675855
0.664432
0.809673
0.559813
0.558913
0.728603
0.544972
0.629785
0.620490
0.657446
0.598212
0.685150
0.753249
0.587547
0.556886
0.786639
0.600760
0.743749
0.588388
0.505748
0.815356
0.683463
0.694760
0.693414
0.620406
0.601273
0.715490
0.686371
0.722410
0.528298
0.693373
0.456916
0.641997
0.777412
0.775219
0.714378
0.651218
0.618214
0.737272
0.777447
0.673492
0.726318
0.704112
0.721656
0.692084
0.705172
0.761729
0.584376
0.630344
0.543676
0.673774
0.779731
0.630127
0.576158
0.675516
0.596427
0.632571
0.583854
0.708667
0.563073
0.732566
0.646483
0.676703
0.571344
0.546811
0.664734
0.704977
0.723058
0.708265
0.747141
0.564803
0.739000
0.785019
0.609890
0.558552
0.655217
0.659263
0.764305
0.832677
0.591652
0.577615
0.712252
0.723847
0.651101
0.774265
0.742829
0.748647
0.630628
0.823112
0.690564
0.619072
0.690983
0.627856
0.635839
0.878085
0.596776
0.706806
0.549789
0.725647
0.588641
0.616365
0.625513
0.634915
0.647972
0.765701
0.749047
0.787966
0.783114
0.635911
0.768181
0.705755
0.622502
0.606439
0.700809
0.711632
0.758407
0.597291
0.672869
0.630885
0.702793
0.767269
0.665278
0.792067
0.746986
0.646697
0.655877
0.602215
0.746437
0.653292
0.544649
0.909418
0.552500
0.602283
0.588225
0.826212
0.682425
0.667787
0.823868
0.792523
0.687173
0.575917
0.682197
0.765925
0.771432
0.670492
0.700799
0.689599
0.651668
0.825538
0.788879
0.602531
0.549173
0.612808
0.844715
0.471358
0.634826
0.687109
0.746024
0.585883
0.807057
0.599497
0.586138
0.726026
0.595773
0.706005
0.660931
0.707842
0.621257
0.743145
0.761359
0.623871
0.863332
0.656862
0.774696
0.828351
0.635243
0.715977
0.578895
0.609669
0.703895
0.730451
0.625188
0.498171
0.657793
0.718840
0.709604
0.665429
0.565386
0.775757
0.588581
0.684994
0.748420
0.484113
0.701437
0.662887
0.600634
0.666765
0.671616
0.690792
0.742546
0.618436
0.678826
0.852207
0.672914
0.710485
0.686321
0.675296
0.724015
0.656975
0.692835
0.587486
0.517703
0.629516
0.622519
0.728609
0.607470
0.543093
0.734919
0.690611
0.862410
0.720274
0.593541
0.623377
0.635949
0.781562
0.614830
0.805845
0.609355
0.707859
0.809041
0.596409
0.705480
0.676094
0.621408
0.590850
0.578960
0.630865
0.672377
0.626408
0.663554
0.670034
0.676181
0.835038
0.747244
0.686017
0.702725
0.725617
0.749789
0.763540
0.662075
0.561194
0.617810
0.664506
0.692465
0.591881
0.664172
0.596130
0.712748
0.534545
0.798829
0.584423
0.674299
0.633079
0.715226
0.590703
0.617500
0.604123
0.582893
0.681331
0.609146
0.625132
0.595749
0.590594
0.480726
0.582141
0.608827
0.665856
0.615289
0.559609
0.758096
0.795986
0.571962
0.636193
0.678543
0.659264
0.586499
0.649269
0.749951
0.619733
0.647747
0.604598
0.495306
0.628420
0.512934
0.717217
0.669141
0.523770
0.595461
0.721989
0.698812
0.672814
0.706522
0.673097
0.653265
0.646780
0.728350
0.645729
0.670670
0.670101
0.549053
0.506983
0.653819
0.623173
0.630541
0.548637
0.875742
0.728361
0.539160
0.596057
0.611492
0.632247
0.605668
0.574620
0.622135
0.631147
0.686675
0.730133
0.468725
0.603849
0.513516
0.606738
0.733804
0.718150
0.776735
0.811090
0.597348
0.676605
0.594650
0.569575
0.853683
0.734928
0.608380
0.531346
0.614011
0.581604
0.592121
0.637741
0.624343
0.775143
0.611935
0.599268
0.635938
0.707702
0.780549
0.654091
0.695482
0.833379
0.623754
0.675041
0.619611
0.642652
0.666559
0.718794
0.714428
0.682935
0.697827
0.732224
0.672697
0.531203
0.648067
0.624305
0.664032
0.639002
0.701646
0.771483
0.560331
0.515697
0.595282
0.775444
0.696349
0.614077
0.548643
0.567345
0.623782
0.576310
0.625881
0.611970
0.669551
0.618876
0.645676
0.612764
0.843924
0.625810
0.514725
0.716976
0.731773
0.837831
0.685114
0.701006
0.657492
0.700869
0.574652
0.865903
0.613447
0.762555
0.765331
0.592210
0.494989
0.589734
0.655982
0.578258
0.773878
0.789292
0.704695
0.564461
0.618117
0.682721
0.805394
0.567929
0.587669
0.517791
0.608457
0.638878
0.834963
0.646205
0.625100
0.692734
0.603520
0.620359
0.597715
0.659771
0.581137
0.711234
0.512774
0.644169
0.748806
0.538127
0.624218
0.609560
0.838341
0.648457
0.596265
0.746351
0.735134
0.746168
0.646935
0.763193
0.585567
0.667153
1.008759
0.673611
0.648129
0.787347
0.735389
0.619807
0.773653
0.625084
0.634820
0.711829
0.691360
0.684960
0.731238
0.649772
0.669677
0.617072
0.676530
0.624494
0.705441
0.681310
0.590690
0.553837
0.654903
0.723561
0.673984
0.701934
0.605294
0.531045
0.701197
0.646826
0.572510
0.707813
0.700947
0.809819
0.709651
0.692759
0.619784
0.511557
0.608721
0.613265
0.744682
0.612195
0.602789
0.642155
0.623204
0.632751
0.823120
0.827731
0.700268
0.620041
0.676898
0.626378
0.627999
0.617911
0.744495
0.621905
0.566203
0.548745
0.542318
0.676577
0.633604
0.791064
0.599212
0.717208
0.601764
0.619829
0.565934
0.755535
0.698864
0.578727
0.536621
0.631387
0.591454
0.563118
0.698984
0.668648
0.730389
0.638535
0.701723
0.714191
0.630703
0.743509
0.672916
0.545243
0.586304
0.705935
0.606063
0.628564
0.652462
0.588057
0.676634
0.608222
0.681274
0.651975
0.611883
0.562533
0.640794
0.541348
0.815770
0.628824
0.537911
0.709360
0.627970
0.672995
0.629757
0.707892
0.540825
0.816002
0.660047
0.860300
0.655414
0.590306
0.537091
0.694051
0.571456
0.621627
0.540842
0.666442
0.726028
0.672308
0.616782
0.606460
0.512841
0.570971
0.637414
0.633763
0.500839
0.634675
0.599471
0.490542
0.795644
0.613154
0.623326
0.696339
0.568733
0.755406
0.805119
0.539730
0.675322
0.680677
0.565453
0.653535
0.691398
0.833992
0.595085
0.634269
0.551062
0.630744
0.627623
0.607012
0.597168
0.898041
0.556661
0.743213
0.699966
0.846811
0.569285
0.600459
0.650762
0.495316
0.544809
0.686582
0.727937
0.602576
0.686981
0.804546
0.565017
0.677954
0.811552
0.671868
0.599042
0.627516
0.765850
0.683216
0.517518
0.506140
0.627696
0.534492
0.554933
0.506729
0.652980
0.535115
0.715180
0.651219
0.701049
0.583998
0.619183
0.531991
0.818949
0.611042
0.568724
0.568040
0.593539
0.610112
0.674052
0.616520
0.538638
0.510834
0.485995
0.525285
0.702819
0.551867
0.614884
0.707634
0.720123
0.618462
0.548242
0.675890
0.727192
0.710726
0.708826
0.625768
0.725983
0.717549
0.716358
0.467904
0.650239
0.592085
0.616266
0.584070
0.681081
0.657968
0.651361
0.615220
0.544458
0.488695
0.529230
0.709778
0.611141
0.599583
0.712294
0.600883
0.520553
0.569011
0.715610
0.659955
0.554892
0.724754
0.440430
0.637121
0.612714
0.555983
0.645531
0.546250
0.621556
0.555441
0.771556
0.450143
0.633907
0.608052
0.633403
0.693323
0.626631
0.628494
0.793339
0.565097
0.749002
0.492956
0.693008
0.678104
0.523702
0.704832
0.678742
0.482086
0.644930
0.671048
0.565115
0.637810
0.627311
0.563606
0.609876
0.640674
0.513468
0.559190
0.600051
0.656641
0.541713
0.598581
0.559707
0.558986
0.669277
0.683238
0.554128
0.662098
0.592200
0.573395
0.529633
0.626058
0.614836
0.549731
0.546511
0.658597
0.751400
0.489732
0.580803
0.517157
0.526192
0.590954
0.636196
0.536590
0.681692
0.625229
0.533350
0.665448
0.454360
0.693101
0.666846
0.515021
0.673529
0.576384
0.553095
0.762308
0.644162
0.549652
0.675611
0.646579
0.621947
0.565405
0.729156
0.531974
0.594393
0.618580
0.617014
0.676268
0.603947
0.699441
0.651146
0.579702
0.691153
0.660103
0.712170
0.630075
0.571849
0.689681
0.562217
0.570553
0.744896
0.541138
0.705524
0.699218
0.591549
0.651373
0.576610
0.547495
0.535130
0.525962
0.672889
0.598924
0.613216
0.687009
0.577020
0.555837
0.572811
0.741380
0.510349
0.587761
0.649289
0.567643
0.679549
0.633860
0.619425
0.707800
0.600456
0.620968
0.660105
0.746992
0.722141
0.564187
0.589660
0.657482
0.690663
0.700078
0.646499
0.627575
0.551217
0.610098
0.629631
0.610396
0.670206
0.588311
0.556285
0.745059
0.521716
0.484019
0.757372
0.655338
0.544335
0.721299
0.557663
0.639356
0.603853
0.631145
0.637150
0.503755
0.683043
0.573790
0.593711
0.690952
0.684443
0.459754
0.562224
0.667048
0.633099
0.664128
0.583374
0.598125
0.601194
0.620520
0.671763
0.540318
0.584527
0.636532
0.594720
0.572876
0.624087
0.557411
0.543452
0.475198
0.590029
0.699100
0.744954
0.568652
0.498747
0.700347
0.842249
0.505350
0.621496
0.682636
0.602441
0.579630
0.623765
0.655235
0.637511
0.580161
0.589520
0.642046
0.724506
0.707015
0.658625
0.523633
0.567192
0.610729
0.559604
0.645998
0.643319
0.761143
0.736185
0.478753
0.690890
0.552263
0.574761
0.569515
0.607560
0.703838
0.598749
0.666154
0.743573
0.467233
0.634432
0.699035
0.774206
0.593285
0.617389
0.558449
0.587582
0.658295
0.644034
0.680178
0.660897
0.615680
0.779997
0.472391
0.540933
0.685445
0.585285
0.684426
0.664603
0.665854
0.788712
0.540755
0.660053
0.508850
0.583227
0.727097
0.557524
0.619510
0.621043
0.671508
0.669543
0.545249
0.686992
0.582933
0.513645
0.504892
0.531616
0.660073
0.654706
0.618595
0.469148
0.624576
0.522066
0.643008
0.596736
0.820143
0.543276
0.650621
0.567544
0.511152
0.635691
0.647890
0.546488
0.651268
0.662910
0.580205
0.568772
0.698392
0.511639
0.601367
0.464293
0.542037
0.451439
0.611863
0.573290
0.538253
0.657360
0.492696
0.717254
0.664936
0.572719
0.555098
0.576969
0.571472
0.499153
0.747706
0.589062
0.637378
0.680093
0.612946
0.594437
0.576392
0.479392
0.687445
0.557603
0.674199
0.514047
0.701016
0.701024
0.635696
0.661395
0.594487
0.523364
0.555193
0.534071
0.645957
0.582686
0.619093
0.393527
0.534844
0.656817
0.526832
0.634944
0.474022
0.606087
0.505660
0.537517
0.576174
0.790727
0.585157
0.608684
0.498393
0.516495
0.517685
0.573326
0.742946
0.577683
0.670453
0.636885
0.541261
0.652258
0.518509
0.490131
0.628975
0.601169
0.633142
0.501216
0.506457
0.585695
0.539701
0.498152
0.581105
0.584092
0.526157
0.657118
0.601583
0.564108
0.515045
0.522689
0.517772
0.803083
0.667145
0.693342
0.725967
0.514766
0.634743
0.697973
0.477400
0.564409
0.572873
0.672708
0.655176
0.535792
0.551648
0.573383
0.571741
0.535230
0.575181
0.677536
0.672114
0.689637
0.580146
0.709364
0.544375
0.442810
0.513604
0.673159
0.583625
0.735108
0.708452
0.534826
0.519486
0.658731
0.697106
0.673475
0.677584
0.678185
0.479466
0.499706
0.531236
0.420954
0.744673
0.514595
0.640614
0.606407
0.619573
0.742486
0.762215
0.462849
0.563330
0.577086
0.657597
0.564772
0.701258
0.597175
0.603954
0.513937
0.564035
0.537201
0.655438
0.771742
0.651006
0.470150
0.532588
0.596213
0.571185
0.606347
0.671240
0.529198
0.607180
0.673453
0.596428
0.498296
0.658371
0.556711
0.549113
0.567132
0.581051
0.398615
0.560805
0.494907
0.719868
0.627196
0.543638
0.556044
0.699484
0.658772
0.672265
0.547300
0.578093
0.519590
0.444872
0.516427
0.694701
0.630205
0.522514
0.736383
0.642849
0.495077
0.633438
0.626400
0.559608
0.562832
0.698731
0.503032
0.452084
0.584140
0.555526
0.554266
0.702746
0.567660
0.725435
0.570638
0.646238
0.632459
0.687412
0.588323
0.627355
0.603238
0.504121
0.603712
0.572698
0.593913
0.590450
0.591953
0.546723
0.638607
0.607073
0.448863
0.493415
0.587481
0.556599
0.523007
0.525725
0.532214
0.599087
0.640632
0.565730
0.594723
0.657586
0.440176
0.595838
0.555138
0.641110
0.568796
0.613720
0.589885
0.661079
0.529178
0.599433
0.575723
0.704362
0.717047
0.554021
0.522405
0.576118
0.537450
0.678853
0.602136
0.647526
0.667823
0.625385
0.478685
0.692641
0.625178
0.717147
0.529925
0.519218
0.684443
0.610933
0.531195
0.654945
0.504117
0.602804
0.533888
0.719523
0.632848
0.752737
0.667589
0.606877
0.614790
0.642789
0.701922
0.644234
0.499438
0.673542
0.557276
0.597713
0.713476
0.616061
0.543654
0.655470
0.537177
0.521005
0.617868
0.663553
0.587648
0.500301
0.507609
0.612223
0.730783
0.626905
0.552050
0.566504
0.676794
0.679603
0.554466
0.724382
0.597023
0.705368
0.504644
0.564455
0.711259
0.637300
0.802738
0.693520
0.525761
0.541002
0.644055
0.624675
0.539704
0.609171
0.679578
0.458714
0.616633
0.608684
0.606062
0.529843
0.613217
0.652790
0.612268
0.714420
0.684721
0.585336
0.642928
0.471286
0.522506
0.482338
0.587764
0.550779
0.531219
0.518155
0.535602
0.618709
0.608774
0.595684
0.463454
0.644847
0.541632
0.565909
0.659521
0.579944
0.589453
0.519840
0.525032
0.690078
0.553591
0.392301
0.650271
0.528867
0.600587
0.485183
0.539411
0.570310
0.542103
0.511573
0.555815
0.584951
0.552194
0.424273
0.591488
0.476589
0.537669
0.624500
0.542248
0.600486
0.572875
0.686391
0.455624
0.621339
0.573355
0.492907
0.589969
0.490644
0.608520
0.524751
0.466232
0.605341
0.555258
0.451490
0.742084
0.592145
0.521846
0.530884
0.620731
0.535686
0.602002
0.371594
0.518889
0.597363
0.482151
0.573372
0.573121
0.473277
0.605278
0.627419
0.543281
0.571480
0.499480
0.577078
0.554130
0.495740
0.487351
0.663807
0.447421
0.514403
0.549587
0.560106
0.535956
0.643433
0.555007
0.619031
0.613507
0.446882
0.627332
0.610746
0.576609
0.551648
0.559301
0.486769
0.592596
0.426691
0.493876
0.557673
0.566793
0.538753
0.520937
0.560246
0.435537
0.470055
0.678611
0.499662
0.672320
0.708271
0.483409
0.645524
0.442054
0.551952
0.462793
0.623214
0.531328
0.526275
0.510978
0.446409
0.528148
0.562328
0.440462
0.527409
0.753280
0.554211
0.628910
0.621500
0.561059
0.633042
0.528946
0.578916
0.510460
0.625194
0.604602
0.505799
0.621239
0.615946
0.551043
0.719628
0.577765
0.643445
0.649266
0.657095
0.588737
0.547131
0.448573
0.598221
0.598638
0.501954
0.509643
0.597974
0.609879
0.583186
0.630377
0.544567
0.664461
0.566480
0.525491
0.640000
0.520215
0.631810
0.581299
0.638145
0.466574
0.612773
0.542268
0.422434
0.658796
0.525210
0.553237
0.565371
0.581180
0.729752
0.511120
0.482869
0.550617
0.517234
0.497594
0.509807
0.491336
0.511019
0.557858
0.572711
0.531640
0.503955
0.628937
0.552717
0.481394
0.462578
0.676141
0.520629
0.660152
0.531105
0.539856
0.514205
0.510787
0.626724
0.583637
0.511042
0.568255
0.672028
0.661868
0.478217
0.385723
0.747600
0.560081
0.458804
0.466340
0.608791
0.602589
0.543909
0.542048
0.548345
0.588511
0.609335
0.640524
0.587083
0.489816
0.573870
0.500631
0.541086
0.598715
0.574916
0.542239
0.451049
0.540093
0.584204
0.544592
0.621986
0.636356
0.557793
0.590482
0.591850
0.490654
0.514790
0.459367
0.545995
0.668634
0.583437
0.542951
0.548065
0.452600
0.447525
0.468111
0.423114
0.541466
0.586349
0.713719
0.509321
0.698841
0.501437
0.427120
0.588411
0.579580
0.666701
0.537568
0.522706
0.456660
0.536131
0.605150
0.600384
0.541855
0.542290
0.592513
0.527681
0.456330
0.480721
0.774508
0.527162
0.462666
0.492373
0.524257
0.620663
0.618075
0.509876
0.504318
0.482471
0.599420
0.559164
0.539317
0.668036
0.533791
0.541736
0.627252
0.529703
0.604585
0.516279
0.594871
0.432789
0.725664
0.514200
0.618910
0.652763
0.522097
0.474257
0.647206
0.571828
0.601069
0.524687
0.482575
0.647677
0.605921
0.481599
0.461674
0.637330
0.659022
0.599816
0.565937
0.463884
0.632126
0.478036
0.540486
0.625055
0.666083
0.574862
0.593275
0.531389
0.566696
0.529091
0.584014
0.427002
0.563082
0.575511
0.689248
0.617393
0.533721
0.460636
0.469511
0.588494
0.534010
0.496918
0.570327
0.642178
0.559767
0.627610
0.631475
0.436715
0.521983
0.631277
0.431381
0.544107
0.678936
0.513376
0.611912
0.626391
0.579361
0.586723
0.567829
0.568375
0.420398
0.595846
0.616549
0.558126
0.512096
0.566219
0.524796
0.424156
0.489930
0.569965
0.642172
0.561475
0.619106
0.661101
0.669427
0.661780
0.506100
0.456850
0.556397
0.608673
0.670547
0.604816
0.503389
0.643847
0.555818
0.621858
0.520396
0.672344
0.526013
0.661867
0.470875
0.569726
0.692743
0.431661
0.549561
0.549872
0.496784
0.554416
0.553555
0.575587
0.609834
0.636461
0.637183
0.572605
0.561294
0.482507
0.522858
0.516530
0.478707
0.389902
0.526004
0.646495
0.493497
0.542382
0.563492
0.480891
0.696041
0.580053
0.492796
0.575849
0.578431
0.621210
0.663009
0.464582
0.464380
0.467998
0.461149
0.631825
0.479468
0.514799
0.485366
0.654614
0.421434
0.540722
0.694928
0.508926
0.492352
0.440921
0.535784
0.496587
0.533302
0.491097
0.480001
0.616503
0.427449
0.544203
0.599240
0.459531
0.626848
0.610522
0.434539
0.693113
0.481059
0.481670
0.690964
0.450167
0.489949
0.598963
0.586098
0.558525
0.500715
0.599174
0.442454
0.454744
0.460378
0.612427
0.446155
0.563519
0.506716
0.620334
0.601004
0.603136
0.558292
0.604371
0.515622
0.607930
0.617486
0.593815
0.522538
0.488829
0.477410
0.523850
0.501082
0.465640
0.503954
0.501409
0.625139
0.481083
0.590784
0.507394
0.493612
0.455043
0.679457
0.433784
0.582762
0.599700
0.493240
0.503143
0.450042
0.430472
0.477975
0.514898
0.557054
0.578940
0.547896
0.395292
0.546420
0.582698
0.555947
0.568235
0.510927
0.628576
0.554067
0.577510
0.489252
0.583111
0.646218
0.610198
0.513485
0.622774
0.625091
0.636039
0.611316
0.479993
0.419192
0.534898
0.466386
0.420983
0.511635
0.577911
0.599512
0.598987
0.571120
0.521235
0.558205
0.580662
0.568226
0.410880
0.418424
0.563612
0.581415
0.587632
0.640135
0.484653
0.512678
0.506604
0.473461
0.529766
0.512087
0.527161
0.589838
0.660579
0.626767
0.518448
0.454937
0.459908
0.509410
0.565945
0.469332
0.612204
0.444288
0.430166
0.518317
0.482089
0.540155
0.525618
0.447132
0.535102
0.565767
0.533112
0.482206
0.557726
0.392290
0.685481
0.547295
0.680118
0.558560
0.508295
0.451837
0.499011
0.521049
0.449875
0.576463
0.523608
0.554624
0.521233
0.490640
0.539955
0.488458
0.540820
0.482801
0.486892
0.807998
0.618486
0.468596
0.632143
0.569264
0.465350
0.455505
0.593808
0.480625
0.565980
0.524690
0.602016
0.613316
0.499615
0.497482
0.414849
0.617384
0.519724
0.566265
0.614740
0.639658
0.562233
0.576000
0.542278
0.561653
0.445678
0.541912
0.542188
0.505546
0.517526
0.639253
0.601862
0.478016
0.771987
0.557400
0.606240
0.530150
0.508278
0.381176
0.656960
0.474527
0.556479
0.523868
0.479144
0.448759
0.458571
0.506777
0.484286
0.560717
0.555783
0.475314
0.434555
0.436339
0.419027
0.543307
0.468189
0.551275
0.602164
0.554133
0.524754
0.561623
0.579913
0.442564
0.545652
0.508954
0.609172
0.420263
0.625855
0.635075
0.509280
0.570326
0.511144
0.470316
0.608988
0.486637
0.566380
0.554774
0.494304
0.580749
0.647413
0.463471
0.516392
0.632883
0.633528
0.519303
0.499454
0.588660
0.517867
0.474076
0.578862
0.616809
0.590735
0.592806
0.472808
0.485298
0.534741
0.473467
0.676511
0.607441
0.524056
0.510684
0.571420
0.610590
0.520130
0.502210
0.495637
0.557602
0.494353
0.568270
0.526585
0.735991
0.506235
0.545345
0.472462
0.425762
0.529781
0.445065
0.647912
0.664963
0.670861
0.505956
0.488011
0.454070
0.498738
0.677709
0.487643
0.726886
0.623665
0.455355
0.634347
0.442319
0.590086
0.401429
0.496566
0.498494
0.656753
0.475371
0.541931
0.613936
0.525687
0.453700
0.554001
0.595668
0.629371
0.521650
0.503429
0.454707
0.561373
0.528606
0.574130
0.557717
0.509260
0.522804
0.549108
0.453681
0.495042
0.724865
0.614917
0.496943
0.516563
0.482912
0.482694
0.520710
0.451758
0.374170
0.735035
0.681422
0.436970
0.513406
0.469136
0.474501
0.449640
0.501619
0.427836
0.461569
0.401647
0.395633
0.502275
0.516287
0.494712
0.407055
0.488043
0.470213
0.537054
0.451931
0.401748
0.638215
0.569574
0.464087
0.625194
0.453766
0.421954
0.400956
0.513955
0.526885
0.454966
0.510646
0.601778
0.436052
0.654628
0.646597
0.456800
0.503157
0.590826
0.610797
0.459067
0.557067
0.470717
0.382304
0.502431
0.605746
0.505146
0.539543
0.546952
0.455869
0.469856
0.612197
0.475690
0.574476
0.558600
0.439423
0.655270
0.652176
0.493981
0.402800
0.427540
0.562491
0.441750
0.501191
0.598879
0.422446
0.422362
0.579296
0.466838
0.539543
0.534419
0.555485
0.362060
0.470843
0.418555
0.525108
0.563194
0.570216
0.447937
0.480463
0.605687
0.437321
0.392227
0.451403
0.643228
0.442042
0.628799
0.445449
0.514862
0.485762
0.473530
0.517149
0.519289
0.463408
0.550630
0.653827
0.390726
0.468038
0.466079
0.559946
0.590186
0.499722
0.556150
0.452145
0.394429
0.469782
0.340526
0.426932
0.470763
0.429180
0.523812
0.588436
0.384232
0.461451
0.596857
0.544295
0.496291
0.465615
0.513832
0.495844
0.571277
0.461835
0.500515
0.366642
0.508144
0.434114
0.453459
0.443252
0.471240
0.605448
0.547104
0.533475
0.397134
0.421375
0.568711
0.624403
0.445828
0.610918
0.548407
0.595980
0.505229
0.546052
0.451515
0.572778
0.510738
0.490968
0.545434
0.512024
0.447758
0.410043
0.605780
0.657424
0.468925
0.425149
0.445055
0.442776
0.457515
0.397911
0.515028
0.540096
0.522214
0.466851
0.573459
0.552554
0.475895
0.474914
0.595573
0.574286
0.541102
0.623323
0.588241
0.481607
0.446137
0.487793
0.618970
0.514986
0.513872
0.462189
0.494253
0.512116
0.472403
0.647985
0.542200
0.495514
0.614099
0.516134
0.425023
0.475092
0.528496
0.475788
0.468165
0.463472
0.577629
0.562617
0.573021
0.478034
0.499869
0.522671
0.523761
0.471430
0.589932
0.586904
0.561762
0.425663
0.524839
0.458711
0.674424
0.572369
0.517857
0.512111
0.631133
0.421777
0.514761
0.515938
0.491767
0.486572
0.472616
0.436874
0.582983
0.577651
0.578698
0.524089
0.479743
0.431918
0.489894
0.452920
0.429809
0.621402
0.452452
0.498214
0.606944
0.498571
0.429376
0.505230
0.536583
0.517137
0.529846
0.644342
0.702539
0.518460
0.555616
0.394520
0.474031
0.575366
0.483437
0.505039
0.563311
0.403988
0.526390
0.599057
0.460973
0.469066
0.520118
0.416283
0.561417
0.547604
0.572800
0.478944
0.468759
0.636650
0.454119
0.557547
0.478293
0.472674
0.532732
0.530755
0.444125
0.684853
0.677553
0.481209
0.474226
0.533666
0.521723
0.485668
0.504742
0.479649
0.527810
0.446465
0.502107
0.511222
0.421258
0.414102
0.469798
0.496906
0.590990
0.554707
0.468291
0.499959
0.427130
0.475466
0.650649
0.438282
0.436294
0.523852
0.646364
0.528426
0.374902
0.425028
0.523811
0.539840
0.626673
0.369345
0.644955
0.422648
0.550149
0.442065
0.530369
0.512973
0.553654
0.523899
0.517480
0.477531
0.566628
0.445615
0.505379
0.588580
0.448735
0.512196
0.458576
0.455832
0.539066
0.503410
0.473475
0.441944
0.561006
0.413216
0.714298
0.585899
0.458782
0.556694
0.433220
0.440441
0.425211
0.311264
0.632447
0.510052
0.585722
0.416086
0.555420
0.576587
0.430169
0.553406
0.475622
0.446855
0.487091
0.480007
0.527334
0.466180
0.433305
0.553667
0.435588
0.479718
0.350885
0.486974
0.400781
0.434079
0.443179
0.430625
0.595740
0.406820
0.568063
0.402163
0.464531
0.474164
0.447383
0.433873
0.480700
0.495931
0.480477
0.556488
0.548973
0.478409
0.501554
0.421899
0.489705
0.633407
0.534319
0.515898
0.463411
0.452369
0.447233
0.433837
0.425990
0.380776
0.425849
0.489993
0.458772
0.419366
0.502607
0.400759
0.483115
0.574761
0.481329
0.559603
0.434198
0.510883
0.505132
0.450705
0.383043
0.503437
0.438894
0.802916
0.510023
0.523164
0.453589
0.519528
0.360074
0.392140
0.495277
0.500819
0.605735
0.496723
0.396453
0.526217
0.474922
0.609607
0.363602
0.483926
0.554234
0.497485
0.465328
0.578766
0.439961
0.500141
0.497040
0.444070
0.471768
0.461011
0.408675
0.350771
0.544552
0.486376
0.514151
0.401878
0.496691
0.429575
0.353219
0.379019
0.452294
0.460202
0.449917
0.472248
0.531571
0.511510
0.535441
0.376882
0.397120
0.587686
0.521865
0.443211
0.383227
0.389288
0.481033
0.469419
0.494182
0.590780
0.339729
0.442420
0.497685
0.463292
0.442549
0.469709
0.463997
0.459300
0.364612
0.488528
0.564710
0.491803
0.504972
0.425764
0.503914
0.562106
0.449002
0.387962
0.391074
0.412082
0.520436
0.378683
0.473111
0.690579
0.433160
0.571665
0.432413
0.457521
0.614267
0.648228
0.476602
0.400813
0.507911
0.500715
0.621731
0.474161
0.540399
0.573115
0.401156
0.410335
0.560435
0.385777
0.348919
0.539850
0.450934
0.521658
0.473936
0.502075
0.471456
0.480564
0.631326
0.534152
0.510731
0.596140
0.520556
0.422647
0.500502
0.539595
0.519194
0.518917
0.464034
0.641101
0.515086
0.573163
0.571479
0.413822
0.497217
0.537351
0.397486
0.497759
0.572276
0.583321
0.558109
0.475392
0.473889
0.477473
0.498731
0.507493
0.401385
0.376468
0.516702
0.414876
0.553808
0.555570
0.490386
0.413442
0.632552
0.415915
0.398563
0.652655
0.571828
0.530838
0.390379
0.505451
0.527811
0.596530
0.480187
0.518036
0.409598
0.429017
0.511265
0.445481
0.550312
0.461366
0.400923
0.458877
0.471939
0.441160
0.373856
0.349451
0.610291
0.491437
0.552043
0.452839
0.506613
0.356905
0.449421
0.444151
0.423649
0.385054
0.325501
0.503728
0.590248
0.471024
0.530905
0.384110
0.415718
0.364992
0.538311
0.436041
0.431827
0.648706
0.450297
0.633718
0.498293
0.449615
0.534490
0.506948
0.368692
0.572818
0.397142
0.367107
0.470756
0.551197
0.480445
0.436427
0.438626
0.470447
0.482133
0.413795
0.359520
0.415488
0.395202
0.360014
0.511952
0.437907
0.452659
0.364998
0.465770
0.476406
0.483721
0.426730
0.407513
0.432609
0.422223
0.672352
0.532175
0.450259
0.507314
0.529947
0.523513
0.701394
0.475947
0.420280
0.578961
0.487839
0.443001
0.495490
0.567381
0.435377
0.576148
0.549014
0.428857
0.445548
0.416853
0.509000
0.469849
0.321265
0.501697
0.405792
0.438900
0.472283
0.559363
0.488198
0.521712
0.504952
0.439400
0.430112
0.553307
0.584372
0.440235
0.511224
0.477912
0.525625
0.426450
0.462554
0.544486
0.474933
0.713377
0.606671
0.469626
0.585873
0.532701
0.495340
0.457774
0.358454
0.560462
0.402324
0.536274
0.530089
0.486577
0.634674
0.418860
0.465517
0.569169
0.487466
0.404890
0.463211
0.639716
0.577873
0.473956
0.490109
0.423931
0.483073
0.474826
0.517052
0.465580
0.487567
0.436089
0.522669
0.448571
0.468829
0.415796
0.522658
0.405566
0.482270
0.408926
0.488702
0.394798
0.515740
0.547602
0.511037
0.416420
0.357210
0.451381
0.352827
0.412017
0.383631
0.464462
0.356381
0.451700
0.604962
0.504641
0.469261
0.532327
0.483554
0.473044
0.425227
0.398690
0.452712
0.462276
0.388747
0.403588
0.475358
0.467061
0.563097
0.381954
0.448264
0.508871
0.381581
0.398471
0.498000
0.456697
0.398464
0.499984
0.427030
0.341206
0.473389
0.388730
0.372728
0.350186
0.550451
0.583063
0.419924
0.470076
0.423805
0.494117
0.395285
0.429515
0.445835
0.484850
0.392693
0.457996
0.479148
0.433921
0.494314
0.560440
0.368903
0.526601
0.480725
0.568534
0.485653
0.567861
0.438569
0.526733
0.386355
0.519852
0.530290
0.326457
0.519405
0.502176
0.421971
0.420235
0.503404
0.378502
0.522361
0.403328
0.463564
0.450156
0.400655
0.462493
0.446299
0.497993
0.518234
0.577121
0.449032
0.625572
0.581404
0.476305
0.515458
0.427674
0.602814
0.422410
0.458741
0.600467
0.465532
0.558376
0.425760
0.404705
0.585856
0.553459
0.391059
0.578198
0.506043
0.336620
0.490535
0.400753
0.398659
0.530246
0.596590
0.447423
0.427077
0.388054
0.407076
0.380907
0.370068
0.369832
0.386999
0.430635
0.550924
0.367984
0.416905
0.441275
0.367826
0.412032
0.418025
0.493475
0.597484
0.426089
0.381174
0.606873
0.501075
0.481581
0.378317
0.416119
0.456663
0.587209
0.539932
0.517695
0.394703
0.506775
0.373206
0.535053
0.428301
0.384743
0.518421
0.467102
0.534871
0.374203
0.461768
0.353491
0.438622
0.507200
0.560339
0.460440
0.406132
0.374405
0.488955
0.528517
0.471523
0.480370
0.479022
0.418799
0.616028
0.520376
0.467282
0.433127
0.587308
0.585577
0.454146
0.503751
0.525070
0.455146
0.428304
0.532177
0.451151
0.544422
0.484035
0.549341
0.421070
0.523392
0.512661
0.497418
0.394907
0.393213
0.482085
0.505389
0.350124
0.437131
0.410311
0.491601
0.490846
0.440764
0.410134
0.415749
0.613279
0.519075
0.465533
0.446720
0.409342
0.425801
0.451762
0.497240
0.523381
0.434487
0.429016
0.432718
0.345823
0.502858
0.448538
0.481338
0.518855
0.539708
0.488313
0.436176
0.337990
0.442943
0.554828
0.364969
0.471687
0.504242
0.475840
0.419329
0.416534
0.400397
0.507164
0.471675
0.388163
0.379593
0.552791
0.511770
0.430011
0.503850
0.614367
0.342768
0.447251
0.498623
0.483930
0.514698
0.355514
0.443506
0.477918
0.467842
0.445079
0.546467
0.534035
0.489973
0.475099
0.370343
0.359467
0.421217
0.458936
0.417998
0.468322
0.447693
0.399684
0.458886
0.387355
0.559062
0.428503
0.387678
0.460663
0.498066
0.583143
0.331584
0.385690
0.477062
0.426182
0.532869
0.426513
0.481237
0.434050
0.500964
0.598484
0.398675
0.424036
0.407832
0.431784
0.449841
0.459384
0.520457
0.470365
0.477671
0.390812
0.423199
0.338254
0.428729
0.316076
0.444484
0.569715
0.482498
0.368857
0.356827
0.427066
0.386760
0.385706
0.400241
0.710896
0.452991
0.469365
0.506893
0.468479
0.449673
0.377882
0.484958
0.420699
0.449458
0.538632
0.389606
0.452227
0.450711
0.488540
0.479011
0.450458
0.444295
0.435923
0.485305
0.581260
0.462424
0.465173
0.536897
0.444582
0.524752
0.501055
0.503781
0.377518
0.360673
0.383307
0.604358
0.366478
0.323344
0.404564
0.495388
0.474683
0.425967
0.346378
0.404871
0.478296
0.452107
0.500981
0.430183
0.405017
0.539674
0.415095
0.431154
0.409341
0.334788
0.403355
0.469913
0.458235
0.436548
0.407708
0.475424
0.378966
0.492771
0.467922
0.381137
0.537395
0.365650
0.652148
0.428223
0.447258
0.366376
0.410600
0.437079
0.420721
0.455190
0.426035
0.484033
0.468499
0.466485
0.374340
0.371601
0.472748
0.519275
0.378003
0.376947
0.388350
0.498100
0.397173
0.416321
0.516628
0.401259
0.356399
0.453414
0.456263
0.396065
0.533293
0.400207
0.542691
0.436628
0.348033
0.453991
0.427232
0.461379
0.374712
0.437694
0.553253
0.598541
0.463498
0.429014
0.325570
0.360737
0.466600
0.442611
0.375019
0.517996
0.379573
0.426804
0.384009
0.386662
0.345752
0.443717
0.487837
0.470848
0.478217
0.464075
0.428092
0.451853
0.687751
0.443619
0.443148
0.449496
0.418817
0.404622
0.401558
0.446964
0.371097
0.484528
0.502320
0.418239
0.401375
0.375402
0.449749
0.442945
0.539480
0.458678
0.402202
0.389720
0.431270
0.401751
0.418804
0.440951
0.427150
0.482580
0.497761
0.406961
0.405431
0.441402
0.415021
0.485673
0.379413
0.400434
0.454848
0.385810
0.405895
0.469292
0.394029
0.432476
0.384485
0.523755
0.441458
0.388646
0.434876
0.422256
0.426363
0.479449
0.491548
0.448216
0.411710
0.364870
0.518477
0.521181
0.422628
0.324283
0.347208
0.476242
0.376910
0.502664
0.537162
0.459738
0.457576
0.554393
0.501036
0.450125
0.378587
0.521844
0.412987
0.356327
0.406013
0.476301
0.346594
0.353809
0.493594
0.525080
0.510525
0.382179
0.458593
0.546974
0.458779
0.400620
0.402747
0.373400
0.459518
0.431298
0.429253
0.379272
0.392861
0.371824
0.529953
0.352636
0.458050
0.503265
0.387344
0.361907
0.417478
0.528446
0.434449
0.431496
0.473386
0.430923
0.398625
0.467136
0.499635
0.445173
0.437940
0.386026
0.367921
0.376584
0.379589
0.367271
0.395221
0.339038
0.365456
0.449965
0.347064
0.369357
0.537426
0.514482
0.541616
0.420437
0.490166
0.531911
0.511246
0.374945
0.434410
0.417100
0.415443
0.417363
0.521536
0.425384
0.374584
0.447295
0.512382
0.433885
0.364358
0.507232
0.421630
0.348591
0.584658
0.566098
0.366355
0.431744
0.443858
0.438251
0.497459
0.501074
0.483419
0.417717
0.469636
0.460223
0.476399
0.379519
0.395339
0.371924
0.451192
0.549190
0.487702
0.443250
0.459142
0.457176
0.384943
0.504886
0.395518
0.339759
0.436051
0.442455
0.475196
0.454293
0.517193
0.668622
0.391184
0.382721
0.309757
0.479971
0.624643
0.412862
0.381995
0.404462
0.478550
0.422134
0.469886
0.355899
0.307524
0.406621
0.454467
0.487593
0.447007
0.404506
0.454313
0.525396
0.397045
0.531895
0.366410
0.427704
0.481716
0.506166
0.388254
0.449574
0.449734
0.443881
0.394692
0.335661
0.526408
0.484770
0.498688
0.393870
0.402894
0.432598
0.526361
0.416903
0.391550
0.467384
0.431676
0.349324
0.486920
0.533609
0.381043
0.537021
0.421332
0.451590
0.476025
0.552992
0.529138
0.528782
0.515997
0.279720
0.369000
0.457569
0.500830
0.336914
0.432282
0.376789
0.456570
0.380678
0.497402
0.524942
0.485524
0.473765
0.580727
0.423819
0.521370
0.482152
0.480967
0.353192
0.351943
0.452097
0.571637
0.360220
0.349591
0.441445
0.350592
0.510489
0.563866
0.386437
0.314763
0.423208
0.500293
0.475573
0.425990
0.504848
0.548936
0.441075
0.379476
0.412116
0.410029
0.381043
0.429518
0.402565
0.483068
0.401344
0.454850
0.383409
0.530290
0.396801
0.399733
0.388512
0.399635
0.428405
0.411849
0.439485
0.446927
0.367955
0.523319
0.389933
0.508438
0.386223
0.363266
0.446767
0.401840
0.404707
0.504440
0.354702
0.448069
0.364133
0.397564
0.379235
0.389507
0.396239
0.470465
0.444433
0.380676
0.406199
0.369301
0.421511
0.435194
0.341004
0.469269
0.459103
0.358451
0.523570
0.432538
0.367611
0.491272
0.403014
0.402426
0.493054
0.393685
0.485791
0.342197
0.323963
0.406700
0.497331
0.478980
0.383725
0.422895
0.374061
0.375121
0.407601
0.397117
0.450999
0.418581
0.326418
0.378969
0.388844
0.381658
0.462489
0.399724
0.322271
0.370509
0.466639
0.398717
0.431628
0.481445
0.436014
0.572780
0.375258
0.388988
0.396362
0.417577
0.362367
0.409561
0.440912
0.425489
0.517529
0.442579
0.360712
0.497242
0.417390
0.347354
0.348704
0.383379
0.349147
0.415899
0.459826
0.499957
0.414522
0.433886
0.434678
0.391986
0.355421
0.332365
0.315595
0.490597
0.374293
0.403345
0.457992
0.480817
0.506975
0.392341
0.327504
0.607059
0.442191
0.479927
0.404873
0.352073
0.420616
0.376401
0.384452
0.395280
0.434353
0.342733
0.389697
0.343741
0.422734
0.542960
0.355907
0.329197
0.408211
0.382077
0.387577
0.361849
0.456416
0.530203
0.346309
0.468058
0.494382
0.360448
0.363254
0.338675
0.347612
0.385551
0.374561
0.423343
0.493143
0.343014
0.436447
0.342290
0.441553
0.445528
0.483133
0.357584
0.322547
0.511256
0.532764
0.581713
0.422796
0.393931
0.342657
0.306392
0.393469
0.432040
0.471705
0.538426
0.436648
0.436361
0.316434
0.296991
0.523760
0.486701
0.320069
0.502414
0.463473
0.358579
0.513206
0.489255
0.408102
0.408719
0.414195
0.375688
0.479331
0.570208
0.383680
0.430832
0.351824
0.428083
0.474321
0.421132
0.534060
0.564839
0.394601
0.454446
0.438032
0.358243
0.516387
0.283726
0.474395
0.388701
0.387467
0.423972
0.379223
0.395772
0.456953
0.385518
0.429123
0.537686
0.462765
0.384275
0.507365
0.471386
0.371339
0.339995
0.363730
0.373275
0.331389
0.435542
0.416277
0.471163
0.394610
0.537079
0.467248
0.298579
0.410198
0.475894
0.338973
0.351023
0.387474
0.457802
0.345813
0.370142
0.419720
0.597193
0.400676
0.354482
0.445358
0.344190
0.439606
0.397285
0.446311
0.427059
0.456560
0.421280
0.392832
0.391828
0.479747
0.386345
0.360093
0.516205
0.388289
0.350823
0.488153
0.425234
0.485447
0.415959
0.422532
0.347916
0.370754
0.391464
0.317997
0.535886
0.433847
0.405168
0.371603
0.483888
0.351007
0.405699
0.405545
0.420439
0.430888
0.385442
0.418827
0.397862
0.547058
0.444284
0.360486
0.408099
0.461720
0.462776
0.381595
0.383498
0.462256
0.457354
0.532738
0.437944
0.445576
0.355410
0.445936
0.457099
0.481046
0.345854
0.493705
0.443174
0.307408
0.412205
0.350169
0.374595
0.394396
0.286041
0.474108
0.394944
0.371853
0.346430
0.443333
0.517371
0.407170
0.496565
0.411092
0.455786
0.359495
0.432056
0.524281
0.410343
0.512437
0.382297
0.438546
0.402895
0.487413
0.355647
0.349632
0.467810
0.423720
0.453334
0.468913
0.361045
0.521468
0.325380
0.459184
0.391255
0.549154
0.466657
0.524635
0.278297
0.385119
0.370398
0.330903
0.547370
0.392626
0.416331
0.446704
0.406944
0.334114
0.347382
0.360068
0.345968
0.531197
0.365717
0.390728
0.527066
0.450160
0.316455
0.506281
0.413529
0.350441
0.449094
0.364404
0.409005
0.422081
0.405023
0.327745
0.489796
0.391485
0.504873
0.396916
0.364798
0.352465
0.411183
0.543175
0.419747
0.398280
0.399852
0.468002
0.332668
0.428707
0.388570
0.495641
0.580956
0.364305
0.348951
0.343061
0.365063
0.336350
0.384157
0.378116
0.501936
0.429452
0.615250
0.503592
0.494805
0.344826
0.376086
0.366310
0.363066
0.446044
0.472923
0.450299
0.412083
0.408419
0.374993
0.379026
0.374915
0.425262
0.467705
0.350714
0.423530
0.464332
0.449701
0.423378
0.351333
0.402368
0.436341
0.326520
0.380023
0.421173
0.321398
0.462714
0.482651
0.349598
0.354395
0.344527
0.333754
0.413071
0.350351
0.347811
0.363385
0.360168
0.449005
0.363353
0.500309
0.401926
0.409002
0.420260
0.431050
0.414704
0.330708
0.422179
0.412443
0.474633
0.416737
0.465848
0.326214
0.466369
0.402682
0.454013
0.353054
0.376454
0.314814
0.390346
0.345206
0.415402
0.360127
0.441889
0.377781
0.285595
0.348471
0.378872
0.399162
0.426447
0.531830
0.390761
0.368555
0.382187
0.405093
0.414512
0.452726
0.434687
0.484789
0.426160
0.458675
0.435662
0.437505
0.344335
0.402885
0.377392
0.411745
0.381806
0.384803
0.388753
0.530734
0.317721
0.440185
0.412798
0.372307
0.353097
0.478385
0.398549
0.419005
0.429064
0.327585
0.325783
0.441908
0.476568
0.403976
0.510955
0.408950
0.457040
0.368095
0.432887
0.383102
0.420181
0.355029
0.537407
0.371381
0.308930
0.353897
0.396889
0.332049
0.451704
0.473773
0.508937
0.420053
0.396218
0.285574
0.347263
0.376780
0.398938
0.379049
0.479385
0.338637
0.318630
0.510790
0.343863
0.420990
0.530394
0.384811
0.286691
0.420802
0.480719
0.426811
0.397450
0.449492
0.352985
0.485676
0.375554
0.494383
0.408340
0.481561
0.456613
0.429438
0.419209
0.348327
0.464371
0.347621
0.380609
0.398134
0.387773
0.319597
0.383147
0.426794
0.522467
0.335104
0.358273
0.459109
0.372133
0.436981
0.296943
0.338716
0.383900
0.409872
0.274479
0.472867
0.484307
0.366349
0.395387
0.336799
0.414585
0.374985
0.387318
0.320075
0.592203
0.460174
0.450211
0.413492
0.351147
0.321738
0.365122
0.269051
0.459866
0.374529
0.522541
0.406284
0.409175
0.351051
0.427830
0.349310
0.368612
0.393524
0.358291
0.333804
0.355499
0.493666
0.621881
0.474411
0.303251
0.342407
0.364659
0.435080
0.416123
0.401604
0.304117
0.377129
0.350214
0.291971
0.441753
0.311234
0.352163
0.432140
0.462183
0.435486
0.359037
0.364670
0.424021
0.357940
0.363653
0.420934
0.387238
0.387736
0.353555
0.386304
0.446513
0.377004
0.379576
0.421475
0.418495
0.380989
0.374345
0.494662
0.343760
0.354303
0.441903
0.392676
0.324881
0.355158
0.516270
0.312816
0.262930
0.420725
0.404212
0.392875
0.333717
0.365952
0.432847
0.463711
0.428265
0.396349
0.414865
0.330198
0.410776
0.321567
0.375402
0.519952
0.415241
0.364919
0.404896
0.499098
0.356626
0.401260
0.355519
0.456293
0.319138
0.402803
0.508800
0.443662
0.552837
0.394920
0.321933
0.465376
0.449030
0.426931
0.407071
0.352691
0.412826
0.362481
0.467792
0.343011
0.421247
0.338892
0.303791
0.458333
0.417218
0.391769
0.345215
0.521657
0.499240
0.384596
0.363696
0.291239
0.525276
0.464016
0.400903
0.502979
0.353161
0.479711
0.448372
0.432461
0.379137
0.402501
0.421074
0.377397
0.338624
0.319741
0.584275
0.291317
0.317665
0.360129
0.332464
0.462707
0.377321
0.382443
0.347310
0.476005
0.410897
0.375175
0.382059
0.403712
0.418458
0.351775
0.435935
0.331891
0.400287
0.370894
0.352379
0.398684
0.353231
0.317873
0.340171
0.386912
0.393809
0.330132
0.305842
0.378659
0.421504
0.387599
0.411371
0.441079
0.393518
0.550394
0.394004
0.333945
0.351001
0.426669
0.355325
0.466531
0.473589
0.340433
0.485110
0.342615
0.433955
0.438646
0.363424
0.288298
0.307571
0.338505
0.489107
0.263185
0.345708
0.456112
0.332622
0.396309
0.391101
0.324258
0.345236
0.431968
0.416048
0.425470
0.335737
0.337704
0.395511
0.285215
0.379086
0.333677
0.360552
0.306068
0.290260
0.352580
0.347412
0.380718
0.361439
0.313358
0.418020
0.408722
0.397355
0.377144
0.462693
0.335872
0.320775
0.360381
0.423246
0.358278
0.332692
0.433060
0.336767
0.383353
0.368689
0.379497
0.373097
0.487601
0.387815
0.603292
0.502543
0.330231
0.438683
0.319265
0.337846
0.354301
0.342548
0.350876
0.368926
0.299701
0.363905
0.390664
0.286192
0.397382
0.481214
0.514168
0.425114
0.299898
0.294025
0.380429
0.438025
0.423227
0.400010
0.382855
0.348612
0.462018
0.404078
0.333399
0.451831
0.409775
0.366908
0.367704
0.355611
0.334376
0.428620
0.407376
0.350500
0.483062
0.289179
0.357536
0.387932
0.443907
0.374018
0.376757
0.422561
0.356645
0.563904
0.447981
0.396156
0.423324
0.350076
0.426011
0.349009
0.378927
0.387824
0.475953
0.360018
0.317954
0.336961
0.373277
0.336736
0.340868
0.323342
0.377725
0.399947
0.355592
0.431104
0.438264
0.380774
0.434600
0.401282
0.387977
0.367232
0.511489
0.375140
0.465922
0.309882
0.464578
0.320781
0.394734
0.386314
0.496101
0.398635
0.314332
0.301942
0.461866
0.462704
0.409693
0.314840
0.384195
0.297980
0.454921
0.370548
0.417675
0.410276
0.366521
0.398093
0.364235
0.426665
0.483651
0.386314
0.354103
0.385771
0.272804
0.376036
0.387919
0.413945
0.288083
0.402211
0.356407
0.339808
0.407071
0.357414
0.414892
0.408950
0.381491
0.363305
0.343178
0.394101
0.293459
0.401497
0.388581
0.333482
0.489902
0.339187
0.404003
0.361179
0.483126
0.356372
0.344006
0.341923
0.399630
0.300938
0.358705
0.378049
0.419118
0.405165
0.381428
0.428998
0.356876
0.336839
0.330874
0.360968
0.431222
0.287879
0.349185
0.449804
0.378317
0.440602
0.484811
0.316799
0.474386
0.441439
0.379406
0.400137
0.327846
0.378426
0.356792
0.444691
0.449381
0.511425
0.382906
0.479477
0.315624
0.378315
0.319822
0.310219
0.400664
0.283705
0.527684
0.319240
0.455372
0.424137
0.356957
0.430453
0.310104
0.418908
0.362807
0.338241
0.356756
0.315773
0.410633
0.359202
0.394725
0.452876
0.454192
0.381474
0.375775
0.472276
0.519229
0.400683
0.360674
0.403291
0.306157
0.397619
0.377469
0.337257
0.350071
0.354707
0.476721
0.501460
0.380022
0.388885
0.321165
0.360331
0.309940
0.394293
0.349308
0.566876
0.345587
0.431669
0.445285
0.346659
0.401420
0.384168
0.374271
0.382937
0.412524
0.327052
0.428989
0.458314
0.451583
0.327232
0.352517
0.363050
0.414455
0.363602
0.453782
0.421956
0.373065
0.303328
0.339533
0.357402
0.318568
0.459591
0.357236
0.439813
0.496564
0.398830
0.399011
0.468273
0.305965
0.482546
0.369554
0.347030
0.308641
0.524626
0.423014
0.363697
0.384517
0.504375
0.369348
0.389427
0.426260
0.501325
0.411541
0.516230
0.339009
0.381502
0.388298
0.351077
0.390978
0.417558
0.411557
0.348851
0.305497
0.348416
0.442340
0.368814
0.406692
0.491824
0.430007
0.409622
0.433531
0.411336
0.357403
0.335675
0.439938
0.437232
0.310835
0.428032
0.391769
0.378073
0.409876
0.439258
0.408649
0.427741
0.322282
0.404523
0.424778
0.416610
0.291636
0.418953
0.379715
0.516354
0.395044
0.264111
0.402195
0.420863
0.358613
0.397738
0.431593
0.277317
0.341633
0.429747
0.272796
0.553686
0.327984
0.432578
0.321437
0.388318
0.285468
0.376767
0.384584
0.341527
0.377581
0.330744
0.465227
0.368748
0.267324
0.412737
0.352810
0.355286
0.372056
0.400749
0.329297
0.452330
0.233352
0.397710
0.449155
0.377610
0.368557
0.339405
0.304777
0.302228
0.400072
0.461640
0.322303
0.379867
0.407573
0.290911
0.350567
0.340091
0.259457
0.396688
0.391396
0.388173
0.339524
0.390466
0.337345
0.362633
0.333775
0.436292
0.341969
0.431883
0.500927
0.285900
0.298226
0.339280
0.339547
0.312558
0.523104
0.310096
0.442877
0.497269
0.354199
0.393976
0.311486
0.333072
0.326669
0.420014
0.337395
0.302639
0.328102
0.448090
0.396215
0.309251
0.413450
0.417603
0.331161
0.445826
0.366388
0.440218
0.366563
0.305658
0.391864
0.367908
0.350257
0.289360
0.412457
0.316571
0.347829
0.289613
0.361403
0.330781
0.330651
0.462627
0.401329
0.342607
0.390125
0.373346
0.370883
0.294163
0.404641
0.344822
0.441393
0.337305
0.353561
0.408500
0.369122
0.380153
0.312699
0.356052
0.448836
0.364632
0.475057
0.410109
0.357994
0.374730
0.307634
0.282735
0.297976
0.342742
0.404911
0.411890
0.310878
0.354982
0.303669
0.470737
0.358384
0.358121
0.376345
0.318892
0.431785
0.250251
0.361460
0.391483
0.352764
0.365799
0.337768
0.476641
0.504290
0.412466
0.371957
0.333842
0.405174
0.389169
0.341942
0.425053
0.359624
0.310866
0.286112
0.370782
0.433721
0.338154
0.390358
0.363486
0.336274
0.330476
0.453244
0.408680
0.371445
0.352687
0.359764
0.401368
0.394524
0.318206
0.393397
0.321119
0.270815
0.391797
0.415962
0.400562
0.487963
0.398277
0.406934
0.289688
0.276126
0.468983
0.466995
0.303457
0.431636
0.267382
0.393787
0.336994
0.342191
0.360272
0.412676
0.411172
0.355293
0.361817
0.404452
0.345134
0.337508
0.340235
0.342625
0.342416
0.339203
0.489979
0.379620
0.340965
0.369323
0.288541
0.424324
0.445042
0.333993
0.323176
0.388175
0.515361
0.340457
0.423433
0.478779
0.382290
0.370315
0.371420
0.356488
0.449098
0.411420
0.500515
0.284964
0.546554
0.434981
0.441459
0.453253
0.380304
0.391416
0.280689
0.552900
0.499189
0.378068
0.330481
0.337597
0.300996
0.363914
0.434600
0.481032
0.370563
0.349417
0.307113
0.500851
0.325227
0.301855
0.322310
0.304056
0.320879
0.406906
0.331807
0.252633
0.426210
0.324637
0.275353
0.322123
0.284374
0.404598
0.349969
0.381680
0.315456
0.297442
0.406893
0.467522
0.316411
0.296633
0.398710
0.374077
0.441193
0.331733
0.314745
0.482500
0.503758
0.420375
0.435235
0.403630
0.417052
0.304556
0.380758
0.313412
0.341309
0.382586
0.497725
0.378862
0.344791
0.386891
0.373866
0.368324
0.408692
0.342414
0.316283
0.332526
0.381768
0.432115
0.483715
0.415927
0.425254
0.359284
0.320001
0.363539
0.375230
0.319118
0.382798
0.298960
0.380992
0.377686
0.367946
0.357935
0.369770
0.306041
0.406835
0.476572
0.396363
0.315036
0.346134
0.413887
0.354647
0.356588
0.377056
0.336665
0.344517
0.255577
0.300440
0.385321
0.524143
0.365374
0.382494
0.341730
0.369370
0.329165
0.362012
0.404773
0.408759
0.361359
0.304411
0.413521
0.475637
0.336451
0.470945
0.369384
0.439911
0.330549
0.400055
0.381800
0.310456
0.341536
0.458995
0.411740
0.372294
0.358155
0.396523
0.305463
0.425573
0.330078
0.393832
0.405479
0.330651
0.419267
0.380873
0.476401
0.332256
0.392216
0.464832
0.460535
0.371874
0.382014
0.381351
0.328112
0.404410
0.426831
0.413296
0.364244
0.343127
0.385444
0.370001
0.481597
0.361650
0.328860
0.343560
0.302619
0.332466
0.423844
0.376885
0.320051
0.335854
0.463053
0.485292
0.386507
0.278444
0.307845
0.442641
0.412379
0.371658
0.328477
0.412592
0.407238
0.464973
0.336639
0.310024
0.307409
0.288031
0.412697
0.427733
0.328158
0.517923
0.447760
0.395510
0.412088
0.353792
0.432512
0.340328
0.270482
0.425557
0.290030
0.369385
0.318205
0.402268
0.392050
0.545846
0.474969
0.342442
0.409326
0.443205
0.315401
0.322586
0.391938
0.368811
0.378191
0.351953
0.335263
0.308502
0.361282
0.329094
0.432996
0.291614
0.367910
0.490407
0.346933
0.409323
0.408913
0.322140
0.382905
0.314889
0.323446
0.357300
0.309614
0.594712
0.281841
0.398219
0.471972
0.391524
0.349505
0.435796
0.318729
0.318213
0.400577
0.409467
0.470115
0.338303
0.354316
0.333224
0.395511
0.455675
0.334277
0.462344
0.350968
0.363042
0.316344
0.331968
0.322065
0.363529
0.365665
0.338088
0.335286
0.438793
0.327945
0.313325
0.354408
0.359749
0.339302
0.438820
0.369465
0.321798
0.324365
0.303564
0.322119
0.362010
0.360675
0.346903
0.363480
0.373652
0.380401
0.421390
0.328861
0.319488
0.438305
0.307040
0.314846
0.424399
0.384545
0.344814
0.326339
0.292053
0.300554
0.300368
0.421537
0.414418
0.414290
0.338690
0.332347
0.412165
0.433072
0.367599
0.405297
0.342934
0.443406
0.365326
0.327793
0.329897
0.401472
0.268786
0.361810
0.507914
0.394493
0.318660
0.307373
0.402562
0.441743
0.329060
0.367978
0.391388
0.301347
0.320850
0.441320
0.390283
0.293831
0.364844
0.332669
0.435192
0.411723
0.384623
0.331376
0.416818
0.306878
0.407741
0.322409
0.408581
0.323051
0.311753
0.372092
0.360849
0.465319
0.363429
0.336186
0.358707
0.308185
0.322174
0.398928
0.334502
0.506197
0.370972
0.364481
0.372979
0.405931
0.309060
0.335300
0.287533
0.468000
0.343465
0.472117
0.268316
0.276851
0.345613
0.442133
0.380792
0.369620
0.327286
0.376683
0.315239
0.327914
0.350660
0.301351
0.378722
0.492374
0.273284
0.358673
0.420918
0.479791
0.256698
0.313727
0.322952
0.347130
0.309905
0.295762
0.431838
0.350582
0.412122
0.456673
0.400701
0.325718
0.319786
0.307554
0.413844
0.358136
0.434734
0.362058
0.410483
0.331038
0.339718
0.402330
0.413539
0.322995
0.405900
0.413952
0.257556
0.284023
0.496626
0.423964
0.359437
0.248240
0.307390
0.331274
0.332514
0.499698
0.457835
0.322307
0.376178
0.229245
0.418628
0.459752
0.399813
0.343496
0.329153
0.381453
0.421773
0.351381
0.391329
0.332715
0.363426
0.344808
0.278244
0.381434
0.453528
0.402563
0.359364
0.282063
0.379139
0.275612
0.389512
0.419250
0.439939
0.485582
0.456862
0.468619
0.291932
0.449678
0.460642
0.321561
0.450961
0.385571
0.334771
0.362187
0.367008
0.385589
0.451408
0.337282
0.361773
0.355042
0.383003
0.398378
0.345814
0.415484
0.384794
0.416798
0.306072
0.349647
0.265660
0.442694
0.376943
0.410093
0.333702
0.405242
0.414426
0.316799
0.340138
0.424276
0.352353
0.372075
0.294002
0.287035
0.358541
0.299658
0.334515
0.301802
0.312318
0.332557
0.366482
0.354652
0.320435
0.416062
0.430946
0.318941
0.356349
0.382197
0.362520
0.405467
0.332705
0.409814
0.360407
0.357463
0.452444
0.428642
0.322152
0.307101
0.382294
0.450563
0.291112
0.347247
0.505899
0.409702
0.416851
0.304972
0.410832
0.433110
0.333617
0.361816
0.358765
0.394482
0.318452
0.304594
0.382207
0.480321
0.371904
0.397038
0.344775
0.413997
0.372029
0.389102
0.390899
0.319924
0.526458
0.473527
0.407308
0.425689
0.330123
0.358785
0.470091
0.293607
0.361501
0.363375
0.303171
0.311383
0.356993
0.361326
0.527438
0.314549
0.376043
0.338642
0.400104
0.429203
0.379649
0.351495
0.269027
0.381962
0.495122
0.336680
0.407788
0.388159
0.348284
0.455123
0.368467
0.286945
0.389257
0.280352
0.362381
0.379226
0.402132
0.367451
0.296224
0.330293
0.290942
0.353809
0.431839
0.389834
0.397413
0.313685
0.229808
0.339114
0.330449
0.359092
0.386841
0.397959
0.383934
0.282795
0.336855
0.301315
0.405307
0.440680
0.316070
0.302851
0.464730
0.338216
0.369875
0.343473
0.228715
0.360376
0.410409
0.412996
0.354128
0.276973
0.339789
0.357912
0.440164
0.429831
0.347873
0.364468
0.320553
0.512674
0.297980
0.419992
0.377347
0.331024
0.462666
0.395325
0.357355
0.419538
0.440642
0.307883
0.354092
0.406137
0.432142
0.401486
0.282380
0.443437
0.334096
0.325145
0.398665
0.410521
0.390014
0.485959
0.530376
0.311676
0.336401
0.391128
0.389105
0.275303
0.424029
0.407117
0.314172
0.295549
0.473352
0.413591
0.343782
0.395184
0.450575
0.301582
0.355869
0.272085
0.311204
0.375088
0.351562
0.369003
0.368404
0.368926
0.382167
0.297662
0.382142
0.368512
0.442831
0.431725
0.356960
0.344818
0.343272
0.471199
0.338280
0.383146
0.361319
0.385258
0.362599
0.356693
0.402179
0.325105
0.403959
0.352709
0.465079
0.413853
0.342214
0.352875
0.457789
0.434522
0.382348
0.389317
0.476807
0.355206
0.312786
0.307288
0.499944
0.477389
0.331903
0.341433
0.284188
0.392444
0.391021
0.351323
0.365487
0.312905
0.455296
0.344616
0.342586
0.335140
0.317777
0.477475
0.468308
0.402468
0.370468
0.377500
0.422966
0.410448
0.487427
0.449016
0.398762
0.319039
0.433941
0.323612
0.339043
0.288547
0.337616
0.408625
0.381444
0.306533
0.296458
0.389234
0.362669
0.337176
0.314357
0.422811
0.259803
0.342004
0.402264
0.380861
0.347640
0.357573
0.373050
0.361133
0.358242
0.333468
0.407906
0.537295
0.377118
0.367141
0.387045
0.363897
0.332502
0.375489
0.318910
0.298955
0.362651
0.406063
0.374815
0.377181
0.393906
0.415149
0.384100
0.336776
0.446552
0.382484
0.466562
0.439783
0.358815
0.259652
0.359347
0.295414
0.305766
0.475627
0.452209
0.408372
0.450033
0.419396
0.388394
0.361029
0.333318
0.376217
0.503179
0.349878
0.374839
0.449189
0.320423
0.418655
0.414130
0.279552
0.424186
0.342772
0.327439
0.429278
0.354789
0.408823
0.331541
0.340690
0.326846
0.299913
0.341589
0.344759
0.331448
0.347872
0.370837
0.434446
0.433548
0.428626
0.356737
0.295078
0.288317
