3.163532
3.229257
3.045873
3.077384
2.969367
3.026594
3.024107
3.030386
2.864486
2.846998
2.907899
2.758571
2.833739
2.774187
2.774780
2.624238
2.684752
2.609468
2.702408
2.497158
2.829230
2.614182
2.425317
2.494748
2.610801
2.497002
2.529567
2.536013
2.608019
2.498760
2.582721
2.490592
2.459801
2.506842
2.601179
2.456422
2.641999
2.348592
2.420292
2.333321
2.293474
2.356526
2.328811
2.285492
2.555290
2.316417
2.272462
2.355130
2.301946
2.603438
2.334705
2.307684
2.436660
2.419237
2.444792
2.316300
2.320634
2.207855
2.207147
2.302365
2.173808
2.337281
2.230385
2.277736
2.190422
2.184978
2.198003
2.169279
2.100201
2.292921
2.265109
2.212329
2.159045
2.296500
2.134981
2.086895
2.199759
2.292577
2.213599
2.263839
2.310776
2.267443
2.158057
2.124142
2.080075
2.008217
1.997968
2.049745
2.172967
2.108367
2.159344
2.045584
2.148192
2.165292
2.124874
2.096627
2.195921
2.114950
2.079029
2.090776
2.097845
2.121134
1.932231
2.039889
1.998725
2.086157
2.200948
1.886188
2.015759
1.935399
1.862899
1.879783
2.098103
1.860078
1.982070
2.025895
1.960282
1.938625
1.844839
2.223472
2.096893
1.982584
1.932539
1.985139
2.075644
1.921229
2.059511
2.036595
1.912429
1.914932
2.035892
2.019238
1.944347
1.974793
1.867305
1.748231
1.905708
1.909050
1.985306
1.864254
1.820835
1.886405
1.833876
1.868389
1.941884
1.787900
1.798719
1.849617
1.766730
2.025874
1.842193
1.880283
2.030777
1.968554
1.827645
1.875254
1.846257
1.875453
1.901376
1.953509
1.953060
2.006581
1.859742
1.785201
1.908157
1.738673
1.742604
1.910455
1.750158
1.805839
1.727725
1.796550
1.719326
1.762615
1.816743
1.764689
1.861700
1.878206
1.785777
1.774941
1.725310
1.775259
1.695837
1.912815
1.781659
1.743315
1.738102
1.878776
1.790229
1.809631
1.724845
1.675877
1.774679
1.743361
1.746245
1.852045
1.565292
1.750205
1.742496
1.761211
1.739970
1.703196
1.783948
1.657442
1.686519
1.784220
1.646239
1.714117
1.736696
1.925252
1.654302
1.806766
1.794633
1.800214
1.633632
1.620263
1.776674
1.762309
1.722561
1.743292
1.667296
1.704795
1.566688
1.763749
1.495679
1.619916
1.554428
1.627735
1.602998
1.641569
1.551053
1.577914
1.652955
1.483333
1.538318
1.600068
1.578464
1.630871
1.605998
1.793501
1.715409
1.481766
1.644039
1.620952
1.651716
1.508129
1.504880
1.590486
1.570605
1.611355
1.664147
1.716413
1.538536
1.506989
1.665047
1.733598
1.711581
1.504181
1.465987
1.611886
1.737005
1.512475
1.629707
1.591511
1.563372
1.515191
1.679305
1.615551
1.627679
1.648699
1.545001
1.531433
1.616422
1.667408
1.650097
1.584413
1.560061
1.575273
1.574537
1.503199
1.705075
1.535105
1.533567
1.532630
1.549331
1.485008
1.520528
1.446888
1.609887
1.526759
1.364237
1.332329
1.485380
1.389760
1.307429
1.393773
1.457809
1.551294
1.590008
1.436255
1.536976
1.578176
1.612204
1.507467
1.565917
1.440283
1.620024
1.588305
1.565977
1.507624
1.714216
1.414538
1.488366
1.450918
1.673798
1.544238
1.459918
1.557773
1.527775
1.433655
1.465532
1.442034
1.493173
1.489266
1.355106
1.586994
1.503942
1.619986
1.527427
1.450938
1.561478
1.412058
1.530904
1.473339
1.662636
1.497920
1.535935
1.537492
1.572374
1.436835
1.435392
1.404346
1.450423
1.520409
1.482673
1.392665
1.391941
1.436125
1.449273
1.464834
1.407567
1.436684
1.720696
1.399323
1.607144
1.331596
1.582055
1.509179
1.417518
1.577620
1.344971
1.423341
1.308041
1.411212
1.428644
1.340819
1.288669
1.371396
1.444237
1.278669
1.472502
1.512528
1.364999
1.225550
1.293829
1.426037
1.289875
1.437945
1.459282
1.447914
1.555934
1.391574
1.363583
1.529945
1.543764
1.420565
1.369563
1.367417
1.365115
1.487706
1.419442
1.324733
1.376765
1.494517
1.339779
1.306371
1.363751
1.220164
1.366468
1.564009
1.555616
1.389647
1.325086
1.586362
1.461719
1.451015
1.496705
1.358819
1.422706
1.342197
1.455776
1.347482
1.229194
1.438644
1.386266
1.344637
1.327055
1.435444
1.453227
1.317382
1.383572
1.304070
1.366146
1.494635
1.355782
1.313187
1.253440
1.299277
1.233647
1.420012
1.375354
1.367417
1.513290
1.233094
1.344479
1.352654
1.291426
1.283079
1.238577
1.290280
1.292724
1.436681
1.473706
1.255150
1.455127
1.377253
1.219721
1.291541
1.409392
1.170537
1.256616
1.232599
1.346972
1.317850
1.271209
1.274485
1.276781
1.231322
1.307014
1.224739
1.373047
1.305270
1.242163
1.297583
1.279127
1.270291
1.255153
1.221257
1.259633
1.368129
1.430017
1.256132
1.289292
1.225299
1.401026
1.289574
1.361694
1.202280
1.329683
1.254375
1.364619
1.355797
1.299540
1.272446
1.321156
1.212977
1.250040
1.275384
1.321831
1.161973
1.356332
1.174044
1.353925
1.306678
1.304371
1.323775
1.256129
1.325980
1.485648
1.182929
1.230334
1.278554
1.267798
1.254926
1.306400
1.180698
1.177948
1.204057
1.251098
1.295551
1.211190
1.180940
1.237534
1.097091
1.182785
1.318591
1.326219
1.207879
1.243618
1.252572
1.257978
1.233230
1.348141
1.239686
1.238051
1.192602
1.235913
1.102739
1.349741
1.144806
1.212257
1.153266
1.250771
1.146060
1.198471
1.258590
1.196724
1.167555
1.127860
1.159348
1.122265
1.230344
1.223985
1.262758
1.304922
1.299589
1.264845
1.105150
1.249365
1.139477
1.195650
1.286194
1.333940
1.075098
1.210439
1.154292
1.181679
1.227861
1.059162
1.171648
1.066471
1.355120
1.260555
1.183624
1.251274
1.220805
1.328860
1.340919
1.336540
1.163866
1.028780
1.263463
1.211851
1.078422
1.316911
1.147867
1.348055
1.278399
1.065098
1.149912
1.289091
1.274458
1.269695
1.180440
1.275605
1.248939
1.092826
1.369239
1.180958
1.222264
1.270036
1.319289
1.227917
1.235588
1.241778
1.174912
1.166066
1.258309
1.227920
1.168729
1.247853
1.293979
1.289401
1.216914
1.329945
1.115615
1.278894
1.389428
1.279472
1.215426
1.197781
1.206123
1.144703
1.006785
1.157428
1.197587
1.272703
1.122945
1.193351
1.202366
1.118664
1.054236
1.191854
1.250581
1.076973
1.224092
1.160713
1.139902
1.044868
1.018629
1.065247
1.122970
1.372802
1.057548
1.119721
1.078673
1.218958
1.066908
1.146811
1.090046
1.273297
1.215348
1.131982
1.000762
1.265210
1.085375
1.237007
1.131820
1.253904
1.173942
1.340496
1.322288
1.084509
1.047148
1.103585
1.244749
1.159182
1.165201
1.203939
1.097195
1.225016
1.183436
1.095153
1.187662
1.182572
1.215441
1.183614
1.150199
1.101043
1.155209
1.149750
1.262901
1.021782
1.207786
1.205080
1.296521
1.285915
1.274285
1.113586
1.289180
1.227235
1.089515
1.203549
1.187191
1.139965
1.136342
1.212471
1.145016
1.105868
1.198794
1.151114
1.138073
1.067458
1.105366
1.219206
1.338284
1.272161
1.117716
1.176763
1.122368
1.187053
1.011584
1.152242
0.973080
1.051641
0.992638
1.091647
1.148507
1.059967
1.109766
1.196719
1.166331
1.066352
1.156596
1.183613
1.033778
1.176261
1.226162
1.033265
1.057980
1.011970
1.138927
1.107236
1.190059
1.097044
1.098862
1.063217
1.118925
1.097636
1.067449
1.153930
1.111519
1.073369
0.998656
0.899229
1.084483
1.325534
1.042532
1.095627
1.066595
1.043649
0.915011
1.039143
1.088841
0.964291
0.969251
1.045997
1.170069
1.139706
1.181903
1.037742
0.913310
1.096720
1.148840
1.055677
1.000781
1.074027
1.182701
1.116980
1.143661
1.120364
1.052526
1.225456
1.074578
1.138211
1.060840
1.064412
0.996399
0.939229
1.189699
0.984363
1.073782
1.306554
1.052920
1.115013
1.135572
1.016999
1.127064
1.152917
1.000317
1.175170
1.017460
1.207036
1.069024
1.048961
1.089227
1.133466
1.226108
1.102751
0.937865
1.065328
1.103175
1.102549
1.225820
1.001557
1.091485
1.067102
1.127019
1.063496
0.990636
0.963897
0.977347
1.044854
1.008759
1.070027
1.016395
0.940473
1.068199
1.013111
1.076645
0.996370
1.068327
1.156842
1.096471
1.069574
1.037843
0.976351
0.996783
1.086123
1.216660
1.150565
1.102689
1.180481
1.087189
1.115323
1.078337
1.030831
0.936952
0.995894
1.012427
1.029452
0.981455
0.996342
1.119662
0.949475
0.970605
1.099344
1.076282
1.060635
1.062416
1.132526
1.072276
1.096402
1.002279
1.042973
1.177871
1.210815
0.950068
1.013519
1.274048
0.963726
1.052698
0.965262
1.257896
1.051522
1.099683
1.077586
0.999662
1.087828
1.010074
0.944229
1.069750
1.022195
1.093931
0.963681
0.882334
0.981676
0.962500
1.033898
0.916263
1.030956
0.959990
0.952984
0.915763
1.061236
0.974044
0.997850
1.044417
1.023758
1.101312
1.063079
0.946154
1.100103
1.013919
1.151208
1.051228
1.137491
1.097206
1.013528
1.131465
1.063992
1.034853
1.095776
1.073937
1.072087
0.961144
0.963097
0.954348
1.011327
0.953279
0.966513
1.047035
0.993931
1.027307
0.959684
0.943647
0.886672
1.039654
1.071824
0.898512
0.997126
1.141165
1.054115
1.005529
1.069421
0.954611
0.946314
1.028688
1.157195
0.969634
1.028232
1.212994
0.893819
1.014556
1.063778
1.009227
1.013715
1.008948
1.068798
0.933147
1.017540
0.930924
1.037798
0.953189
1.027596
1.046660
1.049305
1.054267
0.963664
0.992425
1.022982
0.965509
0.987301
0.898971
1.092646
1.085917
0.851460
1.083255
0.930812
0.883243
0.864139
1.053535
0.975063
1.026402
0.921227
0.972403
1.016599
0.952293
1.017231
0.902705
1.163560
0.906276
1.005988
0.993715
0.958775
1.019219
1.086799
1.046650
0.933427
1.125188
1.099437
1.093082
0.972043
0.945482
1.178272
1.022337
0.912211
0.971982
0.999215
0.936756
0.966487
1.028507
0.946244
0.870146
0.909818
0.885744
1.024235
0.982179
1.035716
1.016320
1.006403
1.057960
1.011520
0.967113
0.951812
0.970017
1.097207
1.045038
0.826928
0.839293
0.947040
0.903062
0.931992
0.966337
0.995473
0.968795
0.971682
0.879763
1.047879
0.949776
1.048422
1.034368
0.962571
1.145216
1.110010
1.068924
0.917184
0.967378
1.024435
0.976455
1.016525
0.961277
0.952779
1.033580
0.867029
0.978289
1.156847
0.931728
0.895287
0.917816
0.840642
0.919178
1.091214
1.277913
1.019261
0.957090
1.018040
0.881014
0.957216
0.924263
0.896767
0.883664
1.026638
0.987633
0.847469
1.044234
1.057607
1.017208
1.023319
1.003227
0.958781
1.110808
1.023257
1.104569
1.046499
1.044673
0.985576
0.928801
0.947798
0.917092
1.030601
1.025562
0.896775
0.848630
1.114301
0.995085
0.861553
0.942087
0.956245
0.948095
0.878262
0.953361
1.029188
0.970151
0.869390
1.038429
0.985021
0.935014
1.002052
1.056296
0.942260
0.982842
0.896308
1.013220
0.930356
0.987661
1.086389
1.096995
0.995572
0.889052
0.920648
0.916716
0.853614
0.986396
0.968869
0.990140
0.988539
0.966630
0.933605
0.975962
1.026623
0.883498
0.953706
0.940665
0.827455
0.892809
0.992344
0.865689
0.962348
0.831581
0.804046
0.942551
0.798776
0.964328
0.713180
0.777337
0.943016
0.825636
0.842208
0.966824
1.011331
0.936555
0.765856
0.861459
0.866881
1.107301
0.900549
0.911250
0.809522
1.030422
0.988136
0.827622
0.961564
0.886820
0.942930
1.019510
0.802199
0.844180
0.940227
0.846153
1.086206
1.136880
0.905912
0.913523
1.059054
1.007431
0.980189
0.965211
0.724315
0.993999
0.883064
0.964507
1.107356
0.889130
0.919222
0.932813
0.872872
0.943587
0.943133
0.806793
1.249891
0.963522
0.911296
0.897703
0.854765
0.914344
0.819023
1.002777
0.903896
0.994339
0.871098
0.852092
0.950252
0.972832
0.914801
0.997702
0.879202
0.941606
1.009607
0.968154
0.872604
0.964910
0.933945
0.966567
0.934459
0.983814
0.965652
0.824256
0.899563
0.810888
0.949669
0.865365
0.906622
0.854441
0.773245
0.918553
0.911168
0.738905
0.927115
0.831996
0.929781
0.938404
0.894356
0.945622
0.982583
0.856558
0.889116
1.038970
1.047872
0.989375
1.010128
1.097439
1.064487
0.913389
0.937007
0.901419
0.837982
0.906662
0.930258
1.062428
0.888850
0.879511
0.872221
0.903874
0.970973
0.931123
0.819016
0.741977
0.884485
0.905192
0.793714
0.808370
0.937143
0.780024
0.845733
1.035220
0.795136
0.839439
1.125646
0.867076
0.827489
0.816561
0.764917
0.898524
0.948122
0.805285
0.925854
0.961608
0.800267
0.832091
0.939093
0.890920
0.907033
0.893864
0.891794
0.755054
0.852299
0.894094
0.861434
0.846343
0.757740
0.825772
0.848944
0.853231
0.813108
0.871451
1.126961
0.950611
0.756107
0.963017
0.944592
0.925183
0.866490
0.886337
0.932888
0.909098
0.881483
0.943848
0.772984
0.782332
0.842355
0.923991
0.795686
0.865616
0.829152
0.893223
0.841466
0.907585
0.927384
0.791036
0.876546
0.791052
0.841631
0.873599
0.873490
0.878003
0.733131
0.816013
0.810618
0.896528
0.997540
0.789823
0.820140
0.842166
0.921907
0.695982
0.868125
1.027972
0.977162
0.900111
0.834372
0.887665
0.770854
0.805920
0.878185
0.887461
0.966653
0.855038
0.907223
0.937481
0.817006
0.847368
0.924415
0.942102
0.805249
0.950444
0.932313
0.836359
0.873319
0.886067
0.883382
0.867395
0.991878
0.930094
0.897695
0.937652
0.999464
0.784583
0.765252
0.802757
1.000214
0.836772
0.890587
0.704146
0.897070
0.844535
0.704010
0.774798
0.911926
0.898701
0.716466
0.781251
0.763148
0.816431
0.906878
0.742337
1.029962
0.825089
0.956084
0.955823
0.899656
0.826084
0.832031
0.886590
1.014673
0.909010
0.943926
0.780642
0.809404
0.798388
0.927705
0.811033
0.769221
0.944871
0.854886
0.778602
0.740509
0.820652
0.809931
0.778492
1.026930
0.881303
0.798376
0.845153
0.767505
0.977484
0.841693
0.764257
0.766212
0.725231
0.879675
0.879220
1.030117
0.832773
0.842906
0.867374
0.948541
0.805783
0.812553
0.890576
0.840300
0.879521
0.917576
0.846951
0.871898
0.917689
0.751064
0.884365
0.960123
0.771659
0.829228
0.916637
0.681988
0.821726
0.981633
1.131270
0.903037
1.003514
0.825593
0.966951
0.991107
0.814078
0.952091
0.852069
0.818773
0.907537
0.942231
0.808603
0.702750
0.855743
0.905841
0.796634
0.707401
0.822512
0.922180
0.907650
0.857296
0.816520
0.894271
0.774288
0.766265
0.907293
0.773464
0.930913
0.941717
0.696714
0.964223
0.857527
0.756766
0.934321
0.888649
0.920412
0.878021
0.912972
0.824222
0.786384
0.785134
0.809366
0.770879
0.884449
0.804913
0.775910
0.880956
0.791313
0.796661
0.795122
0.934374
0.732816
0.782309
0.727986
0.698246
0.866542
0.759286
0.772159
0.784890
0.810061
0.961994
0.828051
0.658466
0.724416
0.758510
0.898233
0.879644
0.769962
0.766180
0.723480
0.722251
0.758716
0.783210
0.806321
0.839776
0.871047
0.741895
0.820832
0.692128
0.781254
0.788034
0.867086
0.708634
0.990910
0.706844
0.674817
0.730626
0.855136
0.904291
0.729375
0.808046
0.932904
0.756391
0.736472
0.803663
0.849205
0.802688
0.790357
0.823995
0.821843
0.776914
0.899434
0.761916
0.796052
0.725943
0.698738
0.765460
0.685769
0.813254
0.734251
0.932827
0.940974
0.749889
0.768874
0.855078
0.896139
0.886833
0.786892
0.840213
0.770565
0.841775
0.780051
0.745354
0.830956
0.966577
0.846514
0.773688
0.784885
0.803411
0.933514
0.710420
0.850686
0.714032
0.742621
0.756527
0.920396
0.819994
0.771990
0.732620
0.785500
0.773333
0.822473
0.871459
0.798152
0.879584
0.827969
0.844694
0.733021
0.956087
0.820937
0.770248
0.862481
0.733619
0.993989
0.873642
0.881037
0.861528
0.743879
0.825529
0.822398
0.780033
0.813002
0.857178
0.761279
0.719310
0.829081
0.767445
0.718694
0.825402
0.826514
0.803934
0.783101
0.909586
0.751223
0.771503
0.809406
0.862079
0.828550
0.731623
0.837439
0.830100
0.785141
0.800520
0.694740
0.663299
0.795408
0.772910
0.777939
0.731366
0.762943
0.886783
0.945305
0.830678
0.840060
0.956783
0.712180
0.776924
0.787958
0.861961
0.781733
0.731277
0.798183
0.732343
0.795267
0.783806
0.930858
0.772559
0.781787
0.734252
0.674310
0.895984
0.808689
0.730864
0.915186
0.767087
0.925698
0.715385
0.666470
0.816788
0.887331
0.794757
0.826687
0.782113
0.844878
0.861228
0.799285
0.746698
0.693975
0.735794
0.982492
0.724964
0.662330
0.866349
0.773214
0.757098
0.666716
0.763016
0.921418
0.764151
0.779984
0.754346
0.719026
0.703960
0.774657
0.744153
0.623763
0.800349
0.705606
0.786313
0.900321
0.861683
0.791969
0.595548
0.756747
0.834896
0.763557
0.710299
0.762484
0.837337
0.706127
0.793345
0.938287
0.805569
0.765749
0.824768
0.808783
0.798089
0.820467
0.834334
0.748106
0.879101
0.847254
0.795257
0.947743
0.809075
0.753303
0.683930
0.736228
0.782659
0.671973
0.751968
0.744503
0.803190
0.697291
0.890120
0.904147
0.746433
0.832976
0.775161
0.700204
0.758446
0.680368
0.748255
0.737885
0.727937
0.794344
0.700347
0.726281
0.856480
0.820177
0.648172
0.819038
0.815494
0.863342
0.858844
0.794507
0.717686
0.970827
0.699754
0.751826
0.775397
0.778629
0.894190
0.672734
0.984453
0.679212
0.718950
0.756009
0.703364
0.719166
0.732159
0.832547
0.717889
0.794000
0.771406
0.708599
0.847761
0.825545
0.625273
0.705993
0.809717
0.830544
0.919362
0.764870
0.688998
0.678725
0.744835
0.784542
0.809377
0.786255
0.763582
0.699669
0.703470
0.765270
0.770240
0.857586
0.748468
0.743641
0.721488
0.580467
0.854021
0.773557
0.612947
0.651347
0.755633
0.755908
0.848231
0.801090
0.744991
0.712343
0.764886
0.679021
0.701574
0.670789
0.764184
0.746605
0.757856
0.792836
0.751112
0.973989
0.799116
0.748455
0.868350
0.791145
0.790625
0.849398
0.923406
0.852301
0.790951
0.643855
0.878961
0.648005
0.745535
0.731774
0.909363
0.714282
0.841108
0.792991
0.742810
0.744996
0.759424
0.605984
0.618698
0.767556
0.784834
0.780083
0.668169
0.695894
0.681693
0.748757
0.685435
0.718061
0.708535
0.689376
0.957595
0.701170
0.864892
0.696926
0.752293
0.818884
0.758527
0.655642
0.741889
0.741931
0.743247
0.845129
0.902604
0.789476
0.703433
0.718135
0.708113
0.656764
0.761176
0.761212
0.654984
0.714167
0.714805
0.683084
0.920159
0.575291
0.698396
0.759475
0.806614
0.683007
0.776906
0.753236
0.685137
0.722945
0.746818
0.581692
0.626788
0.757078
0.739912
0.819362
0.646844
0.751256
0.702061
0.822868
0.665500
0.723243
0.720751
0.796703
0.637221
0.609277
0.642394
0.754377
0.772501
0.639018
0.730119
0.665322
0.806306
0.631529
0.787638
0.891347
0.672762
0.747731
0.808136
0.751382
0.697154
0.728140
0.712499
0.779032
0.772704
0.688033
0.701609
0.860665
0.687886
0.787792
0.729685
0.665916
0.623111
0.688191
0.744977
0.751366
0.813730
0.624273
0.759587
0.688467
0.703551
0.694575
0.795069
0.726244
0.734904
0.881631
0.698353
0.836188
0.842577
0.688724
0.674579
0.671023
0.725193
0.714490
0.652995
0.781589
0.702982
0.809827
0.654413
0.691250
0.710513
0.724263
0.704304
0.808355
0.852215
0.679570
0.685729
0.748978
0.726717
0.716287
0.700798
0.654485
0.867616
0.705144
0.689536
0.646477
0.625255
0.763110
0.628282
0.636125
0.594403
0.624674
0.699456
0.696216
0.698466
0.717226
0.665593
0.703387
0.950090
0.827485
0.805172
0.783899
0.715503
0.657810
0.684470
0.625959
0.588357
0.779010
0.743308
0.666773
0.745321
0.684936
0.776038
0.565868
0.692798
0.683650
0.722359
0.744681
0.785066
0.728100
0.636322
0.707259
0.662096
0.731542
0.855398
0.862383
0.803949
0.955507
0.713498
0.840824
0.755038
0.752475
0.759651
0.711571
0.682492
0.762298
0.841040
0.614280
0.817085
0.600925
0.772066
0.576205
0.794298
0.700751
0.717191
0.721652
0.783903
0.726301
0.680227
0.624627
0.632113
0.791254
0.781543
0.811041
0.687679
0.674397
0.605530
0.558405
0.693063
0.637334
0.602134
0.795477
0.659874
0.793646
0.714406
0.752229
0.716189
0.728800
0.638079
0.690904
0.692311
0.582367
0.664414
0.681393
0.671088
0.675426
0.689376
0.773638
0.732682
0.658674
0.664443
0.695233
0.690231
0.756712
0.792286
0.649276
0.734480
0.827067
0.713715
0.692703
0.641811
0.692758
0.835940
0.781088
0.719626
0.751337
0.661033
0.614602
0.696918
0.678564
0.750131
0.819138
0.770919
0.745667
0.782172
0.885626
0.711040
0.813244
0.718791
0.682417
0.882517
0.728208
0.698190
0.779787
0.655510
0.753874
0.717293
0.707440
0.709291
0.656401
0.731377
0.701478
0.573160
0.688786
0.683974
0.673414
0.654881
0.692986
0.820362
0.751888
0.688617
0.605456
0.611724
0.732262
0.680793
0.813230
0.745196
0.646019
0.714989
0.796699
0.553445
0.748869
0.763145
0.946144
0.741869
0.772629
0.576021
0.757069
0.624423
0.732580
0.635919
0.732294
0.706268
0.642530
0.653740
0.802090
0.541579
0.745338
0.711133
0.583487
0.668034
0.611695
0.828421
0.693198
0.587680
0.637771
0.623795
0.723151
0.645176
0.634991
0.611872
0.655491
0.624335
0.589050
0.643090
0.635368
0.762366
0.676883
0.672539
0.709206
0.813794
0.710343
0.756913
0.612164
0.687049
0.676940
0.609555
0.689514
0.571386
0.728458
0.738385
0.713852
0.602606
0.768701
0.716999
0.669713
0.663400
0.579509
0.741752
0.705581
0.700911
0.710983
0.748476
0.588027
0.638806
0.658209
0.676848
0.562152
0.607429
0.658066
0.582891
0.799741
0.679621
0.663300
0.682742
0.630921
0.615884
0.662923
0.630096
0.680852
0.765316
0.658704
0.768301
0.708292
0.767967
0.546193
0.628755
0.709704
0.632162
0.710326
0.678270
0.691281
0.683578
0.771994
0.609187
0.676234
0.761652
0.665433
0.653964
0.745141
0.586444
0.687603
0.580528
0.804116
0.591535
0.628455
0.701629
0.621404
0.578635
0.764216
0.655356
0.775624
0.706757
0.644605
0.670184
0.714769
0.822717
0.640941
0.745620
0.635922
0.696302
0.471968
0.641263
0.740504
0.612438
0.676638
0.612842
0.877854
0.643818
0.928525
0.732918
0.658423
0.761624
0.670820
0.649450
0.592173
0.653391
0.604336
0.811592
0.761522
0.730293
0.628753
0.565436
0.604975
0.606740
0.649054
0.592099
0.762884
0.720106
0.681939
0.612059
0.693033
0.672319
0.685632
0.653041
0.535777
0.576563
0.716991
0.621105
0.747063
0.828968
0.695454
0.648469
0.627448
0.858619
0.707195
0.731155
0.763130
0.668324
0.683817
0.736716
0.653662
0.681641
0.730896
0.817647
0.523081
0.596706
0.653364
0.697631
0.691422
0.644378
0.663711
0.685049
0.759017
0.640225
0.591729
0.672561
0.548303
0.687254
0.634047
0.790042
0.685444
0.767984
0.623513
0.690828
0.728253
0.840633
0.639461
0.629551
0.692279
0.580658
0.772014
0.704241
0.752129
0.696102
0.589570
0.702539
0.738208
0.605137
0.652872
0.709992
0.713557
0.659949
0.559145
0.622092
0.682520
0.768844
0.613313
0.636835
0.604132
0.706487
0.777255
0.688325
0.606795
0.666289
0.619986
0.726258
0.651075
0.716396
0.633853
0.753043
0.606916
0.637664
0.678867
0.617182
0.681992
0.680830
0.596437
0.692523
0.767445
0.655909
0.737420
0.553850
0.629179
0.722237
0.714032
0.665914
0.661656
0.534943
0.609936
0.694974
0.643547
0.687906
0.607538
0.648223
0.600598
0.618647
0.652941
0.748184
0.534755
0.560011
0.608112
0.790388
0.642010
0.677350
0.537090
0.721104
0.641691
0.639026
0.693897
0.716986
0.640470
0.563918
0.683014
0.675074
0.638950
0.471185
0.600580
0.707007
0.594067
0.655007
0.617637
0.646921
0.590597
0.655480
0.631558
0.657881
0.626181
0.570866
0.734581
0.713337
0.685081
0.655417
0.691065
0.782185
0.599601
0.784701
0.697406
0.595778
0.642074
0.591691
0.594166
0.516480
0.659423
0.640654
0.884497
0.608597
0.647498
0.565067
0.571314
0.651837
0.482796
0.702143
0.595399
0.635347
0.672875
0.683517
0.866549
0.728650
0.573615
0.621208
0.606948
0.749377
0.689012
0.659180
0.774317
0.722905
0.637956
0.632551
0.515187
0.622582
0.661787
0.664062
0.817482
0.636593
0.680545
0.686916
0.546692
0.595447
0.599816
0.625841
0.623806
0.728191
0.646813
0.640785
0.574523
0.673449
0.684615
0.744020
0.710400
0.524655
0.727940
0.649146
0.642416
0.598450
0.607191
0.628300
0.624268
0.540249
0.626094
0.623325
0.645379
0.629977
0.632218
0.660221
0.732972
0.727273
0.779152
0.616393
0.667484
0.562983
0.602415
0.596229
0.544713
0.575409
0.676923
0.635385
0.621626
0.631381
0.746107
0.610828
0.588252
0.700602
0.609661
0.638666
0.660240
0.553933
0.584644
0.613305
0.642571
0.493972
0.602717
0.774118
0.640283
0.598170
0.787541
0.666656
0.614219
0.584425
0.725684
0.591224
0.610140
0.677263
0.660517
0.560072
0.595416
0.732200
0.625895
0.630009
0.685315
0.650285
0.525851
0.726121
0.634386
0.562226
0.536729
0.654588
0.628119
0.584302
0.676672
0.622656
0.669810
0.634172
0.749632
0.612750
0.553937
0.547577
0.630854
0.673203
0.652357
0.612858
0.586874
0.613961
0.595498
0.677098
0.578499
0.675507
0.602021
0.701599
0.669980
0.656808
0.657341
0.610618
0.599775
0.599767
0.666784
0.503580
0.604398
0.575405
0.654270
0.666763
0.567446
0.544252
0.674737
0.666491
0.574874
0.516499
0.597156
0.502557
0.557620
0.813277
0.835005
0.680624
0.682883
0.623525
0.600990
0.573043
0.553415
0.762737
0.677722
0.580541
0.587202
0.657599
0.598009
0.620060
0.681877
0.538814
0.668092
0.664783
0.548802
0.683603
0.689550
0.500379
0.632378
0.666910
0.647576
0.525252
0.706904
0.650615
0.636823
0.611995
0.507434
0.607087
0.611421
0.618088
0.801117
0.674954
0.541477
0.644921
0.731570
0.549683
0.667869
0.511412
0.683499
0.576105
0.648641
0.629403
0.647521
0.687862
0.560053
0.602537
0.579416
0.652141
0.688847
0.515540
0.634070
0.619946
0.540512
0.511259
0.585266
0.727268
0.729115
0.602423
0.611620
0.737434
0.827192
0.696889
0.639387
0.626188
0.620994
0.787041
0.562594
0.551286
0.716146
0.628479
0.616246
0.632387
0.562464
0.660539
0.626609
0.529756
0.604075
0.568898
0.596791
0.546884
0.571482
0.527397
0.630907
0.702383
0.770269
0.784376
0.698221
0.594165
0.606150
0.590640
0.599390
0.543528
0.724991
0.570513
0.584403
0.654938
0.554685
0.524812
0.662608
0.608800
0.640133
0.554629
0.625281
0.674147
0.483820
0.562723
0.557919
0.545353
0.578976
0.535420
0.616037
0.634593
0.674615
0.608177
0.542338
0.583491
0.558091
0.510352
0.604106
0.641382
0.576938
0.580770
0.643196
0.524412
0.467189
0.719683
0.653491
0.554142
0.660561
0.583857
0.561944
0.572270
0.798267
0.586507
0.497246
0.599896
0.506610
0.619506
0.488800
0.519897
0.635575
0.618883
0.547435
0.522426
0.548736
0.595016
0.531964
0.587550
0.470485
0.514216
0.661134
0.693306
0.764156
0.456213
0.640748
0.685101
0.583112
0.583517
0.693035
0.571491
0.538595
0.640661
0.594001
0.600921
0.651179
0.642162
0.529617
0.549520
0.710057
0.573177
0.685195
0.570254
0.581795
0.573636
0.577363
0.603740
0.537276
0.609993
0.681682
0.662075
0.464924
0.601129
0.473933
0.554766
0.703971
0.603791
0.518895
0.561672
0.592635
0.647368
0.603806
0.612167
0.723799
0.540632
0.564343
0.568874
0.556253
0.571757
0.541944
0.767638
0.682439
0.641409
0.603612
0.602208
0.710945
0.541988
0.524697
0.573278
0.583316
0.610393
0.516402
0.587798
0.647665
0.567508
0.618506
0.537346
0.552720
0.562570
0.574072
0.691611
0.542261
0.520996
0.560790
0.565645
0.595375
0.673958
0.591275
0.698812
0.590986
0.583341
0.600246
0.602012
0.507256
0.665795
0.611782
0.614918
0.578078
0.628890
0.627153
0.589784
0.521891
0.656911
0.575056
0.615048
0.564889
0.567150
0.537744
0.586182
0.667935
0.570180
0.588251
0.710941
0.671773
0.538034
0.612301
0.581878
0.705648
0.673880
0.776875
0.589086
0.629120
0.775720
0.585705
0.567771
0.714152
0.561219
0.681166
0.560544
0.566432
0.573057
0.652357
0.557320
0.536294
0.579789
0.559727
0.509602
0.584209
0.541036
0.530984
0.569467
0.634092
0.484014
0.648731
0.616611
0.663773
0.575029
0.615327
0.516628
0.554047
0.550809
0.537019
0.634307
0.623899
0.578528
0.531530
0.523347
0.546488
0.597734
0.441415
0.509238
0.628453
0.685351
0.559809
0.588546
0.593861
0.434962
0.669560
0.724206
0.468437
0.626346
0.475314
0.641257
0.622790
0.612468
0.626356
0.500676
0.645245
0.489783
0.457505
0.453852
0.526255
0.561557
0.596652
0.571386
0.533862
0.663372
0.549522
0.556880
0.565113
0.634192
0.586807
0.648053
0.665350
0.532027
0.614021
0.588418
0.603728
0.533520
0.605358
0.466015
0.436045
0.442943
0.731168
0.476196
0.566275
0.548313
0.537002
0.503357
0.799590
0.453406
0.652633
0.570310
0.547686
0.660683
0.607000
0.511816
0.576283
0.581660
0.632706
0.604630
0.565959
0.608565
0.530588
0.465527
0.662285
0.570913
0.570663
0.664042
0.582179
0.528885
0.583017
0.560415
0.627549
0.615159
0.524736
0.514507
0.631434
0.493519
0.660218
0.558780
0.556946
0.568054
0.561989
0.612138
0.623126
0.776720
0.551497
0.723688
0.519409
0.661698
0.603036
0.618074
0.491836
0.650206
0.492089
0.718594
0.619457
0.533466
0.501390
0.661870
0.700001
0.557062
0.644382
0.503973
0.525109
0.586434
0.661107
0.551691
0.520598
0.563839
0.602870
0.717537
0.486356
0.621628
0.548878
0.607585
0.598960
0.530420
0.558270
0.476473
0.512260
0.532960
0.587292
0.443960
0.532395
0.504613
0.554192
0.625297
0.576886
0.645521
0.465452
0.537033
0.555368
0.502735
0.616131
0.531944
0.511549
0.544930
0.531963
0.529932
0.671219
0.619842
0.487860
0.577422
0.445162
0.579491
0.438953
0.516136
0.648055
0.608946
0.484537
0.476567
0.458778
0.517337
0.588507
0.515176
0.639809
0.673676
0.604025
0.565041
0.403626
0.621586
0.584454
0.465697
0.478298
0.545834
0.555139
0.541910
0.560497
0.536019
0.624044
0.493164
0.519652
0.536290
0.518309
0.681703
0.627198
0.638196
0.527643
0.634698
0.478320
0.653624
0.570882
0.673330
0.561375
0.623361
0.669473
0.495693
0.607965
0.431867
0.547168
0.557767
0.609752
0.771703
0.728083
0.703247
0.434701
0.620174
0.576632
0.595180
0.538287
0.656001
0.470053
0.552064
0.617082
0.510335
0.591862
0.573174
0.468115
0.582316
0.665026
0.626505
0.602300
0.613269
0.606685
0.538710
0.629515
0.524851
0.483468
0.450911
0.547422
0.605972
0.546281
0.578257
0.633434
0.569126
0.655220
0.572329
0.587849
0.462494
0.594732
0.589143
0.610855
0.420062
0.567832
0.473983
0.495462
0.570760
0.475822
0.579119
0.521435
0.528410
0.479312
0.472726
0.639855
0.399625
0.638699
0.735537
0.536560
0.594547
0.573213
0.493862
0.552615
0.554733
0.663094
0.604919
0.580170
0.579250
0.607375
0.487691
0.569250
0.472283
0.530324
0.515092
0.555329
0.549604
0.505149
0.617564
0.659286
0.518872
0.572982
0.567339
0.511980
0.511810
0.568116
0.437183
0.484576
0.550954
0.633148
0.588351
0.650854
0.554943
0.560229
0.465065
0.617019
0.501638
0.639480
0.500134
0.551350
0.482087
0.497614
0.649809
0.576783
0.540526
0.542515
0.585541
0.608939
0.584655
0.541352
0.569500
0.610565
0.443707
0.406638
0.551256
0.722185
0.425683
0.579738
0.555811
0.549088
0.639406
0.491173
0.508637
0.537542
0.593511
0.578991
0.617164
0.632648
0.590699
0.538941
0.457727
0.524031
0.488718
0.592106
0.500061
0.621031
0.529155
0.520322
0.510244
0.432504
0.650375
0.463874
0.440168
0.660327
0.538196
0.452124
0.457260
0.492052
0.506717
0.687707
0.514505
0.488697
0.563083
0.536146
0.535793
0.524110
0.471371
0.516818
0.610069
0.565606
0.497385
0.600012
0.597840
0.552147
0.539201
0.544654
0.527133
0.511186
0.419785
0.545925
0.641140
0.648495
0.436865
0.545626
0.530156
0.485923
0.599212
0.514143
0.640700
0.500649
0.695133
0.555173
0.417633
0.453184
0.515784
0.559933
0.517451
0.538185
0.603299
0.575648
0.478116
0.509810
0.586997
0.587304
0.509193
0.559112
0.620868
0.658941
0.542196
0.504431
0.524332
0.613357
0.561287
0.577059
0.549718
0.507197
0.518845
0.564808
0.583375
0.525365
0.536462
0.470441
0.494995
0.471245
0.553837
0.594185
0.501818
0.493218
0.463755
0.519803
0.567227
0.494436
0.478325
0.546857
0.589221
0.607864
0.369941
0.537183
0.636599
0.583645
0.497785
0.520274
0.538661
0.507910
0.740920
0.618821
0.656462
0.531102
0.572017
0.524494
0.510755
0.665980
0.492405
0.578599
0.524051
0.531154
0.484543
0.694114
0.621495
0.538436
0.516470
0.562021
0.532720
0.680083
0.471306
0.508793
0.608132
0.468234
0.501513
0.591850
0.507548
0.597026
0.452251
0.529267
0.534488
0.514943
0.603052
0.636513
0.434746
0.745249
0.534572
0.515390
0.571798
0.591044
0.496263
0.560824
0.595976
0.615409
0.549186
0.591007
0.517966
0.535857
0.501759
0.516362
0.473695
0.458458
0.518606
0.569313
0.479501
0.460289
0.576578
0.524343
0.456862
0.493793
0.440088
0.511013
0.440226
0.505982
0.509374
0.554341
0.537780
0.501291
0.567405
0.491951
0.560283
0.502745
0.465608
0.486950
0.543688
0.571839
0.465284
0.451320
0.537123
0.540404
0.525855
0.497058
0.564077
0.619141
0.453097
0.514867
0.630824
0.564001
0.524505
0.556777
0.495319
0.505846
0.690413
0.646843
0.470635
0.583513
0.482447
0.477088
0.451407
0.442787
0.576486
0.590070
0.525834
0.684476
0.590377
0.487279
0.608612
0.474060
0.465591
0.598278
0.496726
0.567195
0.409093
0.536526
0.491522
0.565723
0.563990
0.635107
0.448218
0.549750
0.524921
0.399586
0.534721
0.563577
0.635402
0.521468
0.698424
0.491156
0.505079
0.485954
0.555063
0.496082
0.521037
0.467074
0.496996
0.539527
0.502450
0.624424
0.509113
0.524471
0.539082
0.490375
0.608054
0.489577
0.585366
0.488095
0.484038
0.689384
0.552186
0.519689
0.578000
0.587203
0.542229
0.520735
0.482328
0.495706
0.543808
0.632478
0.517945
0.517384
0.622430
0.504172
0.467270
0.541928
0.573716
0.600274
0.471971
0.467537
0.458489
0.482395
0.575742
0.580179
0.682749
0.500376
0.494794
0.415382
0.455246
0.490939
0.488981
0.626458
0.506298
0.545822
0.423180
0.703955
0.730291
0.568728
0.613786
0.616041
0.427618
0.468233
0.568054
0.452937
0.533137
0.481175
0.532188
0.520667
0.491512
0.511260
0.535213
0.462998
0.590905
0.629575
0.486983
0.518336
0.535547
0.567257
0.530688
0.515956
0.594430
0.462331
0.483709
0.583822
0.454216
0.456548
0.552176
0.561621
0.545693
0.633086
0.468808
0.552541
0.454414
0.487143
0.509308
0.548623
0.521874
0.598011
0.552351
0.522883
0.529609
0.393820
0.438088
0.518022
0.462867
0.428702
0.612483
0.472317
0.503778
0.414351
0.504017
0.431569
0.460753
0.542532
0.635676
0.472541
0.385549
0.455959
0.375566
0.402893
0.619159
0.487845
0.576426
0.448817
0.468029
0.464057
0.470703
0.484889
0.450343
0.618537
0.539112
0.547032
0.437579
0.532906
0.438144
0.579471
0.515812
0.599728
0.587619
0.533193
0.600347
0.396370
0.579163
0.462923
0.619929
0.511206
0.530754
0.532294
0.629699
0.429502
0.592176
0.497562
0.572789
0.661855
0.547063
0.630090
0.479836
0.545824
0.441783
0.464757
0.489918
0.520281
0.532168
0.470048
0.506388
0.492142
0.594788
0.561156
0.619735
0.414726
0.493773
0.514110
0.487771
0.537268
0.601344
0.465661
0.457834
0.536654
0.470678
0.472918
0.453387
0.417706
0.554805
0.426577
0.386246
0.529827
0.467942
0.471131
0.537234
0.513955
0.462086
0.439166
0.469957
0.463375
0.405043
0.498051
0.431770
0.535447
0.501709
0.593607
0.601748
0.442083
0.587830
0.448174
0.482935
0.410270
0.482430
0.482436
0.476301
0.534806
0.537257
0.744601
0.577907
0.542402
0.539645
0.579841
0.497451
0.407392
0.462022
0.452220
0.491341
0.548955
0.615519
0.471672
0.463066
0.521984
0.491467
0.457168
0.419622
0.496641
0.431841
0.502426
0.490464
0.562363
0.472699
0.470537
0.640933
0.606927
0.579558
0.391728
0.462408
0.479826
0.533677
0.546805
0.568964
0.456261
0.583454
0.601375
0.448149
0.474796
0.469017
0.474123
0.504865
0.404170
0.524523
0.474348
0.353550
0.539398
0.459250
0.559748
0.536757
0.603787
0.519960
0.524581
0.609552
0.458333
0.507097
0.509649
0.553508
0.483221
0.443689
0.563569
0.453560
0.547671
0.448695
0.518759
0.446638
0.418697
0.477496
0.726344
0.438803
0.381931
0.436089
0.617014
0.515915
0.415308
0.566968
0.570943
0.534699
0.463007
0.478777
0.455824
0.502632
0.564204
0.466001
0.501187
0.398912
0.435452
0.466433
0.571937
0.461348
0.587458
0.542259
0.528516
0.449339
0.434010
0.599418
0.480492
0.432794
0.535189
0.454943
0.472739
0.598780
0.466486
0.455271
0.535497
0.486803
0.652749
0.536417
0.524545
0.444038
0.437837
0.464548
0.445861
0.452099
0.589697
0.472634
0.535541
0.473117
0.493963
0.468596
0.437505
0.480082
0.478743
0.485684
0.414252
0.522362
0.541532
0.458975
0.503818
0.519716
0.472618
0.453797
0.485258
0.375324
0.505489
0.535161
0.494274
0.519494
0.604349
0.568312
0.434318
0.495778
0.453857
0.433123
0.511507
0.474010
0.482898
0.535742
0.472797
0.410951
0.534184
0.483993
0.572675
0.543996
0.565824
0.501019
0.459888
0.443183
0.538659
0.500840
0.598215
0.545789
0.513861
0.435536
0.432392
0.620144
0.484211
0.468837
0.524432
0.593749
0.704661
0.463903
0.453142
0.496084
0.593589
0.513906
0.530663
0.564866
0.491227
0.508466
0.452275
0.449262
0.615433
0.403605
0.487938
0.462427
0.405174
0.606966
0.472973
0.514911
0.443046
0.690525
0.567065
0.571589
0.458765
0.453990
0.500104
0.361568
0.616700
0.491124
0.493203
0.502833
0.495552
0.525920
0.497961
0.544589
0.498578
0.347784
0.459401
0.532027
0.467556
0.489509
0.422645
0.421382
0.534804
0.445301
0.533912
0.564260
0.514785
0.412010
0.483302
0.468299
0.554019
0.429995
0.458848
0.491215
0.566231
0.449285
0.448123
0.478022
0.468296
0.469078
0.518455
0.465620
0.557592
0.506917
0.465030
0.466684
0.485486
0.530412
0.612704
0.434053
0.394922
0.500288
0.505185
0.485789
0.641502
0.501096
0.499809
0.465666
0.461106
0.599342
0.516014
0.418895
0.467145
0.470254
0.469879
0.476031
0.448002
0.457168
0.512963
0.465473
0.509700
0.465044
0.500183
0.542295
0.402140
0.498282
0.497351
0.471477
0.452640
0.361879
0.421881
0.473952
0.424597
0.436450
0.490623
0.380739
0.542228
0.517762
0.485415
0.446928
0.567121
0.427110
0.434002
0.521351
0.432815
0.400866
0.402978
0.471589
0.494818
0.523132
0.487098
0.469075
0.476295
0.554084
0.503643
0.451193
0.537036
0.581510
0.438605
0.458818
0.481951
0.438072
0.448888
0.436858
0.475120
0.411320
0.472043
0.492571
0.323580
0.463028
0.471758
0.568370
0.357407
0.505634
0.499981
0.447887
0.422207
0.465109
0.474695
0.451889
0.412502
0.457659
0.461521
0.535368
0.400518
0.547725
0.471325
0.438323
0.530019
0.428421
0.488092
0.514597
0.461293
0.573574
0.421890
0.463626
0.385758
0.507631
0.440358
0.497932
0.499312
0.483477
0.427411
0.590517
0.424617
0.481861
0.471442
0.581047
0.438795
0.498700
0.446289
0.480094
0.553838
0.481424
0.499432
0.437731
0.424206
0.469154
0.488665
0.468473
0.405760
0.490599
0.493659
0.420344
0.528732
0.474980
0.442532
0.490973
0.443562
0.476049
0.541759
0.433447
0.562930
0.408246
0.545008
0.578292
0.498585
0.598046
0.358865
0.492725
0.476166
0.483211
0.501960
0.583614
0.416784
0.531904
0.476196
0.387359
0.507396
0.457342
0.521929
0.443019
0.503329
0.548707
0.437414
0.467103
0.514873
0.408890
0.661670
0.463044
0.433634
0.477917
0.461048
0.486650
0.421236
0.473627
0.479088
0.477342
0.457743
0.411913
0.409137
0.470875
0.484094
0.519618
0.481345
0.478529
0.463003
0.425326
0.592625
0.399364
0.524200
0.416688
0.440250
0.560829
0.412339
0.496223
0.474221
0.450159
0.449094
0.399211
0.447364
0.447294
0.541225
0.468635
0.498365
0.467925
0.370165
0.458651
0.523588
0.470467
0.387621
0.445159
0.524135
0.542177
0.484981
0.568510
0.486406
0.526235
0.492070
0.417721
0.585602
0.578935
0.421816
0.572131
0.447858
0.474824
0.553902
0.476860
0.550458
0.455707
0.505835
0.516092
0.613558
0.409303
0.467580
0.453019
0.526987
0.557929
0.450324
0.407378
0.599451
0.524718
0.391963
0.557636
0.433816
0.472688
0.462027
0.515953
0.429197
0.493428
0.483054
0.406026
0.454654
0.444967
0.488555
0.550289
0.454377
0.436214
0.437250
0.368001
0.598887
0.476240
0.518733
0.403806
0.394356
0.443702
0.432360
0.495742
0.489668
0.530394
0.423295
0.457288
0.587494
0.509611
0.435884
0.441080
0.492253
0.441553
0.456626
0.511868
0.446796
0.474040
0.420370
0.365522
0.528279
0.470546
0.425741
0.520739
0.546055
0.503654
0.411212
0.483832
0.534321
0.471451
0.483376
0.536992
0.426262
0.405155
0.450409
0.436608
0.467844
0.425859
0.502750
0.574721
0.467997
0.503458
0.482359
0.569387
0.471752
0.470939
0.485964
0.514957
0.355957
0.509515
0.499571
0.421389
0.430724
0.442913
0.537788
0.432306
0.446433
0.404788
0.417678
0.378430
0.432153
0.544366
0.458583
0.430383
0.364866
0.588671
0.452020
0.466126
0.447041
0.409201
0.514570
0.477230
0.459098
0.400665
0.625111
0.576643
0.559004
0.628108
0.437447
0.541362
0.429904
0.388442
0.370823
0.461263
0.420337
0.543609
0.512580
0.512524
0.415096
0.447687
0.416032
0.509698
0.420949
0.511213
0.454645
0.541518
0.392400
0.545249
0.591945
0.427335
0.427417
0.435467
0.385272
0.449128
0.398354
0.385479
0.532576
0.385099
0.408188
0.444053
0.367375
0.498077
0.569077
0.461646
0.441658
0.520589
0.468837
0.465190
0.590569
0.474649
0.493327
0.495541
0.438284
0.411401
0.490932
0.474800
0.385751
0.401055
0.471068
0.501469
0.461803
0.470468
0.456679
0.389566
0.476070
0.571910
0.489849
0.537652
0.389917
0.543115
0.523300
0.347511
0.444918
0.461136
0.462092
0.552990
0.442572
0.437019
0.423472
0.464744
0.455551
0.503426
0.508522
0.479221
0.437119
0.480385
0.446904
0.427135
0.401525
0.502412
0.395808
0.348757
0.412735
0.471968
0.482821
0.392396
0.375330
0.588192
0.389631
0.511464
0.425219
0.430971
0.513814
0.450368
0.529741
0.491528
0.413088
0.482023
0.544328
0.427195
0.399976
0.467510
0.524692
0.418744
0.434445
0.522886
0.460729
0.376719
0.429000
0.420725
0.467446
0.499268
0.430350
0.505095
0.545111
0.418073
0.385247
0.491633
0.411484
0.373672
0.400004
0.456697
0.487925
0.446832
0.575777
0.478990
0.471185
0.476904
0.448661
0.368983
0.428140
0.400343
0.381308
0.492527
0.517130
0.500159
0.515201
0.401501
0.428577
0.454363
0.457325
0.581030
0.596540
0.404131
0.445067
0.513068
0.424685
0.479281
0.435148
0.678356
0.441596
0.562104
0.413882
0.414881
0.440992
0.395333
0.490012
0.521741
0.493061
0.513978
0.471706
0.526447
0.412280
0.384836
0.452644
0.482384
0.482890
0.455125
0.445282
0.393080
0.424157
0.415249
0.447466
0.462462
0.388726
0.395523
0.501655
0.413783
0.366326
0.533364
0.393305
0.353590
0.395392
0.420748
0.429377
0.479115
0.432030
0.472870
0.352962
0.368826
0.448881
0.444586
0.480635
0.435536
0.507763
0.506179
0.423061
0.445152
0.483915
0.324229
0.359751
0.471741
0.432156
0.484077
0.430630
0.507728
0.581682
0.443505
0.438840
0.466573
0.430190
0.451254
0.427006
0.527839
0.431086
0.503710
0.475578
0.445349
0.363193
0.479777
0.430904
0.470954
0.382580
0.406839
0.332665
0.417982
0.408394
0.480867
0.419792
0.583798
0.419363
0.405013
0.459317
0.412782
0.434728
0.458781
0.411273
0.581333
0.498759
0.470923
0.389427
0.543130
0.435353
0.392649
0.467859
0.385899
0.508162
0.467643
0.511821
0.423807
0.454177
0.468773
0.489604
0.457318
0.392126
0.444246
0.508865
0.485863
0.422433
0.490347
0.462930
0.413976
0.561748
0.539026
0.617939
0.552328
0.484167
0.399379
0.404945
0.436337
0.409571
0.436561
0.439952
0.549611
0.378960
0.477815
0.385075
0.401547
0.406966
0.579971
0.445201
0.407182
0.422189
0.504008
0.515445
0.454236
0.398034
0.504553
0.413264
0.484406
0.430535
0.406864
0.479831
0.376090
0.457371
0.396500
0.526291
0.337461
0.370553
0.456105
0.412086
0.443656
0.370282
0.456481
0.346061
0.320444
0.539475
0.417239
0.610405
0.421828
0.376867
0.431385
0.465420
0.489720
0.392151
0.383611
0.368443
0.388554
0.463252
0.520754
0.350202
0.454189
0.449285
0.412981
0.367887
0.471238
0.499953
0.559696
0.534688
0.386806
0.408491
0.576111
0.486745
0.507748
0.442887
0.459024
0.474505
0.552699
0.457169
0.564206
0.416414
0.477445
0.457099
0.412192
0.457749
0.463171
0.471427
0.381851
0.437119
0.504512
0.404496
0.422622
0.474331
0.362304
0.454533
0.327881
0.394463
0.491241
0.554978
0.585471
0.464441
0.455533
0.416533
0.516936
0.379718
0.509358
0.423498
0.422148
0.482574
0.651062
0.486735
0.377075
0.467692
0.428308
0.353607
0.484808
0.463033
0.424833
0.353466
0.420007
0.414213
0.425445
0.362862
0.464067
0.431592
0.433254
0.462366
0.386679
0.382654
0.410770
0.430901
0.438039
0.348701
0.355380
0.408408
0.474910
0.492663
0.550881
0.419711
0.430899
0.414588
0.491142
0.416922
0.523769
0.408004
0.440903
0.358106
0.412980
0.570727
0.426003
0.407270
0.408181
0.469558
0.404512
0.483961
0.521493
0.584409
0.399929
0.595008
0.479521
0.388830
0.350171
0.438627
0.421489
0.450510
0.402284
0.406801
0.431361
0.508514
0.439349
0.388961
0.484828
0.388303
0.452113
0.506357
0.480547
0.456646
0.519316
0.411775
0.450751
0.352538
0.377767
0.378487
0.387564
0.413461
0.425411
0.415452
0.478441
0.455981
0.408137
0.525424
0.466012
0.486118
0.356676
0.417977
0.492210
0.453431
0.393567
0.411226
0.434677
0.363960
0.453826
0.454548
0.336647
0.417498
0.442784
0.376700
0.374092
0.498182
0.452447
0.491650
0.330771
0.510977
0.530829
0.382370
0.375511
0.466403
0.519869
0.590788
0.571190
0.338702
0.399879
0.490303
0.420194
0.379567
0.473067
0.398469
0.427047
0.426860
0.412399
0.374210
0.413987
0.402764
0.460841
0.331860
0.372493
0.441101
0.463670
0.437183
0.487623
0.479165
0.426267
0.464685
0.337763
0.390864
0.359170
0.448262
0.405821
0.459656
0.470123
0.369343
0.368141
0.417845
0.372163
0.418725
0.369376
0.474312
0.435894
0.373344
0.404423
0.419962
0.338566
0.388958
0.397836
0.433685
0.413058
0.316667
0.359089
0.506013
0.373327
0.413419
0.440010
0.440193
0.485493
0.372863
0.410747
0.456861
0.408126
0.460641
0.406313
0.358849
0.347149
0.422082
0.511937
0.421580
0.432018
0.389655
0.499379
0.449895
0.438442
0.494550
0.424039
0.402020
0.377810
0.430303
0.397692
0.343610
0.503371
0.448851
0.364944
0.430309
0.513589
0.502935
0.456693
0.342564
0.343800
0.466867
0.418695
0.330961
0.372197
0.432009
0.406199
0.472908
0.350007
0.402063
0.388812
0.435049
0.328817
0.481326
0.572270
0.361665
0.383387
0.512873
0.525127
0.437056
0.375772
0.398353
0.362821
0.423250
0.343095
0.327897
0.479290
0.432306
0.495563
0.360054
0.354785
0.403157
0.438088
0.503833
0.439884
0.362071
0.486759
0.426620
0.316813
0.424093
0.450724
0.440516
0.397997
0.425838
0.433286
0.448747
0.425859
0.419702
0.443483
0.453925
0.437416
0.483186
0.404428
0.431869
0.415501
0.410550
0.469937
0.494692
0.500538
0.437525
0.407214
0.433597
0.559231
0.488973
0.481689
0.376323
0.479921
0.350437
0.492763
0.371457
0.492657
0.342430
0.438100
0.459347
0.484941
0.533358
0.379047
0.403589
0.341595
0.507662
0.485730
0.502857
0.415511
0.402355
0.475930
0.402541
0.371241
0.411391
0.381410
0.410427
0.334399
0.506840
0.376060
0.476246
0.337634
0.459571
0.433589
0.433569
0.511117
0.317182
0.421693
0.384486
0.353060
0.422001
0.493643
0.392242
0.517952
0.483740
0.416382
0.467305
0.486165
0.449913
0.415390
0.339725
0.382588
0.375207
0.540719
0.485613
0.334332
0.493834
0.412216
0.433271
0.417390
0.494201
0.414778
0.406100
0.463996
0.515665
0.446441
0.375587
0.467640
0.383122
0.464905
0.428428
0.387000
0.429263
0.480594
0.419765
0.406349
0.444344
0.506135
0.428756
0.381370
0.478712
0.425432
0.485597
0.519993
0.402868
0.450872
0.529570
0.494746
0.454200
0.337357
0.391168
0.407188
0.421091
0.304503
0.437019
0.405044
0.449887
0.361725
0.490824
0.460187
0.434709
0.430716
0.416138
0.396835
0.385591
0.438916
0.373928
0.352262
0.443558
0.376472
0.404997
0.342418
0.478043
0.396945
0.386744
0.416373
0.364678
0.392806
0.410742
0.378323
0.460979
0.425160
0.405968
0.468451
0.455493
0.330861
0.484425
0.449581
0.305764
0.350259
0.380125
0.387205
0.307725
0.324240
0.383532
0.404985
0.448465
0.324089
0.543491
0.382530
0.325213
0.384954
0.346454
0.371832
0.418801
0.378562
0.441668
0.436708
0.349285
0.330820
0.406144
0.283581
0.510356
0.362232
0.409037
0.381750
0.360321
0.447731
0.343517
0.336954
0.418125
0.313202
0.391307
0.431734
0.402916
0.419459
0.433150
0.300647
0.373193
0.454223
0.407775
0.411120
0.449575
0.412920
0.374260
0.462539
0.377503
0.435490
0.449727
0.345856
0.529204
0.443462
0.448674
0.431740
0.406450
0.441038
0.450841
0.340339
0.393649
0.438361
0.377349
0.363704
0.384198
0.460379
0.402614
0.390016
0.518270
0.465344
0.394290
0.584242
0.421568
0.432963
0.294712
0.401239
0.404492
0.399479
0.389797
0.470031
0.352806
0.378527
0.442234
0.298242
0.337989
0.445786
0.364218
0.417717
0.512911
0.394745
0.377852
0.456086
0.368432
0.388839
0.353543
0.420480
0.413382
0.348716
0.426004
0.375896
0.565589
0.436549
0.441818
0.333760
0.343942
0.345491
0.412522
0.434406
0.377017
0.375838
0.434695
0.432998
0.423748
0.413841
0.396776
0.374774
0.415435
0.396803
0.412669
0.328193
0.363632
0.335710
0.443738
0.455853
0.427368
0.496903
0.312003
0.450528
0.363526
0.363303
0.507665
0.441745
0.425139
0.327965
0.426271
0.466872
0.442618
0.421930
0.358092
0.398023
0.402810
0.451055
0.441666
0.449734
0.385111
0.397891
0.518495
0.355012
0.473976
0.375082
0.401427
0.434421
0.364709
0.435734
0.344182
0.396695
0.352232
0.381878
0.465587
0.397137
0.387442
0.463379
0.494012
0.423302
0.354980
0.391000
0.424607
0.346835
0.355834
0.367525
0.435418
0.457046
0.363527
0.417856
0.319338
0.396827
0.429498
0.448440
0.336635
0.324514
0.386259
0.576572
0.450008
0.393457
0.393586
0.370915
0.431542
0.393295
0.405670
0.425953
0.368507
0.369170
0.384576
0.420198
0.432923
0.323447
0.369853
0.340357
0.427374
0.331477
0.330223
0.354715
0.357926
0.346305
0.498949
0.460244
0.437580
0.386619
0.362768
0.417642
0.468148
0.442532
0.344423
0.455190
0.372328
0.495626
0.432052
0.338033
0.459408
0.387568
0.462322
0.461472
0.455433
0.459660
0.305958
0.388423
0.364813
0.439417
0.382712
0.335991
0.431323
0.358777
0.462857
0.372714
0.483148
0.463188
0.421001
0.401688
0.410070
0.420618
0.355044
0.302414
0.324422
0.405336
0.308998
0.444009
0.418420
0.425920
0.451119
0.410386
0.550469
0.391698
0.384645
0.454016
0.375082
0.353563
0.397933
0.371895
0.460635
0.402087
0.374751
0.420195
0.375612
0.406727
0.346372
0.449378
0.400796
0.449796
0.379311
0.304037
0.526977
0.407520
0.434425
0.330578
0.399915
0.580178
0.467473
0.349826
0.336173
0.456441
0.399921
0.411972
0.382886
0.340583
0.519174
0.506533
0.462765
0.445339
0.368448
0.428641
0.399261
0.356143
0.347980
0.405314
0.331131
0.415010
0.371072
0.375648
0.464531
0.353626
0.405323
0.450256
0.535632
0.434131
0.426093
0.344701
0.397688
0.441381
0.537883
0.387562
0.446325
0.292947
0.372275
0.299041
0.357457
0.475378
0.386035
0.320167
0.453018
0.346592
0.319642
0.371605
0.363759
0.358177
0.369993
0.391465
0.616634
0.346027
0.417807
0.291820
0.467233
0.392987
0.445418
0.433456
0.382511
0.360996
0.368360
0.301461
0.466059
0.394476
0.402589
0.381198
0.478797
0.559476
0.425098
0.423339
0.365490
0.356458
0.435608
0.355882
0.386465
0.371411
0.413514
0.375955
0.440810
0.420549
0.372737
0.442045
0.447814
0.398728
0.440261
0.465681
0.348302
0.345177
0.480307
0.379642
0.469658
0.404497
0.467648
0.438413
0.258459
0.441693
0.365922
0.417907
0.398714
0.465867
0.352624
0.484513
0.420587
0.393933
0.339014
0.503413
0.321127
0.421953
0.314993
0.404521
0.421432
0.447488
0.472760
0.404481
0.333317
0.422792
0.375913
0.332535
0.426721
0.470663
0.364447
0.342609
0.353553
0.409173
0.310749
0.355175
0.451243
0.433312
0.363767
0.334680
0.431593
0.419960
0.393756
0.397905
0.405849
0.332011
0.303314
0.404344
0.338733
0.337128
0.400335
0.424095
0.386888
0.431800
0.391615
0.291659
0.342842
0.407789
0.381912
0.348389
0.367919
0.425584
0.431878
0.565006
0.317981
0.341899
0.376687
0.325028
0.423626
0.372872
0.385829
0.397755
0.357756
0.338859
0.380066
0.318528
0.389950
0.397046
0.348503
0.424087
0.375431
0.428873
0.363675
0.520835
0.471788
0.432754
0.348500
0.390169
0.409415
0.383834
0.473989
0.267857
0.297309
0.393966
0.361891
0.430517
0.355136
0.376331
0.410865
0.426115
0.305684
0.303933
0.398480
0.531245
0.395993
0.332730
0.434071
0.335380
0.345628
0.395020
0.365168
0.373955
0.356061
0.413757
0.356555
0.360453
0.434851
0.372158
0.327716
0.330299
0.317142
0.299200
0.407323
0.402332
0.350494
0.429615
0.446646
0.325976
0.383027
0.407734
0.384229
0.308091
0.346716
0.474932
0.369523
0.333869
0.442109
0.380857
0.402291
0.524992
0.375318
0.368425
0.399926
0.383382
0.339487
0.294682
0.437438
0.359383
0.299642
0.407020
0.367733
0.366209
0.396694
0.435011
0.428891
0.465229
0.406200
0.337905
0.331229
0.395845
0.528933
0.417658
0.356876
0.385199
0.399148
0.420683
0.330660
0.323074
0.358326
0.381612
0.355322
0.325123
0.322525
0.280507
0.351154
0.264751
0.379738
0.412958
0.335647
0.379663
0.358285
0.339728
0.386569
0.403880
0.435080
0.360631
0.292034
0.463151
0.345028
0.416546
0.438392
0.407240
0.441398
0.326961
0.446298
0.373076
0.343178
0.415125
0.323753
0.430047
0.372321
0.374620
0.350566
0.358869
0.369600
0.278558
0.304491
0.449284
0.340121
0.331425
0.462072
0.433249
0.285223
0.514843
0.391248
0.373964
0.364909
0.339666
0.407606
0.470591
0.355843
0.360260
0.346724
0.353471
0.332146
0.493381
0.376201
0.337813
0.349961
0.333441
0.361902
0.472557
0.364643
0.309524
0.401527
0.421473
0.358020
0.368957
0.363633
0.339424
0.378544
0.392205
0.369253
0.331579
0.353195
0.567549
0.406439
0.356807
0.329383
0.382907
0.360757
0.349346
0.302061
0.453327
0.380278
0.343669
0.400316
0.403442
0.484775
0.373617
0.405455
0.366951
0.356391
0.443713
0.334564
0.339708
0.493158
0.374631
0.349249
0.390675
0.488761
0.384150
0.310230
0.418045
0.389422
0.299190
0.410929
0.408067
0.376775
0.346609
0.323366
0.281968
0.367531
0.372320
0.400112
0.461445
0.407178
0.352283
0.479968
0.376082
0.432081
0.336677
0.367348
0.281757
0.355976
0.410050
0.391310
0.405730
0.341143
0.338873
0.326110
0.330033
0.424930
0.458963
0.373014
0.335446
0.377128
0.305481
0.390474
0.435929
0.329461
0.524893
0.410321
0.342343
0.403397
0.359529
0.394142
0.256094
0.416835
0.350114
0.406745
0.423489
0.388779
0.392454
0.328296
0.398372
0.352407
0.355549
0.351340
0.295595
0.354385
0.413015
0.266842
0.298901
0.324954
0.425562
0.323886
0.426545
0.318717
0.413308
0.367573
0.414784
0.374218
0.321089
0.313407
0.399676
0.320616
0.398673
0.355516
0.264366
0.437476
0.418985
0.325210
0.351044
0.333863
0.352290
0.360751
0.345673
0.356780
0.465310
0.370487
0.340378
0.286909
0.351808
0.334643
0.265932
0.379900
0.298457
0.291011
0.358290
0.368720
0.446505
0.481888
0.327851
0.410490
0.327954
0.435070
0.392758
0.377449
0.357149
0.309077
0.350986
0.326684
0.382159
0.366026
0.393615
0.405834
0.373116
0.297939
0.337082
0.409624
0.337722
0.339635
0.305616
0.352541
0.319373
0.383129
0.411788
0.294762
0.423232
0.369564
0.366032
0.291657
0.363156
0.424959
0.379041
0.418454
0.425960
0.401664
0.284646
0.461472
0.418535
0.352869
0.321210
0.447727
0.290336
0.307682
0.352556
0.454158
0.390188
0.431925
0.389153
0.379301
0.319638
0.339281
0.363583
0.433670
0.362772
0.359239
0.423932
0.352418
0.376992
0.361986
0.383955
0.325484
0.299510
0.325575
0.365730
0.270414
0.364124
0.365625
0.302630
0.415852
0.445342
0.411137
0.372530
0.369690
0.323516
0.355086
0.362893
0.433131
0.366927
0.270660
0.514080
0.265202
0.406767
0.446672
0.458026
0.341934
0.367933
0.382407
0.414212
0.331451
0.279348
0.317309
0.290482
0.368364
0.435899
0.319483
0.416805
0.429298
0.300471
0.378105
0.424545
0.299856
0.405818
0.362230
0.295774
0.325764
0.351529
0.292405
0.402991
0.380225
0.331477
0.403543
0.355414
0.442822
0.408147
0.303045
0.411147
0.363236
0.400625
0.367263
0.422896
0.316146
0.416076
0.336049
0.357791
0.336244
0.456193
0.314625
0.415485
0.343787
0.416654
0.411556
0.351048
0.300353
0.369764
0.379652
0.312649
0.417548
0.323016
0.331226
0.412381
0.334560
0.430671
0.417437
0.385316
0.320321
0.478649
0.313309
0.560440
0.408387
0.332799
0.310631
0.419664
0.322547
0.379721
0.348018
0.368519
0.448174
0.396473
0.344002
0.371748
0.386763
0.389358
0.477677
0.310170
0.328152
0.435527
0.341259
0.318339
0.361655
0.299615
0.314552
0.300892
0.359610
0.347056
0.412213
0.356026
0.488685
0.321587
0.330356
0.353016
0.436609
0.288701
0.356380
0.331180
0.332637
0.357127
0.360333
0.355451
0.285593
0.384088
0.329827
0.315491
0.352262
0.335635
0.344540
0.331724
0.351394
0.350166
0.392505
0.458789
0.333301
0.342243
0.368605
0.375298
0.342870
0.347969
0.360422
0.313590
0.369446
0.365316
0.487998
0.302607
0.318919
0.379032
0.399742
0.306590
0.391723
0.416855
0.350556
0.424717
0.446441
0.361443
0.358494
0.456724
0.376338
0.296744
0.435977
0.380607
0.345869
0.341252
0.387303
0.386867
0.412538
0.279712
0.350300
0.395763
0.318113
0.317640
0.334093
0.465411
0.307700
0.394136
0.446748
0.490859
0.277517
0.360506
0.360774
0.379881
0.333354
0.353395
0.334493
0.355680
0.361400
0.308680
0.368212
0.335011
0.338886
0.435183
0.322472
0.365245
0.309334
0.283162
0.408327
0.370851
0.312396
0.384666
0.317470
0.401540
0.358007
0.386795
0.347252
0.341593
0.350618
0.334706
0.376077
0.301573
0.309666
0.384319
0.379362
0.345576
0.414475
0.311467
0.400572
0.545942
0.433570
0.363519
0.396523
0.293237
0.449424
0.358353
0.357781
0.358987
0.282356
0.387939
0.359605
0.342934
0.415296
0.364200
0.442720
0.349865
0.425540
0.371266
0.308589
0.435773
0.350842
0.308002
0.339504
0.340261
0.303003
0.405039
0.340749
0.292443
0.368342
0.356922
0.338845
0.309905
0.390246
0.338774
0.335580
0.341481
0.336419
0.374298
0.307325
0.337229
0.312644
0.373469
0.365759
0.342330
0.356436
0.401414
0.391706
0.364415
0.342724
0.365849
0.363399
0.311351
0.300744
0.236782
0.347394
0.400519
0.321280
0.338565
0.340930
0.330983
0.372998
0.450594
0.405674
0.325641
0.308642
0.376807
0.312254
0.373422
0.284347
0.379418
0.283454
0.361159
0.271494
0.279208
0.300098
0.307389
0.328760
0.334269
0.496186
0.448097
0.384408
0.339873
0.328240
0.311517
0.363482
0.392486
0.341856
0.301023
0.358892
0.295439
0.431129
0.471452
0.331338
0.340895
0.306285
0.306736
0.383235
0.330087
0.331182
0.270091
0.338859
0.306064
0.342962
0.375459
0.346631
0.297061
0.355942
0.358741
0.371605
0.305473
0.397912
0.314739
0.355403
0.425056
0.462024
0.284773
0.292411
0.291841
0.378582
0.304045
0.329271
0.459374
0.281970
0.295992
0.297277
0.436337
0.342958
0.268279
0.318766
0.344652
0.312081
0.295242
0.369942
0.399224
0.358325
0.315467
0.348032
0.340209
0.327873
0.407511
0.273873
0.326763
0.398333
0.350128
0.388252
0.406775
0.307743
0.384080
0.287168
0.294571
0.405906
0.305264
0.317053
0.419740
0.342847
0.275130
0.313130
0.327300
0.346181
0.310074
0.327953
0.329090
0.360800
0.307639
0.355853
0.351699
0.291160
0.456120
0.334243
0.342392
0.336702
0.279213
0.359649
0.367163
0.406444
0.269692
0.343106
0.348846
0.300252
0.398369
0.368353
0.360967
0.335497
0.350764
0.311867
0.342871
0.418134
0.287310
0.345834
0.352199
0.265440
0.293559
0.343501
0.466941
0.362505
0.335460
0.449823
0.332632
0.360756
0.331552
0.338904
0.412407
0.423658
0.258801
0.291804
0.349242
0.334600
0.369020
0.362384
0.349762
0.413496
0.285970
0.306675
0.296558
0.333148
0.303825
0.290162
0.352765
0.321156
0.348444
0.351237
0.355502
0.297289
0.244231
0.321779
0.277604
0.296144
0.322799
0.291184
0.355171
0.376208
0.390760
0.311821
0.387771
0.324091
0.260272
0.360487
0.326775
0.390960
0.354550
0.283934
0.275643
0.317544
0.318388
0.396345
0.372701
0.318237
0.406335
0.345486
0.298962
0.305502
0.379298
0.335325
0.355278
0.361249
0.396135
0.389158
0.396580
0.352430
0.331990
0.364008
0.331293
0.318287
0.356108
0.347645
0.294769
0.456952
0.425206
0.280889
0.406498
0.331091
0.352771
0.333373
0.359315
0.396807
0.337436
0.335454
0.366592
0.358050
0.363599
0.407532
0.363518
0.392016
0.287069
0.446094
0.317419
0.380086
0.390518
0.289736
0.334768
0.311478
0.381374
0.294215
0.358025
0.341451
0.399366
0.330901
0.346476
0.335427
0.383864
0.301410
0.361414
0.362827
0.282284
0.397617
0.345207
0.338193
0.336653
0.347609
0.335570
0.340409
0.358319
0.351980
0.336464
0.297910
0.318155
0.338340
0.331527
0.277427
0.363060
0.391518
0.432919
0.272316
0.347567
0.312259
0.316420
0.340794
0.280104
0.357464
0.356515
0.442849
0.411851
0.325157
0.464379
0.434250
0.352842
0.425015
0.326629
0.322421
0.333110
0.286911
0.319488
0.331209
0.342989
0.414880
0.383115
0.272159
0.358019
0.351674
0.319578
0.332339
0.325932
0.371260
0.330291
0.361307
0.263970
0.313607
0.244579
0.406308
0.304914
0.250078
0.248385
0.313617
0.376451
0.317014
0.365501
0.306478
0.393618
0.393345
0.293641
0.310770
0.310093
0.309343
0.326299
0.338134
0.373033
0.364409
0.306311
0.347318
0.344284
0.343894
0.304818
0.299115
0.414384
0.356633
0.339566
0.284859
0.264922
0.409334
0.285851
0.307918
0.290222
0.359619
0.404571
0.337702
0.347808
0.359698
0.365036
0.379931
0.276128
0.285111
0.300561
0.416252
0.325417
0.383665
0.427326
0.246683
0.349025
0.256558
0.288037
0.301925
0.282309
0.224798
0.271159
0.337012
0.333420
0.308675
0.347921
0.361475
0.297030
0.424815
0.298133
0.394486
0.316983
0.360958
0.280627
0.346336
0.344893
0.385632
0.321013
0.391622
0.337297
0.360739
0.342925
0.286672
0.324822
0.319728
0.289034
0.304527
0.301114
0.374983
0.298125
0.285747
0.424577
0.426535
0.362738
0.297837
0.277049
0.292005
0.363460
0.291757
0.235013
0.280089
0.309800
0.426130
0.343854
0.318718
0.299993
0.299047
0.240079
0.311763
0.308530
0.229682
0.273602
0.317990
0.368172
0.281356
0.396209
0.377936
0.358153
0.345849
0.382639
0.302812
0.331427
0.347700
0.260850
0.359477
0.369437
0.322107
0.348681
0.323588
0.370939
0.281833
0.335378
0.353081
0.260392
0.364876
0.414761
0.362418
0.332782
0.302417
0.404697
0.275204
0.344278
0.362666
0.326178
0.323018
0.265082
0.306724
0.274748
0.285083
0.347238
0.355088
0.288164
0.285272
0.367747
0.317549
0.390244
0.263107
0.304525
0.293959
0.274068
0.297548
0.402085
0.337962
0.345355
0.312367
0.334666
0.351029
0.296520
0.391231
0.316752
0.303112
0.260978
0.396650
0.292030
0.335833
0.326425
0.381874
0.276512
0.401337
0.293563
0.357843
0.344184
0.288743
0.238035
0.372355
0.364845
0.345469
0.289657
0.205647
0.368858
0.292960
0.297817
0.286717
0.379588
0.386300
0.406885
0.420122
0.336583
0.336289
0.228955
0.305905
0.360239
0.236535
0.273887
0.253330
0.302267
0.272238
0.295921
0.348318
0.321724
0.310996
0.316204
0.317030
0.276391
0.291270
0.275361
0.297915
0.279424
0.297088
0.427401
0.316304
0.280045
0.324597
0.353728
0.337059
0.341176
0.381306
0.357228
0.266528
0.274488
0.283259
0.276082
0.328774
0.299926
0.358517
0.314833
0.349765
0.267328
0.299937
0.344002
0.366052
0.326673
0.324049
0.370688
0.315406
0.305772
0.386844
0.356844
0.374355
0.223632
0.291117
0.297575
0.231344
0.259447
0.342545
0.268658
0.347699
0.288947
0.342684
0.353770
0.354309
0.452099
0.252850
0.280262
0.283432
0.241807
0.270531
0.273876
0.335489
0.359779
0.350794
0.334557
0.352830
0.316344
0.302460
0.424858
0.261235
0.346353
0.368730
0.350976
0.321322
0.341810
0.268367
0.335719
0.328603
0.271516
0.303811
0.285917
0.351351
0.256767
0.286387
0.275942
0.362385
0.320261
0.332781
0.337814
0.362742
0.372040
0.333945
0.242369
0.316352
0.355788
0.278351
0.291900
0.375466
0.304423
0.262461
0.422590
0.415476
0.265011
0.282754
0.256379
0.288065
0.335966
0.289147
0.350939
0.352525
0.351804
0.329674
0.322194
0.329660
0.298769
0.275274
0.281312
0.318246
0.331515
0.314153
0.281612
0.394210
0.413930
0.294336
0.335894
0.308080
0.344911
0.324963
0.337266
0.282837
0.326712
0.342415
0.279231
0.329021
0.307854
0.316451
0.301716
0.318416
0.388875
0.328833
0.391073
0.261453
0.355063
0.354305
0.268042
0.390844
0.432920
0.492081
0.364349
0.369295
0.342074
0.312478
0.317988
0.352855
0.265953
0.297347
0.291642
0.274662
0.246736
0.230127
0.323871
0.288855
0.234249
0.336600
0.395080
0.317690
0.303916
0.304112
0.266185
0.307640
0.313439
0.344978
0.310118
0.283130
0.203848
0.332542
0.256171
0.257300
0.242111
0.248950
0.271241
0.319539
0.353148
0.297436
0.388865
0.350749
0.253246
0.287498
0.279498
0.302448
0.284392
0.354477
0.284323
0.333016
0.333895
0.298501
0.266552
0.318402
0.288152
0.303264
0.284158
0.360801
0.301998
0.303747
0.292008
0.384217
0.366599
0.323314
0.386798
0.323228
0.367207
0.263516
0.320610
0.257284
0.272126
0.262076
0.362964
0.247537
0.242779
0.273129
0.346977
0.368383
0.325605
0.307017
0.250384
0.325300
0.337402
0.309538
0.371149
0.281832
0.349388
0.292084
0.283136
0.352565
0.381998
0.403022
0.309545
0.297556
0.353567
0.283866
0.262761
0.233054
0.225270
0.268006
0.349605
0.224753
0.290788
0.249570
0.329144
0.351603
0.305986
0.293204
0.409335
0.370952
0.271379
0.273343
0.321832
0.344182
0.262177
0.305351
0.326026
0.321477
0.244880
0.312838
0.273656
0.286395
0.316011
0.287559
0.324159
0.262929
0.258721
0.367480
0.337121
0.337960
0.258974
0.354320
0.281451
0.335252
0.352196
0.339263
0.306177
0.407579
0.318129
0.322446
0.311253
0.247978
0.336400
0.253222
0.313632
0.337846
0.267241
0.275993
0.338709
0.397132
0.314528
0.313164
0.306582
0.353530
0.249239
0.366409
0.376414
0.418057
0.328948
0.326733
0.293679
0.299300
0.314886
0.278791
0.280288
0.255021
0.267275
0.276710
0.325417
0.321485
0.318009
0.306949
0.243951
0.314126
0.333622
0.269722
0.254340
0.263677
0.328761
0.388465
0.301420
0.250692
0.345826
0.255235
0.343656
0.367585
0.298352
0.326741
0.334744
0.249054
0.304099
0.319173
0.254537
0.301853
0.285239
0.326690
0.346872
0.275341
0.318385
0.309592
0.316183
0.259120
0.307896
0.302929
0.292487
0.309401
0.289579
0.275353
0.230473
0.302151
0.254204
0.317355
0.244385
0.253298
0.353445
0.404908
0.280350
0.319513
0.430180
0.279409
0.327662
0.349944
0.237621
0.265660
0.270126
0.340845
0.296755
0.255663
0.327648
0.258811
0.362372
0.319740
0.295623
0.312672
0.208256
0.271060
0.295794
0.289930
0.268261
0.374791
0.265187
0.306797
0.336736
0.394395
0.319858
0.320335
0.327692
0.262534
0.437314
0.323286
0.354386
0.309083
0.277727
0.302654
0.286568
0.237690
0.351452
0.251716
0.359921
0.350989
0.287983
0.291758
0.256930
0.322733
0.257799
0.329732
0.268419
0.285305
0.272983
0.306569
0.246115
0.302999
0.283138
0.321285
0.286235
0.277062
0.351925
0.291668
0.341870
0.288366
0.238348
0.292843
0.422560
0.337654
0.268473
0.307291
0.310805
0.357798
0.285386
0.298415
0.401951
0.375312
0.271024
0.272639
0.322327
0.305179
0.217694
0.219589
0.253210
0.233063
0.291820
0.285082
0.304002
0.268455
0.280471
0.304728
0.353987
0.321166
0.377507
0.245516
0.289573
0.261049
0.383155
0.322278
0.281491
0.307708
0.347183
0.234803
0.301719
0.511400
0.357800
0.340204
0.346164
0.340578
0.375386
0.268613
0.272836
0.425161
0.330487
0.409019
0.274488
0.294764
0.335417
0.272178
0.279384
0.386598
0.244712
0.286710
0.289672
0.263293
0.243875
0.298972
0.258584
0.309162
0.267518
0.264109
0.291850
0.277024
0.250885
0.284017
0.229775
0.362907
0.278735
0.239677
0.348321
0.277212
0.308368
0.302876
0.305772
0.381831
0.245990
0.320587
0.330209
0.249493
0.319974
0.264221
0.276178
0.281456
0.296860
0.337411
0.278843
0.265646
0.260409
0.310500
0.293871
0.361924
0.283752
0.243937
0.304382
0.254572
0.297275
0.269623
0.333192
0.277255
0.268513
0.268963
0.305165
0.327422
0.293985
0.264953
0.272739
0.284365
0.318923
0.314042
0.364484
0.268323
0.304085
0.333072
0.332124
0.272221
0.301855
0.307776
0.291074
0.274108
0.305364
0.268499
0.326124
0.226251
0.327605
0.264275
0.216078
0.308087
0.254606
0.278408
0.221585
0.241390
0.253565
0.240994
0.275403
0.263195
0.276387
0.410158
0.242249
0.271147
0.277729
0.261084
0.323774
0.293935
0.228744
0.262233
0.336478
0.258527
0.324554
0.247495
0.261593
0.298994
0.294363
0.265465
0.295074
0.336471
0.384209
0.328658
0.275501
0.296657
0.238783
0.283310
0.205803
0.283153
0.228449
0.267934
0.264412
0.366291
0.264426
0.309117
0.309665
0.318890
0.266679
0.297076
0.294244
0.300403
0.275017
0.292907
0.263010
0.322998
0.333332
0.295778
0.250187
0.310547
0.274726
0.194005
0.259293
0.235190
0.307450
0.338916
0.221147
0.285828
0.255996
0.260810
0.292774
0.336329
0.347901
0.311691
0.262664
0.232992
0.296904
0.276678
0.273841
0.375747
0.350089
0.272178
0.254062
0.271199
0.290974
0.299197
0.292457
0.230336
0.324648
0.295777
0.280093
0.289334
0.271733
0.224143
0.256104
0.289427
0.374957
0.303397
0.276460
0.302799
0.332280
0.251108
0.239712
0.243560
0.293404
0.304888
0.264144
0.294479
0.255470
0.259335
0.274049
0.342477
0.279219
0.265988
0.254849
0.324924
0.265751
0.343115
0.277999
0.354023
0.261549
0.281667
0.314359
0.313987
0.282858
0.346499
0.353355
0.278587
0.267582
0.234174
0.324820
0.264313
0.274423
0.292232
0.352268
0.343886
0.282956
0.246617
0.229220
0.263100
0.294868
0.339370
0.324965
0.286111
0.309851
0.285456
0.239103
0.264742
0.271360
0.258189
0.290982
0.226621
0.326007
0.248495
0.264681
0.357493
0.247580
0.286584
0.335182
0.265613
0.341038
0.247936
0.189192
0.202964
0.256356
0.368249
0.275703
0.250813
0.310037
0.336895
0.445790
0.299917
0.258381
0.235029
0.363192
0.287985
0.260076
0.259361
0.302718
0.270623
0.274930
0.316441
0.255123
0.264466
0.344669
0.282499
0.322261
0.304580
0.296933
0.245579
0.292423
0.255195
0.241159
0.240728
0.272966
0.251582
0.284850
0.310173
0.300183
0.298178
0.311783
0.292185
0.228189
0.282292
0.314905
0.307353
0.303901
0.252494
0.302324
0.317635
0.239919
0.299927
0.283571
0.309268
0.279194
0.284030
0.286772
0.256094
0.287783
0.366524
0.296502
0.358694
0.286399
0.283083
0.213778
0.292590
0.242821
0.352905
0.313237
0.346339
0.256755
0.315347
0.237537
0.299546
0.333280
0.350697
0.291036
0.257144
0.285974
0.309572
0.320465
0.310481
0.253600
0.269642
0.316408
0.269560
0.319638
0.301096
0.260107
0.275411
0.328859
0.285212
0.344296
0.239746
0.245788
0.282063
0.407954
0.405212
0.350503
0.278043
0.252548
0.313817
0.391457
0.268752
0.399222
0.288711
0.260773
0.240866
0.255156
0.276517
0.262866
0.251645
0.306211
0.305424
0.371706
0.252451
0.268533
0.364642
0.227208
0.307796
0.256404
0.397033
0.227756
0.410225
0.270601
0.293956
0.270941
0.232615
0.459091
0.267396
0.252769
0.428908
0.253289
0.220451
0.293130
0.336188
0.268581
0.356515
0.296940
0.245282
0.328389
0.250585
0.284228
0.239908
0.281052
0.213721
0.281244
0.209328
0.271983
0.249579
0.264407
0.309497
0.277723
0.280236
0.267956
0.219306
0.286956
0.305179
0.249249
0.271261
0.363316
0.289761
0.260451
0.269308
0.259458
0.219753
0.250625
0.276807
0.288465
0.254364
0.234025
0.246338
0.282676
0.255818
0.242066
0.261503
0.309068
0.250794
0.245114
0.263690
0.340811
0.277677
0.286860
0.241190
0.211860
0.231436
0.312326
0.235109
0.298504
0.300956
0.302758
0.311682
0.263590
0.208120
0.255847
0.284083
0.229171
0.307572
0.209075
0.278340
0.213262
0.313495
0.245714
0.255699
0.224386
0.283879
0.298613
0.236915
0.286668
0.293010
0.245747
0.244962
0.335065
0.336236
0.341673
0.313668
0.289246
0.312263
0.247997
0.327840
0.210685
0.228753
0.254269
0.246363
0.290118
0.207584
0.227941
0.274675
0.270033
0.266226
0.285411
0.272226
0.263562
0.252922
0.291542
0.304338
0.231615
0.280990
0.250994
0.290986
0.319348
0.219540
0.337641
0.280533
0.243887
0.300535
0.301740
0.367715
0.251230
0.268636
0.323572
0.323440
0.324817
0.335927
0.237515
0.251496
0.274751
0.296450
0.281988
0.285345
0.325974
0.325876
0.234473
0.305737
0.256111
0.316898
0.281356
0.248830
0.289594
0.313827
0.259263
0.243194
0.267525
0.306135
0.226052
0.301961
0.250640
0.285264
0.396996
0.294576
0.283730
0.260695
0.330471
0.289483
0.253108
0.277948
0.237218
0.272476
0.266243
0.211166
0.261629
0.306009
0.284726
0.251251
0.261573
0.255582
0.241057
0.212618
0.318887
0.191621
0.299416
0.252695
0.333701
0.307634
0.276920
0.286288
0.253331
0.324873
0.283393
0.263609
0.243019
0.335004
0.294987
0.258984
0.243471
0.223995
0.368917
0.271601
0.235473
0.223287
0.272609
0.271043
0.313033
0.313842
0.275721
0.243524
0.340710
0.289866
0.255323
0.314802
0.246268
0.274015
0.322232
0.284602
0.323119
0.230832
0.267642
0.247857
0.264112
0.353506
0.229834
0.266346
0.240738
0.235655
0.306399
0.305457
0.286746
0.211882
0.266790
0.275410
0.268463
0.300102
0.221146
0.240887
0.247854
0.226645
0.260090
0.223946
0.289861
0.228078
0.285125
0.279907
0.266250
0.317729
0.254550
0.320347
0.293120
0.218307
0.270658
0.266956
0.315151
0.247520
0.253221
0.292082
0.279309
0.313190
0.291433
0.316875
0.347246
0.264238
0.246533
0.334482
0.282602
0.335773
0.243463
0.201993
0.258373
0.271421
0.269481
0.216325
0.332557
0.248257
0.256177
0.275273
0.278773
0.268308
0.269950
0.211985
0.288508
0.245822
0.278832
0.275796
0.322910
0.285411
0.295787
0.304746
0.292765
0.268318
0.397424
0.362464
0.245664
0.246196
0.301568
0.226147
0.212844
0.315821
0.245323
0.295421
0.254824
0.295555
0.243542
0.340182
0.276529
0.315884
0.245690
0.286236
0.323718
0.287570
0.285743
0.267352
0.260024
0.254945
0.332242
0.282626
0.324677
0.212480
0.373865
0.226496
0.306735
0.334347
0.279795
0.249035
0.290271
0.281291
0.233386
0.253249
0.354798
0.254455
0.210385
0.222245
0.280850
0.199203
0.304665
0.315965
0.280177
0.246703
0.304704
0.341531
0.294880
0.234816
0.278679
0.269297
0.267260
0.251320
0.255535
0.366808
0.317601
0.242234
0.327027
0.263080
0.247756
0.238653
0.293307
0.261578
0.279272
0.318878
0.338305
0.270649
0.207561
0.257699
0.281834
0.305009
0.267721
0.274905
0.268307
0.284102
0.346533
0.258644
0.292205
0.294097
0.240522
0.293447
0.230101
0.266514
0.263687
0.304543
0.320588
0.279871
0.234289
0.254946
0.263980
0.288551
0.244130
0.240072
0.268913
0.271664
0.201808
0.249038
0.222566
0.266523
0.279677
0.277536
0.308594
0.217321
0.255036
0.285800
0.234244
0.274326
0.292209
0.257971
0.241691
0.333315
0.230843
0.240440
0.238425
0.260137
0.236912
0.274434
0.246953
0.226220
0.284301
0.269716
0.285193
0.273998
0.245070
0.235601
0.314910
0.205090
0.279719
0.305643
0.259989
0.224998
0.224285
0.329512
0.245796
0.241338
0.261978
0.224161
0.259760
0.239271
0.311297
0.210336
0.233164
0.254261
0.273402
0.218047
0.288440
0.259322
0.306299
0.238168
0.236119
0.218374
0.223055
0.287245
0.277779
0.296266
0.260162
0.264772
0.277267
0.230520
0.292699
0.261761
0.288499
0.248416
0.254441
0.231615
0.213271
0.248672
0.206278
0.332606
0.207414
0.204116
0.269903
0.254413
0.276563
0.226442
0.184207
0.242234
0.236829
0.278243
0.300243
0.336773
0.282613
0.247086
0.250621
0.289030
0.276675
0.266289
0.305287
0.212683
0.266402
0.223971
0.208749
0.261288
0.249281
0.379610
0.352144
0.216540
0.245347
0.241955
0.341867
0.293154
0.237271
0.218514
0.217595
0.364145
0.246581
0.259844
0.233180
0.228663
0.225460
0.286603
0.240578
0.264467
0.246213
0.304096
0.232473
0.287256
0.225101
0.301480
0.240006
0.371751
0.220056
0.298975
0.265078
0.273502
0.245583
0.187887
0.239174
0.345692
0.238728
0.353576
0.270470
0.271052
0.299372
0.278061
0.270757
0.246411
0.386586
0.266509
0.249663
0.260706
0.248771
0.182361
0.258207
0.224592
0.290533
0.285387
0.206700
0.324704
0.281176
0.341671
0.223166
0.273900
0.277671
0.239448
0.249816
0.254545
0.236702
0.337254
0.244399
0.263833
0.260783
0.232374
0.230188
0.254024
0.278885
0.253806
0.226308
0.287475
0.227066
0.288914
0.182766
0.313017
0.211274
0.247324
0.252904
0.214000
0.300091
0.308306
0.297625
0.296023
0.244569
0.338491
0.273538
0.264823
0.215200
0.283440
0.190889
0.267392
0.252766
0.202992
0.336387
0.279407
0.225903
0.288044
0.221784
0.234120
0.294393
0.256726
0.355949
0.288397
0.203058
0.211853
0.185967
0.219749
0.254703
0.203854
0.375534
0.286115
0.264718
0.234226
0.261239
0.242643
0.234892
0.267649
0.261446
0.230866
0.261410
0.257038
0.295617
0.265230
0.268219
0.300810
0.284749
0.241730
0.250215
0.252279
0.242030
0.307369
0.259404
0.257501
0.303230
0.257240
0.227391
0.207277
0.272532
0.251220
0.380103
0.243283
0.273810
0.251701
0.264028
0.240972
0.269343
0.195494
0.220287
0.250682
0.316087
0.216390
0.248758
0.235202
0.272757
0.253170
0.234976
0.292816
0.337129
0.326010
0.227721
0.239012
0.281252
0.308873
0.299484
0.319913
0.271992
0.230126
0.316732
0.226857
0.249577
0.274575
0.308667
0.218215
0.238142
0.258473
0.251717
0.243732
0.256833
0.241385
0.226496
0.298493
0.201606
0.224559
0.196911
0.222225
0.299065
0.241830
0.240608
0.243301
0.196858
0.247451
0.262977
0.223191
0.305846
0.248653
0.269688
0.279169
0.226839
0.267495
0.232853
0.302414
0.229848
0.292428
0.245372
0.263707
0.257612
0.279871
0.227143
0.229574
0.184729
0.264756
0.223499
0.274801
0.205082
0.248912
0.246056
0.326773
0.281064
0.312049
0.255274
0.282721
0.289954
0.211427
0.243593
0.263383
0.176746
0.272246
0.277079
0.241862
0.241410
0.242138
0.240493
0.268292
0.292591
0.356407
0.265058
0.300461
0.219449
0.203428
0.296645
0.267484
0.218588
0.275664
0.266351
0.212175
0.266786
0.235514
0.228155
0.243700
0.254300
0.213292
0.369237
0.207007
0.217191
0.224104
0.276979
0.225412
0.256369
0.262669
0.255430
0.250361
0.221957
0.232006
0.311898
0.189636
0.358879
0.234302
0.236067
0.256446
0.265239
0.214500
0.256672
0.235760
0.208848
0.299644
0.260208
0.238765
0.244811
0.266453
0.280963
0.215973
0.204953
0.231659
0.333407
0.204686
0.262484
0.258752
0.230923
0.277549
0.261693
0.245951
0.230355
0.234764
0.247969
0.278100
0.220000
0.232316
0.204477
0.225227
0.208403
0.283626
0.237243
0.304146
0.226067
0.256664
0.236554
0.224631
0.235900
0.179281
0.252722
0.286436
0.235530
0.254579
0.229395
0.241362
0.260398
0.256703
0.265888
0.268866
0.205771
0.216611
0.241558
0.232123
0.270949
0.271472
0.221306
0.260289
0.258603
0.215634
0.250708
0.226038
0.216157
0.227332
0.222742
0.251431
0.280649
0.251670
0.269940
0.251741
0.269095
0.261382
0.224445
0.212112
0.296067
0.262341
0.230536
0.338931
0.236206
0.260007
0.275104
0.313914
0.214368
0.244240
0.232301
0.226578
0.250564
0.331602
0.173156
0.236340
0.219111
0.207737
0.328035
0.368130
0.287783
0.273672
0.208800
0.247880
0.283342
0.315135
0.365174
0.268583
0.222386
0.199759
0.217381
0.210016
0.188592
0.344531
0.207361
0.253642
0.208797
0.253555
0.245260
0.247692
0.325048
0.323491
0.285406
0.234669
0.179140
0.281307
0.320248
0.260778
0.287373
0.237125
0.218916
0.214957
0.246999
0.272929
0.219605
0.267139
0.224900
0.209408
0.266456
0.291536
0.166229
0.272893
0.222385
0.312416
0.184581
0.245786
0.259304
0.209390
0.237050
0.207775
0.257417
0.241364
0.223001
0.270545
0.212624
0.238903
0.315748
0.280371
0.249464
0.191103
0.264744
0.229061
0.218725
0.261693
0.206091
0.318331
0.261977
0.269247
0.192409
0.221897
0.274674
0.230330
0.228364
0.229664
0.222820
0.250396
0.369033
0.267535
0.289747
0.200053
0.196809
0.231411
0.311958
0.267210
0.284684
0.230486
0.303476
0.269804
0.182715
0.208708
0.249195
0.230853
0.246365
0.258003
0.215329
0.316289
0.267144
0.311402
0.209658
0.315459
0.212638
0.290909
0.212904
0.235044
0.234999
0.231392
0.230497
0.220884
0.247360
0.251777
0.233402
0.237179
0.209182
0.231043
0.279207
0.251919
0.209950
0.236902
0.277157
0.233040
0.369503
0.315908
0.270706
0.245041
0.229816
0.189132
0.248003
0.233460
0.233198
0.227897
0.205358
0.227929
0.209678
0.212952
0.305163
0.302177
0.178235
0.199795
0.178340
0.235612
0.242417
0.213007
0.258407
0.244879
0.238764
0.222794
0.219025
0.311126
0.253164
0.269726
0.329159
0.275248
0.240379
0.235616
0.245477
0.182507
0.237162
0.266186
0.294423
0.239241
0.290944
0.257223
0.209995
0.296409
0.201797
0.246915
0.239774
0.411378
0.241836
0.239108
0.240493
0.255925
0.243461
0.216913
0.232879
0.284830
0.262976
0.365854
0.222604
0.207124
0.260848
0.209716
0.266893
0.256244
0.198455
0.207043
0.203558
0.268672
0.275646
0.219615
0.240140
0.240850
0.190821
0.300573
0.200137
0.239914
0.239338
0.283724
0.228329
0.254970
0.282212
0.263372
0.293228
0.314824
0.253404
0.237244
0.196239
0.242400
0.237641
0.209103
0.262206
0.329191
0.239045
0.241119
0.206399
0.235449
0.264669
0.292313
0.219604
0.264531
0.260170
0.216454
0.311271
0.227856
0.258334
0.271971
0.229160
0.238555
0.188567
0.259618
0.249889
0.265023
0.303622
0.272119
0.248030
0.286948
0.267680
0.211301
0.167400
0.219680
0.206503
0.223589
0.206296
0.198659
0.220707
0.270937
0.264296
0.177646
0.233925
0.253234
0.248385
0.222678
0.226416
0.207292
0.246940
0.181723
0.202318
0.265382
0.234878
0.245434
0.217975
0.208314
0.293523
0.324029
0.184003
0.250859
0.223027
0.201560
0.240936
0.209207
0.279708
0.301292
0.210223
0.285423
0.282800
0.210486
0.200547
0.204390
0.216732
0.184822
0.221216
0.236472
0.190088
0.222755
0.239003
0.215202
0.252888
0.284111
0.203054
0.270617
0.256829
0.240094
0.259297
0.260261
0.209991
0.214040
0.254582
0.205445
0.264434
0.208902
0.217335
0.235045
0.214396
0.250105
0.198180
0.202315
0.249502
0.237744
0.229965
0.200563
0.233700
0.254301
0.240862
0.283202
0.255696
0.297055
0.194474
0.236210
0.188360
0.200357
0.218978
0.326533
0.270375
0.220269
0.210117
0.236158
0.268677
0.258891
0.202246
0.283130
0.211391
0.304308
0.318035
0.197901
0.220964
0.243636
0.213704
0.244735
0.190334
0.305528
0.220907
0.292608
0.236448
0.227906
0.279722
0.197036
0.283195
0.237206
0.207242
0.198331
0.236912
0.190711
0.225924
0.267346
0.220709
0.224589
0.193854
0.231609
0.205208
0.191118
0.285405
0.254249
0.233365
0.267556
0.254335
0.215228
0.279665
0.225193
0.205476
0.254766
0.233611
0.271433
0.230152
0.300476
0.225027
0.230028
0.249788
0.239258
0.216184
0.195332
0.247815
0.277895
0.185957
0.222153
0.205185
0.193232
0.232147
0.180706
0.262877
0.193220
0.204592
0.225286
0.266632
0.243385
0.214557
0.192066
0.205057
0.316685
0.284355
0.242053
0.287128
0.218049
0.236374
0.209073
0.283816
0.192860
0.249794
0.222941
0.177059
0.263316
0.263428
0.196701
0.253322
0.170647
0.255575
0.204808
0.278373
0.301459
0.242988
0.205647
0.226780
0.239245
0.239774
0.259054
0.185922
0.193480
0.181480
0.235049
0.215312
0.239862
0.198716
0.183330
0.205419
0.226055
0.199340
0.245286
0.206607
0.209257
0.245024
0.237699
0.269879
0.247556
0.197992
0.242711
0.259188
0.210292
0.227800
0.200437
0.273105
0.339768
0.210704
0.236062
0.221724
0.233564
0.270950
0.246989
0.231475
0.267999
0.295374
0.243779
0.266084
0.257741
0.203224
0.270054
0.190547
0.213675
0.198771
0.239008
0.244431
0.260093
0.230087
0.275093
0.267644
0.196929
0.212909
0.251531
0.230508
0.180301
0.267404
0.176180
0.248611
0.170902
0.223559
0.242447
0.189750
0.226365
0.277847
0.220970
0.218970
0.211082
0.214746
0.212626
0.212657
0.261596
0.286195
0.238316
0.229382
0.266393
0.219881
0.186478
0.255935
0.282025
0.217748
0.188867
0.217396
0.210537
0.227808
0.230157
0.301718
0.286607
0.232722
0.273919
0.251417
0.240324
0.209762
0.278242
0.263229
0.207309
0.201949
0.254003
0.227280
0.223624
0.195895
0.235029
0.243863
0.252426
0.220907
0.217490
0.195987
0.193014
0.267185
0.230249
0.225723
0.291121
0.205269
0.323987
0.306567
0.292932
0.194900
0.230163
0.235215
0.254256
0.212644
0.256430
0.228114
0.192083
0.253660
0.214834
0.221687
0.224523
0.223161
0.252387
0.216634
0.272598
0.231943
0.262193
0.188406
0.170261
0.324091
0.212790
0.185392
0.254228
0.221476
0.273200
0.207888
0.223339
0.221165
0.269740
0.332069
0.198181
0.236254
0.233466
0.237469
0.212423
0.179744
0.281942
0.266517
0.218444
0.205028
0.282367
0.192569
0.236134
0.239321
0.258487
0.251773
0.233447
0.211849
0.283456
0.217941
0.203207
0.214460
0.235428
0.268015
0.249571
0.198466
0.234660
0.231792
0.224557
0.283950
0.191332
0.172081
0.266523
0.209957
0.166905
0.226902
0.301942
0.237166
0.198278
0.327037
0.246233
0.188338
0.174356
0.268349
0.198937
0.218374
0.199960
0.216074
0.231403
0.229624
0.266667
0.248108
0.216409
0.268169
0.219773
0.187945
0.197018
0.245393
0.254949
0.294069
0.217966
0.181512
0.217049
0.165415
0.178605
0.188981
0.315474
0.240221
0.226719
0.213119
0.254941
0.209635
0.266505
0.190568
0.218662
0.222379
0.256391
0.229498
0.215958
0.264994
0.215131
0.208417
0.219522
0.256944
0.252296
0.230242
0.226037
0.213337
0.217415
0.221757
0.284175
0.238589
0.264386
0.190906
0.229814
0.178688
0.202733
0.251921
0.245387
0.214825
0.252606
0.249703
0.269186
0.227265
0.236349
0.268451
0.207841
0.199776
0.209276
0.228552
0.186962
0.232181
0.198584
0.189633
0.167956
0.211137
0.213882
0.244920
0.191706
0.210129
0.265726
0.216115
0.300425
0.196604
0.217850
0.255583
0.230861
0.269913
0.170987
0.206942
0.209127
0.301022
0.211585
0.191605
0.211103
0.241820
0.206125
0.257606
0.246904
0.249556
0.259831
0.178641
0.252283
0.240838
0.199257
0.170254
0.214074
0.250835
0.216156
0.201800
0.194607
0.227896
0.216817
0.185801
0.241269
0.191813
0.176579
0.295796
0.173450
0.232999
0.281954
0.235162
0.184160
0.227578
0.290737
0.227892
0.242990
0.241322
0.230230
0.200308
0.322540
0.265830
0.194547
0.173289
0.215651
0.227198
0.205815
0.227154
0.217887
0.211972
0.168676
0.255372
0.263223
0.207526
0.243513
0.182763
0.242381
0.205582
0.163050
0.215811
0.230685
0.179088
0.233969
0.206489
0.208716
0.215882
0.239497
0.201858
0.215780
0.239727
0.199602
0.235529
0.227593
0.232395
0.249617
0.220159
0.228279
0.304806
0.216720
0.252316
0.196259
0.208691
0.209353
0.188516
0.199697
0.213558
0.163436
0.190421
0.162173
0.222923
0.226647
0.254179
0.272190
0.220319
0.185856
0.225524
0.260259
0.171627
0.296892
0.249406
0.202081
0.199272
0.206407
0.229598
0.221147
0.257576
0.231564
0.192504
0.209781
0.190232
0.209926
0.189130
0.234098
0.244734
0.169858
0.192823
0.281662
0.201295
0.211622
0.233891
0.167966
0.222592
0.266998
0.217917
0.246164
0.263425
0.214887
0.245900
0.226425
0.201477
0.221057
0.236884
0.189785
0.239094
0.270902
0.196465
0.226002
0.219295
0.223892
0.184288
0.185491
0.191144
0.256630
0.222619
0.201308
0.217315
0.248163
0.314497
0.181567
0.203624
0.309816
0.237344
0.269161
0.241089
0.192568
0.267882
0.232659
0.186511
0.194041
0.164106
0.267748
0.200455
0.218593
0.203694
0.214263
0.273672
0.275158
0.220245
0.199798
0.195520
0.202134
0.160609
0.231735
0.179279
0.218341
0.228974
0.181333
0.210367
0.231839
0.198567
0.255279
0.242213
0.242267
0.216646
0.225546
0.171912
0.306275
0.241435
0.248083
0.201281
0.182518
0.265859
0.288901
0.178340
0.166631
0.253314
0.257141
0.197392
0.183622
0.240124
0.232306
0.193684
0.247377
0.279178
0.235420
0.201632
0.269698
0.197979
0.206856
0.258515
0.219956
0.196469
0.218226
0.269502
0.233631
0.177434
0.254496
0.193439
0.242191
0.227454
0.232385
0.267978
0.255884
0.258036
0.256095
0.220421
0.223161
0.234376
0.204752
0.171968
0.255789
0.242115
0.317221
0.168201
0.231739
0.193631
0.228606
0.182976
0.196077
0.204719
0.192442
0.231160
0.218716
0.248009
0.228493
0.193239
0.296083
0.276225
0.182658
0.221415
0.212059
0.177968
0.199012
0.217872
0.244005
0.190045
0.184858
0.298924
0.237131
0.155322
0.183948
0.298362
0.168267
0.246209
0.303148
0.237494
0.277368
0.204233
0.171181
0.213739
0.227092
0.220100
0.220846
0.230469
0.208403
0.199264
0.198100
0.210595
0.232303
0.183906
0.232576
0.209490
0.207526
0.202732
0.198601
0.297318
0.269072
0.228331
0.214288
0.170125
0.212077
0.208595
0.207974
0.240245
0.192979
0.284454
0.159163
0.249516
0.262948
0.264888
0.202547
0.155885
0.285135
0.197404
0.207061
0.196655
0.215399
0.198999
0.199303
0.200448
0.183649
0.211316
0.252571
0.221589
0.181095
0.236592
0.179822
0.248916
0.201130
0.231530
0.173947
0.194711
0.184275
0.217815
0.213525
0.244180
0.178566
0.189959
0.200840
0.313104
0.203218
0.245274
0.244514
0.239570
0.171253
0.200055
0.212161
0.204066
0.239611
0.215606
0.268111
0.195427
0.172081
0.221098
0.248619
0.249942
0.205648
0.304459
0.208756
0.195285
0.221183
0.227263
0.216779
0.178738
0.172402
0.210223
0.238684
0.248591
0.187761
0.207315
0.188878
0.170699
0.260268
0.205642
0.190164
0.257885
0.261274
0.280906
0.176929
0.174584
0.256928
0.196091
0.175262
0.213313
0.199254
0.252901
0.209547
0.184281
0.258619
0.181366
0.211236
0.194901
0.210564
0.201421
0.217780
0.287423
0.198623
0.172478
0.253687
0.201549
0.170230
0.215787
0.255143
0.226254
0.197891
0.193300
0.207571
0.278471
0.205745
0.205973
0.204945
0.267990
0.242596
0.245859
0.267175
0.278174
0.233342
0.218314
0.214882
0.179303
0.204876
0.163495
0.221636
0.214602
0.205206
0.277821
0.201653
0.259672
0.174239
0.268730
0.209605
0.242032
0.203020
0.234320
0.188278
0.208150
0.215785
0.207620
0.225492
0.223379
0.217355
0.217697
0.238486
0.233620
0.194092
0.175968
0.216264
0.258499
0.213195
0.199138
0.227943
0.199384
0.213501
0.231905
0.168592
0.205424
0.189976
0.168378
0.222520
0.172596
0.158626
0.196514
0.199915
0.224052
0.206883
0.199681
0.225405
0.272771
0.225923
0.244023
0.187631
0.203513
0.259619
0.297000
0.184684
0.190392
0.183891
0.231014
0.184655
0.194233
0.183349
0.170342
0.190132
0.205014
0.193313
0.220834
0.185526
0.175782
0.244377
0.272846
0.168268
0.192290
0.223186
0.212208
0.214367
0.189805
0.208594
0.246960
0.307550
0.242943
0.217367
0.200042
0.223413
0.275984
0.237903
0.220872
0.219667
0.209641
0.191212
0.203267
0.213841
0.227002
0.227712
0.185703
0.199969
0.267167
0.216724
0.196153
0.199600
0.236549
0.249817
0.205299
0.153277
0.274895
0.194737
0.210334
0.202771
0.225813
0.199959
0.213836
0.211476
0.215426
0.181099
0.196452
0.198230
0.224084
0.221234
0.216283
0.189346
0.201919
0.239812
0.200869
0.254041
0.216066
0.224485
0.250618
0.187207
0.203639
0.263214
0.207911
0.212613
0.302474
0.245552
0.172008
0.220657
0.206483
0.205317
0.231331
0.177884
0.188771
0.177453
0.241174
0.191659
0.226222
0.221841
0.183716
0.214146
0.197202
0.256524
0.218455
0.203434
0.228998
0.231603
0.210043
0.254391
0.167740
0.220005
0.196279
0.220303
0.202863
0.185967
0.229937
0.200381
0.162844
0.185299
0.297801
0.219581
0.206024
0.189936
0.199214
0.187753
0.206170
0.186054
0.202445
0.218365
0.205238
0.180167
0.183123
0.261107
0.211638
0.234952
0.250800
0.205128
0.190257
0.184476
0.217651
0.215246
0.212273
0.209498
0.186188
0.176970
0.225468
0.211288
0.177635
0.271978
0.215057
0.177548
0.248470
0.237215
0.183619
0.179334
0.181613
0.167896
0.248926
0.186976
0.219322
0.191916
0.249142
0.251667
0.174406
0.185785
0.188977
0.277802
0.193020
0.186575
0.172248
0.220823
0.174217
0.229010
0.247026
0.256342
0.222050
0.199721
0.248129
0.186013
0.210135
0.191543
0.255432
0.185310
0.160364
0.187390
0.175280
0.217143
0.182363
0.181820
0.213753
0.166507
0.196543
0.252449
0.225134
0.189700
0.192579
0.180147
0.192508
0.189463
0.198947
0.199583
0.195588
0.158258
0.192008
0.173622
0.179124
0.231899
0.181817
0.159317
0.191191
0.177528
0.280686
0.215953
0.230400
0.173111
0.260932
0.191245
0.235736
0.193488
0.153268
0.167907
0.199196
0.212010
0.224849
0.195305
0.220552
0.240124
0.197369
0.207094
0.160220
0.214945
0.230715
0.270150
0.238505
0.187119
0.237338
0.189390
0.219898
0.219113
0.242879
0.230162
0.196568
0.251058
0.203691
0.207116
0.245374
0.217634
0.167908
0.200151
0.228737
0.162353
0.214061
0.233860
0.208314
0.199271
0.199327
0.211001
0.243445
0.243448
0.244251
0.197609
0.182947
0.190696
0.273726
0.250850
0.231496
0.189755
0.183145
0.231946
0.206525
0.184327
0.166625
0.202627
0.201496
0.175325
0.246489
0.205092
0.177959
0.187101
0.249780
0.198264
0.200619
0.249377
0.218968
0.192158
0.188820
0.228814
0.195770
0.218114
0.203108
0.217768
0.221564
0.213395
0.214770
0.245652
0.216487
0.240470
0.191838
0.175545
0.238384
0.211848
0.166899
0.216019
0.198008
0.238165
0.221448
0.191304
0.212098
0.195119
0.171166
0.219235
0.204149
0.154365
0.200579
0.206947
0.246314
0.228071
0.254561
0.219298
0.214536
0.174715
0.174967
0.202998
0.231565
0.230946
0.171854
0.233260
0.182920
0.270001
0.244355
0.206095
0.295477
0.250764
0.181648
0.202671
0.199508
0.249446
0.201356
0.197385
0.199740
0.243648
0.218470
0.175873
0.243999
0.169158
0.160697
0.228995
0.202992
0.322348
0.229588
0.215230
0.230826
0.219611
0.214422
0.199954
0.208555
0.229499
0.227924
0.273041
0.240911
0.223341
0.227417
0.236120
0.223285
0.206443
0.189409
0.217752
0.239156
0.214560
0.198669
0.238306
0.264776
0.216623
0.218627
0.238229
0.186300
0.183434
0.237891
0.192437
0.197229
0.230727
0.186625
0.198010
0.188250
0.233157
0.229023
0.248889
0.201081
0.188038
0.197575
0.234285
0.186176
0.190512
0.238828
0.229459
0.178926
0.229801
0.189099
0.237343
0.225035
0.158498
0.162558
0.208613
0.202393
0.218899
0.238295
0.195881
0.234210
0.185864
0.264758
0.269434
0.229684
0.185960
0.188824
0.173059
0.193822
0.179939
0.208147
0.189765
0.257126
0.189784
0.229606
0.236545
0.202906
0.172508
0.223564
0.164392
0.176071
0.182687
0.198272
0.182454
0.255174
0.253011
0.190961
0.168446
0.176258
0.198179
0.213407
0.199585
0.194220
0.165960
0.210343
0.252412
0.196543
0.218931
0.230177
0.172127
0.225476
0.191191
0.222462
0.207602
0.151758
0.181588
0.207491
0.167319
0.193252
0.201451
0.215069
0.256694
0.210056
0.200095
0.235115
0.239755
0.154739
0.197862
0.288698
0.221228
0.187967
0.194262
0.189673
0.162216
0.226033
0.177452
0.225347
0.274628
0.221770
0.204379
0.171961
0.198992
0.221551
0.252366
0.182398
0.217381
0.192062
0.170276
0.190234
0.160351
0.225298
0.285571
0.202415
0.206475
0.159710
0.195627
0.171029
0.218347
0.180749
0.206407
0.189175
0.254570
0.218120
0.213250
0.197368
0.195707
0.184965
0.222308
0.225995
0.182451
0.171449
0.244299
0.210563
0.246102
0.159535
0.217057
0.229922
0.206964
0.228906
0.209445
0.273149
0.250919
0.201138
0.255339
0.168791
0.167308
0.217930
0.208709
0.193246
0.187908
0.168730
0.191443
0.191434
0.298480
0.231953
0.242673
0.188916
0.225980
0.234340
0.198597
0.192371
0.224242
0.202168
0.190603
0.201647
0.216549
0.201680
0.198612
0.259632
0.242157
0.199332
0.211578
0.198275
0.180457
0.254562
0.229243
0.273325
0.186718
0.214877
0.193269
0.263463
0.209782
0.202355
0.188900
0.211481
0.164991
0.224075
0.240981
0.211362
0.185400
0.210684
0.167603
0.220322
0.167978
0.202562
0.169615
0.172314
0.197763
0.200275
0.204502
0.234619
0.247732
0.158743
0.168650
0.174940
0.199726
0.181200
0.166292
0.183336
0.248902
0.169893
0.186428
0.205778
0.225692
0.224640
0.161873
0.178987
0.199206
0.221136
0.205241
0.216933
0.245352
0.205752
0.236689
0.207791
0.239238
0.209626
0.206076
0.210881
0.198081
0.165660
0.164919
0.179406
0.217286
0.200598
0.190379
0.173723
0.205466
0.205652
0.191123
0.220780
0.208495
0.216307
0.215137
0.184070
0.206227
0.239936
0.207784
0.197396
0.238876
0.209621
0.206376
0.218113
0.275393
0.167674
0.270296
0.177436
0.150091
0.178438
0.239113
0.187853
0.217504
0.204531
0.208357
0.210529
0.225424
0.187115
0.174090
0.226452
0.219479
0.277098
0.220248
0.237082
0.225788
0.169430
0.188491
0.188894
0.217330
0.170835
0.159435
0.183168
0.205905
0.211593
0.192459
0.172864
0.178701
0.201618
0.213911
0.202470
0.212274
0.178876
0.253817
0.243310
0.178475
0.169049
0.173742
0.222859
0.211995
0.215941
0.277141
0.228303
0.220046
0.236906
0.185596
0.179592
0.214157
0.199213
0.202835
0.227284
0.265706
0.237347
0.230143
0.224222
0.169757
0.210636
0.178707
0.197980
0.218587
0.236760
0.239796
0.208781
0.174561
0.256732
0.192502
0.202570
0.181968
0.206917
0.227922
0.180606
0.219289
0.184439
0.267678
0.184578
0.214888
0.228921
0.166153
0.185929
0.229000
0.160364
0.182859
0.164384
0.210603
0.210800
0.220371
0.210296
0.203419
0.223848
0.288007
0.233044
0.216857
0.227043
0.185062
0.208009
0.192625
0.200321
0.175316
0.178193
0.180773
0.216922
0.155538
0.196495
0.220837
0.177365
0.180230
0.208100
0.209674
0.196611
0.214199
0.226084
0.189864
0.217750
0.216119
0.212062
0.193619
0.167894
0.231767
0.208701
0.188604
0.192942
0.195889
0.236249
0.248198
0.178097
0.158191
0.197794
0.209669
0.190563
0.256717
0.157942
0.194200
0.262949
0.197827
0.169753
0.196029
0.176441
0.205016
0.172178
0.186948
0.229670
0.172954
0.242587
0.194450
0.222333
0.182308
0.182321
0.211018
0.226324
0.205357
0.193097
0.211683
0.180427
0.195765
0.216327
0.217937
0.248243
0.171892
0.289432
0.202803
0.207814
0.232534
0.215695
0.172947
0.200660
0.216253
0.158631
0.225199
0.185987
0.167291
0.181194
0.209726
0.195657
0.202302
0.208395
0.182638
0.211674
0.217143
0.242601
0.232727
0.195507
0.203041
0.232054
0.247887
0.210747
0.155342
0.243414
0.226332
0.181028
0.186739
0.194622
0.187002
0.196921
0.160379
0.182740
0.183985
0.176141
0.284592
0.193776
0.176970
0.203764
0.210834
0.243218
0.204397
0.203709
0.156338
0.233815
0.245701
0.200519
0.207140
0.199332
0.194364
0.168531
0.212032
0.204205
0.161899
0.191023
0.220895
0.192072
0.255980
0.237841
0.208710
0.224012
0.183665
0.238100
0.202867
0.166009
0.221834
0.175124
0.229913
0.218828
0.184632
0.198607
0.233033
0.200192
0.174793
0.229400
0.173762
0.218137
0.190205
0.269259
0.229805
0.221230
0.196961
0.171977
0.184514
0.199801
0.211614
0.203514
0.195045
0.170175
0.182173
0.266801
0.241775
0.212218
0.190633
0.250431
0.192920
0.198462
0.218035
0.257625
0.230887
0.178756
0.240534
0.226553
0.322912
0.218994
0.183761
0.256844
0.180448
0.204185
0.237518
0.244124
0.185748
0.161034
0.224594
0.186104
0.216215
0.174631
0.206839
0.178341
0.250768
0.220791
0.209591
0.262702
0.187267
0.236917
0.256711
0.227304
0.178218
0.224371
0.234211
0.185203
0.169284
0.285855
0.221736
0.184376
0.195327
0.188960
0.226415
0.184197
0.197667
0.240309
0.181473
0.179026
0.204447
0.241786
0.199649
0.220903
0.194160
0.233599
0.192451
0.187936
0.169128
0.246548
0.305825
0.176960
0.201420
0.185317
0.293967
0.178765
0.176601
0.161237
0.172874
0.185886
0.222103
0.244819
0.195257
0.173959
0.171692
0.183954
0.211799
0.207843
0.238081
0.189725
0.230362
0.232510
0.157697
0.273280
0.203887
0.230635
0.233964
0.217597
0.184450
0.242170
0.170759
0.213449
0.344360
0.176830
0.223553
0.244887
0.221110
0.217619
0.264855
0.157629
0.183548
0.190092
0.221032
0.219615
0.175456
0.209605
0.166119
0.176525
0.176840
0.210789
0.234765
0.223664
0.247038
0.173408
0.226150
0.193346
0.202195
0.182075
0.174782
0.206235
0.244220
0.228857
0.163713
0.235419
0.238985
0.228174
0.227933
0.246066
0.230705
0.254729
0.154370
0.229224
0.182226
0.161932
0.246354
0.194868
0.156949
0.192260
0.206630
0.165269
0.197403
0.236075
0.188850
0.259118
0.190466
0.160018
0.169549
0.204985
0.175600
0.233670
0.145896
0.202127
0.187029
0.174693
0.191059
0.227750
0.183293
0.197256
0.204593
0.170530
0.222800
0.180812
0.262871
0.179650
0.190256
0.198303
0.199546
0.201540
0.187619
0.190440
0.236414
0.187072
0.203420
0.166917
0.189392
0.207742
0.197868
0.248654
0.195767
0.159135
0.210846
0.240685
0.232824
0.170520
0.184236
0.212696
0.232303
0.187661
0.175451
0.189983
0.233948
0.240661
0.180819
0.226018
0.184407
0.222739
0.292000
0.200241
0.208881
0.211647
0.168149
0.167075
0.194287
0.208609
0.197206
0.300334
0.173473
0.217024
0.212487
0.171211
0.229210
0.180777
0.233567
0.197063
0.194380
0.193215
0.189766
0.245804
0.254774
0.204773
0.188926
0.187567
0.170590
0.232966
0.174565
0.163875
0.230088
0.218825
0.209364
0.192296
0.191153
0.240225
0.145473
0.197534
0.246553
0.176495
0.229904
0.186824
0.209685
0.212167
0.194752
0.228449
0.201124
0.254297
0.165682
0.216828
0.263754
0.278418
0.256722
0.185777
0.192575
0.196575
0.157902
0.185436
0.217030
0.188646
0.201839
0.163764
0.226228
0.180868
0.225274
0.219420
0.196755
0.197595
0.202247
0.235058
0.196164
0.263446
0.192242
0.173862
0.207963
0.229837
0.205598
0.190123
0.241627
0.214477
0.230582
0.169680
0.176486
0.210329
0.167181
0.186914
0.204792
0.241976
0.234580
0.221228
0.174681
0.184799
0.211129
0.186734
0.191552
0.168813
0.207474
0.226119
0.165897
