3.598165
14.338028
5.195287
3.945045
3.678720
3.812084
3.641483
3.611491
3.638776
3.607224
3.579674
3.572264
3.557226
3.547820
3.522397
3.509093
3.491134
3.495733
3.454504
3.453048
3.449780
3.384818
3.344488
3.306060
3.323728
3.297198
3.261838
3.305012
3.300471
3.222026
3.201047
3.304393
3.313475
3.193097
3.218442
3.216065
3.261150
3.179400
3.218159
3.112538
3.003361
3.133551
3.167861
3.115613
3.163650
3.087244
3.017943
3.044022
3.035499
3.127748
3.026619
2.964878
3.216114
3.059507
3.032742
3.027488
3.120073
3.000840
2.939665
2.970347
2.992162
2.985041
2.939538
3.060493
2.978461
2.893503
2.963813
2.896147
2.925663
2.992231
2.917626
3.016061
2.901720
2.877708
2.830970
2.856298
2.904568
3.015989
2.970141
2.848480
2.939133
2.982656
2.937395
2.919522
2.841234
2.710933
2.770051
2.829246
2.922002
2.801175
2.842426
2.891662
2.806944
2.835041
2.889405
2.921493
2.977139
2.845331
2.775532
2.839155
2.832613
2.870180
2.738901
2.812565
2.757178
2.828938
2.974212
2.667165
2.755826
2.754167
2.689561
2.715689
2.789644
2.653102
2.836528
2.764761
2.620642
2.696687
2.647959
2.947697
2.921066
2.676995
2.724633
2.742998
2.720332
2.665297
2.723204
2.728898
2.731055
2.655477
2.738204
2.738208
2.660290
2.621430
2.601383
2.578754
2.846573
3.016702
2.785285
2.707194
2.627435
2.581013
2.661429
2.700812
2.696265
2.599983
2.630388
2.705875
2.663410
2.689408
2.738413
2.700744
2.724832
2.603093
2.681302
2.589792
2.590466
2.640986
2.482025
2.655562
2.744411
2.695152
2.552794
2.577392
2.673675
2.597945
2.531364
2.542893
2.507679
2.572920
2.601746
2.673409
2.505326
2.557801
2.530524
2.568688
2.646383
2.595511
2.519514
2.566142
2.448601
2.554377
2.496084
2.716700
2.575902
2.515659
2.460524
2.691376
2.662689
2.615194
2.568249
2.593228
2.538330
2.536463
2.465097
2.521053
2.406104
2.521645
2.519584
2.478489
2.473101
2.518139
2.602245
2.455597
2.485239
2.465656
2.596995
2.679219
2.543073
2.550529
2.585698
2.503386
2.477113
2.512503
2.344654
2.457894
2.557793
2.516403
2.456764
2.505603
2.439118
2.426166
2.312731
2.561637
2.459629
2.530743
2.466379
2.502956
2.529184
2.532261
2.391102
2.377575
2.534019
2.387888
2.369211
2.424322
2.357217
2.450179
2.389682
2.579827
2.487295
2.405266
2.377049
2.456869
2.354608
2.366142
2.237701
2.384100
2.351875
2.436384
2.426730
2.432290
2.553644
2.348888
2.377514
2.412021
2.653412
2.484094
2.344552
2.407243
2.504758
2.418003
2.391285
2.389290
2.459595
2.353505
2.446185
2.330101
2.403038
2.507750
2.476638
2.440390
2.552903
2.442762
2.435042
2.451645
2.404076
2.324597
2.289349
2.258407
2.422109
2.340547
2.257284
2.330123
2.331853
2.423049
2.449234
2.248848
2.406528
2.397321
2.214770
2.329627
2.336906
2.278331
2.218740
2.309384
2.350824
2.282293
2.541052
2.363450
2.334559
2.358818
2.488485
2.284122
2.322197
2.282147
2.442568
2.452259
2.323154
2.288239
2.443675
2.223296
2.260505
2.240626
2.330890
2.311538
2.271100
2.268728
2.497578
2.402753
2.293261
2.303949
2.206834
2.372045
2.230809
2.386197
2.268626
2.298149
2.266262
2.421013
2.367497
2.309167
2.384487
2.384123
2.379283
2.269796
2.322425
2.356371
2.420464
2.272176
2.230618
2.104265
2.298985
2.313861
2.305694
2.254940
2.175756
2.249504
2.313920
2.457194
2.331241
2.173855
2.291459
2.238265
2.480021
2.173364
2.475488
2.340064
2.184046
2.330802
2.161213
2.266518
2.149933
2.162877
2.308766
2.151774
2.151276
2.183544
2.173500
2.337132
2.388246
2.245371
2.259738
2.163644
2.231268
2.287791
2.114486
2.309621
2.258815
2.277224
2.295425
2.265653
2.166356
2.316238
2.245120
2.116458
2.069261
2.115208
2.182507
2.368968
2.240163
2.137547
2.015487
2.317369
2.095532
2.175094
2.109862
2.079514
2.107578
2.228652
2.241230
2.180195
2.237995
2.286003
2.224089
2.168304
2.297737
2.206049
2.194896
2.251807
2.266607
2.193806
2.046077
2.279538
2.203590
2.201378
2.044905
2.221478
2.148789
2.083586
2.138307
2.240416
2.078759
2.267774
2.229022
2.136137
2.042206
2.102966
2.080846
2.157760
2.168578
2.219316
2.326432
2.047750
2.025993
2.063582
2.126214
2.088467
2.180851
2.043572
2.139585
2.165862
2.233434
2.036981
2.182989
2.123469
2.092821
2.151155
2.192315
2.032424
2.079215
2.067164
2.228572
2.178964
2.055413
2.084957
2.023764
1.990746
2.039856
2.123840
2.273024
2.027808
1.969216
2.098294
2.123483
2.128919
2.178713
2.070464
2.115891
2.137219
2.247790
2.040339
2.136071
1.989758
2.100956
2.144842
2.190418
2.005480
2.219833
2.141351
2.118265
2.132530
2.106761
2.069907
2.110492
1.883953
2.026701
2.027237
1.982500
1.967664
2.119450
1.892653
2.129101
2.094151
2.114531
2.140137
2.037227
2.115206
2.156009
1.926529
2.099869
2.044272
2.138285
2.175153
2.148109
1.956313
2.002407
2.070294
2.025844
2.132740
1.973676
1.924618
2.119905
1.971153
1.970916
2.029879
2.130328
1.976915
2.080529
2.235146
2.034065
2.065110
2.052532
1.995185
2.122283
2.091946
2.013371
1.958799
2.124074
2.099068
2.022371
1.873058
1.932861
1.983139
2.076815
2.181454
2.100310
2.047934
1.886708
1.870823
1.886905
2.066055
2.130691
2.023912
1.918244
2.037495
2.152671
2.014611
2.120869
1.918953
1.994920
2.036904
2.151329
1.873598
2.009609
2.042381
2.084166
1.975725
1.841801
1.955697
1.903751
1.934882
2.062619
1.941915
1.852901
2.029065
1.949713
2.168241
2.087045
2.023695
1.894104
2.082702
1.884596
1.920413
2.098481
1.887899
1.932171
1.970712
2.001600
1.899964
2.102178
2.040954
2.111722
2.005779
2.064923
1.949646
1.877677
1.941246
1.911341
1.841049
1.925614
2.142733
1.965202
1.967866
2.006094
1.870649
1.939875
1.975743
2.047980
1.896409
2.009777
1.967665
2.068024
2.013932
2.092112
1.849825
1.891817
2.073545
1.896692
1.969052
1.921065
1.860581
1.952271
1.882473
1.938187
2.003543
1.925916
1.934820
1.884697
2.007570
1.939507
1.743247
2.079360
2.020602
1.801717
1.974870
1.900085
1.866441
1.836461
1.714050
1.929556
1.915381
2.083532
1.852071
1.878566
1.912483
1.924694
1.947571
1.979531
1.968626
1.992908
1.959093
1.828546
1.768380
2.036450
1.868272
1.922841
1.925037
1.966825
1.957542
2.116179
2.025233
1.838421
1.633754
1.853921
1.899749
1.937737
1.889422
1.958152
1.900620
1.947856
2.023017
1.795107
1.855852
1.943649
1.959900
1.971169
1.945136
1.803384
1.854374
1.793537
2.081700
1.922276
1.969120
1.964335
2.003953
2.024409
1.904926
1.762291
2.053945
2.039808
1.790722
1.912620
1.990208
1.913434
1.836052
1.905875
1.972988
1.815278
1.913221
1.979071
1.825891
1.816093
1.917501
2.078087
2.124192
1.970239
1.867408
1.856160
1.833094
1.803785
1.887281
1.913355
1.737234
1.847100
1.789226
1.767517
1.890520
1.677960
1.860178
1.933943
1.988072
1.799850
1.782605
1.845139
1.744799
1.914972
1.905777
1.903408
1.912261
1.777592
1.862747
1.787228
1.884609
1.959798
1.854297
1.813458
1.852869
1.885271
1.874843
1.880031
1.835407
1.877889
1.790940
1.650783
1.874096
1.898573
1.838941
1.801514
1.844663
1.823402
1.620802
1.679004
1.808398
1.739064
1.759355
1.747130
1.960854
1.861127
1.962407
1.690551
1.560575
1.638471
1.810426
1.725741
1.740903
1.862269
1.868392
1.896000
1.924460
1.991232
1.868292
1.837770
1.747616
1.855819
1.744689
1.667597
1.858405
1.530658
1.841342
1.595140
1.876463
2.064828
1.782909
1.744220
1.814740
1.651053
1.718711
1.866004
1.679244
1.864657
1.680291
2.000648
1.906165
1.787833
1.780826
1.782838
1.916717
1.853807
1.687219
1.734353
1.747480
1.856277
1.787630
1.718552
1.827713
1.669993
1.809585
1.738956
1.828455
1.768903
1.720466
1.763689
1.666301
1.728801
1.694857
1.600871
1.700155
1.696805
1.764516
1.849504
1.824375
1.855803
1.841169
1.602102
1.825315
1.799807
1.827000
1.810869
1.882057
1.761379
1.769343
1.984096
1.835799
1.744084
1.796302
1.830892
1.542643
1.719210
1.684439
1.673926
1.615384
1.756756
1.828331
1.725590
1.706535
1.675735
1.899819
1.744328
1.797138
1.853772
1.687669
1.770570
1.675977
1.736690
1.783525
1.906586
1.687955
1.627273
1.990405
1.569923
1.790071
1.740153
1.835886
1.637272
1.815638
1.834771
1.712628
1.739367
1.699854
1.617031
1.684103
1.721300
1.661928
1.604142
1.557193
1.583563
1.767766
1.795555
1.770315
1.738697
1.677606
1.759310
1.661706
1.782305
1.659253
1.679802
1.742204
1.712563
1.888040
1.693817
1.765530
1.743863
1.627164
1.785009
1.825951
1.792728
1.787610
1.755835
1.749977
1.779751
1.866165
1.828976
1.693901
1.743331
1.718642
1.511758
1.621361
1.682417
1.613209
1.723558
1.888845
1.685361
1.888519
1.683549
1.637060
1.581786
1.635244
1.848144
1.579686
1.648357
1.747821
1.627027
1.784104
1.770375
1.596922
1.655553
1.784398
1.749701
1.654781
1.689457
1.913538
1.673853
1.519326
1.666449
1.682187
1.620937
1.827667
1.676004
1.555027
1.620023
1.647416
1.757341
1.584519
1.621047
1.786603
1.677423
1.833091
1.628446
1.750131
1.673097
1.684222
1.709468
1.565616
1.825238
1.776192
1.688933
1.793640
1.597598
1.621125
1.575119
1.792662
1.773560
1.794822
1.753849
1.716824
1.589538
1.672601
1.666113
1.606415
1.720617
1.526349
1.736969
1.675705
1.633413
1.654189
1.671039
1.742386
1.614901
1.699874
1.636033
1.720479
1.581144
1.682767
1.889960
1.725121
1.517470
1.513592
1.685339
1.549227
1.752307
1.703718
1.638343
1.592808
1.670112
1.512953
1.713107
1.633607
1.744093
1.648279
1.640541
1.822429
1.694667
1.623138
1.582475
1.695027
1.859010
1.573925
1.531769
1.403641
1.642087
1.638846
1.570835
1.610929
1.688415
1.831272
1.676940
1.643084
1.810136
1.662871
1.692566
1.720918
1.537907
1.754768
1.914823
1.900183
1.538556
1.761280
1.684310
1.527063
1.600366
1.721004
1.651853
1.708974
1.580444
1.610075
1.772056
1.557272
1.492659
1.556367
1.446941
1.476667
1.707874
1.851704
1.630774
1.671142
1.634616
1.517274
1.590232
1.526026
1.596556
1.508182
1.693287
1.593202
1.607452
1.620700
1.787848
1.611152
1.575179
1.670169
1.594000
1.836868
1.712656
1.651785
1.670421
1.588837
1.683323
1.609991
1.552544
1.408700
1.616932
1.666776
1.460991
1.391234
1.834172
1.749027
1.477893
1.598582
1.584532
1.672856
1.676540
1.669060
1.757735
1.414507
1.561776
1.775770
1.692806
1.716261
1.638571
1.728161
1.589835
1.608524
1.501348
1.665340
1.627976
1.599540
1.668983
1.749072
1.629870
1.506677
1.552273
1.495171
1.449357
1.639922
1.587549
1.669075
1.699021
1.514261
1.610127
1.499839
1.668696
1.563911
1.683722
1.629985
1.470194
1.479934
1.613793
1.545788
1.692693
1.388637
1.480811
1.573337
1.542646
1.612006
1.271129
1.475413
1.548854
1.563645
1.471012
1.555913
1.635718
1.676273
1.487106
1.345458
1.423511
1.648301
1.414638
1.525243
1.553604
1.594788
1.698575
1.515662
1.712533
1.535587
1.560042
1.701824
1.470702
1.431167
1.530755
1.428264
1.738911
1.810426
1.579292
1.610828
1.827649
1.804708
1.592623
1.643397
1.362027
1.611306
1.397982
1.568437
1.729325
1.508714
1.557291
1.508836
1.479298
1.658739
1.665301
1.439015
1.975770
1.590388
1.520642
1.610978
1.549001
1.479172
1.544164
1.615977
1.631621
1.634231
1.592655
1.596352
1.553349
1.677792
1.601409
1.702899
1.458640
1.519033
1.624168
1.514134
1.480564
1.592100
1.481238
1.601140
1.604492
1.615559
1.536780
1.451242
1.424905
1.441526
1.643833
1.559993
1.603128
1.397244
1.390823
1.539147
1.457048
1.390656
1.480112
1.477809
1.553992
1.569340
1.646710
1.590664
1.531268
1.631218
1.514239
1.696645
1.726227
1.565364
1.534588
1.781252
1.656950
1.413719
1.459886
1.559842
1.514279
1.579444
1.614413
1.709754
1.593340
1.497800
1.516768
1.490017
1.434871
1.578830
1.382058
1.465892
1.465412
1.558033
1.366408
1.444554
1.578589
1.482877
1.441679
1.780737
1.443454
1.509355
1.755618
1.498704
1.589506
1.476805
1.383288
1.487153
1.578615
1.545555
1.500452
1.639441
1.371175
1.537271
1.596670
1.501911
1.553804
1.620026
1.300057
1.305007
1.465632
1.414371
1.664579
1.534809
1.371020
1.485779
1.412267
1.769122
1.387326
1.397488
1.782443
1.611900
1.440500
1.571790
1.682724
1.575923
1.567522
1.418752
1.659504
1.576583
1.504829
1.489606
1.445628
1.331459
1.626780
1.400533
1.507403
1.435099
1.418129
1.481588
1.395629
1.634637
1.518117
1.326434
1.486694
1.337865
1.498233
1.552220
1.454256
1.551005
1.407025
1.422305
1.572857
1.384945
1.543970
1.374456
1.338094
1.410599
1.484152
1.358538
1.520707
1.559293
1.677536
1.445869
1.505859
1.462920
1.337927
1.466197
1.477327
1.537375
1.488417
1.495216
1.569323
1.384216
1.605077
1.562765
1.813271
1.527844
1.501244
1.543745
1.495191
1.336595
1.686289
1.447943
1.445520
1.475117
1.599060
1.492129
1.573695
1.449531
1.616883
1.368983
1.372357
1.395822
1.673311
1.487477
1.471692
1.370814
1.548832
1.459697
1.341228
1.452560
1.627800
1.527737
1.293506
1.524877
1.298420
1.423213
1.546585
1.417559
1.657415
1.441315
1.581146
1.663215
1.580491
1.499996
1.532692
1.543111
1.595323
1.552459
1.642981
1.305216
1.371510
1.350140
1.472474
1.462127
1.307573
1.434408
1.447479
1.385266
1.326941
1.381468
1.521046
1.403565
1.582489
1.453629
1.514821
1.426416
1.410973
1.505932
1.555108
1.355072
1.265710
1.276889
1.382451
1.460475
1.709046
1.532666
1.467899
1.518663
1.496280
1.486110
1.392265
1.453368
1.476244
1.411202
1.570273
1.565593
1.396910
1.518043
1.377576
1.361989
1.500425
1.345844
1.579135
1.637239
1.324780
1.449231
1.580052
1.777210
1.581616
1.618651
1.530545
1.698194
1.653609
1.444971
1.489933
1.391978
1.432754
1.434316
1.595648
1.413040
1.261790
1.398758
1.360729
1.311729
1.298674
1.466658
1.580666
1.563787
1.498646
1.409601
1.565872
1.384170
1.353156
1.502489
1.421464
1.503094
1.516227
1.296309
1.605277
1.521345
1.329615
1.689569
1.482729
1.623449
1.463521
1.518469
1.391855
1.302880
1.369096
1.397539
1.315019
1.480916
1.537233
1.315069
1.423353
1.325653
1.477169
1.501348
1.548424
1.368995
1.310135
1.302985
1.366186
1.499844
1.362714
1.349712
1.349848
1.401802
1.498352
1.494185
1.487400
1.327832
1.403178
1.535727
1.489140
1.443444
1.408265
1.170520
1.288462
1.348539
1.358839
1.428692
1.469286
1.476531
1.343576
1.445939
1.257710
1.373055
1.330461
1.443594
1.290481
1.509167
1.413921
1.231747
1.141804
1.347846
1.657823
1.345576
1.380074
1.610387
1.351806
1.286640
1.429427
1.407300
1.449577
1.321336
1.338961
1.342909
1.463123
1.515898
1.312390
1.371052
1.390561
1.351713
1.400892
1.296747
1.443084
1.429117
1.427640
1.403957
1.403002
1.267299
1.497642
1.340141
1.610195
1.415472
1.383153
1.311569
1.502913
1.384050
1.348883
1.515642
1.591956
1.490289
1.360637
1.415609
1.362608
1.526367
1.412706
1.458908
1.236215
1.306990
1.522117
1.459694
1.392428
1.450472
1.359860
1.425090
1.315109
1.369921
1.336148
1.231092
1.421388
1.341937
1.292766
1.309825
1.493001
1.335609
1.439323
1.463147
1.329078
1.592158
1.434753
1.451119
1.388848
1.396219
1.530411
1.342912
1.342442
1.377727
1.461170
1.351067
1.304675
1.463176
1.309783
1.480959
1.433666
1.575274
1.533481
1.351939
1.510383
1.490783
1.336138
1.285007
1.365643
1.460443
1.321430
1.415851
1.378243
1.366638
1.339530
1.323340
1.368920
1.260524
1.228667
1.350636
1.301256
1.484268
1.494911
1.582796
1.584715
1.388784
1.496620
1.275923
1.271117
1.417460
1.396752
1.274294
1.271290
1.328529
1.279528
1.382565
1.274522
1.395456
1.316527
1.334159
1.340340
1.233733
1.642277
1.388015
1.211073
1.547242
1.327091
1.430868
1.314560
1.240596
1.348190
1.567858
1.304088
1.272259
1.361279
1.335300
1.536239
1.351096
1.375325
1.273428
1.360667
1.415627
1.216983
1.327251
1.492426
1.409446
1.270213
1.227600
1.309487
1.508588
1.491545
1.477124
1.339889
1.269058
1.265244
1.401966
1.329739
1.089781
1.348682
1.319858
1.336670
1.434188
1.510924
1.260416
1.222606
1.430595
1.358872
1.315633
1.326839
1.425713
1.412034
1.271564
1.467895
1.416324
1.365682
1.293924
1.308996
1.478667
1.352643
1.438895
1.345341
1.333395
1.482650
1.461818
1.341092
1.475869
1.328178
1.368218
1.203161
1.317708
1.376002
1.300803
1.412428
1.285965
1.418505
1.427487
1.560825
1.332172
1.498235
1.352111
1.275293
1.416280
1.346079
1.321941
1.218844
1.286920
1.276258
1.334131
1.404706
1.267364
1.395572
1.377804
1.200463
1.362105
1.378287
1.450256
1.435075
1.614277
1.261553
1.431836
1.294210
1.421412
1.212367
1.391648
1.369138
1.230556
1.488777
1.274998
1.276976
1.435066
1.267980
1.267091
1.277159
1.299150
1.354086
1.450312
1.462436
1.222908
1.360370
1.462996
1.253912
1.169097
1.299652
1.648389
1.475716
1.404322
1.312171
1.342470
1.181420
1.313300
1.459574
1.340008
1.313593
1.191266
1.239371
1.401608
1.268085
1.525042
1.322335
1.279720
1.230129
1.139480
1.336748
1.430256
1.403884
1.253204
1.332803
1.311365
1.397024
1.359378
1.244478
1.380868
1.339247
1.325171
1.247390
1.303141
1.328351
1.255596
1.352242
1.312614
1.272542
1.560366
1.443107
1.449505
1.372520
1.307814
1.360865
1.306714
1.460615
1.452395
1.244923
1.192255
1.466232
1.225231
1.274912
1.295284
1.578858
1.385089
1.335519
1.314184
1.287667
1.309925
1.339800
1.229253
1.242085
1.348212
1.428540
1.318259
1.184421
1.298225
1.212764
1.365260
1.238246
1.361491
1.253630
1.147955
1.401281
1.217096
1.413009
1.234398
1.392112
1.356411
1.355072
1.216247
1.234028
1.191512
1.368814
1.410178
1.397340
1.447658
1.238397
1.288811
1.316510
1.153328
1.275022
1.230158
1.215639
1.335092
1.232005
1.269115
1.316501
1.277200
1.210100
1.218799
1.266788
1.301303
1.268085
1.287257
1.211316
1.251558
1.373354
1.180003
1.206636
1.310714
1.247080
1.293818
1.275543
1.235705
1.244563
1.432156
1.297928
1.412973
1.299942
1.215327
1.116106
1.265847
1.173550
1.385544
1.291616
1.171441
1.210981
1.246725
1.485896
1.135236
1.343164
1.596488
1.242568
1.299111
1.222633
1.269235
1.200029
1.236037
1.281648
1.339083
1.404269
1.285641
1.163137
1.475383
1.269853
1.278315
1.180226
1.241275
1.074755
1.140225
1.504493
1.400323
1.280701
1.208044
1.263694
1.197452
1.141182
1.233889
1.282639
1.225364
1.278734
1.250312
1.267857
1.434990
1.417305
1.314169
1.204327
1.235265
1.356821
1.271016
1.154333
1.276721
1.349339
1.385698
1.199240
1.499109
1.175323
1.337122
1.384093
1.321820
1.330426
1.301743
1.433648
1.349721
1.385328
1.303794
1.316720
1.332224
1.397532
1.175922
1.312469
1.161266
1.185998
1.247939
1.155483
1.212595
1.166759
1.110477
1.323981
1.308470
1.202821
1.248406
1.212905
1.249483
1.390041
1.413160
1.320026
1.364980
1.222368
1.265045
1.226270
1.373809
1.114265
1.205685
1.286113
1.287390
1.374543
1.270611
1.207981
1.041297
1.216206
1.106460
1.239806
1.206275
1.335200
1.281330
1.147442
1.213896
1.216622
1.243258
1.377351
1.389715
1.417028
1.399862
1.299462
1.389403
1.118890
1.337443
1.327039
1.378608
1.223008
1.236427
1.385706
1.281400
1.343309
1.166816
1.268460
1.173714
1.284411
1.182234
1.167061
1.279902
1.356079
1.248783
1.194643
1.161791
1.141491
1.431343
1.345194
1.347143
1.469959
1.212760
1.246278
1.102368
1.212559
1.066623
1.068076
1.285025
1.164527
1.412057
1.226333
1.402360
1.414845
1.467182
1.171304
1.315373
1.265164
1.110512
1.192546
1.306827
1.228320
1.155845
1.396767
1.311953
1.209128
1.266135
1.282524
1.138133
1.179595
1.338273
1.182628
1.107685
1.208853
1.321323
1.202092
1.215250
1.210505
1.294190
1.337093
1.349696
1.130877
1.187465
1.180829
1.134083
1.147279
1.065374
1.206604
1.371817
1.199865
1.233132
1.419291
1.348894
1.255958
1.503617
1.291083
1.210953
1.410060
1.420601
1.333630
1.362295
1.073713
1.271348
1.232622
1.316090
1.219179
1.157450
1.153698
1.191773
1.223940
1.254958
1.088431
1.226214
1.108043
1.227018
1.460528
1.353991
1.115867
1.049986
1.055737
1.302937
1.289047
1.335701
1.361472
1.106255
1.232323
1.362580
1.110372
1.375846
1.254796
1.380859
1.280277
1.332010
1.094919
1.260694
1.179458
1.248903
1.155901
1.284771
1.256497
1.089183
1.178064
1.476952
1.067959
1.108888
1.386305
1.055495
1.189843
1.112301
1.461353
1.265586
1.088345
1.036075
1.161370
1.281423
1.211423
1.145954
1.151083
1.235036
1.170665
1.213849
1.077586
1.160574
1.176771
1.139919
1.348407
1.237124
1.325812
1.308083
1.338580
1.062930
1.296040
1.333586
1.407657
1.205861
1.072099
1.233405
1.205973
1.141403
1.284728
1.309642
1.248508
1.154626
1.080910
1.190610
1.175403
1.228071
1.268956
1.307328
1.226905
1.118582
1.183190
1.232810
1.256284
1.139591
1.145557
1.229293
1.103872
1.338856
1.213599
1.206726
1.159860
1.158850
0.997061
1.171657
1.113440
1.158971
1.182799
1.335496
1.318860
1.206561
1.306543
1.161060
1.231939
1.234132
1.191223
1.226663
1.051193
1.226602
1.302372
1.218743
1.134300
1.291668
1.211969
1.163292
1.130847
1.180441
1.153194
1.185515
1.093493
1.302987
1.267209
1.334931
1.145566
1.173052
1.114901
1.347079
1.166801
1.290633
1.341063
1.275474
1.107376
1.211330
1.341418
1.084893
1.259626
1.126194
1.156958
1.023452
1.166981
1.195241
1.225705
1.239777
1.153606
1.492217
1.150262
1.371963
1.368714
1.228010
1.136860
1.185795
1.194942
1.143803
1.151818
1.023564
1.307428
1.172100
1.256796
1.403931
1.025769
1.150822
1.194213
1.187887
1.107370
1.366487
1.344826
1.241773
1.068376
1.222166
1.209029
1.244845
1.265072
1.179707
1.122324
1.230143
1.220505
1.272150
1.410452
1.238619
1.100466
1.102745
1.372059
1.146063
1.261365
1.352009
1.145520
1.233423
1.374009
1.225260
1.228035
1.250358
1.325618
1.051605
1.094850
1.208762
1.324761
1.223479
1.120596
1.116049
1.233377
1.267778
1.160842
1.098074
1.181434
1.111914
1.150900
1.015864
1.265116
1.127470
1.258901
1.153057
1.231548
1.240825
1.272843
1.197036
1.188109
1.206046
0.934311
1.266241
1.344174
1.196027
1.270689
0.960633
1.269792
1.259159
1.027235
1.032147
1.160974
1.263323
1.214162
1.059618
1.207836
1.238242
1.352593
1.040115
1.063856
1.081690
1.259061
1.340147
1.185356
1.227743
1.255705
1.227990
1.252647
1.230811
1.237972
1.147866
1.278102
1.061189
1.229422
1.196066
1.020236
1.170904
1.212059
1.059229
1.168393
1.362566
1.078667
1.318419
1.067992
1.074880
1.187751
1.256787
1.202682
1.262658
1.050527
1.134930
1.107880
1.145417
1.113068
1.145122
1.312326
1.122860
1.067473
1.092694
1.247128
1.140345
1.154259
1.126266
1.460840
1.188187
1.211190
1.050906
1.136333
1.177459
1.147157
1.155277
1.321944
1.081501
1.071493
1.132516
1.191753
1.212353
1.008734
1.116646
1.139533
1.122728
1.201874
1.259692
1.241741
1.123082
1.332924
1.252822
1.166945
1.211601
1.057585
1.276050
1.333773
1.179026
1.193808
1.119857
1.150461
1.059922
1.302170
1.128275
1.080380
1.195806
1.053530
1.247671
1.027245
1.273182
1.307549
1.287205
1.181978
1.095305
1.075460
1.084177
1.190095
0.995664
1.124697
1.182259
1.090985
1.116315
1.072542
1.452465
1.215493
1.029936
1.102905
1.089306
1.309870
1.220459
1.135400
1.310237
1.171938
1.150749
1.153912
1.023181
1.087251
1.157209
1.119789
1.292041
1.123198
1.204125
1.142708
1.166818
1.035395
1.052887
1.133772
1.093969
1.181162
1.166206
1.173004
0.990232
1.251557
1.301350
1.379082
1.256433
1.090918
1.168592
1.217805
1.065729
1.079846
1.116228
1.045576
1.126310
1.059280
1.205835
1.025020
1.153802
1.168580
1.000698
1.128330
1.249485
1.126373
1.347733
1.168720
1.225758
0.984321
1.091643
1.164717
1.046615
0.971832
1.077055
1.117656
1.231831
1.208992
1.389092
1.133894
1.095887
1.295004
1.202088
1.114647
1.179650
1.112289
1.149487
1.096137
1.106815
0.996998
1.212416
1.196023
1.155170
1.129353
1.323298
1.092282
1.104678
1.098695
1.211580
1.145645
1.024273
1.168285
1.275054
1.013251
1.073940
1.297719
1.279810
1.121924
1.109518
1.094932
1.092299
1.194825
1.098314
1.117538
1.114105
1.150343
1.025123
1.051651
1.157217
1.132336
1.233499
1.028179
1.203805
1.087979
1.075518
1.031970
1.050603
1.244233
1.157991
1.200452
1.072284
1.045341
1.121698
1.142749
1.019607
1.100381
1.096394
1.125775
1.066574
1.178482
1.162044
0.940209
1.015640
1.058192
1.183854
0.938166
1.132444
1.103991
1.052172
1.278138
1.183365
0.992286
1.087554
1.159748
1.059366
0.837475
1.079421
0.972959
0.983731
1.195709
1.356809
1.023403
1.071439
1.064573
1.046870
1.026997
0.991431
1.180681
1.304851
1.232024
1.019537
1.137317
1.083364
1.135638
1.306706
1.054358
1.213237
1.170471
1.055901
1.246740
1.227765
0.919553
1.050318
1.112483
1.249230
1.018818
1.238957
1.200185
1.185525
1.232505
0.944487
1.185625
1.189750
1.116151
1.320637
1.165090
0.995156
1.208141
1.233083
1.111702
1.141385
1.073615
1.187485
1.239571
1.075306
1.156477
1.211897
1.181915
1.005911
1.027874
1.007325
1.071517
1.154093
1.041372
1.133913
1.068766
1.148287
1.045505
1.178976
1.161884
1.256365
1.098812
1.053858
1.216286
1.387245
1.320839
1.100149
1.091746
1.159594
1.151263
0.974672
0.970644
1.092174
1.031740
1.176776
1.116176
1.118778
1.184876
1.059887
0.955520
1.108751
1.008106
1.112242
1.034369
1.087476
0.988926
1.144651
1.076881
1.249109
1.232477
1.195045
1.057397
1.092707
0.957203
1.081537
0.985007
1.215745
1.118440
1.014265
1.211696
1.042090
1.071487
1.123546
1.187591
1.207512
1.006231
1.086144
1.086744
1.035891
1.097233
1.046435
1.098054
1.148229
1.013957
1.237052
1.066745
1.177729
1.224929
1.099172
1.041826
1.141024
0.972009
1.037015
1.119966
1.017238
1.218932
1.145724
1.072062
1.041859
1.223967
1.056912
1.068609
1.022588
1.098862
0.981833
0.968825
1.407387
1.065695
1.044792
1.097103
1.032603
1.146448
1.019692
0.873461
1.181934
0.965672
1.108551
1.002557
1.048704
1.076316
1.008361
1.089348
1.027003
1.022429
1.206645
1.136759
1.294163
0.980091
1.139349
1.245601
0.991666
1.096312
1.281017
0.985820
1.066881
1.053473
0.998655
1.040719
1.243153
1.261665
1.086659
1.059333
1.163920
1.004065
1.062716
1.069965
1.086919
0.966515
1.076325
1.016939
0.958791
1.025521
1.185537
1.145908
1.011896
1.208777
0.927293
1.048591
1.182257
1.023963
0.958905
0.927125
1.129229
1.230673
1.074125
1.060090
1.129249
1.004207
1.078139
1.045280
1.117733
1.096396
1.057559
1.322556
1.258741
1.084442
1.151798
1.241039
1.112591
0.910316
1.066189
0.962508
0.978052
1.028469
1.079442
1.104224
1.213266
0.995675
1.034689
1.082902
0.993150
0.991724
1.008122
1.097853
1.166142
0.939373
0.984313
1.081397
1.095522
1.159908
0.980634
1.169141
1.076189
1.085857
1.113989
1.049988
1.049049
1.133194
1.161179
1.047915
1.097659
1.082998
1.129760
1.029418
0.965242
1.075215
1.078599
1.019976
1.084825
1.064692
0.959853
1.145219
1.168756
1.112846
1.211230
1.342854
1.121554
1.056953
0.995277
1.019797
1.296196
1.153583
1.227570
1.079993
0.995024
1.238815
1.012465
1.020474
1.200971
0.975168
1.142032
0.985718
1.116527
0.979049
1.167622
0.995567
0.933503
1.061145
1.121368
1.055853
1.015829
0.967668
0.924805
1.170251
1.007015
0.965408
1.286888
1.106553
1.370841
1.184994
1.050654
0.927204
0.994248
1.052142
0.978776
1.056862
1.010627
1.041466
1.017740
0.976811
0.980504
1.033204
0.953873
0.992621
1.133925
1.146276
0.965264
1.085253
0.981274
0.945978
1.262064
1.165677
0.880341
1.138838
0.916414
1.045222
1.096543
1.016403
1.008416
1.038384
1.211388
1.017649
0.942335
0.907764
0.924097
1.078048
1.089334
1.015443
0.966518
1.112540
1.076068
1.019660
1.130399
1.133867
1.084677
1.116216
1.152617
0.980727
1.189419
1.004320
1.101678
0.969167
1.031974
0.957404
0.859501
0.809871
1.147043
1.048154
1.043153
1.021286
1.004911
0.956232
1.319823
1.033330
1.072330
1.077078
1.006749
1.127559
1.066667
1.002477
1.004519
1.044264
1.173416
1.055661
1.020723
0.954083
1.021278
0.921223
1.106470
1.021288
1.019730
1.064626
1.152714
1.007010
0.980082
1.076578
1.097289
1.088709
0.952969
0.934544
1.060059
1.001991
1.093820
1.059303
0.958812
1.009137
1.004065
1.052311
0.947371
1.350851
0.983127
1.158689
1.009962
1.076972
1.039488
1.153597
0.950548
1.156338
1.008414
1.087470
1.043181
1.020671
0.973752
1.122020
1.250210
1.075734
1.170443
0.972775
0.954180
0.973484
1.144219
1.002180
0.965714
1.042576
1.070339
1.352952
0.966571
1.135843
1.061133
1.017705
0.941258
1.015858
0.907730
0.950387
0.913482
1.074839
0.977694
0.926984
1.080989
0.935708
0.962916
1.028933
0.992777
1.066972
0.887713
1.044449
1.022529
0.962913
1.073853
0.960431
1.026530
1.102528
0.945151
1.026932
1.117530
1.153575
1.048798
0.964983
0.794788
1.076089
0.878641
0.928474
0.993254
1.096098
0.949448
1.017721
0.882636
1.006618
1.050564
1.012663
1.148784
1.098983
1.144316
1.087533
0.833279
0.934478
1.007178
0.902455
1.002625
1.000914
0.981848
0.963595
0.931532
1.113636
1.121526
0.910050
1.001387
0.980718
0.932705
1.129427
1.154134
1.220228
1.025502
1.035341
0.952052
1.032861
1.000034
0.934233
1.076489
1.182277
1.132003
0.849642
1.031703
0.887096
0.906519
1.039111
1.226220
1.109405
1.140419
1.054003
0.800572
1.025301
1.105033
1.127844
1.091865
1.046772
0.852774
0.961055
1.020289
0.908286
0.991767
0.990263
0.933205
1.181683
1.080315
1.100602
0.988548
1.048107
1.153948
1.089203
1.007360
1.002700
0.970003
0.848734
1.143611
1.048033
1.158636
1.154888
1.132220
0.974322
1.054932
0.923690
1.057232
1.008852
1.049695
0.973814
1.004538
0.906599
1.069366
0.887744
0.955083
0.890328
0.948722
1.108093
0.863759
1.030486
1.035778
0.906923
1.212143
0.841619
0.963353
1.228639
0.997985
1.027257
1.038381
1.060286
1.095109
0.937270
1.098050
1.039098
0.973479
0.976944
1.021752
0.996162
1.065195
0.867004
0.997450
0.934141
1.081723
1.042728
0.972928
1.184328
1.166690
0.923676
1.099363
0.987730
0.918432
0.884435
0.931448
0.937620
0.878902
0.962845
1.003376
1.163066
1.136006
0.919493
1.006671
0.948581
1.187275
0.940407
1.171898
0.946084
1.030475
0.940549
0.934118
0.988535
1.082084
0.982664
1.037520
1.012139
1.109318
0.909088
0.957405
1.064481
1.030412
0.847619
0.903888
0.963369
1.138508
0.857827
1.049460
0.969703
1.083308
1.073958
1.017445
0.886304
0.976727
1.041857
1.017426
0.970058
1.077769
1.047969
0.950899
0.893560
0.958432
1.012095
1.014921
0.982677
1.038381
0.910312
1.091664
0.939605
0.842390
1.046045
0.921253
0.820441
1.165034
1.015100
0.833644
0.888095
0.974781
0.985941
1.073054
0.954930
1.140336
1.054967
1.023489
0.948884
0.989736
0.847241
0.847387
1.088870
0.971771
0.876024
1.088954
1.021328
1.081043
0.983009
1.010771
1.025748
0.870498
0.812033
0.866538
1.194919
1.097225
0.902343
0.946010
0.954997
0.995832
1.053329
0.950298
1.091040
0.885134
1.162055
0.961307
0.911157
0.838878
0.908518
1.146402
0.836725
0.828616
0.958525
1.048806
0.917677
0.926478
1.112883
1.034014
0.930058
0.999408
0.959579
1.189785
0.868960
0.848034
0.943577
1.076197
0.957484
1.172879
1.121343
0.988144
0.965632
1.206292
0.993020
0.889933
0.876900
0.851863
0.956629
0.930567
1.033787
0.927420
1.196687
1.000571
0.883675
0.906912
1.096185
0.981802
0.868842
0.842966
1.013402
1.091131
0.809712
1.056795
1.035565
1.041842
0.910564
0.979187
1.045403
0.796290
1.074172
1.066036
1.108033
0.993391
1.006206
0.955570
1.022752
0.993544
0.842153
1.045830
0.930393
0.998250
0.898152
1.169072
1.037686
0.879050
1.028634
1.041867
0.970432
0.985017
1.003649
0.931860
1.073868
0.852602
0.962782
1.026692
0.879200
0.916270
0.958366
0.949286
0.986730
0.928132
0.939107
1.060660
0.802810
1.169786
0.999384
1.016571
1.122674
1.090823
0.883019
0.947117
1.055952
0.925638
0.986966
1.091199
0.914731
1.034908
0.823721
0.836396
0.860086
0.909159
1.004801
0.998395
0.940059
0.913180
1.157240
0.925834
0.826172
0.921556
0.890771
0.952136
0.874606
0.842063
0.892780
0.979334
1.033929
0.819499
0.948934
1.030757
1.055479
0.967351
0.932059
1.030782
1.023546
0.977304
0.883575
0.880821
0.996184
1.062368
1.013607
0.917205
0.971247
1.102209
0.918677
0.935408
1.026967
1.013544
0.935145
1.016016
0.955226
0.931967
1.066873
1.110888
0.979621
1.116808
0.865563
0.839130
0.909759
0.982587
1.017430
1.044935
1.000883
1.161193
0.996795
0.930429
1.054144
0.957867
0.917247
0.998833
0.863887
0.959192
0.949010
0.836082
0.947700
0.964481
1.233935
1.066428
0.988084
0.901293
1.007445
0.796636
1.074662
1.072412
1.027749
0.895686
1.222310
0.868492
0.968665
0.892663
1.028373
0.886427
1.042277
0.911203
0.884048
0.949409
0.831341
1.006029
0.953621
0.934364
0.974585
1.027054
0.862362
1.007876
0.948927
0.831192
1.025217
1.032054
1.006128
1.089841
1.048676
1.083391
0.981209
1.011328
0.927884
0.952293
0.993585
0.994199
0.988199
0.967316
1.022542
1.063623
0.949631
0.944409
0.913966
1.098017
0.912744
0.897709
0.857734
0.878948
1.054087
0.978945
1.110332
0.884458
0.951908
0.847286
0.951779
0.961045
1.020722
1.064443
1.079851
0.982563
0.839652
1.104269
1.082010
1.031176
1.186689
1.051597
0.882423
0.953812
1.011575
0.902606
0.942242
0.848762
1.030797
1.070556
0.935102
0.905643
0.966515
0.819127
1.207395
1.069676
1.004571
0.995119
0.960466
0.923654
1.041084
0.995725
1.122794
0.874546
0.827142
1.069917
0.918781
0.938014
0.956892
1.090933
0.821327
0.973313
0.885165
0.895575
0.828371
0.942194
0.952614
0.839394
0.953332
1.009425
1.031542
0.927251
0.970208
0.799741
0.895165
0.907769
0.852883
0.767558
1.089527
0.905020
0.843974
0.991013
1.037472
0.859479
0.960486
1.001601
1.026968
0.847169
0.888484
0.966412
0.794067
0.767230
0.911985
0.864130
1.009758
0.859756
0.893279
0.853545
0.815678
1.001430
0.979669
0.889617
0.987490
1.111425
0.949647
0.866284
0.781640
1.060958
1.070052
0.974113
0.931728
0.940482
1.086342
0.820279
0.911444
0.804103
0.994819
0.886523
0.862383
0.941485
0.969654
0.879632
0.958120
0.915641
0.983201
1.039526
0.972983
1.100069
0.969567
0.944000
1.002292
0.906856
0.876675
1.036777
0.993886
0.747931
0.872111
1.002754
1.003589
0.933549
1.077561
0.800057
0.895532
0.933607
0.938942
0.963345
0.985112
0.945461
0.899090
1.064073
0.834861
0.921073
0.945435
0.893970
0.983347
0.872174
0.772270
0.980956
0.783048
0.919028
0.870695
0.876290
0.949467
0.890231
0.943591
1.062333
0.866188
1.007719
0.908413
1.031689
0.922972
1.150860
1.063417
0.955402
1.072557
0.902906
0.810042
0.865716
0.876786
0.826432
0.914740
0.914490
0.977479
1.131954
0.973666
0.973886
0.926719
0.963527
0.868023
0.847546
0.953240
0.799038
0.770797
1.010992
0.945139
0.879302
0.948069
0.949837
0.859862
0.852983
0.770331
0.998245
0.885948
0.905309
0.915140
1.027789
0.798448
0.896498
1.087463
1.036874
1.167128
0.839534
0.949607
0.839953
0.987214
0.957353
0.914198
0.824871
0.975184
1.052292
0.854013
0.862327
0.846817
0.900199
0.780501
0.831626
0.922133
0.910902
0.744016
1.033903
0.892745
0.979649
0.871521
1.044166
0.903990
0.878046
1.150026
0.817799
1.073107
0.794403
0.971048
0.843254
0.861532
0.919544
0.878914
1.055260
0.878037
0.971907
0.871877
0.844639
0.909157
1.023017
0.928983
0.834219
0.873733
0.984714
0.844450
0.791682
1.081966
0.894152
0.892571
1.011070
0.991211
0.858981
0.872876
0.949556
0.885001
0.756125
0.762735
1.058382
0.963558
0.993571
0.742634
0.895072
0.953793
0.973494
0.840737
0.850477
1.055357
0.995998
0.895856
0.889989
0.861943
0.857061
1.004385
0.863675
0.914645
0.945422
0.873547
1.116852
0.937574
0.867920
0.916700
0.760075
0.871488
0.882605
0.873290
0.952600
0.927831
0.982617
0.877867
0.848853
0.848116
0.802121
0.859104
0.851255
0.913623
0.870101
0.942185
0.918037
0.796773
0.848816
0.999481
0.883637
0.969945
1.022299
0.835348
0.893227
1.018602
0.876298
0.941700
0.923057
0.936067
0.847856
0.917790
0.953122
0.896020
0.960579
1.038050
0.993814
0.922204
0.954103
0.873558
1.006679
0.909644
1.082571
0.832711
1.023721
0.971069
0.820296
0.838910
1.052285
0.850282
0.925727
0.878094
0.904857
0.942981
0.820370
1.002034
0.958692
0.917312
0.959843
0.884531
1.217593
0.845404
0.959166
0.858701
1.059805
1.082482
0.890692
1.062585
0.806889
0.981853
0.914926
0.787356
1.005009
0.861526
0.883164
0.953861
0.771216
1.006222
0.873227
0.950727
0.836930
0.986465
0.919071
1.110762
0.849262
0.825723
1.020508
0.704830
0.815020
0.769326
0.840662
1.001523
0.941838
0.803420
0.929861
0.939566
0.969720
0.837710
0.861456
0.922848
0.701889
0.847197
0.787206
0.793636
0.971353
0.977465
0.898087
1.060029
0.930280
0.816391
0.991379
0.900840
0.966200
0.847338
0.904691
0.917703
0.950505
0.844365
0.746653
0.919593
0.977145
0.929306
0.950478
0.928113
0.921373
0.876770
0.835734
0.800574
0.887208
0.998935
1.068136
0.845606
0.780486
0.895512
0.847226
0.898394
0.908696
0.863219
0.899210
0.861258
0.909286
0.960642
0.997283
0.906379
0.965019
0.876971
0.920307
0.861014
0.837695
0.837989
1.006071
0.832400
0.863186
0.858889
0.844376
1.099093
0.772561
0.961901
0.875288
0.889170
0.888110
0.774250
0.836662
0.830261
0.803139
0.894684
0.728098
0.749270
0.835480
0.910190
0.878856
0.835909
0.958798
0.765859
0.750216
0.892946
0.947317
0.792156
0.779077
0.841389
0.887234
1.109831
0.939253
0.844600
0.983547
0.926110
0.878292
0.853185
1.028297
0.914045
0.741589
0.905482
0.910473
0.937735
0.784099
0.883255
0.844683
0.895516
0.964175
0.898558
0.692388
0.814539
0.904501
1.060569
0.784119
0.867890
0.944086
0.921014
0.887943
0.810975
0.734252
0.809104
0.718551
0.877379
0.840443
0.896891
0.809939
0.854349
0.901045
0.939186
0.856554
0.896648
0.786854
0.909876
0.881113
0.919408
0.855224
0.686169
0.896216
0.947152
0.830613
0.874032
0.877776
0.915631
0.896064
1.014753
0.885743
1.015753
0.900230
0.901798
0.741885
0.859494
0.852081
0.831710
1.024478
0.882049
0.905079
0.907230
0.751225
1.030645
0.776608
0.833031
0.842293
0.927512
0.917563
0.802240
1.026936
0.905749
0.885911
0.911349
0.721371
0.764328
0.907137
0.784736
0.920262
0.750925
0.946177
1.070472
0.847007
0.934916
0.863178
0.956587
0.839412
0.819329
0.878825
0.980251
0.791729
1.074796
0.939208
0.771318
0.832695
0.937956
0.926364
0.813143
0.857321
0.967811
0.922565
0.786323
0.875628
0.756325
1.037581
1.029948
0.899265
0.938648
0.924215
0.804537
0.776666
0.892509
1.012288
0.794642
0.768057
0.781117
0.868670
0.813319
0.869167
0.890015
0.829610
0.880514
0.910116
0.955261
0.982341
0.847039
0.956245
0.812897
0.904491
0.979908
0.851719
0.846597
0.925477
0.781112
0.804373
0.817939
0.964267
0.879348
1.061416
0.917258
0.869059
0.825624
0.730585
0.857614
0.908461
0.886266
0.786910
0.971225
0.863845
1.059652
0.862061
0.969875
0.934717
1.011259
0.849570
0.765571
0.946562
0.977246
0.877804
0.904047
0.847701
0.902221
1.076243
0.912938
0.935211
0.798736
0.842065
0.892156
1.092936
0.805578
0.785002
0.791612
0.995332
0.924823
0.891465
0.710000
0.907776
0.890553
0.754026
1.022134
0.968860
0.880397
0.752987
0.827535
0.899193
0.967147
0.821772
0.814698
0.893751
0.898855
0.838076
1.017014
0.932030
0.830229
0.808834
0.780535
1.113293
0.876571
0.886878
0.853370
0.780075
0.832094
0.848804
0.787394
0.833951
1.039663
0.820147
0.886582
0.874363
0.972494
0.871430
0.794882
0.900704
0.867341
0.840606
0.882727
0.791625
0.858212
0.833663
0.796594
0.972161
0.913552
0.886179
0.880843
0.882544
1.014331
0.751298
0.793221
0.889410
0.774258
0.902649
0.873685
0.847485
0.830689
0.852450
0.869276
0.848202
0.830152
0.820520
1.030974
0.820713
1.006584
1.006947
1.057727
0.937329
0.919519
0.943787
0.947310
0.845881
0.859217
0.913749
0.823050
0.839343
0.829270
0.827770
0.827118
0.965337
0.865340
0.787272
0.725410
0.805643
0.890197
0.878618
0.762587
0.752268
0.911388
0.942359
0.846093
0.815775
0.858042
0.865058
0.946668
0.797767
0.741772
0.897201
0.956885
0.857062
1.076932
0.845378
0.923690
0.763226
0.885535
0.786166
0.845520
0.809065
0.983039
0.753868
0.934856
0.807817
0.788377
0.813923
1.086490
0.877796
0.853905
0.867224
0.968734
0.696313
0.891434
1.001356
0.757019
0.815047
0.764381
0.786380
0.834564
0.791134
0.739278
0.947343
0.790588
0.768329
0.879512
0.860633
0.922430
1.015019
0.911075
0.935805
0.824248
0.908875
0.908380
0.920475
0.936793
0.939644
0.963300
0.773743
0.862518
0.842314
0.849740
0.677070
0.724521
0.877108
0.833764
0.800559
0.884871
0.823585
0.806499
0.958158
0.883661
0.905254
1.008124
0.695334
0.816138
0.871194
0.819857
0.852692
0.823999
0.862157
0.990790
0.822428
0.780218
0.870408
0.784697
0.833623
0.826054
1.091692
0.937812
0.846908
0.762016
0.782891
0.870598
0.768899
0.852438
0.773297
0.725019
0.817844
0.965102
0.993588
0.784032
0.667495
1.038257
0.745112
0.838168
0.830432
0.985006
1.011026
0.790713
0.933387
0.786800
0.815388
0.833702
0.903796
0.713079
0.756168
0.925418
0.987580
0.772351
0.760133
0.827534
0.903161
0.792786
0.799981
0.835401
0.862694
0.866033
0.822249
0.880184
0.922533
0.872585
0.815885
0.910145
0.806708
0.741835
0.818641
0.885516
0.786990
0.863871
0.964012
0.864687
0.947538
0.930944
0.799259
0.727952
0.825645
0.725939
0.769814
0.948501
0.918939
0.902440
0.916070
0.752786
0.765533
0.921258
0.849150
0.974161
0.949159
0.637529
0.893807
0.846773
0.813384
0.931849
0.849981
1.019846
0.709393
0.885293
0.780895
0.673074
0.753231
0.796197
0.805691
0.830643
0.864560
0.870869
0.834038
0.902896
0.797382
0.734291
0.837049
0.991993
0.859958
0.932604
0.744611
0.807190
0.895504
0.778589
0.830258
0.808957
0.710345
0.764734
0.936069
0.902397
0.824091
0.814542
0.745201
0.775377
0.781370
0.837789
0.830138
0.974834
0.950198
0.953738
0.782566
0.785248
0.767998
0.853076
0.823486
0.775176
0.992298
0.841999
0.878731
0.912052
0.874738
0.744648
0.701740
0.840238
0.910720
0.946539
0.805969
0.837366
0.996122
0.847812
0.773660
0.883200
0.752687
0.964916
0.833041
0.934938
0.818419
0.947943
0.984550
0.763899
0.785555
0.700535
0.779414
0.901902
0.705078
0.738829
0.730797
0.957882
0.847506
0.887854
0.752192
0.879889
0.676499
0.872615
0.763906
0.798658
0.805144
0.928209
0.862237
0.974713
0.999634
0.704724
0.834750
0.896334
0.730651
0.689038
0.847589
0.763161
0.842365
0.870796
0.905416
0.901666
0.827033
0.815279
0.907265
0.950466
0.872030
0.927606
0.993347
0.835225
0.817135
0.785553
0.986116
0.745390
0.854131
0.976723
1.058205
0.912708
0.917943
0.850833
0.740206
0.754417
0.897080
0.801400
0.798494
0.910486
0.757563
0.842754
0.778803
0.712877
0.682624
0.943462
0.780209
0.800082
0.795458
0.863262
0.870255
0.791658
0.771835
0.921603
0.769215
0.850901
0.783865
0.853818
0.792905
0.708080
0.809123
0.748503
0.953643
0.758262
0.727648
0.724059
0.742565
0.891002
0.755584
0.833965
0.712433
0.738332
0.865343
0.745663
0.988496
0.831925
0.746130
0.862041
0.909373
0.786993
0.788366
0.738158
0.694234
0.736671
0.867450
0.880264
0.805878
0.747488
0.720498
0.770268
0.754237
0.863219
0.880765
0.919523
0.937648
0.879832
0.760121
0.915837
0.890091
0.941575
0.790931
0.862032
0.863569
0.957683
0.717094
0.890989
0.860516
0.778268
0.794973
0.694276
0.802835
0.884662
0.788009
0.704940
0.818750
0.940776
0.761312
0.915407
0.742632
0.753778
0.719911
0.692594
0.805710
0.889030
0.877708
0.912220
0.818972
0.868089
0.805964
0.924498
0.703171
0.750005
0.850406
0.791664
0.875585
1.093748
0.892297
0.771848
1.048571
0.824262
0.780238
0.801161
0.753295
0.852478
0.619061
0.837536
0.845003
0.898592
0.798914
0.879998
0.876605
0.801752
0.791430
0.725936
0.689593
0.926650
0.824994
0.852790
0.667626
0.805697
0.906280
0.806016
0.874975
0.925870
0.831922
0.729843
0.776719
0.903250
0.736634
0.889591
0.750121
0.838256
0.731076
0.794582
0.917068
0.826830
0.776132
0.768615
0.703487
0.698006
0.959465
0.917610
0.963858
0.769080
0.862141
0.842106
0.751374
0.759261
0.910681
0.818672
0.808082
0.862097
0.786967
0.798460
0.816917
0.772610
0.704383
0.903771
0.766074
0.795229
0.791994
0.808254
0.895139
0.958163
0.739817
0.930466
0.719585
0.736799
0.699105
0.753179
0.792661
0.787407
0.750239
0.942483
0.716529
0.797640
0.833564
0.943691
0.882489
0.720919
0.786878
0.811388
0.808808
0.820827
0.740047
0.818340
0.867171
0.706781
0.857716
0.777363
0.745078
0.892637
0.672884
0.731644
0.819220
0.873288
0.920268
0.657235
0.880829
0.951214
0.830115
0.783130
0.778984
0.841168
0.816504
0.989521
0.666082
0.751505
0.793164
0.812892
0.786200
0.839556
0.825469
0.843227
0.804658
0.784329
0.738617
0.748216
0.790902
0.966004
0.777608
0.708303
0.805692
0.779657
0.889377
0.756747
0.761309
0.844789
0.835290
0.688100
0.765611
0.837201
0.876057
0.716290
0.942232
0.816679
0.741917
0.757391
0.792655
0.857894
0.836681
0.803075
0.860693
0.847357
0.700064
0.778379
0.768639
0.703078
0.699578
0.706841
0.789134
0.723844
0.691477
0.734288
0.931048
0.784997
0.836842
0.655447
0.850890
0.789756
0.712337
0.720829
0.825298
0.776070
0.801329
0.822462
0.803082
0.819747
0.844701
0.925661
0.925083
0.829592
0.690602
0.694427
0.839513
0.821180
0.825222
0.718066
0.784902
0.794500
0.852420
0.774330
0.718744
0.944027
0.898821
0.792169
0.713620
0.858137
0.752288
0.876824
0.625191
0.672856
0.869077
0.718734
0.719929
0.731770
0.881660
0.686553
0.858976
0.758937
0.732803
0.701765
0.932084
0.625445
0.817536
0.944325
0.832989
0.845626
0.807991
0.999117
0.803840
0.687654
0.720736
0.691682
0.769700
0.797032
0.753178
0.861844
0.813403
0.874618
0.742072
0.727801
0.718453
0.760370
0.749354
0.826946
0.728970
0.865313
0.807381
0.652604
0.787225
0.780331
0.799724
0.736280
0.824041
0.827711
0.863108
0.673079
0.796606
0.723132
0.725671
0.849270
0.821464
0.785687
0.802600
0.728262
0.707745
0.907383
0.873827
0.881171
0.859589
0.830817
0.787359
0.938876
0.834820
0.846122
0.794518
0.865254
0.678853
0.867805
0.733635
0.910320
0.763243
0.858403
0.838884
0.830547
1.014862
0.837850
0.837947
0.767282
0.839141
0.935831
0.899178
0.856575
0.738003
0.811255
0.781881
0.784406
0.868589
0.612863
0.649519
0.710919
0.844295
0.729455
0.955699
0.717721
0.843441
0.804024
0.863080
0.939178
0.714279
0.710714
0.729838
0.672988
0.744056
0.822813
0.716782
0.959577
0.836635
0.807054
0.866431
0.820754
0.790960
0.748321
0.719990
0.684780
0.773236
0.939202
0.917177
0.686023
0.889526
0.789882
0.731705
0.763260
0.817721
0.860704
0.718409
0.732243
0.872316
0.758061
0.765578
0.905884
0.757907
0.855619
0.821133
0.824283
0.833227
0.785915
0.670489
0.875731
0.715924
0.741605
0.741812
0.742307
0.833582
0.818196
0.726246
0.868530
0.649786
0.874194
0.911339
0.917007
0.863925
0.793580
0.743997
0.693227
0.844583
0.630970
0.781111
0.738533
0.814908
0.797662
1.012135
0.911459
0.845270
0.817050
0.727232
0.776656
0.728739
0.863684
0.766487
0.746763
0.828775
0.728341
0.776724
0.761244
0.958027
0.801681
0.770794
0.777248
0.710858
0.802259
0.814980
0.824716
0.867208
0.744258
0.763475
0.756944
0.766103
0.722455
0.804957
0.849166
0.712556
0.651720
0.905992
0.747687
0.625075
0.650040
0.757876
0.754155
0.695921
0.713817
0.907879
0.739604
0.724403
0.804718
0.748994
0.725096
0.701442
0.816534
0.784031
0.893934
0.805277
0.701564
0.867324
0.664274
0.938961
0.869081
0.793781
0.743900
0.798145
0.831308
0.676691
0.613185
0.789503
0.809803
0.794112
0.808226
0.659158
0.773775
0.764670
0.637070
0.792832
0.815573
0.716305
0.803687
0.825920
0.752698
0.713661
0.789967
0.764979
0.864206
0.775069
0.782768
0.846058
0.800719
0.854704
0.751748
0.689601
0.882875
0.689340
0.609154
0.667937
0.768183
0.771365
0.756712
0.868337
0.830200
0.783538
0.724682
0.927911
0.834527
0.743355
0.885259
0.815505
0.801582
0.609428
0.782557
0.724047
0.746090
0.826099
0.911217
0.726328
0.719720
0.877862
0.665971
0.723452
0.815405
0.785379
0.791485
0.933804
0.734680
0.823213
0.846586
0.817670
0.764617
0.779159
0.872633
0.789313
0.623896
0.807302
0.753535
0.863164
0.724171
0.739229
0.752741
0.790349
0.782832
0.885189
0.774321
0.622760
0.611349
0.763751
0.706080
0.852117
0.756288
0.753677
0.646566
0.689558
0.764003
0.760082
0.648857
0.674903
0.799425
0.914088
0.891241
0.844497
0.828786
0.728531
0.806460
0.675430
0.755206
0.915738
0.818270
0.806405
0.605962
0.813257
0.874560
0.919736
0.678238
0.734838
0.702690
0.704653
0.869332
0.808486
0.723368
0.772440
0.771631
0.911090
0.770542
0.834343
0.701805
0.793719
0.844334
0.686578
0.780312
0.713878
0.697486
0.672695
0.722700
0.818940
0.759939
0.736139
0.954233
0.839951
0.696640
0.709533
0.758983
0.816312
0.672708
0.718967
0.742323
0.841831
0.800598
0.722404
0.808355
0.693491
0.876969
0.751791
0.908372
0.705412
0.687618
0.751519
0.893069
0.835316
0.698763
0.753800
0.675028
0.824175
0.687811
0.709880
0.673931
0.662481
0.667572
0.737207
0.682166
0.874935
0.725227
0.763209
0.717415
0.690846
0.766947
0.662725
0.663903
0.697624
0.644524
0.782000
0.782094
0.804342
0.643297
0.720828
0.780973
0.873313
0.763602
0.746386
0.861339
0.792972
1.014229
0.813422
0.697044
0.804269
0.763209
0.771911
0.778152
0.891967
0.836504
0.656582
0.764449
0.723691
0.815145
0.804348
0.673395
0.737513
0.828830
0.702235
0.782404
0.794443
0.784364
0.776294
0.776753
0.763948
0.733494
0.728051
0.709967
0.620374
0.793852
0.670036
0.830304
0.881261
0.789410
0.882586
0.789454
0.927462
0.817040
0.726922
0.832728
0.887255
0.760091
0.771859
0.795789
0.864736
0.756839
0.696655
0.806412
0.782493
0.862073
0.746984
0.818139
0.771686
0.861240
0.768078
0.681333
0.867937
0.729513
0.800924
0.692792
0.683883
0.985171
0.868417
0.693241
0.713562
0.845056
0.661437
0.707971
0.830842
0.687883
0.722719
0.823969
0.892168
0.842000
0.677314
0.762706
0.776168
0.787232
0.734987
0.692802
0.647387
0.772507
0.634304
0.741078
0.782799
0.697595
0.798874
0.838071
0.909128
0.667873
0.893415
0.800351
0.845562
0.849898
0.902670
0.801121
0.762401
0.694827
0.730744
0.668981
0.698705
0.879938
0.795320
0.680969
0.759174
0.808074
0.802087
0.750440
0.779701
0.718840
0.747615
0.717455
1.057317
0.586352
0.854762
0.656338
0.898965
0.738873
0.807100
0.867982
0.722172
0.695238
0.693844
0.724383
0.898193
0.647109
0.737980
0.717487
0.760928
0.953641
0.748122
0.857415
0.725683
0.693937
0.885958
0.671797
0.647440
0.786877
0.858456
0.753786
0.783042
0.714648
0.665300
0.781027
0.740066
0.711436
0.809304
0.820122
0.762145
0.725421
0.783892
0.723634
0.755040
0.665116
0.821413
0.740433
0.551218
0.831667
0.707422
0.804748
0.781284
0.742991
0.712446
0.898672
0.763463
0.712457
0.691542
0.908469
0.641769
0.782223
0.692775
0.709520
0.742499
0.827121
0.853121
0.776294
0.724277
0.680308
0.859453
0.630766
0.737313
0.878694
0.751962
0.758131
0.716065
0.765974
0.713181
0.730255
0.849303
0.832776
0.744543
0.684077
0.612714
0.750798
0.741403
0.670514
0.745603
0.789235
0.647510
0.750511
0.789151
0.786569
0.685216
0.808513
0.783075
0.842425
0.786936
0.727150
0.879297
0.834386
0.738806
0.760613
0.631486
0.765088
0.805834
0.864716
0.773633
0.690941
0.719124
0.641151
0.791966
0.677821
0.701910
0.726788
0.705536
0.648872
0.736015
0.664074
0.668778
0.824478
0.696223
0.700985
0.693333
0.750025
0.662782
0.753966
0.885984
0.685416
0.681236
0.812255
0.730953
0.825076
0.837706
0.581646
0.746529
0.817994
0.690088
0.705396
0.637647
0.704994
0.762226
0.757334
0.644220
0.609283
0.688386
0.800231
0.834181
0.586584
0.726171
0.653173
0.724418
0.718384
0.725439
0.854102
0.746529
0.773485
0.667568
0.741308
0.817050
0.716442
0.708179
0.708276
0.620055
0.650830
0.674086
0.791344
0.613295
0.789952
0.800068
0.651759
0.611013
0.764956
0.711861
0.646490
0.724469
0.910406
0.832363
0.648875
0.744192
0.640750
0.735117
0.857045
0.795047
0.702505
0.720071
0.754814
0.624768
0.676752
0.832810
0.681260
0.673989
0.771714
0.698106
0.702927
0.702314
0.814982
0.802655
0.794219
0.790021
0.824528
0.749495
0.685726
0.820977
0.724529
0.720788
0.719175
0.756304
0.802035
0.701279
0.690919
0.689484
0.742329
0.784229
0.741007
0.696028
0.598787
0.763622
0.642686
0.848755
0.813936
0.691575
0.743042
0.769391
0.784338
0.774308
0.725114
0.799971
0.690658
0.609725
0.904536
0.711503
0.763194
0.842397
0.685020
0.884751
0.769478
0.789773
0.591163
0.624503
0.730751
0.726595
0.789108
0.745187
0.772029
0.747330
0.734967
0.730410
0.692046
0.754118
0.714748
0.788065
0.673113
0.794723
0.789525
0.575169
0.904868
0.745591
0.699020
0.718924
0.642742
0.748216
0.934236
0.782237
0.654738
0.629466
0.729828
0.668459
0.834280
0.720312
0.658168
0.713610
0.797807
0.739706
0.788308
0.649217
0.633604
0.707772
0.771060
0.701988
0.720421
0.726566
0.716029
0.703382
0.727146
0.683924
0.692981
0.664931
0.935604
0.689074
0.767545
0.712690
0.742275
0.776954
0.741247
0.647871
0.834003
0.753668
0.716699
0.763767
0.721080
0.861900
0.715941
0.881753
0.660540
0.687330
0.773715
0.649653
0.629916
0.771462
0.750950
0.791281
0.742470
0.835540
0.816270
0.587911
0.734550
0.688602
0.619930
0.747201
0.726459
0.690462
0.798013
0.589903
0.611140
0.843133
0.763408
0.739477
0.808194
0.703402
0.764901
0.865462
0.741510
0.815285
0.730548
0.727110
0.625685
0.702844
0.792358
0.837474
0.749726
0.709093
0.671711
0.705333
0.700678
0.823814
0.923315
0.702764
0.778753
0.687570
0.672685
0.734194
0.801957
0.679297
0.962129
0.737917
0.692051
0.724268
0.678369
0.712741
0.615629
0.726349
0.731453
0.741648
0.786838
0.769088
0.775127
0.614038
0.745611
0.665122
0.752758
0.713040
0.612446
0.715979
0.734161
0.607949
0.655866
0.670695
0.730571
0.668294
0.826236
0.648059
0.896096
0.673597
0.730051
0.745117
0.614067
0.696741
0.803397
0.643439
0.698137
0.703019
0.624369
0.816068
0.747885
0.632138
0.719990
0.697523
0.741234
0.680770
0.743528
0.680934
0.831569
0.711396
0.812733
0.637617
0.727952
0.595938
0.630358
0.680761
0.726678
0.653950
0.671983
0.735808
0.856206
0.856426
0.755624
0.776048
0.730480
0.771628
0.694716
0.724038
0.781223
0.617154
0.810090
0.770750
0.714980
0.728510
0.663842
0.654693
0.757359
0.644534
0.669021
0.718403
0.671114
0.635575
0.773189
0.677268
0.748502
0.709439
0.672251
0.662756
0.751270
0.694995
0.712618
0.719749
0.692486
0.827303
0.776910
0.807115
0.879209
0.832387
0.583456
0.851847
0.724198
0.785812
0.595120
0.712646
0.586053
0.635760
0.635010
0.738302
0.783300
0.787650
0.722759
0.744296
0.669471
0.703979
0.743155
0.747911
0.757444
0.717192
0.667105
0.677511
0.762146
0.722042
0.763566
0.629748
0.542333
0.732747
0.726026
0.606513
0.799960
0.772752
0.601450
0.860032
0.810876
0.784960
0.712641
0.813460
0.642011
0.652231
0.684469
0.752368
0.765389
0.629186
0.815311
0.599643
0.731085
0.769927
0.795292
0.751236
0.743098
0.701876
0.726409
0.707754
0.612311
0.632497
0.653748
0.707795
0.716841
0.683310
0.757340
0.833189
0.591717
0.690647
0.709302
0.624335
0.739689
0.638974
0.665652
0.682958
0.651722
0.669205
0.621606
0.663188
0.656032
0.818241
0.646272
0.777618
0.641363
0.606471
0.711901
0.710137
0.776337
0.701607
0.767613
0.706670
0.791639
0.810699
0.639843
0.826201
0.883059
0.641921
0.706758
0.743362
0.821015
0.807563
0.695797
0.661696
0.680414
0.762817
0.635071
0.674402
0.628200
0.644558
0.716051
0.626062
0.812691
0.776498
0.802400
0.699149
0.857166
0.656387
0.922543
0.833079
0.669049
0.702686
0.674550
0.601470
0.779168
0.707253
0.697104
0.806895
0.712591
0.619497
0.658679
0.638758
0.755808
0.856132
0.661570
0.633123
0.723551
0.733768
0.637174
0.712352
0.577494
0.622540
0.695533
0.719886
0.724092
0.786699
0.661757
0.832849
0.721338
0.608621
0.793234
0.912167
0.660795
0.687983
0.686237
0.784069
0.670547
0.717442
0.671700
0.693038
0.697670
0.684340
0.531244
0.688742
0.740635
0.713265
0.584779
0.729684
0.827263
0.843319
0.758479
0.698908
0.607058
0.745742
0.762312
0.652244
0.787314
0.653244
0.565758
0.646642
0.715656
0.805105
0.715890
0.659406
0.747375
0.830414
0.602950
0.715836
0.753969
0.608997
0.794855
0.765353
0.704121
0.726636
0.702227
0.782382
0.690340
0.789509
0.684355
0.706900
0.706715
0.719033
0.759101
0.739990
0.632413
0.628144
0.810016
0.780527
0.686321
0.674220
0.876528
0.750733
0.804267
0.924677
0.854257
0.569233
0.666191
0.767168
0.844682
0.709276
0.673920
0.760259
0.735169
0.763658
0.743998
0.752474
0.693018
0.631099
0.707517
0.668659
0.814628
0.632779
0.653208
0.699619
0.666772
0.684211
0.685349
0.712686
0.699472
0.654806
0.702054
0.670221
0.647512
0.681457
0.699313
0.743442
0.622571
0.655421
0.739023
0.707503
0.654364
0.720710
0.633754
0.659942
0.958718
0.725360
0.685539
0.675040
0.613931
0.777358
0.691004
0.766695
0.695722
0.617878
0.769972
0.682886
0.700062
0.740141
0.633527
0.780297
0.766069
0.842746
0.613789
0.699349
0.680864
0.661406
0.624795
0.725288
0.686699
0.615479
0.723587
0.691852
0.590128
0.678569
0.779773
0.634413
0.661377
0.728124
0.641841
0.588689
0.716987
0.691664
0.648163
0.772949
0.545737
0.696080
0.741693
0.737893
0.742521
0.679370
0.668481
0.819304
0.706734
0.699569
0.810734
0.751251
0.704240
0.602292
0.500813
0.670236
0.720593
0.756423
0.700964
0.676599
0.700748
0.750275
0.702447
0.711060
0.647202
0.689629
0.700247
0.617118
0.696093
0.589483
0.753177
0.687046
0.677128
0.586903
0.690900
0.645639
0.675314
0.673692
0.707363
0.868324
0.849094
0.762438
0.693928
0.717908
0.727912
0.694259
0.794397
0.678122
0.605375
0.689300
0.728996
0.764978
0.808525
0.649154
0.768298
0.689283
0.672527
0.740131
0.667895
0.694878
0.577924
0.660930
0.682492
0.642605
0.690172
0.741565
0.695012
0.637054
0.653114
0.697574
0.584734
0.757904
0.628847
0.664568
0.714514
0.808945
0.682230
0.660514
0.690038
0.760658
0.677535
0.610697
0.827185
0.583859
0.665063
0.626059
0.788986
0.738546
0.608716
0.592631
0.748136
0.672084
0.767722
0.708778
0.667286
0.711473
0.632300
0.746982
0.688995
0.644893
0.701165
0.569461
0.675184
0.704030
0.700983
0.810502
0.783225
0.706393
0.720197
0.682784
0.732373
0.824488
0.597319
0.615753
0.732781
0.791061
0.600576
0.646146
0.619658
0.660919
0.683022
0.741850
0.748931
0.811078
0.694361
0.650851
0.691045
0.692056
0.714136
0.586666
0.769363
0.678942
0.656311
0.768125
0.832529
0.775017
0.666439
0.706753
0.612514
0.602770
0.866372
0.639425
0.706845
0.779890
0.710500
0.628895
0.590664
0.843903
0.636902
0.658994
0.597319
0.606975
0.661851
0.659287
0.784212
0.697861
0.705077
0.748534
0.732748
0.737717
0.698669
0.632734
0.702128
0.760818
0.623753
0.529828
0.694590
0.737513
0.724681
0.824630
0.710659
0.713549
0.604294
0.616427
0.626126
0.728965
0.626482
0.608715
0.736001
0.650128
0.769763
0.712584
0.689885
0.607609
0.563234
0.714134
0.601963
0.601464
0.633193
0.681014
0.694444
0.741301
0.809638
0.610284
0.663237
0.686419
0.579562
0.733675
0.578299
0.703531
0.705510
0.598921
0.606824
0.682296
0.703992
0.788790
0.713082
0.665575
0.678335
0.600747
0.618739
0.612282
0.704797
0.656129
0.684165
0.579643
0.698821
0.903513
0.737214
0.629737
0.645729
0.700454
0.652452
0.612176
0.601788
0.642904
0.645670
0.854303
0.831490
0.639807
0.786601
0.679258
0.706662
0.695523
0.766780
0.833470
0.610719
0.611334
0.668539
0.732951
0.666081
0.824510
0.646295
0.742289
0.667102
0.775530
0.763116
0.664363
0.706879
0.668631
0.661045
0.738009
0.713238
0.592754
0.732037
0.713906
0.742983
0.661716
0.697321
0.743407
0.863091
0.739370
0.777677
0.621432
0.657198
0.682245
0.625854
0.669964
0.642461
0.617693
0.781755
0.676967
0.692097
0.793965
0.728164
0.612750
0.645914
0.757792
0.632139
0.673239
0.781223
0.747290
0.726222
0.626954
0.648637
0.663331
0.603887
0.663825
0.596568
0.734637
0.691082
0.722962
0.721921
0.679526
0.826736
0.764345
0.740289
0.792235
0.724119
0.728548
0.666437
0.661996
0.693667
0.699056
0.620953
0.732545
0.715822
0.695889
0.660291
0.653397
0.662568
0.582496
0.694765
0.620873
0.723086
0.689369
0.645622
0.565839
0.592058
0.705857
0.596712
0.564963
0.594011
0.748063
0.741883
0.672425
0.721636
0.780487
0.721615
0.717888
0.617687
0.603803
0.680322
0.592354
0.582853
0.640315
0.679303
0.684712
0.719624
0.715005
0.700890
0.709139
0.681337
0.630831
0.696545
0.761575
0.714148
0.574870
0.531456
0.687204
0.610305
0.700639
0.682600
0.865421
0.770849
0.684255
0.654165
0.704056
0.721480
0.772605
0.631699
0.646297
0.653460
0.797530
0.722178
0.776502
0.683980
0.577130
0.633897
0.653200
0.551749
0.694458
0.666678
0.575627
0.570374
0.666115
0.661665
0.593582
0.648984
0.666527
0.628687
0.795981
0.712114
0.825286
0.702033
0.759261
0.622061
0.651643
0.708219
0.645363
0.611452
0.773437
0.651725
0.714089
0.596939
0.651736
0.666115
0.576671
0.692055
0.655248
0.725413
0.676470
0.600263
0.649154
0.712784
0.728189
0.695493
0.599638
0.629450
0.670340
0.667851
0.608558
0.503013
0.608215
0.713344
0.795724
0.609973
0.717412
0.632716
0.614594
0.593591
0.694210
0.588155
0.523043
0.589226
0.649741
0.648087
0.622444
0.738121
0.807834
0.793315
0.726627
0.788478
0.625545
0.689343
0.745673
0.607899
0.672007
0.683550
0.677981
0.666684
0.767297
0.640169
0.622321
0.720933
0.678723
0.620926
0.776424
0.649932
0.617040
0.717284
0.599060
0.639052
0.638709
0.729195
0.685709
0.778452
0.690079
0.609721
0.681224
0.756146
0.671345
0.674860
0.707296
0.605959
0.573553
0.717783
0.748869
0.789305
0.603163
0.666357
0.578619
0.599899
0.644534
0.780690
0.705357
0.689881
0.703664
0.675420
0.717135
0.702238
0.749194
0.634412
0.691813
0.619264
0.783815
0.743244
0.629198
0.667789
0.721045
0.660491
0.762427
0.721907
0.783575
0.708836
0.606329
0.569849
0.623966
0.711571
0.682307
0.635024
0.504259
0.749506
0.609126
0.640703
0.550174
0.743433
0.839402
0.655648
0.762278
0.626009
0.744016
0.562250
0.621159
0.695356
0.583481
0.707219
0.607877
0.605508
0.601624
0.602965
0.688386
0.584534
0.526956
0.668464
0.753422
0.574744
0.648480
0.646450
0.650806
0.507810
0.595484
0.818627
0.676615
0.623624
0.623500
0.824412
0.701653
0.638311
0.670854
0.705693
0.592911
0.698054
0.608157
0.626745
0.641266
0.665394
0.791571
0.666218
0.670469
0.704112
0.627584
0.651933
0.745893
0.611638
0.770097
0.603668
0.664956
0.655019
0.769484
0.617666
0.737217
0.538959
0.583942
0.621562
0.463633
0.652176
0.686796
0.602518
0.628654
0.708302
0.679727
0.751789
0.639785
0.718486
0.654473
0.604218
0.606850
0.620684
0.567611
0.644124
0.662628
0.633483
0.786594
0.712445
0.714946
0.710422
0.634362
0.807848
0.551631
0.652957
0.738393
0.719940
0.614401
0.620752
0.640430
0.678946
0.658412
0.580080
0.666685
0.679248
0.718444
0.584583
0.597384
0.616203
0.709642
0.705668
0.635766
0.706302
0.661347
0.715016
0.762687
0.687174
0.642651
0.738738
0.677290
0.641961
0.686135
0.637107
0.700895
0.652648
0.694050
0.599149
0.551402
0.591207
0.656379
0.556615
0.684824
0.743135
0.721185
0.762479
0.644128
0.689961
0.696421
0.677983
0.579469
0.619597
0.620236
0.628089
0.577847
0.633292
0.767737
0.748642
0.645245
0.607213
0.765218
0.582037
0.684425
0.739360
0.580512
0.637131
0.633439
0.631987
0.677373
0.651359
0.615749
0.721077
0.540689
0.711320
0.616656
0.696352
0.614621
0.695523
0.743847
0.565577
0.610748
0.657135
0.710167
0.732158
0.624488
0.721765
0.578016
0.611138
0.734789
0.584024
0.619680
0.633616
0.602980
0.643746
0.574052
0.755629
0.630078
0.575923
0.617869
0.708364
0.703284
0.623307
0.671025
0.580565
0.592985
0.674642
0.740893
0.609248
0.592222
0.577714
0.672847
0.702760
0.560327
0.558679
0.592140
0.585793
0.736839
0.684891
0.699731
0.700591
0.660028
0.645278
0.657894
0.694362
0.580317
0.635132
0.728056
0.644287
0.737446
0.734879
0.625953
0.573069
0.571410
0.676555
0.655072
0.628460
0.879045
0.573799
0.576886
0.609353
0.744675
0.700428
0.607875
0.786391
0.725224
0.650257
0.671676
0.657911
0.692368
0.650155
0.560168
0.633348
0.568657
0.552859
0.509738
0.796067
0.798290
0.594319
0.714627
0.549186
0.776379
0.687777
0.638178
0.721820
0.609746
0.688103
0.585220
0.552267
0.707303
0.755413
0.737245
0.700230
0.613838
0.654757
0.620542
0.665992
0.620679
0.557111
0.610257
0.632706
0.547684
0.531444
0.607744
0.640159
0.663813
0.591053
0.721922
0.740972
0.696855
0.639754
0.589354
0.641273
0.797229
0.584623
0.676355
0.730970
0.723487
0.565387
0.632627
0.696791
0.677657
0.654778
0.700987
0.624309
0.623531
0.664681
0.729742
0.704961
0.700874
0.536277
0.750018
0.546814
0.623370
0.593873
0.675589
0.668704
0.673235
0.681254
0.674315
0.617184
0.583372
0.607054
0.573569
0.592853
0.649594
0.635759
0.652979
0.734637
0.688035
0.665180
0.681735
0.605844
0.709342
0.566299
0.648016
0.726726
0.647086
0.596586
0.636682
0.630579
0.656360
0.587164
0.654364
0.553155
0.583370
0.653292
0.686429
0.700932
0.700873
0.758134
0.643464
0.600346
0.722530
0.622991
0.637976
0.585223
0.578436
0.639867
0.874394
0.715092
0.563843
0.696045
0.579454
0.782534
0.656625
0.592175
0.671168
0.686143
0.558165
0.688032
0.615544
0.551411
0.664860
0.659740
0.648766
0.591422
0.554571
0.671905
0.556051
0.571567
0.540882
0.596787
0.629607
0.627379
0.664742
0.636756
0.604910
0.550097
0.727474
0.607599
0.671397
0.596063
0.516609
0.784110
0.721820
0.540188
0.702242
0.791191
0.615046
0.737858
0.747989
0.563911
0.591343
0.604264
0.684544
0.577696
0.642725
0.665017
0.571607
0.705297
0.696699
0.572299
0.615284
0.539836
0.542107
0.649669
0.584662
0.574220
0.726301
0.563995
0.720510
0.648786
0.735693
0.716394
0.644762
0.679669
0.649370
0.845577
0.573017
0.751762
0.641227
0.583117
0.716467
0.606402
0.609564
0.625558
0.660940
0.693427
0.648081
0.647351
0.666478
0.575589
0.636305
0.640409
0.662951
0.666026
0.585165
0.549089
0.619037
0.638731
0.624309
0.572634
0.698960
0.570464
0.647719
0.753732
0.646720
0.631636
0.619981
0.483048
0.667605
0.748180
0.620641
0.515070
0.769055
0.611530
0.813439
0.559794
0.690510
0.902787
0.764295
0.547302
0.662631
0.668511
0.629455
0.580042
0.628690
0.621655
0.516463
0.662323
0.640001
0.621194
0.634588
0.538746
0.667891
0.656235
0.722434
0.774109
0.582931
0.644793
0.608175
0.696616
0.659552
0.586706
0.640341
0.810110
0.544960
0.617860
0.689318
0.726589
0.591630
0.652466
0.670806
0.650584
0.762156
0.605965
0.785514
0.612806
0.808052
0.552382
0.614668
0.657532
0.587392
0.583751
0.745595
0.531160
0.678624
0.567274
0.535796
0.602915
0.608112
0.619154
0.714955
0.590021
0.602476
0.648325
0.582763
0.621861
0.554979
0.597649
0.836644
0.617261
0.559118
0.742138
0.674948
0.694644
0.657725
0.551548
0.751949
0.571988
0.655517
0.637042
0.644163
0.623793
0.625171
0.612826
0.685436
0.645744
0.663549
0.624875
0.610602
0.635282
0.657276
0.594892
0.739514
0.624747
0.641159
0.640593
0.582145
0.578606
0.610606
0.684253
0.573305
0.623266
0.600156
0.649459
0.735632
0.589941
0.563347
0.684603
0.710310
0.693964
0.672482
0.702048
0.658923
0.578913
0.717774
0.779062
0.605473
0.686779
0.610823
0.571103
0.597683
0.619701
0.569801
0.751544
0.550671
0.658010
0.540943
0.509777
0.637556
0.580981
0.597826
0.595590
0.556936
0.556927
0.567220
0.584607
0.582834
0.582419
0.841324
0.500818
0.583028
0.554877
0.624580
0.635365
0.658089
0.515728
0.594680
0.703048
0.574626
0.620141
0.533152
0.586147
0.749511
0.659722
0.597439
0.570751
0.697011
0.676515
0.611521
0.591467
0.685680
0.659983
0.664093
0.504421
0.684965
0.604861
0.644808
0.670291
0.587809
0.614253
0.689710
0.606449
0.634130
0.555736
0.552971
0.604944
0.669492
0.618937
0.727121
0.662665
0.669813
0.701671
0.538187
0.536742
0.629786
0.739078
0.508813
0.595267
0.546197
0.613482
0.612140
0.521311
0.595606
0.574917
0.556672
0.582535
0.626667
0.693344
0.613472
0.597379
0.590685
0.662907
0.600368
0.620553
0.712086
0.632268
0.556714
0.566523
0.647702
0.634179
0.551833
0.587421
0.560916
0.721881
0.658788
0.575072
0.621051
0.607634
0.604622
0.603952
0.672399
0.646561
0.633031
0.595201
0.642366
0.604488
0.654488
0.686451
0.652221
0.668904
0.655436
0.530845
0.735171
0.539049
0.600125
0.549846
0.811286
0.637133
0.600415
0.512271
0.704560
0.633655
0.706753
0.594669
0.788815
0.567964
0.644282
0.595184
0.620023
0.609617
0.680025
0.615614
0.561918
0.606800
0.545584
0.610605
0.640163
0.654171
0.664836
0.620356
0.668749
0.599240
0.531186
0.598856
0.643769
0.596125
0.649960
0.696165
0.515088
0.720395
0.622500
0.592901
0.576321
0.584668
0.538785
0.568080
0.577398
0.703229
0.634926
0.572226
0.750910
0.583869
0.728539
0.641250
0.585869
0.643756
0.547259
0.462606
0.511387
0.586703
0.606816
0.615869
0.613336
0.641672
0.721987
0.720521
0.664642
0.677452
0.557230
0.741897
0.682875
0.563806
0.632152
0.643337
0.584752
0.614205
0.640027
0.622459
0.669831
0.685814
0.626276
0.704105
0.696145
0.581173
0.492375
0.712270
0.556205
0.574353
0.578058
0.716444
0.494414
0.640449
0.675999
0.729460
0.642100
0.635121
0.655198
0.622536
0.639521
0.748023
0.584239
0.635744
0.580085
0.630279
0.692293
0.691301
0.574626
0.651608
0.639066
0.637881
0.665620
0.550479
0.551780
0.575037
0.763351
0.616219
0.731324
0.643161
0.649234
0.673940
0.703760
0.520952
0.744202
0.599682
0.728366
0.610503
0.629473
0.632600
0.628111
0.647842
0.719008
0.622556
0.600086
0.613445
0.616187
0.658180
0.595858
0.552500
0.680219
0.672422
0.603710
0.726892
0.616448
0.695627
0.673242
0.685100
0.542849
0.739065
0.524438
0.634487
0.584770
0.731564
0.713944
0.710404
0.632127
0.536954
0.685762
0.678392
0.610103
0.760639
0.601793
0.584493
0.630448
0.477581
0.644547
0.569531
0.507845
0.660301
0.610156
0.645069
0.599880
0.556229
0.721531
0.557238
0.716523
0.509172
0.735870
0.508005
0.804855
0.625602
0.582414
0.553104
0.500779
0.725927
0.548608
0.660492
0.803238
0.551069
0.535291
0.645153
0.550668
0.620679
0.696263
0.592721
0.587566
0.725192
0.605625
0.541449
0.604425
0.575560
0.499207
0.668097
0.511870
0.612422
0.582480
0.675872
0.766166
0.612057
0.590098
0.571153
0.502527
0.508704
0.569731
0.602846
0.623271
0.689641
0.578546
0.719330
0.516302
0.600015
0.536123
0.512709
0.531911
0.687361
0.561375
0.527169
0.554387
0.678819
0.640620
0.525493
0.570284
0.603664
0.657132
0.593668
0.579508
0.618448
0.605981
0.661784
0.531393
0.485878
0.545423
0.646516
0.557950
0.629542
0.611643
0.743176
0.656227
0.568125
0.538691
0.584221
0.622498
0.577464
0.570051
0.522676
0.692357
0.537581
0.652005
0.546529
0.571795
0.528280
0.564128
0.592785
0.650472
0.665810
0.642748
0.681478
0.588269
0.606091
0.669983
0.656571
0.686016
0.682815
0.714201
0.525434
0.689606
0.567768
0.517088
0.538113
0.564496
0.578980
0.566317
0.547456
0.739859
0.713031
0.653947
0.589697
0.629936
0.622303
0.542947
0.596867
0.590518
0.557155
0.610528
0.556977
0.685074
0.593557
0.510925
0.716284
0.700753
0.506725
0.601703
0.681827
0.703410
0.502544
0.587746
0.676689
0.696923
0.610776
0.651801
0.567838
0.588922
0.588776
0.629294
0.609947
0.516217
0.657656
0.737035
0.549514
0.514780
0.631970
0.657662
0.730772
0.569304
0.713170
0.648764
0.606405
0.616687
0.515433
0.662558
0.552703
0.533860
0.522817
0.699442
0.624321
0.580178
0.578221
0.745728
0.747147
0.647430
0.570665
0.602113
0.563136
0.586398
0.680556
0.527985
0.573657
0.644599
0.614106
0.571341
0.643353
0.595825
0.562831
0.526244
0.638071
0.462771
0.593781
0.688478
0.716564
0.643557
0.614652
0.538242
0.527373
0.701581
0.611672
0.653702
0.531054
0.690884
0.641997
0.572068
0.565036
0.575035
0.688922
0.584398
0.523410
0.588654
0.549859
0.629111
0.688318
0.640218
0.517874
0.645182
0.620269
0.698844
0.546887
0.631247
0.595107
0.728684
0.648136
0.560705
0.747785
0.502276
0.684591
0.493111
0.537149
0.615696
0.585522
0.575821
0.545879
0.533449
0.671981
0.612608
0.615237
0.504013
0.602187
0.687844
0.645698
0.672154
0.530729
0.519967
0.586224
0.652628
0.532720
0.540201
0.630355
0.569711
0.634318
0.538569
0.558573
0.731217
0.621744
0.665790
0.565082
0.526433
0.656036
0.628172
0.621755
0.588018
0.645502
0.604834
0.691849
0.609560
0.544131
0.590694
0.634634
0.572573
0.557827
0.640862
0.658734
0.591354
0.603023
0.504731
0.533170
0.644760
0.631498
0.527623
0.776779
0.574545
0.559143
0.646314
0.649227
0.620516
0.554819
0.659075
0.567960
0.575111
0.580903
0.685475
0.724827
0.718201
0.596015
0.630272
0.612739
0.556649
0.732264
0.791098
0.622639
0.575770
0.656609
0.615635
0.517437
0.603744
0.614758
0.624153
0.543366
0.673917
0.611765
0.695059
0.625360
0.593470
0.608679
0.656018
0.579699
0.662628
0.580079
0.535478
0.592321
0.621544
0.725966
0.634527
0.652866
0.557100
0.688858
0.499990
0.560953
0.612329
0.578900
0.602360
0.586166
0.580892
0.544001
0.551782
0.633983
0.539364
0.559873
0.565509
0.712154
0.553991
0.724137
0.663274
0.658931
0.541485
0.628610
0.640186
0.629215
0.504490
0.526184
0.646211
0.698395
0.595844
0.627850
0.613985
0.665078
0.606624
0.692223
0.570808
0.488671
0.616507
0.631553
0.563133
0.677561
0.679212
0.727892
0.634056
0.598913
0.586925
0.583167
0.663481
0.573124
0.556412
0.591294
0.652324
0.809918
0.642331
0.586338
0.766780
0.554708
0.614511
0.585715
0.560262
0.616142
0.611115
0.654331
0.532597
0.575758
0.525052
0.583061
0.771640
0.437587
0.643664
0.626727
0.631390
0.490282
0.542750
0.531765
0.587011
0.644138
0.630656
0.682819
0.529082
0.593282
0.555258
0.543344
0.535163
0.623192
0.602302
0.639920
0.770986
0.601939
0.559752
0.586475
0.583843
0.577503
0.544254
0.529025
0.571382
0.573426
0.554501
0.528788
0.611184
0.560805
0.649541
0.667358
0.507471
0.631230
0.659102
0.632295
0.554979
0.589279
0.764129
0.663891
0.588462
0.631616
0.652689
0.612535
0.631962
0.642823
0.493371
0.624818
0.641449
0.638640
0.579690
0.629339
0.594785
0.571270
0.646966
0.495989
0.577906
0.549397
0.608138
0.607034
0.672841
0.610086
0.557514
0.540768
0.592149
0.761341
0.564078
0.631856
0.630367
0.546447
0.584920
0.478723
0.545518
0.552578
0.770679
0.536377
0.574411
0.572462
0.642257
0.562070
0.622005
0.470246
0.576322
0.543583
0.645202
0.534666
0.680885
0.652679
0.624016
0.658964
0.589820
0.659861
0.677039
0.724196
0.507902
0.679546
0.552702
0.575019
0.607255
0.589406
0.771565
0.684664
0.507762
0.610882
0.617997
0.693449
0.621948
0.569578
0.657311
0.548046
0.629217
0.530261
0.651869
0.588387
0.511929
0.514507
0.678607
0.640222
0.528076
0.600069
0.602541
0.554846
0.616866
0.680535
0.611965
0.552874
0.677426
0.442725
0.577082
0.618711
0.559168
0.592389
0.512134
0.566317
0.717151
0.545540
0.623852
0.676309
0.654533
0.633720
0.542216
0.582641
0.592188
0.738594
0.535514
0.608217
0.629963
0.599616
0.509356
0.683268
0.520718
0.584838
0.634052
0.511641
0.648016
0.657324
0.750022
0.617404
0.628692
0.603453
0.566263
0.716802
0.626470
0.578195
0.603584
0.641844
0.620601
0.604419
0.590182
0.551222
0.584773
0.582653
0.603984
0.608393
0.686105
0.583518
0.540804
0.511068
0.694378
0.652612
0.657671
0.583389
0.435442
0.706041
0.685719
0.579567
0.592609
0.674048
0.655645
0.539541
0.679955
0.549953
0.674744
0.490356
0.562538
0.531139
0.491804
0.680869
0.525726
0.629774
0.628500
0.511493
0.550459
0.673033
0.588605
0.647322
0.604900
0.564159
0.529992
0.557486
0.553484
0.620029
0.509824
0.698292
0.607703
0.594615
0.679612
0.618352
0.594769
0.595722
0.525400
0.575371
0.628710
0.723427
0.607800
0.620968
0.555977
0.566724
0.666275
0.619463
0.613046
0.551001
0.671391
0.574106
0.658331
0.649997
0.641988
0.638915
0.570984
0.584009
0.591016
0.596693
0.679864
0.784406
0.646521
0.654845
0.555067
0.576900
0.590669
0.606647
0.525012
0.595687
0.547358
0.571204
0.636903
0.641135
0.475345
0.654059
0.610382
0.498035
0.593434
0.755049
0.733350
0.545226
0.518356
0.614385
0.665640
0.532262
0.754584
0.591504
0.518037
0.667918
0.462473
0.628233
0.538929
0.655885
0.554858
0.597978
0.532570
0.557145
0.646164
0.596698
0.500499
0.603701
0.539369
0.481559
0.584203
0.503101
0.503262
0.568432
0.511712
0.589334
0.559910
0.484160
0.624896
0.537573
0.526862
0.622681
0.503869
0.527157
0.658644
0.583756
0.609248
0.599904
0.618581
0.558998
0.623934
0.520463
0.631136
0.671557
0.725114
0.524033
0.567723
0.510839
0.598083
0.572012
0.586702
0.553491
0.623868
0.560075
0.716527
0.613466
0.611091
0.604680
0.579019
0.641880
0.465882
0.598337
0.579456
0.470144
0.601229
0.565288
0.517737
0.512706
0.567819
0.513691
0.650325
0.618189
0.714186
0.575649
0.689320
0.520722
0.693029
0.648157
0.586154
0.572103
0.644635
0.642461
0.509473
0.670925
0.531953
0.541226
0.525169
0.477419
0.559766
0.699360
0.555848
0.581305
0.488371
0.698099
0.525372
0.656615
0.620270
0.656526
0.605357
0.572079
0.632737
0.743431
0.498862
0.662953
0.501362
0.565181
0.543462
0.554922
0.528758
0.579499
0.552890
0.545832
0.564315
0.579217
0.549477
0.611973
0.649196
0.610853
0.487378
0.538271
0.503489
0.670756
0.518539
0.608514
0.580226
0.506419
0.566177
0.601772
0.512536
0.658678
0.572299
0.532876
0.586663
0.537272
0.572311
0.501489
0.564717
0.579741
0.646469
0.581931
0.548253
0.584795
0.719472
0.526370
0.565748
0.591600
0.482150
0.629657
0.569762
0.624815
0.586434
0.536371
0.530893
0.611403
0.628780
0.575039
0.604822
0.511901
0.563738
0.521502
0.627805
0.646328
0.629416
0.636545
0.574263
0.616654
0.542547
0.593586
0.521107
0.485652
0.597784
0.490390
0.618268
0.608523
0.551115
0.578064
0.607057
0.597687
0.670901
0.546316
0.473206
0.640491
0.625006
0.611603
0.592339
0.553838
0.643122
0.580000
0.638793
0.565028
0.594979
0.484131
0.567068
0.608880
0.798372
0.481900
0.548224
0.620541
0.615945
0.674398
0.713104
0.627367
0.551975
0.471507
0.623331
0.760295
0.698238
0.657138
0.692533
0.694087
0.586404
0.597258
0.601767
0.526835
0.672955
0.488421
0.546469
0.473359
0.542067
0.608305
0.599992
0.697900
0.644799
0.682750
0.584378
0.530468
0.701906
0.751413
0.572335
0.657802
0.488227
0.585125
0.520067
0.627084
0.692271
0.569791
0.567857
0.579061
0.540718
0.565751
0.601556
0.450904
0.660514
0.555264
0.622716
0.491299
0.593382
0.646988
0.543988
0.531282
0.529244
0.509493
0.658875
0.560570
0.570548
0.526390
0.491231
0.629890
0.633043
0.636268
0.442104
0.573612
0.668427
0.564959
0.692556
0.529700
0.768045
0.526291
0.595337
0.466189
0.547430
0.638132
0.584717
0.627766
0.465842
0.490619
0.561129
0.831892
0.658917
0.618903
0.504703
0.523639
0.651260
0.572132
0.617030
0.647683
0.580202
0.634030
0.590874
0.472151
0.547479
0.613740
0.580420
0.488122
0.535847
0.563683
0.757109
0.601815
0.702217
0.515323
0.668477
0.549407
0.697061
0.606580
0.540428
0.555155
0.554627
0.513942
0.596845
0.549204
0.520959
0.758216
0.563703
0.447540
0.574914
0.647476
0.527080
0.621357
0.555704
0.633916
0.533855
0.700071
0.739701
0.568179
0.687254
0.574490
0.574045
0.698946
0.551270
0.613273
0.543567
0.565816
0.521524
0.524226
0.509778
0.647209
0.708678
0.422966
0.505046
0.459666
0.527397
0.596890
0.519813
0.580732
0.575678
0.513693
0.523992
0.577744
0.748967
0.694646
0.623982
0.637339
0.614103
0.560356
0.512753
0.605042
0.525008
0.586501
0.576038
0.604998
0.608415
0.646182
0.589602
0.535704
0.700061
0.547859
0.531924
0.590147
0.603183
0.607059
0.605440
0.562300
0.643386
0.522571
0.567178
0.518911
0.637544
0.688104
0.687723
0.568779
0.596248
0.565508
0.491324
0.524296
0.550959
0.505466
0.507238
0.558137
0.636040
0.683236
0.522377
0.584952
0.555197
0.524340
0.600520
0.596096
0.608224
0.499322
0.596509
0.578927
0.565960
0.650820
0.646537
0.598098
0.629574
0.678219
0.591814
0.558815
0.657117
0.530515
0.537087
0.594614
0.701172
0.533426
0.549869
0.527148
0.584225
0.567879
0.569721
0.635485
0.597998
0.575241
0.579907
0.633793
0.470609
0.542788
0.558752
0.611728
0.524411
0.500473
0.530697
0.560091
0.550899
0.647567
0.627272
0.681858
0.550699
0.650171
0.543489
0.450453
0.505427
0.548769
0.519109
0.515619
0.412927
0.639708
0.552670
0.555603
0.473543
0.514060
0.560438
0.588708
0.527161
0.615319
0.673395
0.560529
0.530036
0.541798
0.530977
0.586420
0.617452
0.563315
0.534920
0.556982
0.726908
0.527234
0.541779
0.541600
0.473115
0.677053
0.597254
0.617905
0.657726
0.574388
0.641205
0.611727
0.587535
0.543676
0.493241
0.590217
0.442676
0.499415
0.594747
0.487538
0.554129
0.464892
0.532831
0.592661
0.641564
0.545640
0.671756
0.612555
0.657685
0.500012
0.554252
0.566134
0.586428
0.652163
0.490059
0.559601
0.547578
0.601214
0.538252
0.508296
0.653944
0.533824
0.517342
0.675499
0.532746
0.641432
0.497812
0.616650
0.673596
0.602267
0.686875
0.593406
0.587131
0.551962
0.610183
0.505128
0.587043
0.565640
0.681134
0.661357
0.517634
0.563188
0.542071
0.593004
0.666467
0.515293
0.641626
0.570975
0.617458
0.733798
0.561552
0.649468
0.504050
0.699207
0.619865
0.485318
0.627679
0.568089
0.618825
0.635043
0.637764
0.586649
0.522573
0.643620
0.567355
0.517392
0.497393
0.530421
0.504995
0.492470
0.555937
0.512856
0.626142
0.535083
0.530712
0.526317
0.554325
0.527669
0.538675
0.611600
0.579956
0.557684
0.569506
0.602011
0.597660
0.538583
0.614242
0.530597
0.613476
0.597040
0.720069
0.610561
0.566452
0.644039
0.577335
0.500533
0.555847
0.539632
0.542764
0.533376
0.595717
0.553355
0.526008
0.610457
0.446324
0.653121
0.558042
0.530406
0.553921
0.690416
0.546166
0.483769
0.504657
0.577613
0.620697
0.578054
0.573223
0.647531
0.605150
0.556105
0.503687
0.586734
0.525175
0.663381
0.618018
0.473665
0.599953
0.640653
0.533594
0.602131
0.437372
0.585548
0.513376
0.612800
0.640463
0.535754
0.557989
0.595057
0.526838
0.573312
0.724415
0.514807
0.474962
0.559649
0.645297
0.543499
0.558538
0.647663
0.518198
0.514351
0.605794
0.477979
0.633479
0.525279
0.517055
0.587215
0.657303
0.632264
0.600790
0.542497
0.561275
0.661721
0.586049
0.524499
0.544950
0.578648
0.600956
0.609769
0.590264
0.531454
0.642030
0.603690
0.588717
0.529891
0.640464
0.541077
0.571465
0.579577
0.696409
0.617651
0.522766
0.505975
0.599518
0.546898
0.641014
0.590956
0.572116
0.530637
0.609433
0.545770
0.508747
0.611332
0.662165
0.535389
0.472901
0.596369
0.480882
0.611652
0.449426
0.605285
0.550822
0.514409
0.512291
0.606048
0.597568
0.516153
0.478727
0.634180
0.639086
0.526219
0.539109
0.768497
0.495882
0.554696
0.560840
0.677575
0.540881
0.646757
0.536821
0.607368
0.466389
0.540502
0.497550
0.592592
0.523831
0.628030
0.664106
0.526822
0.667282
0.507383
0.666351
0.572925
0.645342
0.707296
0.543531
0.557242
0.618176
0.608411
0.662497
0.482044
0.625124
0.609514
0.587011
0.560957
0.590145
0.545460
0.542579
0.638047
0.597900
0.541216
0.656922
0.484087
0.728565
0.628223
0.606074
0.577277
0.524072
0.558047
0.623128
0.565128
0.646291
0.643686
0.494862
0.536527
0.544618
0.581487
0.546628
0.605511
0.520381
0.512422
0.674080
0.544695
0.544379
0.505408
0.411014
0.674131
0.513969
0.463576
0.536711
0.558912
0.694549
0.521824
0.481873
0.600059
0.677353
0.701050
0.554296
0.548464
0.563133
0.607934
0.546883
0.508139
0.636811
0.611028
0.553871
0.538448
0.598294
0.478317
0.531107
0.515577
0.657093
0.548146
0.582314
0.490854
0.718188
0.675720
0.484361
0.517405
0.643816
0.555624
0.612442
0.548169
0.623974
0.555874
0.571434
0.633818
0.493670
0.475590
0.693402
0.516070
0.444166
0.521918
0.683096
0.701558
0.540686
0.727228
0.565211
0.491250
0.501602
0.668953
0.561629
0.485478
0.622295
0.605472
0.617380
0.498987
0.624345
0.553517
0.589548
0.605456
0.571782
0.546040
0.458345
0.576155
0.611804
0.544649
0.563673
0.500302
0.540877
0.437716
0.499578
0.529606
0.609392
0.674593
0.643556
0.506297
0.596676
0.528413
0.559888
0.515930
0.625891
0.640086
0.627618
0.539431
0.619117
0.575196
0.498741
0.589719
0.586904
0.656108
0.536167
0.562014
0.495189
0.534008
0.564386
0.527333
0.655760
0.566623
0.520542
0.458274
0.530098
0.506103
0.500878
0.624746
0.639092
0.538765
0.641214
0.604499
0.565400
0.601895
0.655253
0.606602
0.559641
0.472331
0.522815
0.583136
0.482302
0.532161
0.567932
0.525615
0.483976
0.508094
0.525221
0.542712
0.580142
0.534081
0.599289
0.654278
0.620548
0.515597
0.539978
0.572969
0.610260
0.590241
0.507897
0.522455
0.541547
0.668962
0.601801
0.487431
0.549265
0.663186
0.536102
0.658287
0.598232
0.559413
0.495444
0.427081
0.595391
0.633801
0.477467
0.460872
0.526668
0.573987
0.490024
0.547404
0.524257
0.592868
0.570142
0.527163
0.565207
0.614802
0.474294
0.699226
0.423855
0.596835
0.603208
0.562874
0.500323
0.585432
0.613823
0.597288
0.672418
0.597507
0.603371
0.544627
0.865124
0.698699
0.542823
0.466125
0.603698
0.645137
0.532031
0.606714
0.528672
0.536625
0.544971
0.646102
0.537941
0.548106
0.586221
0.509368
0.567682
0.584054
0.513439
0.604598
0.535869
0.556674
0.667087
0.586605
0.465778
0.603224
0.606178
0.503468
0.615832
0.630324
0.503674
0.602572
0.510623
0.559627
0.490700
0.518552
0.539687
0.759042
0.635321
0.572191
0.583382
0.483548
0.585644
0.472296
0.546339
0.498741
0.573682
0.596871
0.472646
0.518027
0.601838
0.560593
0.672662
0.542404
0.523318
0.528150
0.530005
0.465684
0.620126
0.630712
0.555798
0.519940
0.569311
0.627382
0.585836
0.692187
0.610986
0.567491
0.527579
0.479672
0.520355
0.528444
0.515072
0.635300
0.454295
0.561879
0.670954
0.600223
0.511021
0.470481
0.481597
0.548944
0.692869
0.568936
0.593391
0.631733
0.569920
0.615244
0.521875
0.531891
0.620890
0.585826
0.488815
0.574291
0.583113
0.594933
0.600467
0.570702
0.643933
0.562497
0.552997
0.485954
0.608802
0.602413
0.501662
0.551102
0.519941
0.600504
0.546157
0.546263
0.688999
0.530496
0.590105
0.554711
0.482943
0.664614
0.575799
0.491620
0.469816
0.469757
0.607972
0.568917
0.577552
0.532085
0.676668
0.568210
0.531201
0.592896
0.504959
0.525018
0.528590
0.475225
0.538102
0.534130
0.454795
0.569851
0.494723
0.558362
0.603641
0.534489
0.619884
0.592160
0.585147
0.541491
0.566548
0.469869
0.627963
0.632386
0.604358
0.503884
0.491595
0.675938
0.662783
0.474547
0.472912
0.565544
0.671725
0.452782
0.523808
0.590515
0.522142
0.591145
0.606097
0.701112
0.609069
0.511634
0.559863
0.502681
0.564304
0.703952
0.537038
0.510906
0.498657
0.729053
0.560247
0.531474
0.566003
0.496726
0.584536
0.618895
0.611913
0.595435
0.741299
0.671590
0.507518
0.626912
0.534683
0.652824
0.516041
0.486768
0.553354
0.613270
0.812177
0.614774
0.593216
0.552033
0.593599
0.473116
0.644025
0.681613
0.504356
0.654747
0.494395
0.580088
0.555818
0.466940
0.668634
0.665627
0.590648
0.544975
0.516443
0.513708
0.521562
0.486406
0.675182
0.479636
0.476695
0.617626
0.626983
0.471095
0.504383
0.592871
0.490151
0.551580
0.753957
0.586226
0.657033
0.508292
0.514014
0.478089
0.612047
0.601722
0.549191
0.613093
0.602676
0.576538
0.547404
0.510844
0.639632
0.498349
0.605196
0.553542
0.516923
0.612932
0.536765
0.620475
0.637995
0.654677
0.606693
0.502035
0.569430
0.478621
0.569476
0.492685
0.472599
0.614285
0.459872
0.523707
0.542007
0.629277
0.518067
0.475977
0.693564
0.534778
0.468799
0.581682
0.537849
0.575137
0.510803
0.522604
0.533432
0.520314
0.592558
0.591267
0.517198
0.562320
0.521725
0.596012
0.525125
0.565836
0.537669
0.474680
0.557144
0.612217
0.447338
0.525717
0.491390
0.522738
0.498921
0.694617
0.605266
0.615239
0.638670
0.664809
0.640955
0.554461
0.531804
0.535591
0.524242
0.573836
0.610679
0.516855
0.517278
0.593275
0.571107
0.640404
0.536872
0.710348
0.502617
0.505797
0.658591
0.547464
0.568423
0.487262
0.489974
0.558498
0.565659
0.665423
0.590429
0.574878
0.550375
0.456591
0.698428
0.529648
0.534123
0.625384
0.576668
0.551966
0.503846
0.541939
0.671687
0.485551
0.529484
0.476312
0.484504
0.643011
0.567563
0.543352
0.586747
0.423351
0.596271
0.589534
0.582337
0.500378
0.453044
0.722914
0.535626
0.575692
0.612243
0.464251
0.485448
0.513551
0.650400
0.654410
0.471620
0.476375
0.569946
0.660455
0.488229
0.540727
0.496086
0.704090
0.649258
0.571912
0.691728
0.571662
0.572416
0.582044
0.550161
0.529750
0.509289
0.491370
0.564091
0.529085
0.531022
0.670457
0.631852
0.607537
0.467969
0.615845
0.504652
0.648445
0.504020
0.572304
0.497594
0.602902
0.527280
0.523202
0.588485
0.505514
0.529572
0.564719
0.553638
0.554609
0.494592
0.567720
0.542191
0.581396
0.631184
0.585282
0.571635
0.552056
0.561288
0.582068
0.544196
0.513570
0.562130
0.525341
0.507210
0.521648
0.512369
0.540986
0.569737
0.565835
0.533375
0.598518
0.523714
0.605019
0.578366
0.560823
0.436876
0.541498
0.522459
0.594348
0.509816
0.528375
0.500860
0.592511
0.572317
0.564733
0.491563
0.488842
0.517281
0.564812
0.506989
0.627005
0.572280
0.450223
0.624271
0.681630
0.506355
0.572608
0.545728
0.569088
0.490074
0.577957
0.653770
0.572169
0.564677
0.559237
0.634369
0.574019
0.572779
0.563239
0.599584
0.548251
0.587853
0.501753
0.634410
0.582352
0.520277
0.605125
0.611843
0.586278
0.565774
0.676046
0.497558
0.588920
0.537226
0.576733
0.646896
0.566048
0.464870
0.693644
0.579088
0.591902
0.542513
0.536938
0.569653
0.468931
0.502439
0.588073
0.475727
0.557041
0.470901
0.589034
0.549466
0.532864
0.494032
0.590140
0.640139
0.510093
0.596941
0.579530
0.528873
0.543081
0.577103
0.541812
0.610950
0.533471
0.492071
0.581488
0.534585
0.491664
0.475337
0.521546
0.492781
0.578844
0.498576
0.608669
0.471669
0.677662
0.520082
0.584863
0.555485
0.532714
0.568408
0.465204
0.592207
0.582327
0.556113
0.670169
0.566423
0.597029
0.656892
0.532835
0.550701
0.496601
0.533045
0.527820
0.572762
0.573908
0.501620
0.459514
0.548650
0.752073
0.510639
0.638264
0.482108
0.494680
0.489191
0.560573
0.525265
0.632206
0.566299
0.585174
0.480332
0.522743
0.615816
0.496652
0.622502
0.571660
0.594768
0.492168
0.563844
0.463872
0.712815
0.584123
0.506800
0.466706
0.492998
0.628851
0.485730
0.547446
0.610259
0.564716
0.531984
0.585712
0.561776
0.456735
0.517492
0.479638
0.436614
0.579105
0.578592
0.606903
0.506521
0.534994
0.722952
0.491292
0.507929
0.542528
0.725257
0.608791
0.544201
0.521521
0.552631
0.509571
0.545123
0.602340
0.504998
0.577199
0.577287
0.623156
0.494462
0.518970
0.550572
0.602646
0.561396
0.468897
0.543153
0.484716
0.514108
0.496139
0.556050
0.520296
0.465235
0.528707
0.564486
0.596407
0.589345
0.541459
0.551976
0.597410
0.541841
0.548945
0.548250
0.539392
0.524610
0.501728
0.527970
0.527933
0.623274
0.476063
0.481340
0.569653
0.449946
0.583479
0.589074
0.543293
0.529581
0.464543
0.523100
0.630840
0.533527
0.438735
0.475742
0.564568
0.621411
0.522691
0.573398
0.473730
0.576905
0.464400
0.560966
0.469243
0.605274
0.512648
0.717705
0.633115
0.560820
0.668854
0.523618
0.603146
0.546394
0.585995
0.640313
0.593333
0.578011
0.578068
0.561346
0.617056
0.556449
0.482476
0.475807
0.560639
0.443508
0.763795
0.619260
0.606436
0.532915
0.569136
0.578139
0.573882
0.508536
0.565416
0.525588
0.531589
0.527143
0.706501
0.559606
0.571549
0.472191
0.560336
0.592311
0.585469
0.571605
0.454268
0.543396
0.605396
0.540908
0.624067
0.474403
0.504690
0.591397
0.663982
0.477293
0.529475
0.636636
0.586164
0.678774
0.521493
0.597109
0.526015
0.574497
0.570543
0.587562
0.620610
0.534645
0.509366
0.608930
0.561703
0.521788
0.520987
0.487948
0.472797
0.565437
0.510802
0.612382
0.506923
0.601590
0.559700
0.516918
0.592239
0.563459
0.498549
0.610345
0.508127
0.539580
0.559486
0.532196
0.611429
0.643251
0.567810
0.571120
0.542539
0.498680
0.437691
0.557070
0.587376
0.641300
0.498762
0.567033
0.516559
0.657424
0.556399
0.525765
0.716229
0.531942
0.472859
0.535758
0.519429
0.693735
0.469366
0.494627
0.569324
0.639570
0.478593
0.476365
0.556058
0.507087
0.495170
0.555054
0.507434
0.685501
0.640926
0.540602
0.593557
0.562230
0.562207
0.510548
0.553027
0.567875
0.529644
0.654660
0.553216
0.531608
0.571086
0.578375
0.576393
0.559033
0.509573
0.526807
0.578726
0.533129
0.593769
0.563753
0.566049
0.609099
0.625757
0.559360
0.493944
0.522682
0.501938
0.473339
0.539301
0.617503
0.526642
0.454209
0.551927
0.580966
0.527942
0.539997
0.486237
0.531656
0.582491
0.528004
0.517243
0.522293
0.597938
0.519371
0.499735
0.561111
0.544515
0.624855
0.535798
0.498498
0.448868
0.687075
0.527903
0.606113
0.563664
0.571021
0.599434
0.478033
0.681661
0.602113
0.621704
0.512335
0.571715
0.533755
0.552655
0.459949
0.493308
0.542039
0.554073
0.590796
0.530553
0.666917
0.619639
0.552933
0.601598
0.487288
0.461130
0.528123
0.508690
0.478767
0.578953
0.653732
0.594728
0.515958
0.533520
0.474781
0.553339
0.535854
0.445441
0.538973
0.453409
0.707631
0.566265
0.485248
0.532092
0.545686
0.534980
0.494485
0.580333
0.564012
0.439314
0.542865
0.563532
0.514268
0.487266
0.498629
0.556590
0.611889
0.566268
0.520446
0.580505
0.617754
0.431922
0.573345
0.694038
0.547535
0.537578
0.556532
0.476574
0.459995
0.515264
0.506158
0.556857
0.509978
0.547573
0.552932
0.486662
0.515088
0.510290
0.529541
0.499611
0.660112
0.566654
0.454004
0.498894
0.467268
0.565267
0.591621
0.611035
0.550396
0.433168
0.529373
0.521323
0.498045
0.614213
0.549098
0.523908
0.605195
0.553254
0.572747
0.637397
0.570394
0.549877
0.607449
0.579872
0.487381
0.491822
0.542800
0.486641
0.618537
0.515914
0.564017
0.609813
0.559673
0.595088
0.591171
0.557606
0.668543
0.615006
0.545450
0.456239
0.413963
0.573462
0.580985
0.515550
0.509193
0.467719
0.452339
0.535861
0.620037
0.540392
0.510082
0.544675
0.554352
0.541203
0.539926
0.559263
0.631938
0.527555
0.541552
0.618281
0.495325
0.538290
0.547217
0.557844
0.598625
0.506772
0.558055
0.589708
0.519523
0.553474
0.626843
0.776403
0.484507
0.507718
0.544564
0.567432
0.663011
0.507455
0.582088
0.491760
0.482673
0.571857
0.586853
0.494415
0.478590
0.581504
0.492476
0.622539
0.525030
0.633688
0.507304
0.556552
0.568338
0.483841
0.592706
0.554650
0.601539
0.514380
0.482806
0.461331
0.547811
0.491167
0.459068
0.539325
0.575866
0.530496
0.492959
0.548997
0.621951
0.559626
0.502262
0.619583
0.576961
0.549309
0.570621
0.542863
0.568560
0.623998
0.522248
0.501560
0.563575
0.663027
0.512963
0.533133
0.523681
0.508117
0.497710
0.527257
0.508111
0.484397
0.522499
0.595640
0.454924
0.612649
0.472927
0.628621
0.508260
0.510643
0.498595
0.503466
0.545987
0.609082
0.539558
0.533143
0.528218
0.551849
0.611210
0.566861
0.585641
0.483070
0.519778
0.541237
0.445068
0.492873
0.613224
0.546126
0.618374
0.554081
0.547117
0.572394
0.593100
0.468546
0.474092
0.558216
0.525366
0.582991
0.549207
0.626672
0.554554
0.570670
0.529360
0.504062
0.538944
0.495769
0.470138
0.499029
0.593304
0.585617
0.473436
0.493398
0.545936
0.545350
0.556994
0.589861
0.638401
0.562624
0.755912
0.668267
0.507400
0.522014
0.521174
0.600763
0.573681
0.601173
0.632451
0.562331
0.562541
0.592549
0.516986
0.511591
0.545937
0.480619
0.473211
0.529105
0.608417
0.582844
0.512730
0.565654
0.573386
0.584357
0.571987
0.458699
0.520998
0.541381
0.585554
0.511039
0.534027
0.615898
0.515000
0.519595
0.555851
0.519793
0.562988
0.488711
0.623499
0.529151
0.607255
0.487618
0.553829
0.520955
0.537464
0.510318
0.687338
0.453935
0.476570
0.466452
0.638266
0.562488
0.546160
0.510700
0.510989
0.614886
0.615300
0.598406
0.529952
0.614081
0.538058
0.507365
0.536294
0.605793
0.568655
0.572028
0.524445
0.519614
0.495278
0.534643
0.519292
0.510001
0.508663
0.559142
0.595199
0.543413
0.530042
0.587053
0.538706
0.580576
0.467848
0.628260
0.578351
0.451897
0.563132
0.638025
0.523980
0.554475
0.502904
0.567596
0.593025
0.536691
0.474235
0.592085
0.597611
0.472130
0.548193
0.431483
0.563279
0.698227
0.522379
0.496139
0.495740
0.620481
0.523724
0.564157
0.506434
0.568712
0.498313
0.516839
0.580860
0.560588
0.482234
0.448205
0.524079
0.523908
0.541754
0.596482
0.508209
0.492487
0.517574
0.548539
0.600564
0.633076
0.477192
0.708309
0.598448
0.482892
0.713941
0.597953
0.424267
0.578641
0.633699
0.506576
0.578568
0.591167
0.518233
0.517112
0.618342
0.509554
0.595480
0.524888
0.546245
0.597459
0.576443
0.557303
0.570068
0.577471
0.597394
0.495611
0.594923
0.610732
0.476828
0.590386
0.598644
0.510537
0.544821
0.501899
0.506190
0.479174
0.519177
0.460489
0.540876
0.535490
0.479136
0.565996
0.604141
0.511828
0.564121
0.666006
0.593449
0.526260
0.476721
0.630878
0.593744
0.601479
0.530416
0.604914
0.556246
0.490368
0.617413
0.607800
0.530256
0.538665
0.552237
0.589756
0.648761
0.539079
0.484576
0.543480
0.534189
0.607978
0.547305
0.484507
0.500136
0.537581
0.570119
0.565805
0.458926
0.598582
0.576544
0.490601
0.543052
0.518820
0.517531
0.490543
0.512841
0.578657
0.566436
0.588083
0.558839
0.502879
0.473132
0.505934
0.514865
0.470109
0.582545
0.512000
0.629098
0.653559
0.542050
0.661317
0.530221
0.572097
0.466331
0.517580
0.497852
0.585258
0.733650
0.530045
0.672301
0.630227
0.766079
0.555460
0.501302
0.561895
0.464848
0.494320
0.615020
0.688756
0.576439
0.468900
0.573864
0.517816
0.597780
0.516506
0.519482
0.478904
0.602315
0.637889
0.513326
0.673067
0.541484
0.624865
0.602207
0.561238
0.558369
0.567931
0.564768
0.603707
0.525496
0.613934
0.528149
0.550681
0.577782
0.478535
0.577261
0.539319
0.621176
0.612969
0.475418
0.478698
0.522225
0.623892
0.547251
0.548324
0.527774
0.613798
0.516924
0.476988
0.527100
0.634608
0.688230
0.507994
0.505008
0.508385
0.577078
0.489972
0.479978
0.448394
0.522324
0.599833
0.522696
0.563160
0.585299
0.562465
0.450431
0.502163
0.539784
0.456705
0.515898
0.462360
0.551981
0.558605
0.477183
0.590645
0.538591
0.626471
0.581241
0.645057
0.522750
0.540152
0.574786
0.522069
0.698036
0.468643
0.521449
0.613697
0.589246
0.506469
0.630428
0.456923
0.548090
0.587411
0.593193
0.643582
0.526443
0.564209
0.523246
0.551843
0.485206
0.524995
0.540865
0.520701
0.566526
0.529205
0.658089
0.462481
0.610018
0.527639
0.519716
0.624228
0.526070
0.601167
0.502729
0.585903
0.517411
0.541779
0.524524
0.520221
0.475057
0.619724
0.448422
0.578524
0.539300
0.534040
0.600788
0.513236
0.487549
0.460182
0.588084
0.456174
0.560046
0.585199
0.528510
0.548412
0.485299
0.548863
0.447382
0.594104
0.489184
0.554006
0.454231
0.583245
0.532457
0.509211
0.447929
0.564382
0.438781
0.642068
0.592345
0.558545
0.607357
0.484418
0.611420
0.531061
0.528128
0.578300
0.514227
0.568229
0.615593
0.505304
0.624218
0.556081
0.550300
0.566927
0.488269
0.528441
0.542405
0.594421
0.507650
0.506542
0.544086
0.660787
0.559143
0.474022
0.472483
0.555384
0.613871
0.582085
0.500381
0.545221
0.605019
0.602010
0.544042
0.606475
0.494633
0.514118
0.624243
0.562490
0.503316
0.543765
0.481054
0.534334
0.522748
0.568928
0.485324
0.590593
0.487463
0.541872
0.607504
0.553488
0.635303
0.545948
0.611607
0.501677
0.565816
0.534292
0.533983
0.716243
0.531985
0.557898
0.519081
0.543068
0.525767
0.563927
0.498948
0.498542
0.645099
0.555057
0.556817
0.566335
0.532876
0.549045
0.438174
0.431451
0.585947
0.534097
0.539180
0.480209
0.541154
0.534160
0.494645
0.499320
0.610028
0.649447
0.575870
0.529969
0.529657
0.597269
0.612669
0.456485
0.517104
0.481354
0.471248
0.486648
0.597322
0.491197
0.543785
0.553388
0.547754
0.587017
0.690216
0.566540
0.492216
0.507296
0.632486
0.609439
0.579386
0.623532
0.520480
0.450823
0.605104
0.583627
0.580012
0.601480
0.574771
0.494823
0.533501
0.507649
0.499956
0.576095
0.434554
0.491553
0.508664
0.685029
0.541351
0.604691
0.458224
0.538582
0.519317
0.533563
0.617486
0.435584
0.562789
0.563203
0.537838
