3.598165
14.311981
5.225208
3.936983
3.685272
3.790390
3.644335
3.604836
3.642665
3.605098
3.579108
3.565548
3.554705
3.543495
3.515307
3.500179
3.482765
3.463922
3.425224
3.412466
3.443391
3.338094
3.291358
3.239532
3.305044
3.252501
3.232049
3.238987
3.215436
3.202669
3.184443
3.217530
3.230110
3.172220
3.269067
3.191129
3.205232
3.119780
3.209635
3.121579
3.013474
3.151799
3.102867
3.070710
3.158376
3.073761
2.976339
2.998846
3.000150
3.117793
3.034549
2.944859
3.233246
3.031142
3.008602
2.975033
3.063607
3.094064
2.940411
2.917091
2.957673
2.997138
3.005730
2.967060
2.895566
2.877231
2.939098
2.849998
2.833864
3.065499
2.960333
2.967620
2.861444
2.857675
2.788461
2.821983
2.886829
3.001907
2.919875
2.803301
2.906070
2.945666
2.897372
2.878325
2.794359
2.657602
2.690757
2.776379
2.972094
2.781542
2.784832
2.863737
2.762375
2.818469
2.799858
2.901416
2.926535
2.830751
2.740364
2.836018
2.790833
2.853583
2.697452
2.721812
2.691473
2.797279
2.934709
2.632027
2.709216
2.676049
2.646408
2.647327
2.796528
2.633812
2.759716
2.759343
2.608302
2.683277
2.648119
2.799618
2.673432
2.619790
2.755114
2.713048
2.654921
2.560294
2.596332
2.700041
2.587684
2.651137
2.729414
2.827781
2.663829
2.626137
2.610883
2.567235
2.751437
2.763287
2.749180
2.692207
2.584072
2.582160
2.631581
2.702641
2.697501
2.630959
2.540918
2.563023
2.629835
2.634512
2.635555
2.679107
2.713112
2.539684
2.596172
2.563269
2.554214
2.646950
2.461583
2.605822
2.655464
2.610672
2.469720
2.478421
2.642299
2.644200
2.525625
2.546566
2.635508
2.545271
2.529494
2.562859
2.469244
2.494440
2.498701
2.514938
2.632827
2.546036
2.507270
2.512555
2.388136
2.515486
2.489362
2.671811
2.500911
2.448013
2.405947
2.612547
2.700897
2.517014
2.480543
2.420252
2.448142
2.467918
2.437486
2.463225
2.353713
2.519788
2.599463
2.462604
2.477479
2.496791
2.602997
2.416361
2.396677
2.438666
2.474890
2.545731
2.469491
2.543442
2.458591
2.404959
2.406174
2.451900
2.249833
2.343999
2.570088
2.417768
2.402167
2.496958
2.386208
2.361844
2.248654
2.509269
2.371625
2.576724
2.586604
2.486477
2.449720
2.446275
2.362646
2.307990
2.429278
2.364943
2.328123
2.355045
2.283134
2.417090
2.352437
2.529080
2.389366
2.333029
2.287838
2.432673
2.353853
2.418953
2.280579
2.300443
2.301071
2.380859
2.381695
2.330066
2.591324
2.275616
2.378317
2.478527
2.582509
2.444781
2.299048
2.321645
2.461381
2.333282
2.343266
2.282079
2.301832
2.242932
2.396903
2.248134
2.320485
2.445107
2.482044
2.363119
2.466757
2.435047
2.441168
2.580250
2.319265
2.279974
2.195055
2.184695
2.386621
2.346280
2.257395
2.342495
2.288555
2.395125
2.311797
2.194371
2.317543
2.340903
2.216505
2.180900
2.226744
2.202855
2.111114
2.232870
2.260039
2.272367
2.559922
2.569697
2.486419
2.270414
2.354056
2.195682
2.236538
2.225843
2.475639
2.371061
2.202497
2.212415
2.359024
2.177965
2.230887
2.223879
2.237876
2.240375
2.222311
2.199489
2.479056
2.419231
2.269619
2.250726
2.159626
2.280581
2.150551
2.270461
2.197093
2.285093
2.208178
2.354402
2.324486
2.278698
2.299878
2.369049
2.299625
2.218009
2.254971
2.258441
2.371965
2.150187
2.166520
2.066480
2.187140
2.261254
2.276407
2.221780
2.114834
2.224255
2.242557
2.225776
2.277527
2.195451
2.333874
2.147590
2.395671
2.095662
2.324093
2.267084
2.106617
2.246189
2.138155
2.233687
2.078570
2.067657
2.217700
2.133531
2.090738
2.147541
2.129031
2.445703
2.449119
2.171446
2.165453
2.106244
2.127219
2.241026
2.044974
2.314682
2.236520
2.226320
2.198354
2.182981
2.153023
2.354579
2.239184
2.047778
1.993300
2.032261
2.036069
2.285705
2.174501
2.022813
1.986382
2.263351
2.057656
2.192537
2.032531
2.127774
2.088621
2.276165
2.137143
2.124762
2.091880
2.153144
2.171567
2.113976
2.150634
2.262484
2.147079
2.183321
2.236562
2.193200
1.989464
2.153699
2.153212
2.097940
1.989113
2.177630
2.029033
2.066449
2.073970
2.187790
2.025040
2.245337
2.087460
2.048241
1.973491
2.064028
1.949613
2.094455
2.142614
2.149610
2.274556
1.999053
1.975221
2.036544
2.096435
2.083905
2.194322
2.105229
2.025830
2.043381
2.165808
2.123161
2.181483
2.048533
2.004725
1.973407
2.127696
1.968094
2.077595
1.938018
2.138606
2.143383
1.970854
1.994934
1.999441
1.923648
2.005929
2.124402
2.116214
1.969319
1.972726
2.034487
2.023148
2.031139
2.060319
2.007994
1.982106
1.990250
2.074461
1.959772
2.058657
1.857379
2.030893
2.177364
2.326466
2.126334
2.131101
2.007442
2.041092
2.060879
2.088876
2.008766
2.016578
1.848844
1.919091
2.071394
2.044008
1.939067
2.064809
1.832512
1.909198
2.042763
2.031271
2.004544
2.013659
2.064399
2.096176
1.928516
2.068472
1.877728
2.067141
2.044202
2.061131
1.920313
1.858021
1.993438
1.885875
2.146934
1.936053
2.055356
2.017493
1.982272
1.987291
1.957064
2.082582
1.919828
1.999611
1.995004
1.884249
1.951624
1.983467
1.894051
2.120563
2.011537
1.922420
1.933187
2.057123
2.058754
1.971911
1.865838
1.921837
1.977579
1.981382
2.035882
1.998645
1.918528
1.853549
1.821329
1.803513
1.982584
1.996639
2.032326
1.848844
1.997364
2.102766
2.026656
1.976294
1.859396
1.987627
2.019360
2.031062
1.792459
1.965419
1.856331
1.997376
2.003716
1.817707
1.863811
1.826387
1.805868
2.061409
1.823797
1.746617
1.971475
1.898423
2.121653
2.030186
1.912203
1.794505
1.972868
1.747478
1.813927
1.959132
1.768622
1.865180
1.889742
1.934310
1.973686
2.093903
1.915350
1.972148
1.886637
1.955037
1.812656
1.844218
2.073362
2.306106
2.048227
1.874579
1.925724
1.831838
1.871304
1.979286
1.786850
1.946084
2.019105
1.838646
1.782097
1.909841
1.845232
1.959768
2.031572
2.109872
1.800819
1.782895
2.051805
1.870612
1.871386
1.845678
1.891223
1.820134
1.725731
1.745864
1.935483
1.896561
1.964309
1.913947
1.803914
1.836487
1.588158
1.930392
1.952259
1.680020
1.941729
1.799162
1.807026
1.739066
1.851324
1.980635
1.893356
1.949477
1.697155
1.806367
1.833532
1.869228
1.914630
1.803253
1.811772
1.875602
1.827561
1.855226
1.885091
2.015477
1.871096
1.902345
1.783391
1.704701
1.866599
1.945025
1.975707
1.739451
1.611830
1.801946
1.964784
1.909127
1.810124
1.847510
1.792775
1.921223
1.841486
1.678727
1.794777
1.805835
1.889748
1.891413
1.866002
1.668180
1.735764
1.805458
2.120412
1.982067
1.946787
1.888969
1.882683
1.854309
1.824669
1.761628
2.081856
1.966615
1.791059
1.772859
1.810733
1.819042
1.820744
1.846038
1.901833
1.794426
1.839653
1.861451
1.786097
1.737532
1.870310
1.892076
1.905964
1.862017
1.821964
1.780237
1.733592
1.795554
1.734158
1.877522
1.707942
1.728178
1.741985
1.791221
1.915023
1.663512
1.844113
1.765388
1.865497
1.713347
1.670628
1.727829
1.818727
1.835539
1.747441
1.811051
1.792373
1.736258
1.793823
1.684463
1.820956
1.829790
1.779446
1.728666
1.842669
1.881815
1.814999
1.768372
1.776774
1.776286
1.685339
1.629188
1.749080
1.781282
1.787112
1.944526
1.895851
1.755984
1.560706
1.635450
1.598604
1.558864
1.618311
1.681153
1.863873
1.797014
1.852582
1.581831
1.456633
1.645472
1.749941
1.644053
1.666860
1.727334
1.835857
1.856160
1.821717
1.798488
1.682665
1.740678
1.673204
1.739075
1.692784
1.576923
1.685540
1.487471
1.772921
1.545968
1.713883
2.009815
1.754510
1.687508
1.737267
1.573977
1.643067
1.764023
1.581031
1.840161
1.736441
1.942593
1.746214
1.632467
1.711003
1.705127
1.769848
1.702542
1.649713
1.650918
1.691226
1.690739
1.781087
1.638569
1.915835
1.764640
1.857717
1.736723
1.603935
1.676028
1.713798
1.629683
1.576119
1.724837
1.552289
1.511556
1.686687
1.715551
1.737861
1.861750
1.822412
1.840392
1.682055
1.610894
1.686376
1.708825
1.726750
1.688356
1.739781
1.664623
1.694913
2.009963
1.811087
1.692267
1.753686
1.855686
1.559633
1.640995
1.605553
1.640723
1.539827
1.659777
1.763504
1.682507
1.675042
1.600503
1.777512
1.627573
1.661377
1.690566
1.624500
1.622738
1.511126
1.581708
1.731307
1.817781
1.654885
1.494621
1.921096
1.596437
1.615417
1.538175
1.774752
1.693031
1.751465
1.697671
1.669266
1.599179
1.668216
1.527815
1.640179
1.692186
1.618185
1.548767
1.479707
1.579537
1.658981
1.705013
1.771427
1.604384
1.693729
1.576264
1.558169
1.699980
1.530623
1.599338
1.615740
1.640934
1.791533
1.571653
1.714243
1.695339
1.553046
1.651216
1.691233
1.732055
1.751292
1.676517
1.633016
1.678959
1.728390
1.728127
1.602927
1.658209
1.645630
1.490738
1.635161
1.593095
1.538641
1.722169
1.725338
1.547066
1.659539
1.615339
1.547554
1.537773
1.523549
1.763169
1.666625
1.651222
1.657343
1.574417
1.716105
1.696990
1.474783
1.609464
1.729470
1.711922
1.625772
1.577394
1.759492
1.536736
1.493152
1.548321
1.601476
1.483262
1.689501
1.569335
1.460721
1.603019
1.785713
1.709354
1.565739
1.565683
1.754116
1.619416
1.704801
1.584382
1.733436
1.622484
1.624544
1.637269
1.519469
1.687299
1.755156
1.610425
1.682628
1.483060
1.592239
1.445078
1.768095
1.848023
1.759187
1.775156
1.734279
1.559706
1.538070
1.595285
1.544304
1.578155
1.473436
1.641910
1.619664
1.656728
1.649378
1.657343
1.677341
1.542221
1.661848
1.672604
1.562583
1.498991
1.578596
1.734551
1.623823
1.428350
1.397527
1.624869
1.516029
1.630618
1.685952
1.626038
1.560007
1.728743
1.454817
1.671359
1.570328
1.637145
1.582507
1.659243
1.720176
1.503480
1.548214
1.499387
1.557901
1.776376
1.536108
1.378822
1.304524
1.566598
1.590166
1.543974
1.506755
1.534796
1.655112
1.643205
1.616117
1.643992
1.564393
1.631551
1.681738
1.508137
1.721046
1.632649
1.797470
1.413482
1.663347
1.602269
1.488945
1.551739
1.569178
1.681590
1.698539
1.567562
1.519886
1.646151
1.487579
1.367703
1.501332
1.336475
1.426604
1.610599
1.741978
1.633267
1.547114
1.599271
1.491123
1.509471
1.493655
1.542154
1.490556
1.533520
1.449219
1.547573
1.456723
1.679254
1.680889
1.555525
1.633061
1.551868
1.756112
1.636391
1.589298
1.555428
1.547403
1.613679
1.438750
1.534788
1.412280
1.743923
1.596758
1.401079
1.379689
1.776878
1.686835
1.401856
1.412604
1.495223
1.500599
1.559471
1.625552
1.619130
1.319754
1.483769
1.668511
1.689635
1.622276
1.472018
1.629909
1.541575
1.532407
1.367946
1.555452
1.571191
1.529629
1.575475
1.716866
1.572227
1.441306
1.580979
1.447714
1.372668
1.543829
1.530134
1.667284
1.607953
1.532457
1.501946
1.496433
1.676072
1.444656
1.528903
1.492167
1.351681
1.352062
1.624537
1.576693
1.534781
1.427389
1.376025
1.531822
1.434506
1.576266
1.200937
1.462790
1.601663
1.581395
1.389832
1.520013
1.602778
1.554492
1.464371
1.323606
1.378102
1.537966
1.382292
1.453694
1.521775
1.465612
1.625556
1.478412
1.678121
1.414780
1.508801
1.747376
1.618874
1.497322
1.549819
1.482485
1.736731
1.658997
1.442312
1.480747
1.653332
1.610558
1.569561
1.548911
1.228992
1.464030
1.368420
1.548417
1.623424
1.440425
1.538539
1.486532
1.310118
1.694187
1.722729
1.498228
1.851460
1.627969
1.438947
1.449631
1.583397
1.509303
1.475415
1.522043
1.530079
1.507798
1.453360
1.474985
1.460680
1.514046
1.502474
1.530688
1.437976
1.485668
1.535643
1.426589
1.464880
1.684821
1.433712
1.503456
1.526224
1.442468
1.527312
1.436000
1.367054
1.323029
1.560674
1.390192
1.567481
1.345960
1.267270
1.432869
1.370674
1.233939
1.301728
1.444826
1.512279
1.467761
1.688837
1.529084
1.631366
1.594255
1.384075
1.516026
1.601878
1.445644
1.422988
1.748615
1.663947
1.369014
1.412077
1.485875
1.383164
1.613396
1.530077
1.604709
1.484549
1.496203
1.447459
1.505111
1.500747
1.564408
1.322265
1.429142
1.475087
1.527357
1.412678
1.447957
1.573108
1.341948
1.446009
1.699433
1.351822
1.376219
1.669015
1.401316
1.555980
1.478152
1.307552
1.360182
1.515550
1.475100
1.332737
1.488735
1.305169
1.431924
1.585041
1.477845
1.501968
1.549093
1.281748
1.282724
1.369386
1.280455
1.658392
1.572590
1.346161
1.397068
1.293389
1.644076
1.272245
1.355947
1.662025
1.612273
1.341808
1.505800
1.621680
1.511577
1.450725
1.306110
1.528663
1.419287
1.409640
1.383036
1.381870
1.282469
1.477201
1.311063
1.458057
1.362510
1.479371
1.343356
1.298498
1.585048
1.465597
1.276548
1.369953
1.326110
1.481939
1.594580
1.416965
1.394186
1.423850
1.331118
1.467032
1.303430
1.467462
1.344047
1.314281
1.410044
1.476842
1.342620
1.432254
1.523773
1.633789
1.405364
1.452035
1.388424
1.231213
1.397596
1.449620
1.476427
1.451386
1.404601
1.454731
1.346289
1.406879
1.381672
1.690106
1.492796
1.367479
1.589783
1.479250
1.333204
1.660146
1.395875
1.330897
1.378670
1.501489
1.396884
1.570887
1.517686
1.534017
1.391964
1.241288
1.350652
1.629633
1.421705
1.440919
1.229382
1.454015
1.358977
1.258666
1.377623
1.601538
1.465428
1.173575
1.432459
1.345710
1.339664
1.448030
1.357039
1.570393
1.408072
1.386484
1.653049
1.529601
1.434448
1.487914
1.432552
1.482219
1.564181
1.517916
1.248146
1.253770
1.374823
1.360790
1.373750
1.256469
1.378808
1.495091
1.415505
1.231142
1.258786
1.381370
1.254806
1.463273
1.412485
1.342714
1.357896
1.329524
1.392897
1.478142
1.343628
1.219856
1.256480
1.326093
1.382531
1.651857
1.368537
1.400489
1.441258
1.467962
1.392982
1.308818
1.405836
1.484653
1.396934
1.457693
1.555802
1.361637
1.551822
1.331536
1.358224
1.487658
1.285935
1.506417
1.575925
1.295650
1.353987
1.480268
1.663819
1.476460
1.498624
1.429481
1.627648
1.501635
1.435837
1.434738
1.494841
1.405404
1.381096
1.576025
1.393945
1.189760
1.309309
1.365490
1.241270
1.158636
1.522002
1.500861
1.433471
1.335065
1.286100
1.499422
1.303106
1.303549
1.488706
1.419235
1.350545
1.421540
1.175377
1.484295
1.424635
1.249590
1.614393
1.486550
1.549779
1.433542
1.314714
1.261202
1.253972
1.278940
1.329363
1.310489
1.459468
1.384568
1.226086
1.416209
1.347311
1.395424
1.366807
1.427423
1.230453
1.202796
1.110485
1.181568
1.414062
1.275539
1.209302
1.246754
1.409050
1.451549
1.549274
1.407028
1.346104
1.351989
1.476958
1.457654
1.398553
1.340523
1.075357
1.200841
1.250160
1.179191
1.310075
1.539366
1.460300
1.297659
1.516931
1.278376
1.357751
1.206963
1.245713
1.250459
1.495266
1.394027
1.136051
1.113869
1.333315
1.593304
1.329983
1.227960
1.479560
1.297035
1.136529
1.273227
1.373827
1.428017
1.209780
1.236775
1.328113
1.372590
1.462881
1.150623
1.253056
1.276280
1.240085
1.337919
1.232750
1.361842
1.393170
1.347198
1.245694
1.322205
1.225671
1.441912
1.293207
1.541490
1.389164
1.333846
1.260000
1.363753
1.319081
1.207159
1.411990
1.539446
1.504256
1.227797
1.312140
1.259664
1.425894
1.264310
1.351946
1.164261
1.228421
1.503147
1.420147
1.317753
1.344186
1.369155
1.262323
1.236382
1.295843
1.269292
1.175478
1.353076
1.340909
1.243829
1.249223
1.413826
1.278525
1.292109
1.383282
1.174120
1.502187
1.494321
1.427401
1.351556
1.297841
1.457944
1.256682
1.339108
1.349200
1.410118
1.214840
1.293660
1.401465
1.161104
1.369372
1.306858
1.491773
1.338488
1.252902
1.499596
1.428162
1.280862
1.180662
1.325667
1.411749
1.247869
1.302098
1.262747
1.286738
1.120078
1.181321
1.284979
1.220980
1.218373
1.229658
1.129317
1.469665
1.481626
1.564584
1.465486
1.347027
1.361870
1.250903
1.214439
1.446915
1.381043
1.222232
1.216602
1.178307
1.176800
1.327778
1.282580
1.382978
1.192676
1.360094
1.254266
1.217680
1.539918
1.371684
1.226776
1.403966
1.290432
1.326139
1.311481
1.171398
1.279588
1.531490
1.255477
1.153961
1.231826
1.242119
1.376273
1.252521
1.348640
1.133572
1.248746
1.336337
1.090586
1.232695
1.378626
1.275455
1.151991
1.200439
1.264758
1.464960
1.387810
1.331237
1.236133
1.199864
1.240615
1.476584
1.298515
1.094317
1.316905
1.224903
1.231913
1.333228
1.365389
1.232185
1.073288
1.295826
1.264496
1.188764
1.315208
1.270444
1.351794
1.235478
1.359917
1.472056
1.310943
1.209400
1.260463
1.386186
1.227634
1.374501
1.345847
1.326407
1.376324
1.354430
1.269581
1.362612
1.265434
1.271815
1.117982
1.228182
1.359021
1.320809
1.301652
1.299501
1.256226
1.386321
1.423292
1.238056
1.410511
1.309512
1.141155
1.277188
1.314753
1.199324
1.142442
1.230593
1.144659
1.221780
1.299523
1.185058
1.330457
1.387080
1.137661
1.267497
1.317960
1.357638
1.424318
1.528023
1.162915
1.353739
1.294156
1.456613
1.223532
1.334631
1.286075
1.169443
1.522457
1.304452
1.236786
1.368603
1.155996
1.312737
1.288218
1.380928
1.241137
1.286988
1.351882
1.108989
1.271088
1.264881
1.293814
1.141742
1.246889
1.431792
1.407618
1.277255
1.245590
1.158160
1.117411
1.267017
1.265112
1.352348
1.267142
1.101269
1.120660
1.281928
1.230626
1.433658
1.247878
1.242501
1.186714
1.072166
1.239817
1.371568
1.210670
1.123543
1.272736
1.204781
1.302373
1.273252
1.299480
1.251610
1.297083
1.242691
1.238555
1.253261
1.287134
1.166473
1.250569
1.210383
1.225296
1.458998
1.403109
1.346594
1.369639
1.238274
1.249384
1.214951
1.377112
1.358793
1.184140
1.098864
1.277747
1.169668
1.139533
1.155040
1.485392
1.251000
1.211331
1.195344
1.295756
1.335149
1.304291
1.206302
1.090139
1.300018
1.391294
1.387130
1.084836
1.164282
1.189104
1.295820
1.149543
1.359095
1.208086
1.047409
1.244951
1.191710
1.333706
1.150910
1.241977
1.283688
1.207642
1.163526
1.164358
1.168310
1.231390
1.335517
1.374554
1.321961
1.322343
1.205921
1.205298
1.106454
1.145074
1.149902
1.075785
1.186493
1.146150
1.115828
1.447790
1.175793
1.223266
1.150780
1.221857
1.249300
1.181532
1.267098
1.151025
1.179506
1.289045
1.083562
1.152160
1.262476
1.153145
1.211044
1.118116
1.209114
1.189712
1.295340
1.208466
1.320301
1.241827
1.192664
1.078898
1.218681
1.057955
1.285595
1.178113
1.104653
1.118668
1.186996
1.348429
1.129236
1.269623
1.403850
1.149974
1.257589
1.146873
1.182137
1.206270
1.250164
1.226853
1.215162
1.423463
1.297795
1.093748
1.413712
1.192317
1.146175
1.154374
1.133965
1.139010
1.103805
1.397253
1.274110
1.196085
1.093795
1.155777
1.076978
1.076021
1.176071
1.291953
1.195399
1.235548
1.185827
1.147878
1.358896
1.350938
1.168191
1.227714
1.136601
1.228550
1.236292
1.042478
1.138049
1.358829
1.164991
1.179149
1.468604
1.162274
1.310400
1.299570
1.115514
1.304513
1.244423
1.334811
1.307802
1.290072
1.336176
1.260559
1.226414
1.281704
1.169497
1.167800
1.097981
1.103423
1.131772
1.060993
1.091774
1.051157
1.046395
1.295522
1.298853
1.228667
1.106462
1.179654
1.216967
1.463275
1.300902
1.275839
1.323090
1.152067
1.106537
1.156435
1.172187
1.043825
1.109918
1.131193
1.194419
1.281191
1.113513
1.131050
0.941883
1.168656
1.040361
1.262914
1.236426
1.331770
1.210763
1.074569
1.186387
1.183680
1.102931
1.344697
1.417451
1.355431
1.307492
1.198758
1.293341
1.165129
1.298292
1.227051
1.201673
1.206247
1.116142
1.345887
1.279898
1.333180
1.046335
1.150675
1.086447
1.237146
1.123438
1.191364
1.208325
1.255931
1.158622
1.116990
1.082859
1.078470
1.308877
1.224998
1.216593
1.311558
1.150883
1.214350
0.927394
1.100788
0.978131
1.028936
1.263734
1.127167
1.313712
1.151566
1.300809
1.257442
1.382613
1.117706
1.120316
1.249375
1.083476
1.079839
1.119870
1.102058
1.031404
1.334290
1.255760
1.199741
1.166785
1.237093
1.148163
1.158839
1.189552
1.071352
1.066229
1.037095
1.232703
1.117515
1.170033
1.112774
1.216048
1.248638
1.302944
1.139161
1.081919
1.059070
0.960471
1.094946
1.056982
1.180459
1.297736
1.229975
1.317072
1.279751
1.379212
1.181010
1.446150
1.248504
1.149687
1.317244
1.283133
1.255327
1.153574
0.962029
1.220649
1.132597
1.322274
1.144794
1.184179
1.124622
1.191244
1.245195
1.158851
1.020096
1.140200
1.025461
1.167757
1.305246
1.313079
1.150703
0.973191
0.983569
1.148615
1.215681
1.288004
1.277816
1.099309
1.057973
1.236198
1.062340
1.321619
1.283871
1.375068
1.215959
1.304551
0.982658
1.183242
1.124487
1.126351
1.074530
1.298337
1.156294
1.037037
1.129406
1.377360
1.059678
1.079642
1.263251
1.038089
1.122642
1.026733
1.323552
1.217792
1.000585
1.000186
1.035743
1.193733
1.199701
1.084629
1.052585
1.102147
1.022148
1.181511
1.078408
1.187743
1.252167
1.057148
1.196664
1.207683
1.173455
1.180017
1.240868
1.057215
1.193190
1.251723
1.379521
1.228304
0.965572
1.142724
1.173025
1.046454
1.145654
1.254395
1.319968
1.092331
1.085978
1.020817
1.033653
1.210223
1.176829
1.243430
1.227442
1.045780
1.140750
1.183810
1.150232
1.047555
1.158810
1.226496
1.084414
1.270431
1.144725
1.235120
1.110634
1.099640
0.929759
1.107287
0.976446
1.094506
1.223951
1.289269
1.258971
1.100407
1.232920
1.005876
1.228660
1.230353
1.092036
1.196894
1.095811
1.117132
1.212348
1.160870
1.092409
1.093567
1.234389
1.152510
1.051737
1.106769
1.038184
1.182282
1.040143
1.254221
1.290392
1.198182
1.158384
1.068995
1.020805
1.300289
1.074172
1.196469
1.288548
1.286249
1.104625
1.133983
1.262462
1.013530
1.110408
1.138904
1.103223
0.883705
1.083358
1.187732
1.217532
1.223333
1.130407
1.380465
1.066028
1.347449
1.273452
1.117799
1.103258
1.165507
1.075491
1.090380
1.112934
0.962405
1.140139
1.064662
1.228786
1.165554
1.012673
1.014197
1.053742
1.125538
1.060024
1.250284
1.261718
1.159627
0.992315
1.199898
1.183070
1.205367
1.234948
1.108176
1.070400
1.100287
1.079106
1.193096
1.338274
1.152601
1.031561
0.996397
1.321805
1.093575
1.197061
1.222265
1.092532
1.097035
1.274918
1.100360
1.128121
1.150045
1.295065
0.970685
0.982184
1.107621
1.181152
1.221398
0.980816
1.074641
1.068778
1.279437
1.211528
1.016590
1.206778
1.125379
1.088796
0.871710
1.304628
1.049023
1.197304
1.037159
1.153132
1.176760
1.201791
1.148368
1.144249
1.084446
0.939916
1.092256
1.289459
1.199156
1.117323
0.923842
1.095952
1.172266
0.989166
1.020869
1.190507
1.196177
1.140741
1.017111
1.249525
1.159584
1.285548
1.017295
1.054174
0.995683
1.116775
1.251064
1.061474
1.157814
1.098590
1.160496
1.074917
1.150988
1.115063
1.124596
1.137672
0.993376
1.108070
1.137547
0.974017
1.076579
1.112281
0.989836
1.149273
1.358525
1.049180
1.186476
0.952099
1.081820
1.126086
1.117494
1.119231
1.208350
0.995861
0.972618
1.072491
1.071207
1.056621
1.085431
1.186590
1.015582
1.032050
0.987232
1.071374
1.093977
1.099754
1.135473
1.415998
1.080262
1.216676
1.060916
1.069830
0.995645
1.118696
1.137602
1.276639
0.982787
0.963539
1.077800
1.089831
1.249894
0.975414
1.000751
1.081743
1.113265
1.070060
1.076525
1.119080
1.058053
1.244096
1.119127
1.135417
1.113824
0.925770
1.220474
1.194714
1.078113
1.133594
1.087780
1.110217
1.006534
1.223956
1.086887
1.051147
1.135725
0.947343
1.158758
1.036961
1.060343
1.252721
1.318113
1.146243
0.970796
0.969573
1.079459
1.081163
0.941823
1.015198
1.160564
1.048622
1.101509
1.001256
1.385440
1.108884
0.950307
1.020032
1.104153
1.239310
1.153058
1.067037
1.254184
1.260906
1.042754
1.130799
0.946183
0.948771
1.093279
1.111479
1.141713
1.038003
1.183986
1.077534
1.044925
1.058697
0.964757
1.029037
1.033329
1.173696
1.061301
1.083943
0.932250
1.088736
1.154270
1.161418
1.240712
1.005557
1.101861
1.145376
0.978900
0.943871
0.988448
1.001912
1.100847
1.004609
1.014521
0.930312
1.096065
1.059324
0.957318
1.204249
1.199535
1.087517
1.270335
1.004118
1.312270
1.017324
1.065335
0.939516
1.021808
0.960107
1.042087
1.051853
1.170301
1.131190
1.337690
0.962710
0.952056
1.272631
1.173336
1.118650
1.169094
1.204704
0.997038
0.951147
1.126732
0.932518
1.182004
1.196217
1.118814
1.026377
1.346714
1.101157
1.115548
1.035783
1.072719
1.047590
0.914701
1.101271
1.247066
0.961907
1.041526
1.303906
1.178316
1.055526
1.066618
0.997506
0.951851
1.200072
0.991334
1.081448
1.022755
1.141871
0.990251
1.031192
1.136276
1.042366
1.163425
1.080065
1.164603
0.955557
0.991298
0.910846
1.044020
1.040905
1.051878
1.111157
1.032746
1.034827
1.051188
1.067790
0.973706
1.044808
0.999753
1.037791
1.003171
1.118552
1.131087
1.022915
0.931072
0.958872
1.135943
0.871689
1.162747
1.101474
0.968904
1.266580
1.084547
0.924448
1.045052
1.144980
0.998826
0.821110
1.016076
0.904821
0.952565
1.069797
1.348341
0.990716
0.974378
0.977907
0.965626
0.841541
0.932390
1.044513
1.235350
1.168408
1.053490
1.046451
1.057932
1.037738
1.339284
1.075087
1.117007
1.167024
1.072422
1.215461
1.132648
0.807347
0.951260
1.047868
1.118180
0.927925
1.138404
1.126589
1.160180
1.132779
0.838290
1.144970
1.037729
1.121849
1.236210
1.139746
0.977901
1.065793
1.146518
1.104744
1.130259
0.995355
1.168463
1.186762
1.059160
1.123688
1.145362
1.109286
1.040182
1.016349
0.942707
1.031594
1.114790
0.959703
0.974171
1.045473
0.978621
0.955496
1.095540
1.081971
1.234567
1.045904
0.978770
1.152653
1.235592
1.253389
1.062559
1.097960
1.011920
1.231944
0.891711
0.950339
0.958965
0.950486
1.156242
0.993400
1.057235
1.071008
0.993670
0.933682
0.992329
0.929600
1.027104
0.964782
1.068966
0.845064
1.050263
0.959184
1.151038
1.243307
1.078138
0.946723
1.018321
0.849395
0.973404
0.971487
1.258106
1.093260
1.018616
1.087855
0.949980
0.975886
0.999411
1.012454
1.093823
0.812367
1.000231
1.141880
0.940151
0.971777
1.047938
0.999658
1.093810
0.886831
1.201897
1.001209
1.138219
1.192095
0.983252
0.989184
1.074369
0.871562
0.979656
1.017181
0.992279
1.109834
1.049792
0.935671
0.903765
1.170572
0.967259
0.903580
1.030392
1.088398
0.884741
0.921912
1.355280
1.027422
0.968343
1.108440
0.965611
1.107465
0.924507
0.824584
1.022454
0.933388
1.082733
0.973889
0.945742
1.064702
0.869003
1.113914
0.970797
0.847700
1.089714
1.117917
1.199743
0.903441
1.133631
1.177471
0.904099
0.972549
1.239123
0.924733
1.005504
0.999730
0.939245
0.956993
1.067732
1.128841
1.016103
1.067117
1.091913
0.915206
0.981635
0.966875
1.001400
0.890022
1.098809
0.882539
0.840971
1.042791
1.174094
1.047727
0.884532
1.093333
0.886071
1.067375
1.060709
0.999990
0.914352
0.888024
1.099495
1.119383
1.012140
0.989912
1.079997
0.967655
1.084283
1.067784
1.057947
0.950614
1.013829
1.301902
1.222520
1.069631
1.003045
1.136593
1.050274
0.857854
1.018600
0.889080
0.930085
0.924358
0.937922
0.983987
1.030402
0.961428
0.880560
0.995228
0.860551
0.952627
0.998722
0.967534
0.994591
0.868252
0.895811
0.964964
1.055324
1.159730
0.869032
1.094241
1.001759
0.925234
1.034925
1.065688
1.014680
1.037723
1.096597
0.997714
1.061239
1.052750
1.088490
0.977218
0.875890
1.011456
0.927122
1.062434
1.078418
0.982283
0.905377
0.926918
1.063231
1.049718
1.047072
1.224876
0.981040
1.013468
0.946949
0.962042
1.282815
1.074404
1.110029
0.967546
0.961010
1.178532
0.883432
0.934895
1.103261
0.865895
1.128260
0.970461
1.150479
0.923882
1.027456
0.968146
0.881877
1.007544
1.017086
0.933215
0.999179
0.878295
0.859828
0.992926
0.907132
0.900836
1.209109
0.969251
1.231015
1.095694
0.944744
0.929036
0.994438
0.999780
0.833427
1.090127
1.008102
0.987873
0.885771
0.882885
0.861816
1.095787
0.951732
0.831295
1.073978
1.024100
0.904952
0.948944
1.033944
0.863369
1.117483
1.103324
0.755673
1.059329
0.833032
0.932724
1.027107
0.984426
0.842108
0.845111
1.147178
0.929990
0.863769
0.847687
0.830194
0.879772
1.056485
0.951409
0.916352
1.023770
1.060976
0.907736
1.060329
1.169048
1.045143
0.983676
1.184333
0.860948
1.096155
0.964487
0.935163
0.940073
1.000847
0.836785
0.783677
0.807175
1.163308
0.973026
0.980684
0.884918
0.932638
0.869987
1.271179
1.034652
0.992198
0.912741
0.819770
1.044207
1.007212
0.888540
0.888064
0.992388
1.140621
1.117749
0.957122
0.887159
0.827736
0.848298
1.023332
0.952418
0.850399
1.030375
1.067605
0.993726
0.923614
0.973487
0.929416
0.997151
1.015223
0.860406
0.986949
1.005106
1.001415
0.972192
0.920326
0.836534
1.015803
1.058174
0.890109
1.235962
0.948074
1.062103
0.985446
1.048782
0.861274
1.123968
0.920097
1.075743
0.871910
1.008795
0.932146
0.801366
0.871361
1.058526
1.134787
1.007326
1.144214
0.837128
0.900738
0.957925
1.064001
0.824234
0.832081
0.971510
0.958016
1.213405
0.858329
1.040370
0.950272
0.953262
1.035143
0.917480
0.930936
0.819816
0.809790
0.957798
0.935147
0.838026
0.920701
0.903303
0.960400
0.953750
0.937119
0.985074
0.858247
0.961802
0.994442
0.880665
0.922540
0.941114
0.941730
1.012868
0.925813
0.914150
1.045454
1.080679
0.948294
0.957929
0.785078
0.969909
0.674383
0.846067
0.954137
0.951574
0.855277
0.901499
0.762707
0.870878
0.906519
0.905853
1.021454
1.038842
1.042885
1.013191
0.766141
0.941495
0.900514
0.763987
0.889338
1.008341
0.955822
0.886652
0.820828
1.085141
1.104582
0.749878
0.865815
0.954683
0.798865
1.039586
1.111257
1.113094
1.006019
0.931386
0.904843
0.938617
0.979467
0.840617
1.018653
1.163133
1.077484
0.714312
0.936743
0.857723
0.813136
0.832925
1.159860
1.166393
1.109112
0.927138
0.756643
0.966666
0.983253
1.115440
1.063618
0.912232
0.816433
0.873940
1.003929
0.796098
0.925973
0.965465
0.813245
1.159075
1.007748
1.157765
0.941097
0.895043
1.095570
0.984688
0.984593
1.006907
1.044673
0.747723
1.054619
1.005560
1.064899
1.063152
1.075345
0.953428
0.996026
0.885578
0.981605
0.837741
1.023934
0.956690
0.914059
0.764460
1.078551
0.831511
0.899418
0.897685
0.911014
0.954454
0.792773
0.893780
0.903729
0.869573
1.180331
0.749250
1.038708
1.232495
0.930012
0.948278
1.028385
0.975967
0.991066
0.786415
0.995122
1.043733
0.942364
0.957549
0.995154
0.858120
0.901947
0.853581
0.853898
0.885149
0.895792
0.896097
0.865646
1.018909
1.124365
0.880444
0.970731
0.905345
0.825275
0.822095
0.792378
0.812260
0.822453
0.933656
0.937372
1.030664
1.013144
0.875579
0.937411
0.911966
1.019325
1.002225
1.104363
0.917619
0.913240
0.853490
0.868283
1.063677
0.950184
0.822561
0.907547
0.891661
0.980554
0.830451
0.930522
1.081576
0.942696
0.798208
0.793015
0.795334
1.063476
0.766570
1.044817
0.974293
1.053816
0.977368
0.899907
0.841438
1.007026
0.921556
0.934790
0.907092
1.041221
0.936926
0.920088
0.805057
0.836976
0.932764
0.935772
0.955333
0.869344
0.822023
0.988005
0.837852
0.714679
0.874377
0.833394
0.783062
1.020592
0.978047
0.816191
0.813552
0.933771
0.913886
1.139158
0.884476
1.030655
1.015521
0.952861
0.957875
0.848105
0.752963
0.774083
0.987069
0.930467
0.832959
0.987405
0.964298
0.989412
0.882874
0.987612
0.944304
0.825592
0.750291
0.763864
1.142616
1.036464
0.801990
0.861754
0.890917
0.864003
1.000778
0.965905
0.953682
0.823788
1.001639
0.746556
0.781760
0.848753
0.785849
1.086739
0.796012
0.767846
0.893003
1.027412
0.790414
0.844876
1.034757
0.967805
0.825353
0.888223
0.927720
1.029174
0.837215
0.840385
0.839551
0.937790
0.971114
1.148686
1.030867
0.869215
0.914555
1.115281
0.873563
0.843484
0.839984
0.746936
0.816280
0.854322
0.873351
0.945071
0.973279
0.850380
0.810082
0.896689
1.058181
0.864234
0.774278
0.773157
0.905454
1.021413
0.787563
0.920422
0.879466
1.024913
0.883762
0.937235
0.886685
0.717548
1.020087
1.022233
1.062534
0.953160
1.025613
0.938385
0.903183
1.005013
0.796749
1.022889
0.855841
0.869899
0.835354
1.062538
0.926415
0.846487
0.931674
1.028006
0.892597
0.961452
0.871165
0.799896
1.141670
0.848137
0.962830
0.998754
0.767956
0.771690
0.872216
0.866404
0.899448
0.823010
0.929720
1.016944
0.791587
0.965530
1.032276
0.907598
1.024210
0.949703
0.829174
0.883436
1.076202
0.853686
0.852745
1.089085
0.890276
0.946697
0.746808
0.783376
0.773498
0.824298
0.862911
0.842150
0.882285
0.872098
1.013395
0.814314
0.733610
0.863910
0.837735
0.958893
0.772897
0.789355
0.854241
0.895624
0.853130
0.782316
0.956505
0.997917
0.951569
0.861805
0.774256
0.936907
0.903773
0.924454
0.773442
0.771015
0.957701
0.984248
0.861666
0.902044
1.063804
1.095164
0.824967
0.806289
1.038321
0.961522
0.788316
0.958122
0.865896
0.867595
0.921850
1.010671
0.867911
0.942206
0.816612
0.805203
0.795419
0.869013
0.950760
0.885450
0.926656
1.064836
0.913085
0.915684
0.897706
0.810839
0.830373
0.923803
0.785163
0.847417
0.796607
0.760831
0.908687
0.914495
1.110511
0.929719
0.921629
0.875373
0.881963
0.719481
0.879198
0.895756
0.921436
0.865062
1.082250
0.812141
0.906155
0.839771
0.807538
0.778575
0.966181
0.771141
0.783944
0.902586
0.777094
0.927398
0.817438
0.814458
0.921567
0.891535
0.862395
0.842125
0.816568
0.788502
0.950288
0.954506
0.939514
0.993391
0.966376
0.918050
0.908290
0.928161
0.803092
0.881320
0.821113
0.908618
0.843848
0.775998
1.054281
0.922438
0.769053
0.854223
0.819296
1.044199
0.852092
0.856044
0.793275
0.849659
0.924134
0.883423
0.998758
0.907489
0.801212
0.859906
0.821661
0.884261
0.942688
0.939616
1.007607
0.902155
0.772550
1.057982
1.060228
0.922899
1.033218
1.034011
0.784265
0.850800
0.983047
0.762980
0.904092
0.774969
0.975656
1.008118
0.853907
0.752810
0.923213
0.742204
1.067277
1.022168
0.901883
0.916832
0.876563
0.868628
0.994725
0.901307
1.056247
0.774495
0.718566
0.913489
0.860684
0.825694
0.959103
0.991496
0.733581
0.884608
0.819105
0.720069
0.714535
0.811808
0.832637
0.813317
0.942235
1.001244
0.964549
0.864281
0.817593
0.671806
0.796639
0.819635
0.879158
0.710785
0.986646
0.857635
0.738274
0.865943
1.017383
0.834542
0.831645
0.930612
0.933890
0.820090
0.765977
0.781191
0.651039
0.714094
0.889362
0.860954
0.992234
0.719285
0.906390
0.814789
0.754440
0.888293
0.829029
0.863194
0.898215
1.011978
0.934725
0.773009
0.694096
0.922702
0.930142
0.931338
0.820176
0.900252
1.012203
0.754628
0.758180
0.764964
0.906968
0.841085
0.811861
0.962904
0.933240
0.746732
1.032261
1.010346
0.988484
0.980310
0.775249
0.891409
0.924096
0.869800
0.858281
0.825237
0.792359
0.904425
0.919420
0.759685
0.839261
0.860330
0.792393
0.850542
1.011254
0.867716
0.848661
0.917190
0.796089
0.873761
0.946776
0.799096
0.816825
0.908405
0.794747
0.820519
0.816286
0.798734
0.956194
0.808252
0.640001
0.852893
0.742200
0.895950
0.864462
0.844276
0.890542
0.812651
0.851587
0.965721
0.715853
0.822462
0.828256
0.951475
0.893060
1.133118
1.026697
0.864368
0.964982
0.772839
0.787774
0.855417
0.825950
0.745704
0.887732
0.840805
0.858758
1.044522
0.892525
0.860194
0.859073
0.841030
0.743167
0.711510
0.784971
0.754898
0.694978
0.883317
0.920186
0.753107
0.846837
0.938790
0.759746
0.875086
0.732088
0.904440
0.758041
0.916677
0.823708
0.943585
0.712101
0.854638
0.958461
0.897931
0.921862
0.785601
0.913515
0.759693
0.879673
0.881238
0.884607
0.714998
0.866754
0.967430
0.783008
0.873096
0.684140
0.780911
0.681451
0.753372
0.782660
0.822782
0.646153
0.971890
0.822234
0.958818
0.785472
0.949139
0.839292
0.820765
0.991997
0.704217
0.882353
0.749633
0.881548
0.669183
0.777099
0.834958
0.738406
0.951123
0.732077
0.884080
0.819696
0.740385
0.858752
0.961189
0.841515
0.822279
0.767094
0.891340
0.817979
0.712344
0.997544
0.851690
0.786699
0.935390
0.888841
0.743401
0.809864
0.894901
0.860042
0.718284
0.679858
0.918203
0.871757
0.964410
0.738734
0.820777
0.963615
0.941018
0.822961
0.727834
0.876949
0.875113
0.764562
0.816381
0.855705
0.756814
0.899943
0.756085
0.728954
0.909527
0.823258
0.961648
0.882617
0.833476
0.793878
0.686436
0.741013
0.770218
0.747051
0.915001
0.779345
0.894494
0.822623
0.842578
0.823286
0.749449
0.785880
0.710050
0.790900
0.693389
0.829623
0.864433
0.746154
0.644553
0.919095
0.793090
0.830279
0.907934
0.812761
0.781215
0.920892
0.845037
0.803217
0.883653
0.865693
0.733240
0.833030
0.874194
0.742693
0.817399
0.853691
0.915933
0.875348
0.837369
0.774670
0.854146
0.828488
0.877675
0.824828
0.903060
0.850139
0.731784
0.847386
0.857902
0.825735
0.849504
0.778070
0.861080
0.833947
0.751643
0.971795
0.902017
0.821139
0.850424
0.808913
1.066046
0.808878
0.810216
0.781015
1.015377
0.930198
0.735298
0.911285
0.832418
0.898544
0.813455
0.706782
0.957798
0.781441
0.807406
0.918516
0.703073
0.964667
0.823334
0.759025
0.772418
0.907994
0.796529
1.078141
0.852011
0.735907
0.889575
0.610060
0.723977
0.747189
0.736509
0.796406
0.802292
0.728729
0.895686
0.882513
0.809142
0.736615
0.706927
0.797344
0.631987
0.741855
0.773998
0.746829
0.854617
0.910557
0.842844
0.877573
0.861974
0.662012
0.818245
0.833996
0.924385
0.800527
0.794238
0.832843
0.913104
0.751875
0.707189
0.817241
0.823424
0.861354
0.825999
0.882970
0.861672
0.875700
0.743281
0.750005
0.802311
0.971805
1.050850
0.789643
0.653664
0.843305
0.897061
0.728414
0.888267
0.767684
0.794818
0.709130
0.786640
0.927384
0.981995
0.826545
0.862889
0.804305
0.854149
0.765998
0.731205
0.761584
0.860710
0.703314
0.759306
0.735690
0.706821
0.943267
0.722747
0.829529
0.847891
0.792488
0.786833
0.568881
0.791915
0.729328
0.699129
0.790340
0.674507
0.643204
0.778219
0.846655
0.772731
0.711934
0.840687
0.669221
0.810008
0.803762
0.783309
0.720120
0.680062
0.717509
0.836362
0.972956
0.912123
0.701406
0.857091
0.892832
0.766477
0.725203
1.012774
0.863683
0.683909
0.764706
0.760338
0.815908
0.755043
0.809054
0.793530
0.807385
0.925475
0.821028
0.588924
0.747550
0.841188
0.943233
0.680498
0.858204
0.836273
0.773029
0.833909
0.702032
0.601055
0.743215
0.687519
0.808759
0.728972
0.767542
0.714010
0.850078
0.829289
0.769662
0.779087
0.811718
0.782770
0.860821
0.812090
0.798728
0.765397
0.617405
0.784319
0.858083
0.749032
0.741077
0.730773
0.716115
0.741181
0.862416
0.758150
0.904554
0.822645
0.898367
0.690206
0.755108
0.723341
0.738750
0.865743
0.719419
0.952904
0.836428
0.733969
0.881936
0.885251
0.764161
0.776716
0.842043
0.886424
0.724247
0.947367
0.803740
0.762241
0.754196
0.635824
0.751608
0.790323
0.666395
0.849894
0.668624
0.862196
0.909333
0.754087
0.903594
0.713376
0.884223
0.835696
0.804734
0.777504
0.947232
0.700896
1.039980
0.879533
0.629551
0.853137
0.824813
0.831095
0.795842
0.784158
0.819256
0.847249
0.746566
0.816480
0.731528
0.949796
0.907102
0.780578
0.801013
0.817461
0.647432
0.772043
0.736487
0.768152
0.697630
0.769795
0.675491
0.768851
0.683069
0.747039
0.885275
0.779546
0.848934
0.729584
0.768192
0.961279
0.760165
0.773523
0.738235
0.831027
0.853978
0.770335
0.787026
0.774397
0.674065
0.726917
0.758508
0.835436
0.834466
0.925222
0.744581
0.865303
0.762961
0.569475
0.773740
0.845685
0.796022
0.761188
0.882264
0.765850
1.007006
0.830379
0.888914
0.787349
0.864150
0.787309
0.689592
0.877242
0.817559
0.832550
0.894030
0.787371
0.831956
0.956150
0.810659
0.837485
0.772573
0.721007
0.826550
0.984340
0.775439
0.702199
0.755117
0.895747
0.779333
0.813158
0.702055
0.856102
0.799486
0.590915
1.030041
0.881222
0.854270
0.603116
0.701550
0.775117
0.786843
0.717365
0.721671
0.793136
0.795586
0.776335
0.990414
0.773397
0.721792
0.754551
0.587970
0.963859
0.759970
0.900869
0.709512
0.689800
0.720971
0.763211
0.730240
0.710458
0.912196
0.739965
0.731341
0.825365
0.889157
0.765720
0.744821
0.778985
0.840602
0.770196
0.800035
0.718752
0.786518
0.779231
0.690474
0.859083
0.749546
0.837274
0.795725
0.811599
0.844588
0.624496
0.737267
0.807236
0.735623
0.770751
0.782331
0.733176
0.712942
0.755153
0.771365
0.699017
0.776809
0.767358
0.870760
0.770618
0.981108
0.915930
1.099688
0.764707
0.831333
0.818045
0.847494
0.661584
0.744979
0.765213
0.772316
0.733275
0.794950
0.742495
0.826803
0.861622
0.789561
0.605813
0.602219
0.698745
0.840475
0.808702
0.635007
0.666923
0.854099
0.794163
0.768123
0.717517
0.779018
0.803564
0.858376
0.711164
0.640856
0.766600
0.974678
0.836838
0.974674
0.675597
0.789403
0.677246
0.757847
0.624844
0.807221
0.724898
0.862278
0.716507
0.750954
0.722359
0.794877
0.819175
0.902149
0.735282
0.759684
0.795106
0.913314
0.637068
0.762782
0.935695
0.677150
0.783151
0.711333
0.703318
0.817527
0.702734
0.696720
0.782660
0.793618
0.629475
0.888316
0.744150
0.829750
0.913811
0.806698
0.753564
0.912126
0.883885
0.810735
0.873853
0.805076
0.824850
0.898532
0.651477
0.717358
0.741876
0.786712
0.622370
0.569504
0.824052
0.792753
0.693884
0.840135
0.749810
0.692296
0.865254
0.842705
0.893136
0.903757
0.678471
0.716883
0.763372
0.723526
0.679493
0.714458
0.743306
0.788727
0.790742
0.676049
0.736965
0.808246
0.767917
0.775803
0.864050
0.907718
0.746165
0.649599
0.755415
0.685882
0.681097
0.710855
0.635447
0.632770
0.701980
0.785105
0.906909
0.781475
0.600482
0.880267
0.721730
0.764568
0.736126
0.786873
0.882438
0.793779
0.907578
0.664810
0.674887
0.697939
0.735247
0.642539
0.763887
0.803776
1.015353
0.720911
0.680011
0.786228
0.761735
0.666323
0.673542
0.809321
0.719011
0.775810
0.708351
0.740433
0.797133
0.705595
0.774792
0.881645
0.755967
0.722674
0.672326
0.872140
0.626623
0.717073
0.970155
0.759703
0.903345
0.821218
0.735462
0.575574
0.701705
0.630507
0.788505
0.825648
0.879503
0.795480
0.790487
0.687519
0.688339
0.769795
0.761532
0.834111
0.879559
0.610179
0.794458
0.716519
0.734909
0.881772
0.786315
0.931945
0.662918
0.796520
0.724083
0.703731
0.613175
0.797056
0.772765
0.780734
0.748111
0.753583
0.732415
0.868724
0.717300
0.709116
0.633730
0.915701
0.732026
0.721254
0.648257
0.694271
0.792871
0.692147
0.812565
0.741917
0.681725
0.626742
0.826474
0.814853
0.658022
0.695279
0.657916
0.669200
0.690148
0.739160
0.734263
0.896947
0.838352
0.779801
0.717334
0.713341
0.647289
0.695444
0.679835
0.652486
0.826980
0.765690
0.765782
0.853595
0.638853
0.582010
0.623493
0.795672
0.865364
0.701061
0.708211
0.908831
0.865025
0.690282
0.791131
0.884813
0.634606
0.872610
0.861945
0.859311
0.784410
0.773324
0.836028
0.758917
0.648077
0.645153
0.712247
0.780539
0.631177
0.713966
0.586240
0.809172
0.773773
0.817176
0.647123
0.923540
0.655933
0.661634
0.709525
0.677283
0.737231
0.761952
0.730243
0.819550
0.903714
0.677524
0.670131
0.770152
0.684573
0.574853
0.820927
0.644373
0.737876
0.819882
0.778006
0.835170
0.681724
0.771461
0.858206
0.845005
0.692865
0.780665
0.812783
0.750661
0.756087
0.748389
0.845702
0.682861
0.894616
0.780541
0.928998
0.824577
0.786908
0.775240
0.593559
0.659106
0.670037
0.777250
0.784511
0.822957
0.683814
0.690080
0.703706
0.629385
0.577991
0.868545
0.838949
0.639506
0.703659
0.881910
0.745944
0.687476
0.568529
0.813272
0.684523
0.708587
0.783832
0.613892
0.814888
0.629346
0.673934
0.728457
0.895261
0.599427
0.649114
0.717025
0.627943
0.744207
0.698518
0.689629
0.646345
0.590067
0.826167
0.734625
0.895637
0.678822
0.639406
0.716375
0.754726
0.666444
0.730809
0.661124
0.623122
0.646093
0.744094
0.770837
0.723099
0.625631
0.720033
0.677388
0.644230
0.813078
0.784001
0.812917
0.799364
0.766096
0.713839
0.862393
0.822782
0.799719
0.740940
0.764608
0.724070
0.856957
0.767416
0.858081
0.758401
0.805042
0.727157
0.587477
0.707574
0.691865
0.717164
0.640317
0.674488
0.656270
0.677035
0.782571
0.733446
0.721955
0.727402
0.572169
0.702343
0.681107
0.794636
0.855386
0.842634
0.705294
0.774580
0.852657
0.573924
0.803958
0.661254
0.630752
0.781066
0.993973
0.832171
0.741431
0.925397
0.712576
0.591448
0.825575
0.648082
0.753687
0.521583
0.778254
0.713628
0.740167
0.650249
0.730481
0.779362
0.636895
0.719793
0.658702
0.660271
0.765542
0.747889
0.728511
0.620152
0.651276
0.741104
0.727246
0.886855
0.915998
0.737530
0.703216
0.699779
0.804045
0.661985
0.817969
0.716045
0.806955
0.628271
0.757864
0.889113
0.735912
0.691936
0.714245
0.699079
0.607225
0.891514
0.796594
0.871998
0.749067
0.790721
0.733420
0.600040
0.703866
0.773066
0.765125
0.692039
0.670377
0.670457
0.731369
0.774342
0.634673
0.669003
0.877918
0.628080
0.818235
0.813797
0.695733
0.758891
0.810819
0.548551
0.714402
0.656951
0.546362
0.663683
0.593451
0.635514
0.783982
0.640534
0.891625
0.626061
0.673152
0.771947
0.900242
0.702997
0.590433
0.693901
0.709985
0.802842
0.744183
0.664553
0.795026
0.711111
0.648614
0.710084
0.649138
0.624735
0.822359
0.705391
0.677299
0.721872
0.743854
0.706978
0.555264
0.740914
0.874989
0.614869
0.662748
0.636487
0.781548
0.780220
0.910403
0.644905
0.703622
0.795023
0.664952
0.707752
0.752295
0.715137
0.731066
0.684083
0.581864
0.603990
0.601749
0.649484
0.830867
0.615401
0.719359
0.702118
0.728087
0.805922
0.698668
0.722890
0.742308
0.662799
0.623085
0.691667
0.623358
0.719217
0.690149
0.817194
0.697004
0.607595
0.595392
0.755343
0.697198
0.713972
0.595242
0.768169
0.828310
0.592013
0.606226
0.697965
0.598780
0.641078
0.629764
0.807033
0.735684
0.616241
0.590341
0.809218
0.667579
0.755793
0.665440
0.759762
0.721641
0.654980
0.608951
0.693908
0.609614
0.732368
0.744569
0.687582
0.603854
0.753122
0.887089
0.770135
0.754798
0.659604
0.792095
0.668279
0.715841
0.713316
0.650536
0.767888
0.681433
0.779705
0.687588
0.597042
0.827138
0.787567
0.662002
0.675041
0.840230
0.665370
0.710673
0.571433
0.631981
0.750091
0.624442
0.650353
0.596204
0.731848
0.623715
0.714258
0.582553
0.735611
0.726138
0.730999
0.567887
0.694199
0.765368
0.701020
0.732603
0.726842
0.940140
0.765565
0.602931
0.638537
0.646494
0.658898
0.615011
0.600016
0.716631
0.683492
0.736001
0.693015
0.686142
0.626409
0.663540
0.825950
0.716634
0.590764
0.764179
0.701299
0.511885
0.633054
0.730059
0.632403
0.669809
0.691351
0.671743
0.831601
0.692576
0.745623
0.665311
0.634160
0.695049
0.696087
0.638488
0.666137
0.595223
0.682830
0.776267
0.750900
0.745080
0.750236
0.723954
0.656451
0.871914
0.755828
0.732427
0.675481
0.827899
0.625096
0.756859
0.595996
0.821898
0.570449
0.692531
0.832068
0.725940
0.824500
0.742748
0.751949
0.639104
0.718484
0.797723
0.783780
0.685549
0.592965
0.666641
0.601154
0.694185
0.755269
0.579435
0.636646
0.609455
0.826437
0.576156
0.770148
0.603719
0.763792
0.747075
0.756024
0.841776
0.603452
0.681069
0.597324
0.590537
0.670460
0.790089
0.651899
0.809351
0.717053
0.633733
0.808980
0.801005
0.822759
0.642814
0.560688
0.668237
0.620967
0.828135
0.827923
0.581127
0.771385
0.820362
0.687380
0.626978
0.799587
0.734392
0.635099
0.782879
0.834324
0.713073
0.692201
0.735964
0.635220
0.713166
0.673352
0.726457
0.714287
0.767801
0.699112
0.822014
0.679758
0.658817
0.652164
0.670786
0.700773
0.639812
0.688078
0.764119
0.647493
0.796703
0.791719
0.743345
0.744915
0.629402
0.666742
0.633481
0.670593
0.562390
0.665418
0.572826
0.753365
0.705019
0.907276
0.774822
0.761806
0.746489
0.623397
0.647712
0.636326
0.694323
0.658195
0.621765
0.706539
0.622248
0.651324
0.612775
0.805449
0.652117
0.674495
0.699899
0.632632
0.692941
0.701867
0.676780
0.857367
0.709166
0.669783
0.747855
0.606039
0.590882
0.710983
0.713608
0.598480
0.494776
0.766264
0.593796
0.484714
0.553041
0.731988
0.690076
0.626575
0.551814
0.783980
0.702368
0.626216
0.646295
0.589202
0.601070
0.659847
0.811204
0.746185
0.797909
0.717198
0.676114
0.825731
0.586901
0.884498
0.819369
0.664233
0.626966
0.703727
0.775280
0.650882
0.517431
0.699104
0.741927
0.652743
0.744787
0.613585
0.706296
0.725308
0.548293
0.709345
0.633309
0.665466
0.710524
0.717203
0.665703
0.635269
0.643093
0.615872
0.754061
0.669069
0.732589
0.759560
0.715149
0.719060
0.720300
0.621891
0.696254
0.676061
0.627297
0.609474
0.679368
0.657737
0.628574
0.657684
0.702047
0.629116
0.597422
0.750067
0.707816
0.660829
0.874930
0.712075
0.614233
0.401315
0.664943
0.757294
0.629110
0.706075
0.832331
0.690088
0.643232
0.765361
0.565019
0.612613
0.787048
0.621445
0.707277
0.805228
0.596662
0.771582
0.749664
0.678142
0.663120
0.594398
0.713971
0.780678
0.500126
0.704366
0.640561
0.755832
0.701963
0.716834
0.618106
0.618430
0.643937
0.883255
0.710914
0.563125
0.641349
0.667811
0.679817
0.795568
0.713833
0.603354
0.541167
0.676007
0.752975
0.665495
0.562604
0.632660
0.680655
0.769373
0.746413
0.671390
0.794342
0.590241
0.728247
0.689306
0.620261
0.902754
0.727913
0.692125
0.498413
0.726976
0.756767
0.665060
0.580374
0.589524
0.751274
0.600410
0.748878
0.687301
0.653557
0.624275
0.656624
0.781731
0.649075
0.684674
0.560721
0.726565
0.651001
0.641335
0.719208
0.656924
0.708197
0.686318
0.542566
0.654960
0.687702
0.696571
0.750237
0.812052
0.570390
0.609304
0.562000
0.693628
0.583695
0.682595
0.619401
0.690172
0.669106
0.604707
0.734408
0.518623
0.743705
0.643637
0.844456
0.614265
0.525769
0.580396
0.890740
0.761188
0.615672
0.704014
0.562017
0.750378
0.653318
0.675953
0.602921
0.577440
0.587279
0.647392
0.609370
0.766415
0.621621
0.733426
0.688384
0.629674
0.689038
0.604338
0.598395
0.703585
0.555546
0.701340
0.708433
0.788782
0.533512
0.645677
0.685183
0.687203
0.638186
0.654907
0.658104
0.675546
0.856530
0.747781
0.566438
0.662796
0.643165
0.714847
0.700093
0.735976
0.637764
0.591424
0.692980
0.602869
0.690806
0.620027
0.699135
0.673916
0.615138
0.662000
0.668455
0.656907
0.757103
0.689994
0.667810
0.624117
0.568772
0.634169
0.616813
0.583545
0.696892
0.631692
0.780492
0.732950
0.707668
0.750667
0.753998
0.807594
0.561599
0.724927
0.734560
0.740223
0.652344
0.663291
0.741330
0.762281
0.709341
0.637645
0.690193
0.734544
0.813141
0.607234
0.644650
0.656138
0.731693
0.665139
0.544233
0.777513
0.732732
0.681423
0.577711
0.723451
0.960678
0.753790
0.677251
0.588401
0.726136
0.496360
0.603527
0.724525
0.586269
0.691585
0.792188
0.758841
0.784319
0.531477
0.647264
0.709443
0.754722
0.584546
0.603474
0.537836
0.637725
0.615394
0.653311
0.740232
0.705376
0.593376
0.717084
0.832318
0.555121
0.851409
0.659325
0.732282
0.694359
0.865630
0.702043
0.723200
0.563962
0.630568
0.585719
0.634965
0.698587
0.545767
0.544104
0.695307
0.574084
0.620895
0.638856
0.731203
0.623354
0.563250
0.642507
0.969459
0.584397
0.734378
0.587658
0.884901
0.617959
0.745193
0.722751
0.660160
0.596285
0.593692
0.624234
0.767096
0.570947
0.578582
0.614348
0.653905
0.904776
0.698955
0.750263
0.597983
0.562227
0.755666
0.531101
0.563133
0.734553
0.854584
0.683869
0.650699
0.628708
0.515144
0.640585
0.662336
0.594001
0.698082
0.741576
0.612795
0.635319
0.668982
0.651233
0.688364
0.643023
0.742041
0.639062
0.490669
0.655417
0.689746
0.745150
0.693275
0.667948
0.560868
0.707562
0.743011
0.636120
0.557679
0.791957
0.573158
0.627231
0.573848
0.635590
0.637473
0.776437
0.734328
0.653514
0.640902
0.556157
0.678951
0.549195
0.638928
0.800073
0.684158
0.720858
0.585226
0.704792
0.650406
0.597363
0.790253
0.735319
0.678895
0.615166
0.622997
0.674904
0.735314
0.563161
0.646086
0.612615
0.542619
0.686324
0.604416
0.582738
0.610727
0.759100
0.676547
0.703408
0.652030
0.539973
0.766517
0.769045
0.645436
0.695322
0.537089
0.614871
0.652294
0.738024
0.634011
0.601773
0.557452
0.506078
0.629845
0.559167
0.576249
0.586271
0.679773
0.591113
0.584672
0.627156
0.615138
0.832623
0.629811
0.644116
0.724894
0.640201
0.564669
0.661388
0.805558
0.656806
0.607403
0.672610
0.600403
0.800521
0.760220
0.565987
0.641041
0.558999
0.608010
0.683908
0.551221
0.681545
0.723390
0.741444
0.581154
0.543176
0.564577
0.768830
0.629846
0.535000
0.618904
0.546405
0.567489
0.642227
0.633188
0.804920
0.639751
0.649385
0.617687
0.600052
0.798039
0.653363
0.650462
0.556523
0.479973
0.535872
0.517392
0.700153
0.527514
0.698896
0.687343
0.487286
0.646987
0.667899
0.612607
0.530896
0.614218
0.860964
0.681964
0.539004
0.679964
0.629561
0.670092
0.768632
0.612256
0.596753
0.597450
0.657861
0.610234
0.451042
0.676028
0.650456
0.571506
0.649337
0.591812
0.685987
0.611649
0.698774
0.709999
0.677235
0.601573
0.685136
0.623787
0.596410
0.766645
0.600724
0.629201
0.622790
0.580531
0.686560
0.538305
0.624873
0.690976
0.629565
0.665386
0.654450
0.544889
0.483244
0.667356
0.534821
0.748731
0.681019
0.625802
0.701987
0.636271
0.635735
0.713639
0.669641
0.649195
0.624169
0.451453
0.824662
0.611741
0.661810
0.719850
0.578265
0.780867
0.683821
0.712420
0.642545
0.494429
0.566204
0.599062
0.672875
0.601582
0.635454
0.642810
0.603397
0.597129
0.568515
0.608604
0.618803
0.629598
0.571077
0.702398
0.775436
0.466471
0.824968
0.689061
0.683860
0.631993
0.519295
0.628731
0.851832
0.607642
0.705025
0.566311
0.611055
0.520926
0.786783
0.591510
0.618712
0.621365
0.564484
0.538620
0.720373
0.600495
0.494585
0.699673
0.619088
0.688962
0.570336
0.639031
0.581206
0.663092
0.736610
0.675979
0.583447
0.727968
0.915016
0.655076
0.618777
0.675628
0.680746
0.605395
0.565793
0.535456
0.648927
0.650699
0.579299
0.601394
0.530022
0.717707
0.639586
0.758990
0.609635
0.600957
0.622397
0.596060
0.583442
0.677727
0.589263
0.604762
0.609515
0.859733
0.761021
0.525983
0.606960
0.561826
0.500072
0.590639
0.656843
0.673366
0.578174
0.558971
0.511061
0.760826
0.628012
0.670866
0.676989
0.697604
0.564406
0.716337
0.626615
0.638402
0.594523
0.680086
0.563002
0.551733
0.730173
0.747743
0.639590
0.630513
0.497751
0.508465
0.558094
0.794657
0.805881
0.664680
0.749885
0.634984
0.541538
0.538448
0.798768
0.557334
0.914823
0.647871
0.560047
0.636430
0.583618
0.572607
0.509952
0.546489
0.625222
0.659081
0.750666
0.680483
0.701699
0.543828
0.681032
0.660279
0.668712
0.594189
0.545929
0.615780
0.668629
0.511132
0.520622
0.566794
0.617435
0.498687
0.706014
0.527867
0.760133
0.539395
0.605888
0.635020
0.515634
0.610128
0.757388
0.515456
0.669142
0.582813
0.508326
0.673037
0.648774
0.612198
0.568160
0.529520
0.606967
0.627220
0.603177
0.595748
0.706872
0.582340
0.562398
0.491862
0.580123
0.407884
0.475567
0.502961
0.705173
0.476279
0.542289
0.595319
0.668637
0.755808
0.679234
0.634835
0.701216
0.693346
0.649336
0.592286
0.637686
0.544066
0.596440
0.673060
0.641856
0.639136
0.660434
0.636641
0.657693
0.583540
0.637134
0.602519
0.537192
0.593818
0.634514
0.615233
0.553471
0.566261
0.582163
0.573148
0.651080
0.636630
0.597511
0.633972
0.641796
0.733206
0.637310
0.658247
0.768412
0.670898
0.475780
0.737085
0.543532
0.707098
0.498226
0.680568
0.526782
0.482237
0.632756
0.618372
0.637418
0.595428
0.615616
0.604489
0.605130
0.621040
0.581122
0.580666
0.655447
0.608683
0.603603
0.559640
0.639076
0.648086
0.696168
0.510620
0.492857
0.612519
0.665936
0.514582
0.615034
0.568562
0.480705
0.720973
0.645706
0.716333
0.664126
0.677337
0.447629
0.528364
0.651454
0.660311
0.565061
0.529356
0.815669
0.471453
0.594200
0.583145
0.572696
0.606568
0.650164
0.597734
0.718673
0.625584
0.452114
0.505882
0.545314
0.586382
0.630669
0.562786
0.669363
0.637272
0.463847
0.585714
0.691163
0.487925
0.576376
0.578267
0.525680
0.472328
0.513627
0.546546
0.551222
0.543743
0.578109
0.738631
0.645107
0.677067
0.573041
0.480945
0.632245
0.638067
0.731471
0.634754
0.642365
0.529100
0.609358
0.727086
0.598007
0.659967
0.729035
0.489215
0.584528
0.702158
0.816769
0.703661
0.585905
0.491937
0.591197
0.659076
0.584428
0.563617
0.657035
0.606997
0.612597
0.589164
0.617287
0.700465
0.692427
0.604594
0.850403
0.578562
0.849240
0.665130
0.557404
0.682024
0.524263
0.494423
0.627903
0.647729
0.572464
0.691160
0.640929
0.480196
0.531988
0.528067
0.629765
0.756159
0.520937
0.482846
0.599401
0.645097
0.491443
0.574513
0.541073
0.526856
0.577289
0.494437
0.615054
0.604136
0.492602
0.683303
0.521275
0.634294
0.691752
0.728412
0.563244
0.595250
0.532012
0.604348
0.573921
0.576504
0.698737
0.586874
0.624635
0.519082
0.503441
0.510817
0.659771
0.586090
0.587037
0.668629
0.641127
0.667677
0.611059
0.602799
0.555241
0.646647
0.622764
0.564235
0.573139
0.538736
0.526500
0.571083
0.557518
0.714686
0.608519
0.622308
0.658313
0.738359
0.452402
0.641837
0.623082
0.518526
0.630620
0.673957
0.622213
0.746116
0.625935
0.612343
0.488000
0.658241
0.655623
0.681937
0.642206
0.594305
0.617338
0.626450
0.461501
0.546296
0.592321
0.706469
0.537409
0.551468
0.796593
0.649251
0.591676
0.811242
0.863246
0.470777
0.590281
0.705337
0.746770
0.627840
0.560917
0.691811
0.586976
0.648801
0.549464
0.658676
0.569740
0.555473
0.680654
0.559130
0.758068
0.539025
0.453875
0.721489
0.623284
0.602410
0.621391
0.579557
0.616415
0.567768
0.568352
0.554860
0.543359
0.628832
0.678452
0.681902
0.515334
0.571914
0.591811
0.706536
0.537755
0.710240
0.586372
0.637422
0.855979
0.705107
0.563999
0.619844
0.547812
0.717940
0.596834
0.727275
0.673987
0.461364
0.686907
0.667037
0.526480
0.638561
0.545091
0.727249
0.633720
0.720486
0.518286
0.553952
0.622420
0.546287
0.549467
0.529218
0.482745
0.504221
0.630244
0.565254
0.465572
0.496095
0.615235
0.558097
0.529219
0.638857
0.532670
0.585527
0.599468
0.527339
0.542094
0.584882
0.461894
0.581248
0.684333
0.580965
0.574044
0.570055
0.574664
0.754011
0.633771
0.594879
0.668187
0.611143
0.517840
0.530344
0.405827
0.577698
0.669498
0.626803
0.576211
0.565268
0.585350
0.680907
0.650327
0.595841
0.520827
0.611046
0.538191
0.547293
0.575841
0.511027
0.611923
0.537506
0.557385
0.482041
0.540128
0.528639
0.557346
0.454762
0.642878
0.747492
0.763099
0.717685
0.534564
0.569051
0.635722
0.594530
0.623951
0.579690
0.426154
0.583878
0.584620
0.802711
0.695518
0.555488
0.670896
0.584314
0.566201
0.661575
0.518428
0.553391
0.417391
0.570052
0.573479
0.551382
0.586987
0.551045
0.561728
0.468831
0.536160
0.596027
0.500717
0.682993
0.523316
0.539375
0.635081
0.673097
0.552945
0.463863
0.539162
0.733640
0.525118
0.540333
0.701012
0.471188
0.525131
0.464752
0.686112
0.565103
0.424003
0.520398
0.583075
0.490915
0.683762
0.651759
0.549502
0.507127
0.440798
0.679108
0.536848
0.561171
0.594923
0.463832
0.613944
0.612350
0.561096
0.637595
0.740198
0.532638
0.667731
0.535867
0.735637
0.694902
0.636848
0.481753
0.693982
0.594286
0.452439
0.555833
0.521577
0.525383
0.583767
0.605984
0.651775
0.586460
0.602976
0.540236
0.603042
0.596248
0.687750
0.548677
0.547203
0.589606
0.589557
0.600440
0.624908
0.616318
0.522845
0.553517
0.615893
0.512122
0.612985
0.606903
0.622255
0.687943
0.574112
0.560141
0.469360
0.740113
0.510000
0.618932
0.504121
0.536353
0.464787
0.649639
0.644850
0.540123
0.602759
0.675299
0.637053
0.636362
0.515470
0.593352
0.685192
0.694264
0.549139
0.460727
0.520297
0.571774
0.634172
0.708138
0.603976
0.681104
0.431212
0.416963
0.524805
0.612952
0.515833
0.510825
0.492890
0.565197
0.645634
0.523811
0.625816
0.533371
0.545775
0.567825
0.496086
0.536426
0.559277
0.531429
0.597804
0.691793
0.698676
0.531648
0.618519
0.529294
0.441615
0.623334
0.474672
0.583468
0.551088
0.499311
0.474362
0.512866
0.581082
0.752031
0.605425
0.547183
0.583091
0.636200
0.500970
0.454076
0.608704
0.552194
0.537945
0.488934
0.569616
0.690133
0.630552
0.498157
0.523745
0.571301
0.500752
0.491585
0.498820
0.475604
0.546700
0.671639
0.709701
0.534156
0.657014
0.492164
0.608877
0.529507
0.688399
0.668509
0.525854
0.590197
0.560265
0.661133
0.501513
0.780506
0.567468
0.605594
0.513294
0.750851
0.615272
0.580569
0.620943
0.591733
0.570970
0.532515
0.683577
0.650162
0.523526
0.514796
0.626578
0.638319
0.569886
0.687615
0.663685
0.597510
0.655341
0.487150
0.532701
0.670339
0.556223
0.563710
0.645356
0.519645
0.609866
0.602673
0.564526
0.563146
0.680559
0.518928
0.502844
0.558017
0.475620
0.570380
0.633898
0.653144
0.707577
0.492508
0.489485
0.547131
0.508210
0.461221
0.452725
0.553216
0.544275
0.595568
0.683588
0.595195
0.690318
0.706621
0.621561
0.685687
0.590975
0.636514
0.550059
0.525965
0.544514
0.558950
0.486577
0.620718
0.634731
0.581616
0.569394
0.626291
0.548476
0.535830
0.546291
0.579174
0.608083
0.530635
0.506910
0.501102
0.457949
0.673421
0.542168
0.544703
0.459250
0.548261
0.679902
0.601738
0.686524
0.634029
0.626462
0.618580
0.499535
0.395440
0.527759
0.450433
0.459866
0.528713
0.530129
0.611917
0.597479
0.600630
0.626932
0.582191
0.519614
0.529051
0.569059
0.595906
0.579802
0.485705
0.441790
0.521061
0.603139
0.547263
0.561927
0.710795
0.665019
0.500583
0.566747
0.590058
0.594115
0.672760
0.500107
0.475520
0.510622
0.677832
0.470531
0.676463
0.600484
0.354772
0.544367
0.480354
0.406494
0.659499
0.473981
0.438782
0.452036
0.531977
0.619924
0.474846
0.638841
0.610328
0.533928
0.631920
0.631720
0.679331
0.574621
0.648287
0.547006
0.678234
0.552221
0.504211
0.533606
0.607576
0.604453
0.604547
0.504742
0.536710
0.584974
0.530887
0.469147
0.456127
0.560118
0.461526
0.476730
0.614918
0.578064
0.595328
0.586552
0.500381
0.531494
0.512053
0.598744
0.482324
0.393979
0.496412
0.511353
0.543719
0.521162
0.519786
0.485650
0.544572
0.469397
0.616405
0.508557
0.423660
0.513836
0.546623
0.673971
0.538729
0.614293
0.678141
0.681474
0.742041
0.709825
0.514084
0.544749
0.605188
0.460386
0.583053
0.549954
0.523134
0.503432
0.638306
0.561377
0.540869
0.569103
0.605294
0.421779
0.660663
0.524203
0.558715
0.557055
0.432346
0.616971
0.561172
0.497369
0.490065
0.556089
0.554511
0.475061
0.615443
0.576063
0.551795
0.486917
0.561387
0.510287
0.509916
0.551227
0.606102
0.713213
0.442521
0.501679
0.419384
0.534240
0.580962
0.648166
0.522085
0.516811
0.603461
0.541283
0.642101
0.487293
0.634375
0.547873
0.627027
0.492531
0.751665
0.569420
0.559632
0.524038
0.535814
0.491061
0.616815
0.648325
0.588045
0.549416
0.447028
0.393264
0.629848
0.570088
0.650103
0.491739
0.343627
0.609248
0.440286
0.452374
0.435231
0.629693
0.685103
0.686172
0.677890
0.460543
0.586967
0.380629
0.473521
0.633016
0.433045
0.583657
0.475170
0.442980
0.495809
0.526338
0.588854
0.503303
0.482403
0.592346
0.510011
0.479743
0.484648
0.499462
0.543693
0.488880
0.571565
0.669663
0.539985
0.558483
0.572817
0.635394
0.484894
0.544003
0.607897
0.608184
0.456312
0.523029
0.425201
0.564251
0.489901
0.488695
0.610895
0.567986
0.588989
0.536184
0.547915
0.602114
0.651213
0.462498
0.628808
0.574868
0.504591
0.615317
0.699063
0.533967
0.617929
0.477234
0.460825
0.458905
0.360156
0.514248
0.543716
0.434391
0.637344
0.585538
0.600501
0.630888
0.481238
0.548378
0.493786
0.505764
0.496998
0.463531
0.489030
0.485402
0.632028
0.519014
0.610406
0.573180
0.540358
0.620837
0.476693
0.672729
0.429138
0.618476
0.788416
0.562052
0.512685
0.575912
0.432831
0.522729
0.491005
0.463150
0.574833
0.465699
0.598390
0.449628
0.506269
0.486851
0.664634
0.527970
0.577345
0.558741
0.641987
0.561789
0.591838
0.560376
0.604471
0.636488
0.548329
0.494610
0.586237
0.498546
0.484341
0.706682
0.607728
0.418672
0.506044
0.466391
0.561571
0.542229
0.520178
0.525894
0.645405
0.659068
0.671210
0.455835
0.632140
0.536057
0.437020
0.518030
0.479424
0.493262
0.542900
0.520081
0.706275
0.625178
0.507842
0.568990
0.574180
0.539591
0.498199
0.643204
0.472497
0.521506
0.636268
0.529403
0.480739
0.494917
0.435593
0.573402
0.460277
0.589713
0.453613
0.600448
0.442902
0.617502
0.694921
0.453518
0.540002
0.608896
0.610238
0.638529
0.527680
0.678503
0.481139
0.472244
0.575818
0.531966
0.508569
0.501645
0.484832
0.502140
0.438961
0.540000
0.456726
0.376875
0.534699
0.522781
0.588226
0.495345
0.535981
0.480108
0.498413
0.591913
0.637756
0.481037
0.478740
0.407220
0.506943
0.535452
0.464268
0.420993
0.504801
0.475053
0.502702
0.549621
0.493094
0.513295
0.532051
0.484112
0.480770
0.542421
0.515031
0.438660
0.610443
0.449246
0.546983
0.640953
0.522350
0.464083
0.453697
0.522835
0.484862
0.536839
0.733017
0.483203
0.423419
0.533504
0.583114
0.564322
0.515873
0.625008
0.640189
0.581255
0.547962
0.532255
0.529451
0.432542
0.474606
0.580736
0.453510
0.458882
0.416092
0.649911
0.749477
0.559490
0.577747
0.470163
0.678506
0.646045
0.479109
0.586051
0.547340
0.586812
0.455424
0.483667
0.705852
0.646031
0.605822
0.590619
0.524195
0.521811
0.536106
0.520141
0.401909
0.381463
0.458532
0.567836
0.417517
0.438796
0.473387
0.583629
0.544417
0.432918
0.528484
0.671849
0.618113
0.436134
0.453839
0.537761
0.542209
0.434723
0.575719
0.586517
0.565922
0.353918
0.560353
0.537365
0.560779
0.572190
0.563010
0.604248
0.475946
0.480875
0.568995
0.509859
0.626567
0.478270
0.579609
0.359530
0.510342
0.533177
0.525205
0.551595
0.626478
0.518679
0.600189
0.544699
0.429088
0.551762
0.434361
0.564394
0.488885
0.452665
0.542261
0.616068
0.586916
0.570735
0.533756
0.464570
0.635233
0.424093
0.555079
0.619385
0.608432
0.495044
0.449693
0.512801
0.591112
0.480837
0.607503
0.408186
0.465632
0.578578
0.522662
0.546634
0.612061
0.608053
0.461464
0.473502
0.568066
0.515295
0.511324
0.440563
0.500627
0.610936
0.700431
0.560797
0.464129
0.603387
0.478977
0.608276
0.515011
0.459217
0.591262
0.526854
0.441590
0.581153
0.520951
0.473927
0.596568
0.519129
0.536375
0.507505
0.436363
0.555998
0.439678
0.525857
0.474301
0.582854
0.494179
0.511849
0.528534
0.489626
0.522033
0.388750
0.521346
0.472249
0.493837
0.446172
0.416214
0.631651
0.593977
0.496653
0.496247
0.692409
0.508167
0.600828
0.701023
0.379274
0.450311
0.505013
0.613246
0.500405
0.537001
0.486801
0.495988
0.575087
0.519610
0.435232
0.510012
0.408440
0.480660
0.466706
0.514701
0.498809
0.656840
0.474958
0.497279
0.602194
0.592626
0.516449
0.526599
0.551680
0.493158
0.690102
0.523975
0.632437
0.576790
0.537240
0.506398
0.424415
0.423699
0.543142
0.437144
0.642013
0.480408
0.538645
0.435788
0.483582
0.460498
0.511371
0.501247
0.464992
0.482252
0.432471
0.477096
0.540522
0.515918
0.534799
0.541899
0.408994
0.510320
0.560539
0.559193
0.541223
0.538361
0.360673
0.489540
0.581438
0.577125
0.408113
0.626962
0.519832
0.717798
0.471519
0.499079
0.690878
0.733562
0.436300
0.515257
0.586105
0.588621
0.437812
0.446478
0.472147
0.404798
0.507873
0.499957
0.584902
0.524959
0.482282
0.512799
0.605272
0.527380
0.638273
0.406061
0.582325
0.444565
0.554736
0.604058
0.512864
0.473253
0.663615
0.419409
0.501775
0.664971
0.673201
0.531100
0.599354
0.543241
0.487949
0.628914
0.462105
0.630480
0.606732
0.644189
0.479835
0.482829
0.536847
0.449097
0.449801
0.539854
0.404456
0.479349
0.455165
0.469104
0.441607
0.471673
0.439680
0.537704
0.513482
0.392233
0.556478
0.588100
0.447878
0.476104
0.468677
0.631629
0.493812
0.430503
0.637313
0.652719
0.548592
0.502738
0.424347
0.612870
0.440798
0.570360
0.429254
0.533292
0.495251
0.390640
0.563372
0.495763
0.521548
0.527933
0.482750
0.523662
0.511471
0.464163
0.452591
0.545136
0.502827
0.473679
0.484939
0.450067
0.480693
0.510282
0.484909
0.470380
0.488109
0.439928
0.597387
0.564550
0.394950
0.444771
0.500859
0.538896
0.527395
0.516034
0.596920
0.490025
0.466218
0.613999
0.545094
0.522465
0.532339
0.480343
0.466724
0.437569
0.460584
0.391039
0.635664
0.469887
0.613123
0.426997
0.355760
0.601533
0.448227
0.458787
0.454072
0.433551
0.420210
0.364010
0.432775
0.517860
0.428794
0.714285
0.402321
0.440035
0.460909
0.547729
0.497688
0.523841
0.376814
0.457900
0.506345
0.436202
0.470009
0.419746
0.474803
0.593173
0.544130
0.501917
0.446489
0.497293
0.658304
0.498802
0.442223
0.463857
0.515773
0.488848
0.346288
0.481656
0.414720
0.494004
0.488053
0.521348
0.377932
0.527455
0.519804
0.581291
0.486400
0.426272
0.447580
0.476887
0.464305
0.581438
0.508162
0.542473
0.557947
0.539887
0.391449
0.497262
0.513706
0.362561
0.466153
0.517737
0.487619
0.490725
0.425727
0.466787
0.430073
0.403002
0.412051
0.579887
0.552377
0.496623
0.501482
0.437625
0.553577
0.507394
0.496112
0.633960
0.533544
0.473277
0.385211
0.499109
0.472336
0.393864
0.547217
0.499914
0.565305
0.554942
0.445438
0.509671
0.496224
0.377747
0.476995
0.520317
0.578797
0.509336
0.532579
0.581045
0.514274
0.470179
0.549069
0.426369
0.506319
0.517199
0.504922
0.548835
0.384584
0.409156
0.493714
0.600778
0.455418
0.481507
0.436394
0.558211
0.563342
0.552642
0.494649
0.590017
0.563419
0.489410
0.493794
0.523530
0.407693
0.519242
0.503748
0.407419
0.413549
0.398832
0.456722
0.450300
0.496480
0.451203
0.504360
0.549813
0.523072
0.401203
0.425470
0.507018
0.475304
0.539815
0.555747
0.420908
0.555160
0.440993
0.353179
0.465420
0.412058
0.419477
0.427334
0.398825
0.586902
0.472739
0.545522
0.616616
0.476611
0.504559
0.510403
0.412669
0.538575
0.416567
0.348697
0.327940
0.458603
0.567763
0.468587
0.446799
0.475586
0.582268
0.653733
0.629220
0.556299
0.388230
0.563096
0.446379
0.459789
0.565075
0.487273
0.429187
0.421879
0.499637
0.456559
0.521238
0.578867
0.482167
0.582813
0.567909
0.513217
0.409710
0.653466
0.432345
0.488928
0.513560
0.538479
0.400540
0.543165
0.565228
0.581495
0.549512
0.460512
0.562517
0.458532
0.520230
0.556367
0.448283
0.497264
0.518630
0.558625
0.581293
0.478609
0.495747
0.481839
0.546533
0.469347
0.486524
0.471067
0.367062
0.459258
0.664479
0.503850
0.584136
0.513482
0.540800
0.479876
0.582289
0.444041
0.648270
0.491655
0.605052
0.422453
0.552066
0.467766
0.532318
0.505830
0.635103
0.529148
0.446755
0.444728
0.524508
0.501224
0.446504
0.505132
0.414236
0.509894
0.466221
0.642998
0.417128
0.577440
0.574338
0.524913
0.421951
0.591351
0.415279
0.497097
0.459104
0.625561
0.528200
0.514308
0.459989
0.465866
0.638648
0.553489
0.481778
0.653089
0.439673
0.514954
0.467783
0.372600
0.554657
0.428999
0.448571
0.541540
0.503170
0.504222
0.409728
0.392689
0.606378
0.424908
0.513479
0.512285
0.559702
0.374702
0.651530
0.369424
0.490017
0.477213
0.446810
0.702850
0.476915
0.492018
0.699849
0.434834
0.417383
0.526659
0.486220
0.433359
0.585243
0.495940
0.499983
0.703394
0.533798
0.387739
0.440695
0.436995
0.391545
0.550633
0.388612
0.437043
0.441977
0.486725
0.591044
0.464327
0.597925
0.387883
0.409892
0.410547
0.450173
0.460571
0.418698
0.600915
0.445388
0.516212
0.491730
0.514558
0.406171
0.404271
0.465177
0.531471
0.379426
0.476317
0.354108
0.489537
0.456161
0.435023
0.543355
0.501413
0.464005
0.402831
0.506669
0.488311
0.464429
0.467401
0.376787
0.322618
0.342895
0.541156
0.424792
0.479545
0.598789
0.574413
0.456590
0.443618
0.360280
0.380888
0.463442
0.451014
0.492066
0.340451
0.507062
0.389418
0.598044
0.413182
0.416865
0.341848
0.443751
0.487614
0.493187
0.481865
0.477272
0.423353
0.438158
0.501058
0.501663
0.577529
0.600031
0.547414
0.507187
0.443396
0.540372
0.395587
0.406355
0.428666
0.352564
0.485991
0.382927
0.377873
0.453804
0.538642
0.435913
0.434249
0.472424
0.524384
0.457486
0.469172
0.471031
0.376063
0.548587
0.438628
0.512469
0.532592
0.426954
0.522653
0.531378
0.437313
0.465273
0.508214
0.612592
0.422724
0.433596
0.562203
0.480893
0.576455
0.509776
0.407345
0.541979
0.508608
0.523461
0.464335
0.461746
0.642992
0.589058
0.429681
0.419496
0.436717
0.539407
0.639645
0.428054
0.502384
0.577410
0.503707
0.486236
0.378481
0.499040
0.419969
0.440874
0.378355
0.531034
0.564302
0.414720
0.397274
0.477497
0.568439
0.543780
0.441024
0.441396
0.428485
0.466324
0.583883
0.364427
0.471473
0.454915
0.450179
0.381397
0.434696
0.452145
0.421720
0.428795
0.490793
0.381193
0.539908
0.486687
0.561325
0.517383
0.377959
0.451166
0.473514
0.480862
0.458796
0.524359
0.366579
0.624546
0.461378
0.441224
0.420060
0.420670
0.575442
0.448766
0.414596
0.403260
0.453465
0.466828
0.571973
0.550199
0.454425
0.410733
0.515110
0.593384
0.490531
0.490662
0.403218
0.539221
0.513949
0.500037
0.587940
0.342369
0.532263
0.470065
0.430388
0.450566
0.437196
0.442133
0.392105
0.411109
0.604923
0.499695
0.640317
0.362843
0.444573
0.532457
0.502186
0.612576
0.526801
0.355824
0.411007
0.444872
0.393149
0.373590
0.545271
0.458957
0.495257
0.449702
0.425920
0.579033
0.358900
0.672180
0.473396
0.383612
0.590865
0.428256
0.472071
0.460714
0.447442
0.466265
0.501356
0.504121
0.432394
0.514813
0.500250
0.434422
0.337120
0.505655
0.480269
0.522062
0.452959
0.402000
0.463925
0.453526
0.534742
0.384924
0.574412
0.470155
0.447257
0.501244
0.522486
0.512030
0.464302
0.414009
0.432455
0.425157
0.471583
0.535240
0.669210
0.590417
0.382465
0.506036
0.559506
0.403201
0.586606
0.614327
0.480565
0.435504
0.404395
0.403868
0.375030
0.476298
0.471160
0.489556
0.353961
0.590766
0.451676
0.530185
0.391631
0.472759
0.468586
0.499616
0.466177
0.555736
0.474974
0.474632
0.529277
0.528070
0.609905
0.556563
0.568398
0.452306
0.573165
0.406264
0.523710
0.534946
0.483232
0.420978
0.433757
0.434388
0.375872
0.390791
0.520025
0.416888
0.321441
0.363385
0.593295
0.352575
0.494669
0.459877
0.502637
0.433753
0.488063
0.554668
0.546705
0.423113
0.496097
0.485238
0.465518
0.527657
0.477742
0.570064
0.507177
0.474115
0.516027
0.372127
0.450958
0.470449
0.390688
0.416346
0.556921
0.426696
0.617237
0.489918
0.442779
0.444092
0.386049
0.446203
0.494589
0.391402
0.490786
0.462295
0.550350
0.485902
0.456615
0.603750
0.412298
0.489683
0.422572
0.495976
0.505466
0.419122
0.529200
0.401447
0.432945
0.435737
0.457242
0.597920
0.382196
0.419668
0.475180
0.523707
0.319624
0.368106
0.364553
0.395238
0.436402
0.476229
0.650561
0.410319
0.410128
0.473417
0.461308
0.435280
0.458046
0.498194
0.438532
0.584737
0.402533
0.352698
0.417007
0.505180
0.393028
0.476005
0.371970
0.390055
0.409543
0.447906
0.445831
0.402267
0.421539
0.488628
0.509992
0.368034
0.438092
0.455626
0.523426
0.352861
0.455535
0.527643
0.469556
0.408969
0.465871
0.443829
0.450186
0.398924
0.462480
0.402034
0.446865
0.458673
0.419517
0.436827
0.474746
0.389573
0.485402
0.464081
0.357831
0.432451
0.344248
0.524236
0.476736
0.488679
0.456810
0.476689
0.452134
0.410414
0.516478
0.470002
0.551512
0.461846
0.373711
0.464472
0.375571
0.346548
0.391176
0.540583
0.343600
0.421897
0.486085
0.473531
0.395456
0.436765
0.339320
0.382497
0.405049
0.473784
0.421634
0.570289
0.593075
0.438451
0.469981
0.475541
0.472371
0.502374
0.580115
0.431195
0.552157
0.411623
0.467211
0.458783
0.398248
0.560453
0.562599
0.342056
0.432496
0.437740
0.577888
0.443295
0.401963
0.457662
0.403068
0.536801
0.440218
0.519684
0.380283
0.392415
0.410096
0.590539
0.481681
0.407563
0.443629
0.524783
0.456944
0.523611
0.414052
0.437111
0.426582
0.489795
0.388643
0.554817
0.490177
0.491841
0.430239
0.455143
0.437632
0.503452
0.432386
0.581433
0.518506
0.520434
0.463510
0.477107
0.423771
0.425016
0.569479
0.484398
0.480988
0.477243
0.497383
0.311276
0.507494
0.415648
0.479322
0.503446
0.413973
0.514864
0.460376
0.640454
0.483924
0.435798
0.546008
0.409470
0.478906
0.537164
0.422680
0.457568
0.396841
0.405798
0.551765
0.475539
0.405102
0.392815
0.402965
0.477712
0.390648
0.573164
0.412733
0.410076
0.286725
0.498344
0.413252
0.490372
0.375293
0.312929
0.510427
0.562645
0.403333
0.491326
0.460771
0.516646
0.467525
0.475421
0.424674
0.458966
0.330367
0.488229
0.447542
0.419581
0.491325
0.398816
0.413100
0.612704
0.433239
0.431489
0.500030
0.497599
0.479362
0.422587
0.350313
0.371648
0.336719
0.435711
0.410376
0.341424
0.602742
0.478755
0.455560
0.395491
0.419211
0.445094
0.437131
0.455403
0.402630
0.438828
0.540442
0.425805
0.426668
0.466871
0.460709
0.516802
0.503789
0.444906
0.399919
0.466908
0.437535
0.590339
0.520515
0.464767
0.458297
0.422100
0.444950
0.367510
0.446439
0.456933
0.654784
0.476660
0.496028
0.396162
0.400083
0.515238
0.462491
0.336657
0.400547
0.425567
0.456586
0.434310
0.494408
0.407710
0.504473
0.469122
0.379467
0.492613
0.541424
0.549971
0.429005
0.384740
0.422466
0.528207
0.428664
0.571812
0.444715
0.374234
0.568678
0.444941
0.518723
0.400902
0.514297
0.396845
0.460557
0.443752
0.381871
0.456494
0.383528
0.344571
0.378895
0.434474
0.352496
0.461968
0.338770
0.357684
0.431068
0.471731
0.448438
0.403359
0.297307
0.502801
0.407713
0.352539
0.459942
0.385274
0.364061
0.439226
0.445997
0.458450
0.394674
0.420555
0.410437
0.452166
0.438315
0.491343
0.513341
0.479247
0.372624
0.443171
0.340755
0.413868
0.487958
0.499380
0.434501
0.412682
0.434162
0.538190
0.424280
0.527529
0.507321
0.406989
0.520543
0.427377
0.522645
0.464924
0.300089
0.491842
0.376470
0.415202
0.359679
0.464524
0.364422
0.535168
0.474073
0.501962
0.445287
0.598146
0.349507
0.468577
0.593662
0.410803
0.384352
0.516372
0.483029
0.365234
0.541336
0.422225
0.394620
0.379990
0.346843
0.385954
0.599860
0.411963
0.381884
0.426101
0.463805
0.324641
0.477855
0.451590
0.466293
0.414224
0.337693
0.444410
0.584894
0.351210
0.535467
0.390445
0.442277
0.377188
0.403378
0.322191
0.377745
0.369310
0.322689
0.483887
0.451002
0.368024
0.430351
0.440378
0.523364
0.403623
0.350555
0.390330
0.469648
0.353571
0.471918
0.451271
0.378828
0.444975
0.426475
0.395027
0.404218
0.399586
0.428412
0.452328
0.416401
0.426208
0.349394
0.370642
0.424518
0.409479
0.393775
0.450132
0.395096
0.476049
0.413839
0.347980
0.451995
0.285393
0.443954
0.509246
0.440751
0.473560
0.379227
0.390608
0.460938
0.437418
0.395979
0.499233
0.368226
0.353003
0.315912
0.445644
0.484095
0.475038
0.367265
0.423004
0.409370
0.422032
0.426107
0.392204
0.336122
0.431471
0.349426
0.408331
0.398641
0.416833
0.413659
0.464657
0.456327
0.411629
0.385804
0.322778
0.445067
0.500370
0.426059
0.532250
0.364328
0.524697
0.434414
0.561596
0.380812
0.452388
0.360232
0.447211
0.375637
0.601709
0.345963
0.434888
0.474202
0.467663
0.596861
0.469225
0.493935
0.482875
0.353659
0.468340
0.599583
0.501222
0.520351
0.481222
0.502427
0.409430
0.390121
0.445950
0.405640
0.479113
0.383143
0.432753
0.381191
0.394701
0.430494
0.344616
0.547350
0.509858
0.451150
0.402218
0.330786
0.502739
0.457326
0.414433
0.501537
0.394114
0.401408
0.388563
0.412148
0.564051
0.387445
0.401035
0.445177
0.448742
0.416457
0.477788
0.319338
0.424335
0.343862
0.430697
0.327805
0.515128
0.491857
0.354530
0.379510
0.357287
0.347378
0.537852
0.500210
0.438774
0.363902
0.437482
0.518979
0.435052
0.443012
0.320291
0.404642
0.499168
0.377925
0.426671
0.343753
0.579415
0.449658
0.538651
0.353230
0.347048
0.454514
0.462946
0.449728
0.405139
0.364453
0.461796
0.719741
0.437269
0.434630
0.345516
0.374564
0.514934
0.415669
0.466899
0.488381
0.394531
0.493975
0.481687
0.319152
0.404128
0.397840
0.474551
0.405522
0.490180
0.349219
0.634897
0.434281
0.556644
0.330887
0.571036
0.373991
0.533366
0.387364
0.349620
0.426620
0.400586
0.352511
0.467259
0.397968
0.379592
0.412246
0.427462
0.308801
0.459912
0.546694
0.420543
0.423072
0.382188
0.480651
0.352030
0.470653
0.533144
0.497237
0.515282
0.427383
0.378094
0.398735
0.386307
0.503346
0.360204
0.359751
0.377075
0.410841
0.310757
0.543826
0.497649
0.327471
0.402511
0.349832
0.384032
0.378861
0.382147
0.416992
0.415902
0.343921
0.399631
0.301243
0.466841
0.596609
0.500310
0.564547
0.444482
0.337320
0.426076
0.470887
0.378467
0.415151
0.468532
0.557285
0.406561
0.448948
0.434629
0.351163
0.552693
0.352430
0.433465
0.475667
0.489404
0.502307
0.394608
0.465219
0.469926
0.423730
0.414223
0.370273
0.475814
0.518413
0.521882
0.464008
0.337566
0.494205
0.331764
0.417885
0.396741
0.345525
0.352713
0.402585
0.550027
0.516924
0.372884
0.433132
0.436639
0.419274
0.495940
0.431872
0.442094
0.433067
0.459195
0.434141
0.492569
0.465513
0.462568
0.492322
0.481405
0.473341
0.470271
0.352926
0.419005
0.410272
0.464011
0.460011
0.534370
0.391330
0.411528
0.458728
0.379277
0.383814
0.399947
0.366734
0.449500
0.451504
0.400973
0.442773
0.324790
0.338901
0.461248
0.465431
0.418805
0.295020
0.438935
0.410983
0.402507
0.519064
0.407802
0.422650
0.447971
0.467497
0.404690
0.279475
0.393691
0.374690
0.469730
0.356350
0.314170
0.481509
0.385355
0.414945
0.303414
0.309831
0.476677
0.415819
0.338668
0.406238
0.416236
0.448462
0.423517
0.377770
0.434062
0.381360
0.483581
0.453561
0.385209
0.517344
0.537025
0.348251
0.424556
0.427239
0.345407
0.448836
0.410260
0.417687
0.470244
0.406821
0.465227
0.498676
0.408924
0.382717
0.319512
0.393538
0.304747
0.331707
0.393577
0.295753
0.417594
0.327842
0.385141
0.464431
0.567890
0.328839
0.543728
0.410764
0.429619
0.392040
0.494433
0.458697
0.402255
0.523155
0.329888
0.468618
0.360079
0.441095
0.401732
0.368030
0.458999
0.418750
0.393355
0.458105
0.443237
0.463874
0.405554
0.428157
0.461906
0.419418
0.577484
0.523556
0.389250
0.338350
0.500102
0.325036
0.326148
0.409361
0.472380
0.503903
0.413086
0.410727
0.393906
0.492797
0.496895
0.327099
0.414120
0.392489
0.404160
0.492300
0.385218
0.448205
0.362801
0.441878
0.414635
0.328366
0.486921
0.362404
0.441916
0.392406
0.421107
0.397104
0.331391
0.518696
0.393334
0.339383
0.343696
0.445360
0.332559
0.420831
0.397435
0.337999
0.395073
0.410991
0.390621
0.337113
0.336057
0.438466
0.470888
0.472854
0.427534
0.457053
0.393211
0.502500
0.421116
0.352406
0.423007
0.411217
0.484093
0.464117
0.551514
0.431528
0.425477
0.435178
0.383570
0.396906
0.433119
0.396247
0.423829
0.325907
0.398359
0.348293
0.354763
0.518362
0.306499
0.441251
0.384555
0.385835
0.446652
0.460334
0.474178
0.312719
0.368912
0.360125
0.563444
0.397931
0.425918
0.483347
0.409942
0.378791
0.426334
0.468355
0.342454
0.516129
0.449007
0.321146
0.512748
0.524995
0.383081
0.466242
0.298257
0.371779
0.321173
0.482958
0.485375
0.459941
0.356187
0.357370
0.443232
0.388624
0.508849
0.376638
0.373681
0.342488
0.464977
0.325305
0.407536
0.436515
0.339616
0.351486
0.426201
0.304705
0.505536
0.358068
0.348052
0.449746
0.451768
0.414509
0.526794
0.341612
0.418361
0.474884
0.437660
0.359741
0.416311
0.480365
0.492194
0.324742
0.493741
0.409105
0.452330
0.470445
0.476708
0.324620
0.556210
0.420270
0.387759
0.481628
0.527467
0.390417
0.405746
0.302664
0.404058
0.421733
0.431756
0.466431
0.410532
0.374608
0.503377
0.455594
0.321590
0.423164
0.476059
0.393484
0.369909
0.473193
0.318403
0.429491
0.271163
0.376821
0.395933
0.339822
0.312764
0.475432
0.419888
0.410666
0.289667
0.396855
0.474759
0.311233
0.443399
0.633550
0.331309
0.376965
0.463347
0.481562
0.305594
0.449595
0.386809
0.396781
0.365941
0.360652
0.292545
0.479565
0.405171
0.464791
0.493667
0.379762
0.522858
0.421631
0.436628
0.372803
0.485525
0.507842
0.414738
0.349885
0.455974
0.412117
0.451832
0.371734
0.487076
0.439309
0.420185
0.396237
0.401367
0.396834
0.387925
0.421808
0.340821
0.407982
0.485222
0.325493
0.521058
0.444762
0.453265
0.397282
0.379990
0.388466
0.459071
0.403387
0.516605
0.452904
0.310531
0.459674
0.348163
0.434407
0.411323
0.392413
0.402379
0.369328
0.548986
0.429696
0.512518
0.342487
0.289935
0.547935
0.387380
0.312132
0.417632
0.456848
0.458760
0.344475
0.337475
0.451822
0.464445
0.565535
0.367945
0.438380
0.422240
0.396761
0.337383
0.417856
0.459771
0.446271
0.406357
0.375978
0.378373
0.380734
0.386404
0.394953
0.557719
0.394610
0.442610
0.338961
0.492949
0.439244
0.315709
0.345582
0.426228
0.392688
0.349391
0.349379
0.393982
0.396474
0.449675
0.451642
0.338475
0.319984
0.435013
0.340083
0.290345
0.421123
0.491479
0.428846
0.399503
0.505709
0.362362
0.330528
0.348667
0.477899
0.364596
0.353620
0.361864
0.414822
0.461495
0.364787
0.537146
0.371297
0.384670
0.424069
0.418519
0.377315
0.344508
0.456896
0.417763
0.390267
0.366880
0.353698
0.406111
0.278298
0.386843
0.376017
0.458298
0.445544
0.514970
0.415755
0.513355
0.425061
0.374892
0.335384
0.364573
0.433279
0.426963
0.403433
0.458458
0.415087
0.320818
0.445047
0.405976
0.439270
0.345736
0.475913
0.349235
0.396279
0.428117
0.341026
0.520847
0.395743
0.382785
0.274463
0.394580
0.376744
0.346462
0.448925
0.527482
0.378009
0.417712
0.457285
0.441147
0.411089
0.447409
0.391972
0.364463
0.427302
0.324873
0.378411
0.341320
0.409831
0.379365
0.345296
0.307898
0.378166
0.362059
0.404128
0.404731
0.318405
0.399662
0.482800
0.467828
0.309995
0.371516
0.388238
0.486325
0.460001
0.349826
0.353255
0.356284
0.496528
0.430780
0.332906
0.372608
0.448446
0.374227
0.423759
0.504534
0.443170
0.394360
0.274043
0.446388
0.456978
0.380899
0.283033
0.307015
0.491183
0.431322
0.356221
0.284463
0.373724
0.454424
0.317539
0.412608
0.386265
0.266190
0.554733
0.311909
0.410141
0.480738
0.394907
0.397690
0.375171
0.475116
0.346463
0.421803
0.384043
0.498131
0.339143
0.643826
0.446704
0.389130
0.325966
0.382643
0.411757
0.383352
0.326415
0.410252
0.371590
0.416477
0.530811
0.463469
0.373373
0.395228
0.334012
0.439415
0.340282
0.301172
0.413974
0.418152
0.322090
0.411895
0.398500
0.410938
0.468477
0.386908
0.327950
0.494801
0.390595
0.394273
0.357302
0.398639
0.379297
0.386725
0.357843
0.355438
0.554044
0.400168
0.380296
0.370226
0.361135
0.348636
0.364926
0.414953
0.388390
0.339863
0.385672
0.345161
0.301783
0.457130
0.411688
0.521346
0.454413
0.315098
0.423144
0.388142
0.298945
0.423871
0.421554
0.351066
0.321957
0.379353
0.424678
0.451665
0.461239
0.473318
0.345609
0.313911
0.325718
0.371682
0.401243
0.312670
0.407560
0.282756
0.354617
0.475281
0.374040
0.327736
0.307891
0.304567
0.409191
0.528272
0.454108
0.425030
0.386258
0.339248
0.404868
0.393560
0.414641
0.439195
0.404032
0.338263
0.482160
0.475451
0.338089
0.418361
0.412012
0.349564
0.365483
0.353004
0.335956
0.402802
0.456042
0.398659
0.391419
0.361543
0.441189
0.317758
0.404358
0.453935
0.361573
0.334751
0.443266
0.336579
0.474738
0.445686
0.324139
0.272672
0.326225
0.429330
0.344902
0.353405
0.402930
0.420797
0.437992
0.473643
0.339149
0.368686
0.307757
0.312553
0.252215
0.403650
0.332100
0.331962
0.396260
0.305782
0.372563
0.438747
0.392637
0.472270
0.330244
0.434695
0.346770
0.405133
0.316920
0.411761
0.529599
0.410233
0.382034
0.342023
0.495934
0.508894
0.360275
0.299341
0.398096
0.496029
0.323189
0.308334
0.368246
0.369636
0.417847
0.420241
0.520728
0.416488
0.348192
0.513916
0.416437
0.373652
0.481780
0.401920
0.389737
0.449752
0.459401
0.440779
0.345374
0.423534
0.280744
0.362513
0.353094
0.425960
0.461570
0.582948
0.478839
0.422126
0.476942
0.367959
0.497846
0.348079
0.304914
0.451489
0.436080
0.556505
0.403561
0.401223
0.400978
0.398305
0.374233
0.438392
0.445136
0.346965
0.402931
0.401723
0.455983
0.334300
0.338155
0.425978
0.526861
0.357851
0.397214
0.355928
0.339900
0.289237
0.346071
0.394434
0.372361
0.353514
0.423197
0.451391
0.249143
0.389622
0.376799
0.306022
0.403177
0.520725
0.377655
0.455937
0.332795
0.300874
0.312101
0.429151
0.419813
0.323318
0.537185
0.385518
0.378973
0.373221
0.338768
0.449626
0.276813
0.344053
0.389453
0.331280
0.402739
0.340172
0.461532
0.489183
0.465040
0.325740
0.275194
0.276960
0.283895
0.476775
0.378927
0.399725
0.444177
0.240560
0.350852
0.433596
0.472216
0.335920
0.330167
0.519852
0.340310
0.336435
0.367256
0.380028
0.408132
0.355443
0.416501
0.345392
0.385895
0.412990
0.479689
0.350024
0.382001
0.333365
0.387600
0.354567
0.401936
0.380531
0.366941
0.348954
0.430416
0.338845
0.337307
0.342998
0.410967
0.357130
0.533928
0.483534
0.412093
0.525246
0.481028
0.382688
0.413230
0.353262
0.400329
0.449919
0.335140
0.468737
0.326560
0.327516
0.376543
0.387929
0.469005
0.345208
0.555408
0.377567
0.389077
0.382887
0.381917
0.368248
0.301118
0.346977
0.354044
0.366133
0.490732
0.376891
0.450884
0.337620
0.322635
0.461564
0.332476
0.389724
0.451834
0.377440
0.453435
0.381665
0.330577
0.348418
0.320834
0.339233
0.309957
0.335763
0.496448
0.355129
0.366783
0.467219
0.294093
0.372500
0.441355
0.345977
0.349878
0.314858
0.527409
0.411002
0.395257
0.442806
0.333384
0.283173
0.330223
0.469602
0.441357
0.350007
0.347535
0.449079
0.558151
0.370642
0.360773
0.345765
0.572157
0.471405
0.440933
0.443839
0.359212
0.378593
0.471571
0.429815
0.298745
0.345258
0.355437
0.407946
0.309541
0.359391
0.492076
0.420487
0.366013
0.288225
0.449671
0.359301
0.510887
0.351536
0.328530
0.333957
0.417617
0.384189
0.299645
0.384438
0.377673
0.295216
0.395358
0.433888
0.401744
0.402048
0.293355
0.335704
0.430339
0.405021
0.433725
0.446137
0.369478
0.454391
0.365340
0.352356
0.383789
0.416799
0.347362
0.318651
0.293419
0.294756
0.264617
0.387362
0.403547
0.360932
0.376947
0.432570
0.479236
0.354291
0.407966
0.299866
0.331865
0.407129
0.533954
0.362622
0.345482
0.282180
0.343526
0.349268
0.490550
0.314435
0.316798
0.314913
0.393184
0.368776
0.455579
0.325045
0.317160
0.431303
0.518472
0.341414
0.392391
0.448646
0.414749
0.289757
0.396461
0.428166
0.482655
0.454304
0.411405
0.373220
0.347946
0.370105
0.418471
0.400532
0.451022
0.373755
0.335005
0.388142
0.340287
0.328068
0.366842
0.406829
0.368702
0.352348
0.593662
0.337179
0.394519
0.323737
0.411149
0.476454
0.388561
0.327371
0.437570
0.358878
0.366702
0.329888
0.348210
0.318002
0.326559
0.295380
0.374936
0.308618
0.337133
0.304532
0.382967
0.428877
0.371253
0.300452
0.328500
0.443146
0.400901
0.452151
0.341706
0.398262
0.392264
0.384497
0.376325
0.420928
0.355132
0.442626
0.451855
0.499321
0.313311
0.290799
0.320547
0.364006
0.439339
0.298073
0.377846
0.369986
0.507627
0.356179
0.429678
0.475755
0.265486
0.404491
0.341560
0.482046
0.394976
0.358586
0.392943
0.353362
0.413002
0.484220
0.381453
0.363288
0.337206
0.360244
0.347142
0.385950
0.421097
0.353078
0.284466
0.345623
0.511188
0.388681
0.380494
0.377411
0.273631
0.318187
0.330430
0.377589
0.429765
0.350206
0.337190
0.291272
0.340629
0.449253
0.388400
0.435963
0.443240
0.362794
0.327515
0.317605
0.319040
0.455830
0.438711
0.370473
0.294800
0.299545
0.446109
0.361911
0.361090
0.434360
0.390351
0.310607
0.386814
0.348998
0.286746
0.313429
0.351587
0.246728
0.448665
0.420661
0.470702
0.336765
0.391690
0.441126
0.249400
0.391791
0.313501
0.459104
0.413537
0.361264
0.366314
0.379935
0.335314
0.365058
0.411784
0.403992
0.375321
0.392419
0.508336
0.285125
0.402729
0.349907
0.401370
0.368475
0.322749
0.363143
0.297523
0.347812
0.316084
0.422519
0.321979
0.301812
0.304111
0.376246
0.423187
0.374463
0.333196
0.336335
0.320584
0.391106
0.395063
0.338657
0.451195
0.332665
0.333600
0.343888
0.355663
0.378283
0.296469
0.320731
0.348987
0.313346
0.355226
0.515972
0.363746
0.293045
0.309453
0.334378
0.465942
0.347518
0.278592
0.317602
0.353721
0.483819
0.370481
0.422926
0.315310
0.409247
0.320465
0.321623
0.307531
0.341614
0.385194
0.534672
0.454974
0.344577
0.435124
0.362085
0.384979
0.362622
0.399975
0.442838
0.404454
0.425850
0.405642
0.447203
0.393127
0.409472
0.324733
0.391839
0.397980
0.266354
0.388790
0.404404
0.434663
0.332707
0.401499
0.328663
0.523334
0.460542
0.348103
0.349582
0.308482
0.339410
0.473040
0.400692
0.423687
0.307631
0.388476
0.383236
0.344253
0.378866
0.292210
0.378376
0.384120
0.389538
0.398156
0.424257
0.450513
0.338051
0.447009
0.374128
0.318109
0.387437
0.349125
0.444508
0.327830
0.396868
0.339848
0.403885
0.396639
0.333894
0.424088
0.381618
0.312211
0.431263
0.440009
0.405933
0.370192
0.285024
0.323022
0.401381
0.301252
0.420538
0.351534
0.364950
0.445981
0.270924
0.417961
0.405283
0.331998
0.436038
0.378908
0.302644
0.315838
0.367834
0.337411
0.443735
0.408507
0.399066
0.434744
0.326676
0.321678
0.364501
0.396091
0.391826
0.325028
0.431760
0.354505
0.493575
0.475193
0.347332
0.605470
0.408443
0.313828
0.356057
0.343684
0.494062
0.299192
0.322218
0.381207
0.489272
0.301248
0.280602
0.354853
0.312849
0.265012
0.432039
0.368609
0.528528
0.390586
0.393426
0.386667
0.320504
0.409697
0.331284
0.356825
0.336854
0.387804
0.481092
0.345259
0.321825
0.400921
0.428362
0.442218
0.376227
0.364773
0.366705
0.372790
0.373852
0.407213
0.399196
0.414338
0.379985
0.437969
0.412007
0.372490
0.396371
0.426373
0.279099
0.356890
0.460858
0.313463
0.351116
0.380298
0.377485
0.445913
0.378684
0.313619
0.380655
0.324642
0.374856
0.414375
0.310700
0.386064
0.378780
0.397738
0.437510
0.337789
0.440205
0.376351
0.292902
0.305766
0.425628
0.329980
0.448991
0.388155
0.456034
0.430668
0.320431
0.486670
0.468914
0.401625
0.332342
0.429995
0.279191
0.355095
0.285120
0.326926
0.434311
0.392688
0.374689
0.366735
0.452137
0.431281
0.398542
0.394589
0.319468
0.321648
0.333338
0.355598
0.341156
0.460483
0.468495
0.324646
0.394277
0.344462
0.295560
0.383361
0.350434
0.309400
0.308145
0.353376
0.422204
0.351283
0.326637
0.376568
0.363686
0.368862
0.326424
0.379731
0.362705
0.260720
0.331594
0.352218
0.388319
0.327836
0.406102
0.413678
0.466106
0.405090
0.336763
0.377349
0.364135
0.290962
0.339678
0.491147
0.321074
0.373623
0.347124
0.302198
0.280487
0.385685
0.343979
0.388936
0.372721
0.326764
0.368610
0.315585
0.320181
0.409889
0.440626
0.312412
0.382261
0.368813
0.274098
0.351558
0.238454
0.365553
0.435629
0.369700
0.316791
0.264963
0.395535
0.305482
0.328961
0.394595
0.414886
0.385701
0.427223
0.455669
0.390366
0.416820
0.364585
0.331320
0.298231
0.344414
0.340029
0.383952
0.377217
0.328907
0.399999
0.326025
0.438703
0.362313
0.350026
0.404961
0.403734
0.387542
0.498180
0.397981
0.376637
0.260681
0.286800
0.372771
0.392932
0.397511
0.308408
0.309925
0.293355
0.416832
0.592724
0.364509
0.374958
0.309891
0.421361
0.334838
0.420006
0.328201
0.421302
0.359077
0.368337
0.395967
0.377975
0.357598
0.358074
0.414277
0.404615
0.314646
0.353067
0.377928
0.330008
0.392570
0.360488
0.513083
0.347091
0.344003
0.371585
0.347983
0.412209
0.365434
0.367250
0.381796
0.230836
0.408382
0.450242
0.390032
0.281466
0.442458
0.369088
0.409062
0.296177
0.321406
0.253160
0.299135
0.369816
0.313622
0.420368
0.345249
0.415668
0.289052
0.324234
0.297349
0.406974
0.327932
0.328269
0.335261
0.425079
0.328503
0.346669
0.399460
0.427024
0.387871
0.322055
0.370327
0.396779
0.358347
0.414397
0.340906
0.412831
0.408857
0.411273
0.338204
0.392515
0.374167
0.366003
0.402185
0.356975
0.371154
0.349609
0.361740
0.454095
0.308225
0.368237
0.391751
0.279936
0.360847
0.362598
0.409089
0.353827
0.408224
0.333916
0.339940
0.328060
0.381505
0.411372
0.274284
0.419093
0.366237
0.419759
0.357272
0.409060
0.317367
0.431397
0.299565
0.263917
0.367750
0.453276
0.332761
0.457658
0.439437
0.386616
0.431791
0.385847
0.310093
0.275554
0.433411
0.350233
0.371976
0.425185
0.428802
0.312632
0.382456
0.376754
0.326535
0.371902
0.384346
0.339101
0.313203
0.417387
0.411464
0.299960
0.351542
0.350945
0.366071
0.438472
0.365247
0.413211
0.274582
0.500276
0.391828
0.332976
0.374686
0.338962
0.473123
0.317834
0.415328
0.475106
0.385984
0.334152
0.372417
0.393745
0.310572
0.332514
0.301145
0.344493
0.327548
0.370854
0.370837
0.323819
0.381922
0.369210
0.388330
0.300959
0.295794
0.425788
0.379443
0.416317
0.370522
0.342979
0.377822
0.305590
0.352875
0.356236
0.352958
0.367334
0.272548
0.391189
0.289953
0.443985
0.306733
0.444428
0.400955
0.419210
0.339106
0.424599
0.268560
0.285954
0.265024
0.389387
0.355131
0.356166
0.341361
0.381667
0.392570
0.476619
0.418235
0.381974
0.402867
0.370470
0.313659
0.403677
0.375162
0.317033
0.315488
0.363727
0.353697
0.382356
0.354657
0.409196
0.332375
0.349324
0.387207
0.356949
0.387137
0.385814
0.404123
0.410377
0.375792
0.354108
0.427349
0.380531
0.271006
0.370733
0.418390
0.351328
0.402587
0.344605
0.384214
0.427230
0.302810
0.267758
0.416053
0.420029
0.322105
0.437216
0.314406
0.324891
0.430505
0.395002
0.305750
0.406179
0.353474
0.341892
0.310919
0.298855
0.397217
0.398126
0.329882
0.380751
0.398835
0.350691
0.361132
0.395387
0.324779
0.330745
0.402303
0.376593
0.348853
0.367450
0.355017
0.430677
0.396991
0.296239
0.451734
0.371594
0.394932
0.433305
0.359700
0.348148
0.344939
0.448004
0.316168
0.399509
0.351307
0.344189
0.300503
0.450512
0.333000
0.383141
0.338782
0.336318
0.430161
0.452289
0.417333
0.336094
0.342825
0.450000
0.306539
0.410298
0.390474
0.268177
0.421273
0.346676
0.322980
0.358149
0.296376
0.307591
0.330252
0.306296
0.306595
0.400602
0.347263
0.385964
0.308660
0.349567
0.366682
0.380729
0.409844
0.405727
0.340622
0.270005
0.444629
0.337637
0.387110
0.357318
0.407145
0.335957
0.327080
0.399276
0.440513
0.372518
0.347070
0.348195
0.374594
0.378614
0.342956
0.307151
0.355325
0.380887
0.345633
0.329909
0.276811
0.379144
0.330000
0.448064
0.365451
0.305481
0.383695
0.389815
0.370265
0.395918
0.397609
0.336813
0.332519
0.333764
0.403173
0.374389
0.295159
0.387764
0.288291
0.319556
0.309837
0.343618
0.289090
0.400542
0.359099
0.358298
0.471298
0.405898
0.453506
0.334141
0.388143
0.274404
0.308615
0.326072
0.411363
0.477352
0.347665
0.482473
0.402673
0.505306
0.358987
0.332337
0.455426
0.345778
0.389739
0.432878
0.475520
0.302762
0.376205
0.401581
0.375312
0.421379
0.311552
0.331778
0.280522
0.381993
0.382589
0.366107
0.409678
0.384703
0.482904
0.422028
0.360547
0.376838
0.415556
0.319242
0.321970
0.318565
0.583492
0.439429
0.346340
0.405682
0.340812
0.449481
0.375242
0.424301
0.390312
0.365470
0.331950
0.321729
0.461227
0.311771
0.412936
0.318362
0.466674
0.351067
0.374304
0.284194
0.527555
0.523376
0.365325
0.381991
0.347070
0.410467
0.275205
0.296594
0.286632
0.260598
0.381740
0.370066
0.335844
0.341092
0.396927
0.282180
0.295294
0.355957
0.321630
0.395977
0.327168
0.386732
0.440121
0.290865
0.470637
0.318363
0.408062
0.373236
0.411837
0.391690
0.380916
0.388398
0.350530
0.477526
0.340581
0.363814
0.393073
0.395567
0.369369
0.519693
0.286009
0.300356
0.392684
0.355885
0.437644
0.303029
0.364883
0.352719
0.358154
0.344638
0.389673
0.393099
0.378688
0.400216
0.326690
0.482866
0.314029
0.436615
0.314179
0.406892
0.464532
0.376962
0.532475
0.324969
0.436001
0.326526
0.544822
0.398485
0.407161
0.323058
0.492062
0.271418
0.431941
0.349428
0.324094
0.455389
0.387844
0.250541
0.354407
0.380115
0.274732
0.362264
0.401277
0.347777
0.441739
0.303185
0.225155
0.307042
0.367938
0.289891
0.353692
0.292510
0.363961
0.349882
0.300581
0.337273
0.361391
0.333180
0.401733
0.330198
0.298143
0.411067
0.326269
0.387745
0.322737
0.324404
0.389017
0.378811
0.377194
0.424749
0.362843
0.455602
0.350751
0.370692
0.321228
0.291284
0.329936
0.344065
0.399591
0.365871
0.296555
0.392199
0.380151
0.369695
0.307537
0.352655
0.323484
0.363755
0.374837
0.400886
0.309633
0.416511
0.391757
0.339146
0.375802
0.309314
0.356809
0.443297
0.333595
0.395046
0.386715
0.296877
0.378192
0.372254
0.378395
0.349299
0.462254
0.289140
0.316128
0.365776
0.348148
0.450161
0.352526
0.336242
0.320163
0.325004
0.335984
0.256476
0.443614
0.399403
0.388921
0.307693
0.370016
0.388419
0.360336
0.301087
0.283426
0.392914
0.351577
0.382150
0.327064
0.341369
0.415270
0.263085
0.258258
0.402964
0.345711
0.427043
0.309641
0.348495
0.414404
0.319453
0.433304
0.405683
0.455208
0.332660
0.285488
0.462543
0.424319
0.431473
0.275970
0.318831
0.301486
0.288795
0.311730
0.409287
0.321998
0.420767
0.362756
0.357092
0.439076
0.469773
0.382072
0.323273
0.369171
0.419660
0.419529
0.352903
0.407128
0.308391
0.247225
0.367027
0.379391
0.350119
0.381229
0.471733
0.321754
0.300340
0.339363
0.328571
0.397995
0.301942
0.317327
0.308583
0.415432
0.399112
0.469137
0.281951
0.372056
0.359185
0.296049
0.336357
0.274716
0.361847
0.377630
0.341862
