2.969441
2.975795
3.003247
2.938596
2.896161
2.891511
2.789671
2.809977
2.711327
2.749663
2.694522
2.693738
2.665453
2.639595
2.520500
2.611348
2.609982
2.572676
2.685448
2.567399
2.501891
2.645040
2.568624
2.601604
2.598546
2.537622
2.567060
2.486352
2.522805
2.507967
2.589919
2.416370
2.562032
2.375064
2.555433
2.454251
2.436085
2.577521
2.422125
2.472630
2.539411
2.365602
2.435858
2.481103
2.521557
2.499710
2.485604
2.346356
2.387313
2.457372
2.456002
2.344612
2.420668
2.458815
2.551604
2.361728
2.320137
2.344012
2.503461
2.349853
2.405926
2.283952
2.232750
2.374509
2.312750
2.281677
2.437922
2.314513
2.199596
2.258692
2.270083
2.186812
2.342342
2.315327
2.411384
2.323364
2.182914
2.245958
2.205188
2.169820
2.255753
2.359305
2.283756
2.139608
2.245028
2.272027
2.196279
2.394061
2.286474
2.100751
2.246744
2.137289
2.236347
2.262203
2.239037
2.248110
2.207497
2.343559
2.208142
2.201145
2.121755
2.154695
2.234388
2.299616
2.278018
2.141104
2.183655
2.245453
2.154469
2.175868
2.337361
2.302325
2.080250
2.093869
2.131143
2.313898
2.248139
2.266163
2.356606
2.115538
2.199764
2.181492
2.145308
2.023996
2.023503
2.259367
2.184517
2.110637
2.030341
2.132788
2.057029
2.062705
2.100340
2.127766
2.228075
2.109067
2.168269
2.032156
2.116939
2.008688
2.103526
2.233571
2.112752
2.043901
2.043071
2.086974
2.241338
2.287456
2.123354
2.079479
2.075482
2.225761
2.113941
2.101938
2.167411
2.111384
2.041206
2.041162
2.094338
2.100717
2.002551
1.905029
2.123273
2.028599
1.978601
2.104765
2.120539
2.030156
2.054482
2.115704
2.139377
2.142221
1.992589
2.050495
2.063601
2.007913
2.135376
2.045287
2.190129
1.971695
1.881887
2.029982
2.009332
2.084230
1.979005
1.916559
1.852443
1.922499
1.895081
1.872856
1.885604
1.898671
2.050518
1.953846
2.017829
2.085849
2.051588
2.002980
1.826260
2.038584
2.056629
2.092308
2.094046
2.049291
1.959120
2.063041
1.982576
2.031376
1.918518
2.108448
1.977011
2.036346
2.058398
1.856269
2.052841
1.824107
1.949065
1.764902
2.105948
2.121256
1.803047
1.832921
1.806518
1.780777
1.723666
1.814853
1.815922
1.808351
1.991747
2.024808
1.936741
1.943064
1.920468
1.967811
1.897701
1.891438
2.009005
1.839531
1.909163
1.957814
1.966585
1.947972
1.965999
2.063465
1.907877
1.810393
1.926405
2.034866
1.780310
1.953191
1.816886
1.869435
1.794156
1.926077
1.873765
1.953045
2.075588
1.775172
2.035763
1.790152
1.800578
1.907949
1.871089
1.718743
1.812970
1.761292
1.869769
1.742306
1.792073
1.830507
1.861066
1.964770
1.837589
1.948737
1.838929
2.109899
1.932519
1.881592
1.961230
1.795757
1.812989
1.970873
1.884787
1.908216
1.883217
1.750046
1.918188
1.831695
1.885250
1.878403
1.695886
2.010226
2.055355
1.918794
1.844821
1.703390
1.765295
1.900664
1.765133
1.742207
1.749110
1.713102
1.963274
1.704556
1.857136
1.794626
1.839700
1.909716
1.916302
1.643021
1.957816
1.775199
1.760943
1.803830
1.981128
1.887324
1.947884
1.763375
1.815191
1.816670
1.906540
1.708732
1.648222
1.749676
1.776524
1.733910
1.625903
1.722984
1.857955
1.735364
1.809027
1.796307
1.691069
1.910254
1.784402
1.746505
1.716444
1.795093
1.747874
1.907813
1.772360
1.701263
1.607992
2.061965
1.816862
1.657840
1.584577
1.748516
1.721048
1.587065
1.754691
1.704735
1.707770
1.666408
1.766563
1.746600
1.723895
1.697052
1.714176
1.721046
1.702337
1.864924
1.811810
1.543675
1.658302
1.573955
1.781549
1.790338
1.738966
1.863153
1.737069
1.634295
1.861173
1.693863
1.782663
1.821963
1.665119
1.712435
1.712361
1.887369
1.736816
1.721503
1.622360
1.678287
1.643709
1.764744
1.807015
1.724707
1.773902
1.728194
1.645152
1.609465
1.602731
1.698089
1.715245
1.654993
1.663363
1.637500
1.703032
1.614870
1.769695
1.707109
1.519242
1.779543
1.481840
1.579254
1.609457
1.676472
1.705068
1.649344
1.802581
1.608699
1.659180
1.584222
1.776801
1.480898
1.774534
1.577409
1.705778
1.625107
1.675539
1.624490
1.533136
1.707117
1.671532
1.462532
1.700793
1.619513
1.568140
1.695881
1.621197
1.689227
1.686628
1.764257
1.558181
1.631964
1.830720
1.780172
1.603585
1.808841
1.718439
1.515785
1.600231
1.635543
1.757931
1.664773
1.556263
1.611419
1.519605
1.643335
1.732820
1.806384
1.477775
1.743768
1.694618
1.657154
1.763910
1.643908
1.627376
1.548168
1.532080
1.604633
1.614396
1.727612
1.629197
1.566628
1.649349
1.719700
1.773859
1.808229
1.674569
1.508238
1.784063
1.571003
1.777610
1.526168
1.539522
1.535323
1.548324
1.711183
1.670815
1.520306
1.562971
1.456765
1.619065
1.692212
1.643368
1.550981
1.563364
1.458530
1.570902
1.462417
1.642644
1.611142
1.816296
1.636759
1.781343
1.538072
1.667217
1.487842
1.669781
1.563118
1.547304
1.738295
1.516309
1.555166
1.597074
1.523304
1.435019
1.523008
1.512439
1.561984
1.616715
1.460973
1.525497
1.472641
1.679514
1.641472
1.674668
1.667772
1.633444
1.609571
1.693383
1.568449
1.535959
1.518064
1.604052
1.450865
1.475402
1.921540
1.556875
1.655608
1.601701
1.623500
1.452383
1.468168
1.693032
1.781520
1.680233
1.520433
1.442159
1.530115
1.570113
1.703983
1.595398
1.386192
1.550876
1.524767
1.460395
1.384968
1.487823
1.545307
1.348832
1.515655
1.440895
1.550042
1.541704
1.519748
1.415961
1.635874
1.516973
1.385990
1.479255
1.362524
1.507420
1.423438
1.437493
1.575869
1.448461
1.579688
1.684600
1.514008
1.571156
1.609455
1.604551
1.573671
1.525025
1.687239
1.510447
1.531514
1.444297
1.538608
1.424238
1.486210
1.515541
1.694396
1.614090
1.440911
1.543293
1.473839
1.349285
1.471104
1.260536
1.550726
1.633204
1.386908
1.496919
1.729208
1.361267
1.636173
1.702428
1.509827
1.341618
1.367730
1.358091
1.451338
1.350315
1.416120
1.481791
1.510572
1.335961
1.568603
1.420632
1.418797
1.470473
1.438597
1.483863
1.537657
1.509620
1.651296
1.464646
1.508105
1.547408
1.642249
1.574256
1.566676
1.380631
1.440882
1.422949
1.596420
1.447343
1.420502
1.534166
1.477652
1.445272
1.516962
1.532022
1.575642
1.499630
1.379699
1.444402
1.372120
1.490939
1.352738
1.679405
1.305080
1.635756
1.330030
1.411971
1.503004
1.529029
1.492924
1.334684
1.323113
1.503135
1.499950
1.369468
1.447476
1.549224
1.640450
1.504190
1.704138
1.534107
1.362353
1.480944
1.458695
1.487986
1.416554
1.333950
1.306090
1.360019
1.564451
1.561404
1.569039
1.639290
1.609176
1.667760
1.491686
1.401967
1.372826
1.519864
1.400461
1.608304
1.494600
1.548080
1.576939
1.398482
1.520862
1.420396
1.504528
1.546944
1.464716
1.555147
1.328886
1.498582
1.450405
1.270499
1.384717
1.441664
1.389041
1.394835
1.330176
1.521408
1.592457
1.488101
1.448053
1.599054
1.366315
1.442244
1.419626
1.329950
1.375868
1.403937
1.513578
1.607276
1.360883
1.445638
1.399412
1.420756
1.364690
1.622552
1.483697
1.485559
1.303100
1.423136
1.522183
1.550128
1.343166
1.298582
1.727109
1.525493
1.583786
1.469893
1.458068
1.392268
1.444805
1.410349
1.440393
1.320963
1.419088
1.471104
1.464400
1.382319
1.450513
1.343227
1.539037
1.396522
1.321831
1.301512
1.321032
1.406281
1.399516
1.371356
1.586964
1.594412
1.450964
1.378212
1.461912
1.322378
1.420656
1.425491
1.529736
1.352324
1.504828
1.468632
1.508690
1.447659
1.397882
1.340130
1.456756
1.424741
1.394433
1.361322
1.328390
1.426553
1.318260
1.303752
1.253793
1.449558
1.452696
1.370913
1.313265
1.340812
1.440938
1.440161
1.481243
1.482629
1.337159
1.265644
1.420648
1.524566
1.415064
1.506008
1.409752
1.444993
1.180068
1.467481
1.386274
1.427301
1.310917
1.266705
1.452551
1.493828
1.439264
1.176112
1.448795
1.421383
1.449814
1.381774
1.541009
1.336520
1.314149
1.359973
1.358430
1.243747
1.424835
1.435976
1.456644
1.559592
1.393258
1.289931
1.442171
1.268690
1.198449
1.319394
1.489596
1.334150
1.408673
1.448239
1.388772
1.373233
1.407204
1.422292
1.426825
1.336465
1.289961
1.473350
1.470358
1.329021
1.314993
1.420309
1.347870
1.289698
1.396904
1.368882
1.362800
1.353014
1.506086
1.251097
1.402143
1.304687
1.205168
1.380600
1.440139
1.370064
1.442598
1.331573
1.354454
1.334051
1.350339
1.442435
1.434764
1.370122
1.288476
1.203711
1.346110
1.317300
1.157614
1.503816
1.365472
1.413922
1.281595
1.509882
1.325532
1.405405
1.456787
1.473748
1.304349
1.312401
1.300393
1.266792
1.429323
1.309160
1.299920
1.278885
1.215945
1.272745
1.323962
1.349482
1.310251
1.613509
1.399714
1.553684
1.395142
1.359729
1.341600
1.326045
1.268385
1.419266
1.319466
1.450000
1.195049
1.272708
1.335297
1.389820
1.481965
1.407727
1.415061
1.465307
1.175246
1.330293
1.434681
1.405597
1.287887
1.294971
1.402294
1.494453
1.329655
1.530175
1.436894
1.344033
1.372649
1.620746
1.519220
1.327793
1.238179
1.232791
1.282271
1.351522
1.490596
1.527988
1.278159
1.504640
1.459005
1.362166
1.461096
1.230238
1.232195
1.467815
1.294902
1.401732
1.325110
1.373132
1.523861
1.353497
1.248688
1.279429
1.575445
1.232545
1.273241
1.462668
1.361624
1.253240
1.169840
1.294034
1.305257
1.315449
1.107598
1.155227
1.271616
1.255391
1.281988
1.230360
1.226001
1.301901
1.366934
1.248895
1.161656
1.341716
1.327770
1.272753
1.243582
1.443285
1.234730
1.294127
1.307602
1.368768
1.200345
1.264120
1.367494
1.269307
1.318604
1.358784
1.553554
1.296043
1.373632
1.490894
1.390049
1.257041
1.128630
1.425422
1.197186
1.274964
1.312709
1.397692
1.304268
1.327964
1.472252
1.418852
1.338435
1.474020
1.302244
1.453139
1.227094
1.222996
1.321985
1.493827
1.236560
1.439590
1.246913
1.385262
1.574849
1.348027
1.261133
1.464354
1.319140
1.624005
1.157552
1.336034
1.458367
1.296521
1.210143
1.199538
1.384681
1.289801
1.204529
1.294735
1.318734
1.361323
1.352179
1.220404
1.282158
1.233891
1.401704
1.280750
1.345818
1.379419
1.300192
1.410237
1.274190
1.276591
1.377948
1.282669
1.305562
1.309854
1.419262
1.293474
1.264838
1.230235
1.335928
1.101763
1.200315
1.225398
1.181928
1.248588
1.228643
1.298224
1.275557
1.502896
1.198745
1.227403
1.158765
1.297175
1.305986
1.267451
1.211063
1.332865
1.279516
1.124584
1.181022
1.347046
1.299704
1.407973
1.244365
1.167291
1.339220
1.197381
1.312934
1.248442
1.182786
1.247534
1.157134
1.363236
1.400039
1.393083
1.206075
1.271614
1.497154
1.142902
1.157086
1.089225
1.210505
1.176822
1.146599
1.323664
1.245757
1.304991
1.299498
1.284543
1.202585
1.479763
1.348115
1.301428
1.141316
1.437567
1.245510
1.203999
1.204753
1.366381
1.165235
1.226347
1.256683
1.267080
1.191488
1.344636
1.224146
1.207564
1.502010
1.398681
1.382120
1.361056
1.378607
1.228144
1.337444
1.062314
1.305378
1.145029
1.098912
1.243156
1.181817
1.227260
1.313677
1.242202
1.204512
1.306025
1.445083
1.192515
1.056683
1.440588
1.105149
1.312879
1.267183
1.371095
1.245583
1.163575
1.152227
1.090081
1.412630
1.242935
1.350666
1.205825
1.294948
1.428987
1.126088
1.240915
1.299506
1.180187
1.259047
1.412599
0.886575
1.249261
1.254726
1.119398
1.143052
1.234572
1.277505
1.330097
1.372857
1.278507
1.383939
1.381687
1.226120
1.264239
1.276701
1.218571
1.151916
1.128563
1.104495
1.237380
1.073434
1.229681
1.250953
1.416698
1.227673
1.290352
1.207611
1.256766
1.471017
1.236410
1.219692
1.506908
1.171892
1.206629
1.264011
1.225905
1.238019
1.357193
1.223268
1.129640
1.277628
1.148566
1.019570
1.135998
1.142319
1.129501
1.257332
1.113890
1.130339
1.278467
1.173445
1.179772
1.176227
1.342902
1.143305
1.386199
1.363774
1.168174
1.381712
1.291143
1.250600
1.107821
1.263353
1.284700
1.270304
1.186320
1.364021
1.291313
1.226721
1.216612
1.294084
1.305234
1.318641
1.251412
0.988242
1.282352
1.284587
1.014111
1.154359
1.247992
1.244473
1.267139
1.235631
1.286389
1.347994
1.281410
1.138113
1.150446
1.270967
1.204106
1.241481
1.407480
1.201478
1.253062
1.257280
1.068605
1.165882
1.200430
1.226871
1.305760
1.192650
1.280562
1.333788
1.253669
1.325169
1.166500
1.223010
1.034348
1.094818
1.202188
1.149329
1.483538
1.100374
1.264857
1.320430
1.226433
1.270932
1.217896
1.254809
1.208892
1.288204
1.474756
1.055926
1.142393
1.214088
1.291918
1.167298
1.230408
1.216518
1.230944
1.278161
1.223411
1.207601
1.166149
1.236476
1.315464
0.964561
1.014725
1.177456
1.255302
1.310897
1.164865
1.320993
1.146520
1.394855
1.406781
1.296133
1.274203
1.195540
1.342522
1.188349
1.234053
1.105620
1.100825
1.333561
1.235295
1.108813
1.139777
1.102877
1.046036
1.159892
1.186992
1.396847
1.398067
1.123742
1.155279
1.151050
1.090627
1.359552
1.354939
1.115057
1.299970
1.213254
1.168364
1.317753
1.105823
1.189661
1.268602
1.248928
1.132421
1.222989
1.190001
1.242834
1.152803
1.197155
1.110738
1.207851
1.258009
1.181395
1.146853
1.126478
1.326867
1.216705
1.321840
1.244735
1.245731
1.066258
1.212699
1.219036
1.131660
1.031139
1.297392
1.138804
1.290132
1.065371
1.314226
1.244612
1.237111
1.152468
1.019415
1.114307
1.150451
0.977526
1.213650
1.118891
1.362009
1.246068
1.072731
1.087945
1.081151
1.284615
1.168886
1.077304
1.161575
1.135412
1.171041
1.111012
1.278239
1.122674
1.279784
1.213745
1.000754
1.176601
1.187182
1.176910
1.221221
1.348683
1.104057
1.193614
1.199935
1.184547
1.059171
1.170874
1.250120
1.219780
1.177296
1.141968
1.206332
0.967502
1.271752
1.145539
1.192116
1.266395
1.293441
1.148715
1.047177
1.250338
1.133694
1.280272
1.189504
1.294090
1.311971
1.192379
1.143266
1.258564
1.141429
1.147905
1.091204
1.156818
1.224486
1.182520
1.202700
1.058906
1.070263
1.041636
0.967591
1.346169
1.005112
1.017091
1.278979
1.005927
1.155566
1.040467
1.011477
1.253603
1.086124
1.209782
1.197482
1.190262
1.090681
1.313887
1.012967
1.001605
1.000173
1.069340
1.032137
1.098019
1.199991
1.079699
0.961158
1.123272
1.173941
1.296482
1.137875
1.245796
1.229010
1.091640
1.004453
1.161760
1.094462
1.128958
1.078514
1.204488
0.938919
1.225847
1.043790
1.325364
1.376647
1.165528
1.158952
1.070429
1.181605
1.213373
1.253832
1.064558
1.143308
1.064406
1.193733
0.984913
1.243850
1.134434
1.061597
1.080031
1.127365
1.260070
1.135131
1.096931
1.110634
1.096964
0.947457
1.133753
1.199660
1.102811
1.114281
1.300972
0.921845
1.135938
0.923732
1.032076
1.222519
1.029441
0.966888
1.007516
1.047051
0.996461
1.094509
1.246216
1.336636
1.002630
1.099803
1.154993
1.124899
1.272988
1.103272
1.159858
1.061792
1.130403
1.108993
0.978742
1.169172
1.141741
1.245291
1.124050
1.475400
1.089185
1.236080
1.080087
1.127803
1.163511
1.023056
1.076106
1.190203
1.230347
1.015984
1.286186
1.073660
1.253895
1.066894
1.032472
1.151472
1.102826
1.079671
1.059981
1.061921
1.112425
1.118657
1.080508
1.154072
1.091834
1.111384
0.972542
0.965064
1.253828
1.113596
1.149835
1.026744
1.286147
1.208578
1.128816
1.227301
1.094539
0.979644
1.160519
1.047142
0.967707
1.088749
1.122914
1.058835
1.220912
1.003846
0.954965
1.156848
0.924630
1.065636
1.121183
1.046582
1.242049
1.342793
0.969297
1.300479
1.350345
1.204548
1.012988
1.248317
1.150383
1.188408
1.095662
1.177161
1.222417
1.210700
1.094164
1.210086
1.188329
1.029484
1.111046
1.069214
1.043352
0.974648
0.960787
1.039961
1.045611
1.011336
1.141820
1.089102
1.083521
1.000197
1.099106
1.115623
1.325288
1.014161
1.082313
0.995274
1.143748
0.989322
1.011930
1.174964
0.986521
1.084324
1.003931
1.335213
1.162145
1.089348
1.275778
1.110410
1.164307
1.079526
1.035179
1.152778
1.054202
1.248698
1.018417
1.063101
1.181543
0.963322
0.969386
1.040155
1.313426
0.949127
1.135363
1.189180
1.123702
1.183699
1.074248
1.120196
0.979713
1.044220
1.050321
1.092663
0.986435
1.037841
1.013699
1.075458
1.195981
1.204776
0.978294
1.088397
1.309924
1.027223
1.133270
1.134294
1.001939
1.032339
1.050021
1.012471
0.966973
1.078703
1.297813
1.069382
1.064379
0.983735
1.013951
1.332471
1.247262
0.994756
1.227298
0.947832
0.998924
1.108928
1.149023
1.170518
1.077858
1.055212
1.015874
1.111202
1.219152
1.116400
1.142251
1.100822
0.891346
1.068573
1.122582
0.987023
1.279424
0.919316
1.115612
1.048376
1.112272
1.285675
1.158082
1.113260
1.090048
0.832884
0.987785
1.174586
1.219484
1.011052
1.135309
1.163788
1.000052
0.979379
1.210951
0.962121
1.010545
1.174647
0.989178
0.901335
1.355378
1.214477
0.924111
0.932525
1.044617
1.165950
1.140368
1.117371
1.080804
1.045317
1.225790
1.194080
1.130009
0.957806
1.100469
1.161107
1.199255
0.984230
1.099712
1.009957
1.010126
1.182640
0.988394
1.015551
0.930438
1.059618
1.021264
0.935833
1.100996
0.992085
1.021670
0.966941
1.090909
1.049910
0.901740
1.149942
1.229443
1.137474
1.166124
0.998668
1.179683
0.966012
1.232971
1.121087
0.995517
1.098588
0.988202
1.077466
1.064700
0.886372
1.038242
1.062336
1.263440
1.072302
0.928890
1.189706
1.103886
0.990173
1.042632
1.028802
1.061495
1.120642
1.093192
1.025037
1.024388
0.986858
1.066249
0.964849
1.084012
1.073170
0.928713
1.119476
1.026602
1.039727
1.032674
0.952884
0.890529
0.974290
0.927316
1.028255
0.955785
0.966586
1.139414
1.023349
0.932107
0.902626
1.033817
0.877179
0.897107
1.107047
0.969012
1.182251
0.981344
1.016129
0.986734
1.025100
1.126559
1.032913
1.014384
0.902946
1.042349
0.978714
1.040823
1.179045
1.239114
1.021545
0.854644
1.073500
1.025803
1.018599
1.007798
0.936503
1.043705
1.055106
1.111374
0.978140
0.791077
1.180698
0.995408
1.019673
0.985187
0.823426
1.107761
0.813857
1.314737
0.905817
0.925055
0.923038
1.177760
1.085734
1.002343
0.964125
0.939261
1.053919
1.116571
1.060024
0.814139
1.041085
1.054742
0.968551
1.029688
0.998959
1.195788
0.912114
1.041973
1.135373
1.038789
1.033643
1.004739
0.913129
0.928872
1.109095
0.996286
1.072928
0.898667
0.960110
1.178802
0.963860
0.990325
0.895122
0.979121
0.930540
1.110202
1.054729
1.168720
1.112139
0.978459
0.941923
1.105085
1.058583
0.882554
1.052496
0.874212
0.915772
1.096141
0.951883
1.035825
1.131409
0.963166
1.182725
0.917704
1.092679
1.023345
0.948890
0.879588
1.191769
1.016596
0.901706
0.948180
0.912963
1.005697
0.958942
1.208103
0.985566
1.044513
1.020663
0.792879
1.141055
0.843289
0.989023
0.998012
0.926071
1.164658
1.014433
0.970192
0.950126
0.973515
0.993476
0.936543
1.034483
1.023612
0.959980
0.986600
0.954433
0.835761
0.993744
1.083961
1.148531
1.014934
1.048062
0.986358
0.967622
1.048173
1.108856
1.205340
1.189482
0.979191
1.340729
0.982559
0.941353
1.292382
1.000002
0.955771
0.963208
1.176643
1.070777
0.992830
0.987610
0.885196
0.958025
0.935032
1.082078
1.135049
1.172860
1.071892
0.949613
0.973405
0.991475
1.027784
0.997475
0.802321
0.976167
1.084804
1.157104
1.028282
0.941393
0.928594
1.104903
1.046718
1.047751
1.102438
0.782473
0.888194
1.050530
1.029602
1.061859
0.962777
1.060087
0.908823
0.961187
1.080583
1.166412
0.960171
0.799332
0.985258
1.078169
1.123933
0.757281
1.066273
0.946427
0.947883
0.967018
1.045709
0.901136
0.973422
1.075760
0.934288
0.950544
1.052836
1.003456
1.036083
1.117866
0.747286
0.970633
0.921707
0.942908
1.166752
1.111217
0.873738
1.107443
0.948624
1.081774
1.086408
1.077586
0.991633
1.101627
1.150288
1.035326
1.040060
0.983126
1.057881
1.015700
0.983708
0.885763
1.043998
1.052403
0.952921
0.922211
1.041878
1.068842
1.081449
0.955945
0.897726
1.222730
1.083362
1.105525
1.067084
1.137396
0.913551
0.918442
1.081551
0.939642
0.904049
0.958577
0.912112
1.020944
0.934974
0.898578
0.866434
1.189823
0.949554
1.137590
0.953712
0.973044
1.071760
0.898680
0.874494
1.111514
0.889460
0.825533
1.035989
1.071891
0.853230
0.885035
0.970642
1.072215
0.943269
0.919941
1.083196
0.861258
0.908091
0.832539
0.942481
1.273034
0.979076
1.034095
0.945682
1.098267
1.129287
0.959466
1.087199
1.220186
1.124582
0.951589
0.985269
1.026591
1.119975
1.190935
1.040201
0.919986
0.995682
0.884325
0.973671
0.894582
0.791060
0.902885
1.175503
0.900830
1.071180
0.910253
0.926270
1.084466
1.083325
0.913974
0.938721
1.216878
1.191692
0.991058
0.993476
0.874489
0.845738
1.085094
0.945280
0.861266
0.806418
1.048900
0.941234
1.062510
1.052659
0.942041
1.009525
1.030571
0.932840
0.911160
1.031414
0.876220
0.991214
0.884746
0.845086
0.878988
0.953093
0.908107
0.877251
0.966212
0.855338
0.831163
1.137343
0.899587
1.104906
1.034927
1.026114
0.892069
1.021799
0.977673
1.202052
1.147745
1.169186
0.855731
0.847505
0.813210
0.980916
0.942693
1.245353
0.997228
1.031640
0.963347
1.070008
0.953465
0.940964
0.939263
0.845624
1.043281
0.868901
1.083833
0.948799
0.892924
1.000026
1.072736
0.970832
1.067061
0.979656
0.959901
0.826096
1.003499
0.809194
0.937518
1.020513
0.878211
1.073844
0.938172
1.033342
1.196787
0.968335
0.845661
0.958697
0.998373
0.966483
0.872760
0.754907
1.047739
0.864781
0.927368
0.961427
0.989138
0.812733
0.906901
0.857050
0.901392
0.985840
1.041519
1.149109
0.919609
0.765145
1.123611
0.836384
0.854905
1.134572
0.864635
0.904908
0.850148
0.885859
1.067843
0.888020
1.124732
0.898514
0.750732
1.062767
0.950473
0.925568
0.926144
0.888634
1.061380
0.966338
0.852735
0.899067
1.097043
0.862828
1.028366
0.767114
0.992997
0.835255
0.972176
0.917534
0.898490
0.877865
0.992506
1.010221
1.010704
0.934299
0.911108
0.899460
0.913066
0.897446
0.830553
0.849860
0.877966
0.842064
0.793967
0.958266
0.792525
1.100045
0.932837
0.930121
0.914383
1.037087
1.029273
0.942577
0.904966
0.976886
0.970062
1.014803
0.955046
0.793131
0.962823
1.075335
0.865058
0.891476
1.071908
0.827229
0.898509
0.917018
0.823719
0.709342
0.922940
0.981824
0.874991
0.875472
0.832371
0.920176
1.111132
1.112649
0.881347
1.059272
0.916664
1.033462
0.910670
0.933195
1.027680
0.867644
1.003316
0.854111
0.815022
1.035534
0.887533
0.868594
1.119071
0.924100
0.921244
0.893620
0.789457
0.850485
0.920718
0.965625
0.945032
0.980627
0.963379
0.956824
0.988192
0.900697
0.987901
0.950494
1.079178
0.999732
1.046708
0.984179
0.856951
0.926258
0.984897
0.906192
0.841781
0.883415
0.928783
1.105625
0.867936
0.868283
0.899683
0.947250
0.971652
0.938595
0.894127
1.027483
0.870840
0.870714
0.773470
1.021455
0.912063
0.875849
0.995645
0.976661
0.816890
0.986701
1.182720
1.136561
1.007382
0.976981
0.812062
1.047301
0.794023
0.881748
1.037981
1.065010
0.947195
0.943590
0.881768
0.986794
0.957612
0.844612
0.929256
0.857587
0.901173
0.947430
0.993598
0.794812
0.918735
0.952129
0.875675
0.934326
0.937257
0.957747
0.818851
0.924548
0.895118
0.956098
0.971337
0.847901
1.015172
1.086195
0.822035
0.863366
0.814469
0.988959
0.818591
0.943623
1.121000
0.866392
1.039684
0.867530
0.950867
0.865753
0.955148
0.791474
1.073831
0.929255
1.004563
0.980411
0.926305
0.917176
0.896399
0.870636
1.058207
0.758660
0.958282
0.876033
1.020895
0.990899
0.826436
0.904853
1.001536
0.824971
0.744780
0.911593
0.853891
0.818810
0.885672
0.810668
0.875349
1.004902
1.032675
1.026671
1.155699
0.957372
1.000490
1.210841
0.876847
0.994510
0.951248
0.870759
0.878614
0.781221
0.989924
0.922551
0.873950
1.052218
1.051792
0.957012
0.911462
0.973798
0.945251
1.050651
0.848428
1.022799
1.068815
0.834868
1.002205
0.943390
0.980788
0.912135
0.854543
0.840371
0.830873
0.931929
1.230022
0.931006
0.901126
0.955792
0.808855
0.764915
0.910021
0.736933
1.238265
0.924723
0.956495
0.864513
1.116947
0.970047
0.758963
1.119459
1.154689
0.857559
0.917236
0.820752
0.958233
0.889421
1.063676
0.888606
0.844441
0.934484
1.021068
0.922018
0.868407
0.899049
0.863950
0.755565
0.810988
0.990483
0.940310
0.813221
0.837151
0.835366
0.914950
1.138240
0.850054
0.861367
0.908944
0.869981
1.040339
0.908826
0.984907
0.924947
0.841295
0.887474
0.744006
0.861103
0.937066
0.973644
0.851411
0.783937
0.913263
0.765408
0.939656
0.901879
0.804970
0.963343
0.993400
0.795271
0.889691
1.016995
0.936124
0.768390
0.808357
0.965709
0.826807
0.900171
0.890787
0.847821
0.861675
0.944333
0.774991
0.864815
0.964898
0.932766
0.956318
0.920484
0.843361
0.784025
0.927233
0.869530
0.989870
0.848583
0.837433
0.740763
0.975319
0.914892
1.042586
0.985378
0.947922
1.087309
0.959107
0.966629
0.973253
0.845967
0.847406
0.744534
1.014072
0.811491
0.976375
0.846376
0.943592
0.899488
0.949123
0.841345
0.812761
0.993947
1.228750
0.833044
0.926599
0.745976
0.766532
0.915455
0.844655
1.079427
0.873506
0.923899
0.823285
0.924527
0.874670
1.038455
0.959664
1.085660
0.939159
0.819462
0.717583
0.773056
0.894760
1.018100
0.838853
0.772578
0.861600
0.994035
0.926670
0.868764
0.755758
0.868548
0.818098
0.805911
0.813772
0.976164
0.913702
0.770282
0.872316
0.814409
0.936770
0.888140
0.744472
0.921171
0.938674
0.842601
0.927337
0.765209
0.999511
0.945401
0.891144
0.807360
0.886357
0.745571
0.817895
0.983051
0.881394
0.942191
0.776459
0.959700
0.933877
0.866496
0.780404
0.888210
0.926407
0.956620
0.937330
0.882988
0.913870
1.033359
0.822727
0.960086
1.064817
0.913275
0.968408
0.940320
1.004250
0.905565
0.810632
1.019029
0.845715
0.964872
0.849761
1.086637
0.981976
1.092628
0.751332
1.017792
0.845783
0.822180
0.822029
0.820191
0.743282
0.852123
0.877589
0.843948
0.855024
0.804630
1.083305
0.844474
0.823383
1.045175
0.961081
0.853306
0.648528
1.033324
0.810736
0.761025
0.966167
0.829134
0.858072
0.992972
0.819628
0.877442
0.989975
0.829979
0.902366
0.797069
0.956715
0.873833
1.160877
0.959128
0.806113
0.855933
0.945086
0.862948
0.803456
0.826816
0.966142
0.755761
0.961781
0.815698
0.817544
0.782233
0.906872
0.733951
0.837121
0.812723
0.737155
0.963320
0.912702
0.743547
0.960814
0.907868
0.761667
0.760739
0.814651
0.745825
0.977714
1.137080
0.913129
0.987637
0.942553
0.903533
1.052394
0.918519
0.908548
0.789530
0.766371
0.943084
0.993204
0.837044
0.890117
0.897896
0.896661
0.871941
0.972577
0.854060
0.912997
0.817420
0.884694
0.907621
0.724597
0.846261
0.894165
0.867650
0.805339
0.803148
0.942948
0.936917
0.985103
0.896307
0.734425
0.856025
0.878392
0.833100
0.936616
0.771787
0.931693
0.876287
0.752697
0.798894
0.866084
1.046892
0.889517
0.911146
0.978857
0.842376
0.903260
0.921415
0.874057
0.902431
0.890300
0.989303
0.914070
0.876395
0.695099
0.691523
0.898033
0.828441
0.991605
0.835495
0.817179
1.024415
0.942431
0.863012
0.897490
0.921204
0.835213
0.862614
0.910253
0.948898
0.826961
0.888767
0.931981
0.813686
0.782769
1.047778
0.886020
0.888875
0.894541
0.937418
0.772233
0.889976
0.986752
0.832325
0.815202
0.704918
0.935671
0.693003
0.914356
0.802016
0.906711
0.963755
0.837133
0.781761
0.836575
0.775702
0.681758
0.854917
0.727627
0.773898
0.977613
0.908932
0.735649
0.933155
0.852169
0.802492
0.808670
0.885949
0.780495
0.927600
0.831064
0.806910
0.898388
0.769527
0.696158
0.847870
0.782836
0.967230
0.747219
0.810733
0.820684
0.792573
0.862239
0.747330
0.726014
0.953574
0.982195
0.850009
0.733512
0.931849
0.881301
0.756196
0.804335
0.764845
0.805873
0.905351
0.831926
0.788118
0.949675
0.715538
0.809815
0.714753
0.759835
0.926762
0.939020
0.936708
0.974008
0.754379
0.871427
0.843326
1.026281
0.651449
0.733975
0.893557
0.875609
0.799115
0.778314
0.955316
0.730449
0.936585
0.659297
0.892411
0.840287
0.855258
0.885159
1.019917
0.878767
1.027263
0.979832
0.806182
0.748639
0.864063
0.780039
0.823150
0.939308
0.833058
0.937192
0.764061
0.699796
0.892248
0.850757
0.869430
0.836752
0.778163
0.805526
0.898662
0.855705
0.935999
0.863419
0.810320
0.825773
1.077418
0.929476
0.929005
0.848160
0.778754
0.885577
0.913758
0.725490
0.768004
0.897221
0.718533
0.869105
0.823819
0.914266
0.810236
0.820278
0.803940
0.823321
0.882526
0.954389
0.784039
0.931661
1.006689
0.744661
0.767903
0.977452
0.734493
0.889673
0.910683
0.773620
0.890359
0.786763
0.901382
0.880040
0.811688
0.964778
0.735388
0.884028
0.870938
0.859671
0.842865
0.899591
0.774157
0.850693
0.766687
0.892908
1.008278
0.926079
0.801320
0.869818
0.687030
0.839878
0.771185
1.025140
0.807657
1.032751
0.713188
0.744519
0.783581
0.856355
0.985232
0.881546
0.865787
0.777915
0.840428
0.877196
0.915875
0.780334
0.860988
0.846553
0.770229
0.663058
0.850989
0.953188
0.820801
0.736101
0.781855
0.762576
0.996550
0.764867
0.844163
0.770481
0.888708
0.834108
0.878369
0.810191
0.801245
0.941842
0.891055
0.818961
0.788494
0.718229
0.752475
0.936789
0.942494
0.709480
0.784022
0.835976
0.782020
0.884239
0.907342
0.739483
0.852844
0.826510
0.734902
0.880962
0.821852
0.774120
0.945081
0.824856
0.987809
0.887043
0.771093
0.709979
0.785086
0.822611
0.811797
0.947888
0.798558
0.826494
0.745715
0.873066
0.689572
0.790027
0.900317
1.001145
0.843338
0.906766
0.739367
0.919694
0.857330
0.822662
0.866681
0.888526
1.020337
0.744747
0.844231
0.949319
0.973668
0.985043
0.970514
0.709182
0.757171
0.829226
0.873294
0.907865
0.866525
0.777997
0.736279
0.972937
0.776256
0.863729
0.968506
0.814700
0.911335
0.715815
0.864874
0.985687
0.854697
0.890740
0.951471
0.890410
0.867866
0.886283
0.858701
0.838278
0.850650
0.804749
0.784304
0.793031
0.784769
1.005430
0.736452
0.866352
0.799699
0.802833
0.887732
1.027892
0.855390
0.840898
0.718278
0.874504
0.720704
0.826326
0.786606
0.897898
0.886795
0.751119
0.946395
0.809877
0.973301
0.764190
0.858391
0.834911
0.867364
0.716694
0.792429
0.712061
0.696488
0.722486
0.792502
0.706961
0.707052
0.718913
0.774313
0.895798
1.012193
0.637735
0.756653
0.853564
0.865312
0.713208
0.809552
0.705494
0.776650
0.819103
0.844201
0.852786
0.862335
0.774589
1.019271
0.890372
0.858718
0.738339
0.829949
0.770917
0.682549
0.634233
0.880845
0.808568
0.897501
1.081107
0.832339
0.638579
0.896412
0.833474
1.015797
0.871608
0.798528
0.781240
0.932779
0.753949
0.900222
0.987902
0.921883
0.796618
0.869239
0.792206
0.959324
0.801360
0.778278
0.697670
0.750848
0.818122
0.827218
0.844496
0.847485
0.826396
0.817371
0.959414
0.992675
0.711431
0.749926
1.004936
0.844852
0.673834
0.797356
0.775374
0.797759
0.872167
0.772685
0.752627
0.714735
0.905712
0.701685
0.813824
0.801256
0.785037
0.716401
0.704568
0.803974
0.794016
0.739495
0.925593
0.826636
0.618088
0.649636
0.752008
0.742103
0.720628
0.850684
0.823327
0.839697
1.022506
0.665514
0.629936
0.826889
0.950058
0.872957
0.978635
0.886322
0.936002
0.648271
0.823847
0.833867
0.816008
0.876369
0.682402
0.807124
0.750252
0.641739
0.779604
0.779624
0.863220
1.115122
1.007054
0.792783
0.971436
0.942570
0.829185
0.819838
0.668489
0.807064
0.830202
0.806404
0.744672
0.755194
0.786678
0.762229
0.835206
0.758043
0.748691
0.774062
0.839056
0.803196
0.868911
0.996543
0.709874
0.954724
0.717294
0.865369
0.862182
0.839660
0.946251
0.885481
0.721052
0.925429
0.644694
0.885783
0.755389
0.922130
0.800336
0.711231
0.831231
0.715310
0.813527
0.643067
0.702194
0.810414
0.762403
0.819355
0.778785
0.760536
0.876937
0.760366
0.871934
0.700671
0.721098
0.963848
0.743845
0.819491
0.935639
0.853665
0.869396
0.782947
0.777075
0.789592
0.665290
0.793878
0.798830
0.814497
0.822259
0.841980
0.778991
0.821150
0.770411
0.843541
0.780758
0.835672
0.766036
0.790205
0.903659
0.797499
0.879854
0.937021
0.668567
0.797248
0.880271
0.853691
0.677482
0.756058
0.788123
0.909157
1.062446
0.805450
0.804287
0.755264
0.861577
0.747810
0.937487
0.895845
0.804586
0.787175
0.787157
0.867931
0.745257
0.778539
0.894048
0.844774
0.906670
0.812172
0.707920
0.836266
0.700949
0.776604
0.758365
0.688258
0.701846
0.904114
0.978968
0.667201
0.880497
0.757886
0.731522
0.817983
0.741632
0.768057
0.723056
0.688814
0.723076
0.680393
0.778554
0.796256
0.894743
0.694885
0.813208
0.823872
0.827586
0.888655
0.826075
0.811947
0.749355
0.913949
0.868409
0.582425
0.714464
0.867429
0.947685
0.832812
0.872461
0.679883
0.710917
0.869395
0.862946
0.914470
0.805627
0.698527
0.800823
0.943190
0.752650
0.770328
0.773376
0.747530
0.925022
0.858270
0.812317
0.966762
0.750505
0.808221
0.797401
0.655297
0.682810
0.740570
0.711316
0.806992
0.752942
0.851093
0.888153
0.781035
0.715468
0.950217
0.696599
0.694648
0.675111
0.785559
0.772270
0.776892
0.854359
0.838395
0.749066
0.649483
0.872007
0.804523
0.812752
0.786525
0.764635
0.948276
0.846744
0.693856
0.679982
0.768137
0.982327
0.865712
0.907925
0.844648
1.009178
0.674307
0.895235
0.827384
0.717169
0.823948
0.759996
0.706633
0.695668
0.910213
0.733975
0.670891
0.705700
0.725783
0.727050
0.829736
0.720681
0.870247
0.588203
0.767558
0.642202
0.746474
0.775839
0.780237
0.776667
0.672174
0.698499
0.833881
0.749337
0.904458
0.692929
0.723167
0.821332
0.717372
0.663308
0.779360
0.894403
0.866246
0.811428
0.740970
0.940764
0.840538
0.794003
0.868456
0.727998
0.711487
0.894852
0.967349
0.552055
0.853180
0.753642
0.821519
0.773313
0.790761
0.768993
0.696985
0.666781
0.870083
0.833913
0.827607
0.832829
0.799652
0.792029
0.702153
0.898203
0.847614
0.956737
0.888937
0.911605
0.834834
0.773992
0.793058
0.796720
0.793752
0.839518
0.707061
0.919928
1.037133
0.920883
0.737522
0.828416
0.731245
0.694680
0.698950
0.745921
1.018912
0.810994
0.795319
0.840884
0.924221
0.821368
0.796069
0.800888
0.695465
0.868692
0.631791
0.788406
0.708941
1.011481
0.704181
0.767469
0.624631
0.776556
0.845120
0.764857
0.650103
1.010448
0.758408
0.605851
0.764268
0.756028
0.688404
0.878801
0.754502
0.777376
0.555617
0.717378
0.730542
0.738100
0.801614
0.569335
0.879144
1.095431
0.849566
0.825000
0.813483
0.935124
0.730003
0.708148
0.779381
0.627973
0.850759
0.708279
0.638144
0.810404
0.590250
0.832224
0.736457
0.650841
0.771192
0.889323
0.759560
0.689810
0.810664
0.844403
0.698941
0.845459
0.706238
0.758246
0.956696
0.710339
0.810480
0.739351
0.827277
0.746759
0.862083
0.779345
0.734145
0.630660
0.738991
0.737096
0.758931
0.741234
0.742435
0.772063
0.876449
0.875206
0.739108
0.643804
0.944457
0.779172
0.800046
0.913385
0.726058
0.666387
0.631594
0.719349
0.748960
0.680268
0.672918
0.671049
0.724886
0.782954
0.640657
0.759843
0.725172
0.934836
0.827453
0.756000
0.720957
0.747799
0.643957
0.880185
0.832972
0.862456
0.646952
0.833720
0.899107
0.719680
0.823443
0.811480
0.825857
0.777675
1.041421
0.752022
0.903959
0.755694
0.819893
0.841617
0.689270
0.742299
0.933796
0.781871
0.843247
0.913466
0.793538
0.849402
0.657551
0.746953
0.779154
0.710781
0.823663
0.786272
0.786071
0.732010
0.875756
0.781043
0.722510
0.797954
0.820245
0.706279
0.692471
0.727881
0.809692
0.735387
0.706638
0.927887
0.732485
0.747787
0.723675
0.786427
0.825458
0.812133
0.696671
0.856105
0.747058
0.786924
0.832065
0.777239
0.911066
0.750748
0.854736
0.553368
0.712534
0.754677
0.845353
0.702666
0.846131
0.755030
0.778625
0.710050
0.706390
0.768678
0.842553
0.695167
0.675792
0.682884
0.788405
0.763369
0.808622
0.737366
0.730954
0.708803
0.806421
0.855794
0.881414
0.659603
0.769624
0.774851
0.895821
0.861849
0.761334
0.786305
0.941561
0.643296
0.691755
0.928443
0.754742
0.690252
0.586356
0.915269
0.795483
0.862630
0.869620
0.740764
0.742940
0.846784
0.723300
0.709549
0.808071
0.850532
0.718118
0.730748
0.799033
0.706277
0.780407
0.751117
0.827464
0.764949
0.804269
0.927904
0.792781
0.637625
0.656352
0.649494
1.143902
0.712726
0.852976
0.769040
0.668520
0.785090
0.727708
0.591107
0.708327
0.774994
0.768907
0.816958
0.712462
0.807894
0.816172
0.787685
0.612876
1.105232
0.947668
0.791089
0.727223
0.679929
0.720095
0.606601
0.651249
0.683319
0.826003
0.778849
0.595911
0.892692
0.812557
0.869957
0.770915
0.639772
0.966792
0.781938
0.800005
0.841388
0.758367
0.602886
0.699369
0.799443
0.805100
0.765776
0.814289
0.760305
0.716535
0.801905
0.690934
0.763988
0.603190
0.733002
0.852190
0.711007
0.857295
0.749515
0.683405
0.786287
0.679043
0.738541
0.705485
0.659979
0.819675
0.650653
0.642169
0.700548
0.735647
0.705351
0.768530
0.756937
0.794686
0.676829
0.920271
0.729827
0.650534
0.561761
0.805899
0.686332
0.709981
0.666165
0.763715
0.720818
0.668958
0.826365
0.805088
0.666166
0.925843
0.784558
0.780572
0.974358
0.945861
0.775307
0.697432
0.736203
0.630866
0.815742
0.721179
0.659211
0.801213
0.770741
0.801601
0.737318
0.643402
0.691586
0.660023
0.718574
0.848731
0.664438
0.991064
0.714463
0.842354
0.743376
0.735053
0.830994
0.725555
0.802851
0.761330
0.671908
0.730742
0.898981
0.730632
0.901800
0.618826
0.780888
0.730422
0.702726
0.725627
0.809106
0.574344
0.615217
0.709936
0.869120
0.885075
0.768832
0.585352
0.672761
0.695139
0.708265
0.679919
0.680216
0.644966
0.493349
0.855039
0.849909
0.587538
0.663630
0.721028
0.592351
0.797412
0.651082
0.634556
0.689099
0.907598
0.723789
0.790304
0.893787
0.881975
0.877106
0.778220
0.734394
0.555223
0.733240
0.690295
0.647504
0.645218
0.646958
0.728136
0.724510
0.810352
0.684918
0.723226
0.674322
0.708556
0.783665
0.648680
0.628716
0.600635
0.755706
0.709925
0.802370
0.762195
0.785173
0.805569
0.796522
0.678148
0.818220
0.814371
0.705351
0.852996
0.720822
0.622577
0.713023
0.620111
0.667379
0.642947
0.742440
0.770902
0.809792
0.667539
0.776789
0.917889
0.766716
0.725809
0.813088
0.739331
0.703424
0.874286
0.716634
0.752472
0.657954
0.706754
0.590137
0.768949
0.771708
0.685378
0.709733
0.721681
0.851457
0.729280
0.579165
0.638664
0.714352
0.836395
0.663219
0.799753
0.775445
0.660721
0.798018
0.703328
0.741262
0.533913
0.674087
0.731109
0.776907
0.777774
0.817265
0.807546
0.648830
0.733769
0.660976
0.822604
0.885426
0.639731
0.709144
0.644009
0.783579
0.658618
0.629127
0.677191
0.776146
0.660104
0.607988
0.775174
0.663745
0.769345
0.611752
0.701568
0.806983
0.749117
0.588841
0.822163
0.675339
0.683156
0.742470
0.708378
0.825155
0.778953
0.811333
0.602780
0.877586
0.597004
0.773586
0.693097
0.868504
0.773151
0.787686
0.798054
0.653109
0.651142
0.696281
0.882178
0.694127
0.795132
0.712904
0.719801
0.731291
0.882224
0.690374
0.605556
0.779510
0.711902
0.690363
0.744260
0.664671
0.687546
0.899697
0.739829
0.616795
0.678831
0.838725
0.875479
0.670598
0.731604
0.630966
0.849024
0.780338
0.743843
0.882577
0.785502
0.816360
0.589517
0.713202
0.848156
0.672661
0.678588
0.838558
0.646561
0.642268
0.719289
0.740340
0.692064
0.704172
0.702491
0.605555
0.677038
0.747649
0.669972
0.729109
0.682057
0.708755
0.662591
0.639419
0.771070
0.627616
0.643113
0.625983
0.825616
0.630555
0.733357
0.750577
0.650945
0.860759
0.788523
0.773849
0.738965
0.738561
0.678090
0.754491
0.634986
0.509675
0.775170
0.806753
0.803095
0.760442
0.839390
0.742697
0.674842
0.716923
0.701733
0.592752
0.801456
0.638416
0.700903
0.741977
0.892140
0.842639
0.764026
0.742774
0.768220
0.825165
0.804972
0.768587
0.758777
0.801750
0.892937
0.768340
0.792121
0.834225
0.765242
0.802421
0.711355
0.791089
0.663492
0.641321
0.723124
0.710307
0.856378
0.791995
0.664785
0.635728
0.783321
0.756202
0.770878
0.886115
0.631798
0.696464
0.712787
0.652270
0.695031
0.601430
0.764746
0.729827
0.733750
0.696072
0.741484
0.726547
0.970867
0.557565
0.680450
0.588425
0.716645
0.820009
0.646255
0.583360
0.789519
0.669515
0.724128
0.627063
0.738491
0.746948
0.764983
0.780748
0.800681
0.908506
0.616862
0.672543
0.651937
0.629008
0.701415
0.752678
0.723017
0.679342
0.845394
0.936840
0.875444
0.880888
0.706590
0.660870
0.669602
0.684220
0.706937
0.697460
0.773126
0.685771
0.842488
0.801229
0.778915
0.780756
0.777972
0.747578
0.790809
0.690386
0.698814
0.703254
0.799303
0.741743
0.796387
0.666308
0.767369
0.641346
0.801163
0.799643
0.761383
0.646921
0.769614
0.668121
0.733687
0.699605
0.732367
0.812855
0.715835
0.717657
0.665591
0.691641
0.855589
0.675085
0.856149
0.796927
0.736036
0.631955
0.572688
0.737754
0.901719
0.613142
0.731362
0.621815
0.783208
0.643871
0.678747
0.710588
0.854935
0.677901
0.651764
0.670078
0.558479
0.678431
0.706936
0.767227
0.814374
0.670020
0.655924
0.675999
0.808268
0.660443
0.782127
0.538970
0.659537
0.710047
0.756045
0.753272
0.701790
0.796218
0.637139
0.650254
0.795364
0.696480
0.678840
0.858522
0.716808
0.848188
0.734789
0.658597
0.780845
0.805620
0.783100
0.561405
0.735889
0.739335
0.706953
0.777137
0.717486
0.705371
0.731091
0.719587
0.711368
0.644418
0.734292
0.586688
0.757702
0.624125
0.623180
0.693583
0.738423
0.711024
0.519720
0.582184
0.630822
0.654266
0.711340
0.615770
0.636904
0.812053
0.668552
0.679275
0.737895
0.589018
0.768719
0.600198
0.587311
0.618212
0.728902
0.803993
0.679175
0.720876
0.590345
0.635364
0.737749
0.721481
0.730230
0.663706
0.638841
0.704642
0.736383
0.732894
0.752569
0.729089
0.652240
0.829113
0.613118
0.658851
0.829910
0.736705
0.790950
0.622486
0.669578
0.825949
0.712025
0.642002
0.732118
0.654281
0.735940
0.521806
0.786896
0.612400
0.757985
0.686063
0.604914
0.676998
0.753250
0.835870
0.637245
0.554896
0.583331
0.654286
0.747456
0.648703
0.787385
0.652507
0.591515
0.692888
0.590456
0.764750
0.805603
0.675903
0.689904
0.658768
0.605976
0.656165
0.650949
0.763830
0.720876
0.678808
0.649683
0.746075
0.863253
0.675599
0.719698
0.694805
0.640110
0.691547
0.709450
0.720151
0.714434
0.718374
0.848520
0.785032
0.613154
0.706142
0.725898
0.698331
0.717710
0.614887
0.647370
0.733667
0.632150
0.687721
0.642504
0.628171
0.785433
0.667626
0.639348
0.760398
0.603958
0.665274
0.540224
0.616165
0.575600
0.790253
0.842068
0.739349
0.555407
0.663966
0.729265
0.636214
0.563574
0.763663
0.546418
0.607937
0.713064
0.716858
0.812666
0.596846
0.651258
0.701720
0.610506
0.782700
0.542200
0.855060
0.760385
0.752689
0.676012
0.663713
0.685393
0.773416
0.751329
0.662163
0.707134
0.703765
0.594257
0.685351
0.641120
0.606091
0.925552
0.753048
0.623038
0.823420
0.762573
0.638541
0.635996
0.847979
0.591328
0.629954
0.741886
0.812613
0.776981
0.631352
0.844467
0.585539
0.685316
0.806634
0.637829
0.705533
0.622056
0.776304
0.810585
0.712028
0.859364
0.847174
0.691794
0.728691
0.599125
0.792232
0.644055
0.705498
0.795643
0.833209
0.674307
0.640089
0.738909
0.808556
0.719592
0.709592
0.646841
0.636241
0.666232
0.556314
0.634914
0.666234
0.722124
0.936327
0.705348
0.720000
0.788688
0.777432
0.613124
0.675221
0.749810
0.675103
0.715741
0.504689
0.638223
0.713426
0.747880
0.723804
0.696620
0.591554
0.558879
0.703188
0.637859
0.803891
0.611200
0.665794
0.738249
0.533249
0.661334
0.579591
0.817920
0.658070
0.612695
0.800957
0.683971
0.555231
0.698909
0.645843
0.748674
0.600951
0.778164
0.724538
0.661679
0.596153
0.703999
0.811757
0.658919
0.703787
0.813418
0.542138
0.747976
0.747892
0.668405
0.727492
0.732154
0.658468
0.599123
0.692125
0.710950
0.872219
0.529633
0.753313
0.674613
0.686373
0.644069
0.838334
0.744950
0.635515
0.594905
0.768892
0.699284
0.804204
0.702102
0.546541
0.591603
0.779591
0.645422
0.665713
0.677350
0.828219
0.563374
0.809052
0.635314
0.783390
0.689461
0.610221
0.657204
0.642985
0.721482
0.802317
0.680394
0.610501
0.616517
0.628174
0.708135
0.545147
0.706706
0.817827
0.717427
0.840006
0.779022
0.550969
0.681307
0.682179
0.681830
0.728261
0.807943
0.605313
0.550760
0.690785
0.695182
0.621405
0.638686
0.730679
0.661902
0.723474
0.543499
0.692506
0.670523
0.557496
0.633966
0.702262
0.606515
0.743031
0.719176
0.786681
0.681583
0.917994
0.633338
0.635134
0.558487
0.546892
0.516042
0.656602
0.670804
0.697114
0.758543
0.693716
0.488402
0.724194
0.685516
0.646588
0.812986
0.610480
0.645721
0.720246
0.711700
0.796036
0.652245
0.764506
0.697977
0.621193
0.630392
0.858953
0.664266
0.734536
0.646697
0.688573
0.827350
0.816461
0.754837
0.661721
0.633679
0.502679
0.695610
0.565666
0.693363
0.809215
0.638818
0.583926
0.572472
0.662293
0.592726
0.731771
0.772670
0.760529
0.658346
0.652557
0.696522
0.706184
0.575485
0.552933
0.804752
0.691080
0.607357
0.828663
0.707630
0.699771
0.808965
0.708830
0.785766
0.720292
0.693340
0.670174
0.620448
0.790045
0.545346
0.714176
0.609564
0.626489
0.558093
0.588505
0.749880
0.723431
0.672698
0.644421
0.666718
0.609093
0.636715
0.618034
0.852976
0.619771
0.547587
0.674480
0.840904
0.664590
0.706649
0.527194
0.629686
0.597420
0.767153
0.591675
0.598622
0.631865
0.554782
0.654882
0.876699
0.693274
0.804402
0.783843
0.573805
0.705148
0.687172
0.498721
0.689150
0.734183
0.720354
0.685267
0.612021
0.639346
0.716856
0.661573
0.723893
0.711108
0.728049
0.705875
0.655761
0.629014
0.739529
0.708309
0.669234
0.546233
0.733491
0.745781
0.553640
0.782148
0.553097
0.660961
0.754159
0.677121
0.742805
0.531487
0.545980
0.792963
0.765639
0.623938
0.740844
0.644328
0.711141
0.604328
0.739637
0.519040
0.612175
0.785906
0.649874
0.581510
0.623845
0.755677
0.593085
0.790106
0.676343
0.631600
0.715575
0.635095
0.747770
0.704415
0.703442
0.692320
0.678873
0.629138
0.718711
0.716680
0.759795
0.535036
0.618066
0.656791
0.627417
0.581067
0.552531
0.652417
0.711264
0.674965
0.736855
0.582526
0.638259
0.777192
0.670044
0.752841
0.805035
0.829152
0.647074
0.677735
0.671935
0.535412
0.637133
0.722876
0.650172
0.703993
0.670345
0.646917
0.669175
0.736147
0.642927
0.547626
0.640240
0.736112
0.653909
0.639786
0.604185
0.656013
0.614109
0.735371
0.702017
0.616206
0.581705
0.705220
0.577682
0.784151
0.729030
0.684196
0.592608
0.614435
0.704054
0.636969
0.660229
0.537146
0.689370
0.634481
0.544937
0.614588
0.614682
0.561155
0.630176
0.590184
0.688564
0.613924
0.882209
0.654791
0.718481
0.713529
0.765914
0.671731
0.723548
0.623875
0.735459
0.745744
0.686061
0.609008
0.723737
0.632883
0.677222
0.654006
0.664409
0.688022
0.606671
0.691377
0.617883
0.665421
0.618220
0.595547
0.569959
0.693487
0.612301
0.577782
0.528963
0.730504
0.743949
0.581391
0.622845
0.613511
0.628751
0.634123
0.697388
0.805977
0.544237
0.680854
0.631620
0.700314
0.595465
0.604268
0.763739
0.721326
0.717698
0.533605
0.672454
0.695825
0.598768
0.512910
0.627402
0.602489
0.625652
0.639361
0.471138
0.707924
0.649585
0.491930
0.579476
0.729532
0.659946
0.628669
0.527865
0.723766
0.818560
0.801201
0.537729
0.541732
0.785296
0.695611
0.623625
0.835431
0.737595
0.629805
0.649773
0.674443
0.743895
0.664752
0.769395
0.486465
0.563226
0.766871
0.684968
0.668869
0.853010
0.535818
0.629276
0.576914
0.630781
0.639989
0.657554
0.585321
0.566724
0.519166
0.591961
0.597652
0.667112
0.644134
0.551679
0.614352
0.669006
0.550368
0.646707
0.725558
0.525094
0.566443
0.716577
0.723798
0.643101
0.716727
0.575240
0.618750
0.681193
0.557367
0.688650
0.717231
0.627382
0.555007
0.685204
0.697929
0.708117
0.562099
0.627179
0.619468
0.697010
0.640780
0.738907
0.621720
0.592288
0.544481
0.706211
0.584977
0.686230
0.476870
0.666848
0.582846
0.697085
0.609454
0.554494
0.518561
0.603413
0.644100
0.650932
0.713056
0.511193
0.493713
0.748580
0.531063
0.562282
0.605729
0.765538
0.696572
0.629032
0.544958
0.651612
0.506121
0.593377
0.693741
0.845806
0.628996
0.479343
0.617010
0.636548
0.735091
0.570546
0.607247
0.675750
0.613692
0.753767
0.594182
0.788461
0.655787
0.629123
0.613562
0.776776
0.755830
0.697782
0.674319
0.691378
0.689219
0.606247
0.644032
0.673819
0.668437
0.712658
0.643519
0.652891
0.673142
0.603563
0.712674
0.523645
0.804390
0.619975
0.693203
0.639077
0.760566
0.603182
0.750052
0.502182
0.605016
0.809687
0.631438
0.679622
0.711210
0.690234
0.698474
0.742805
0.587848
0.644618
0.739059
0.597378
0.573417
0.771030
0.692162
0.738449
0.588166
0.666049
0.540285
0.554033
0.559975
0.628069
0.506220
0.659050
0.608354
0.555598
0.679882
0.649148
0.502525
0.540440
0.767056
0.758826
0.764004
0.594559
0.591400
0.654476
0.577842
0.709821
0.710031
0.662307
0.639406
0.546593
0.602056
0.561772
0.655129
0.769139
0.444613
0.620013
0.596637
0.616483
0.636844
0.665760
0.583161
0.765743
0.696953
0.637983
0.590891
0.590958
0.569965
0.632946
0.535662
0.590569
0.673071
0.701533
0.734992
0.626950
0.584996
0.571725
0.753755
0.573448
0.608786
0.692401
0.645103
0.591763
0.542606
0.616647
0.731438
0.557203
0.611886
0.731126
0.511824
0.688574
0.736390
0.647735
0.615196
0.599128
0.657046
0.504444
0.690226
0.674173
0.605954
0.637362
0.709850
0.718811
0.709855
0.669340
0.692464
0.632482
0.453678
0.731698
0.621646
0.573689
0.555066
0.568640
0.618518
0.865252
0.633845
0.669361
0.559427
0.639207
0.662156
0.551765
0.652759
0.808098
0.760371
0.615718
0.593013
0.740236
0.689935
0.655725
0.667496
0.625636
0.629214
0.613735
0.671832
0.764387
0.636482
0.691731
0.498078
0.735319
0.647290
0.642726
0.505894
0.710348
0.657428
0.666180
0.720473
0.684137
0.537436
0.563471
0.642038
0.585219
0.581779
0.627608
0.600966
0.611274
0.648985
0.614580
0.814195
0.686801
0.691158
0.773368
0.652319
0.604190
0.690046
0.606212
0.566021
0.598457
0.514389
0.660332
0.803441
0.619887
0.698262
0.614600
0.569267
0.620756
0.679042
0.708966
0.574348
0.631904
0.615519
0.630500
0.587041
0.521886
0.542118
0.703922
0.687057
0.664127
0.709501
0.676208
0.497219
0.626605
0.540709
0.679732
0.484865
0.713343
0.624468
0.617601
0.595372
0.612675
0.519350
0.567663
0.715572
0.588299
0.621364
0.609702
0.602984
0.599850
0.630879
0.571503
0.675842
0.531107
0.597529
0.632090
0.752704
0.767888
0.623040
0.667352
0.781342
0.632909
0.714637
0.615279
0.672889
0.663379
0.690505
0.590193
0.487836
0.686885
0.648477
0.580150
0.537704
0.656437
0.809553
0.728991
0.643424
0.723422
0.589495
0.679283
0.692051
0.571202
0.646319
0.626422
0.710251
0.602901
0.614053
0.526617
0.750932
0.913754
0.665856
0.610353
0.693217
0.607039
0.566770
0.692446
0.643777
0.433575
0.515212
0.530906
0.799662
0.524695
0.502867
0.501696
0.674253
0.729424
0.622912
0.614938
0.543993
0.697174
0.627740
0.730517
0.575417
0.538056
0.530619
0.444320
0.613891
0.537956
0.602483
0.736431
0.634325
0.518456
0.605850
0.688774
0.692912
0.590644
0.698443
0.658839
0.575321
0.585391
0.665600
0.598372
0.692539
0.528239
0.688354
0.506271
0.577605
0.613697
0.640390
0.686020
0.672767
0.581407
0.540436
0.554563
0.670215
0.494287
0.534559
0.568605
0.766951
0.613655
0.566162
0.524047
0.615920
0.643517
0.583988
0.654417
0.554234
0.632641
0.663319
0.484304
0.744928
0.630466
0.567947
0.573647
0.646412
0.606293
0.613745
0.610055
0.626775
0.626937
0.650231
0.742522
0.549464
0.660676
0.585147
0.534624
0.563787
0.493581
0.661109
0.667103
0.449757
0.627570
0.561189
0.466465
0.738728
0.543959
0.557520
0.603232
0.600289
0.619197
0.636273
0.705613
0.581636
0.683066
0.578963
0.576468
0.495144
0.708540
0.696031
0.467528
0.699354
0.727364
0.574074
0.512046
0.646383
0.709179
0.594919
0.704168
0.722005
0.596087
0.473594
0.654603
0.566112
0.713850
0.749279
0.597162
0.465905
0.660782
0.602282
0.605678
0.619235
0.602462
0.591462
0.513710
0.586185
0.449712
0.731108
0.576312
0.812747
0.638817
0.665456
0.514150
0.536562
0.530527
0.855372
0.766692
0.707512
0.603391
0.493897
0.568162
0.596776
0.589853
0.549890
0.572954
0.446072
0.561101
0.673559
0.518841
0.664146
0.566696
0.766652
0.591616
0.587659
0.490927
0.795473
0.817121
0.635313
0.627653
0.679324
0.743697
0.608083
0.587811
0.559273
0.686138
0.527267
0.559556
0.856070
0.576073
0.568202
0.577405
0.687491
0.615754
0.644916
0.437902
0.691803
0.550770
0.728094
0.501325
0.622807
0.517662
0.612794
0.659162
0.667370
0.582948
0.662832
0.601107
0.564164
0.688227
0.616205
0.590829
0.605940
0.625174
0.623555
0.636086
0.720914
0.637822
0.628894
0.570188
0.492459
0.599658
0.458924
0.568705
0.733365
0.727293
0.573500
0.546634
0.728936
0.619740
0.853485
0.552945
0.603848
0.649840
0.611269
0.471092
0.556728
0.517099
0.507795
0.563832
0.664401
0.724490
0.718493
0.535888
0.554869
0.552635
0.582872
0.719596
0.675290
0.760103
0.577025
0.586296
0.532754
0.561180
0.654871
0.552340
0.610836
0.614795
0.675637
0.608327
0.474767
0.624062
0.695880
0.529170
0.660715
0.550511
0.599631
0.476818
0.769352
0.643756
0.695215
0.522753
0.711866
0.501446
0.587907
0.673535
0.496868
0.518131
0.642753
0.493513
0.501168
0.505275
0.656950
0.579580
0.501882
0.627904
0.594636
0.451935
0.500288
0.659512
0.628256
0.557891
0.568976
0.701815
0.582413
0.515882
0.723349
0.648791
0.705615
0.639449
0.632822
0.619852
0.678564
0.767946
0.646737
0.614381
0.633862
0.580638
0.482810
0.572985
0.502085
0.611165
0.718251
0.746704
0.658028
0.508879
0.494704
0.614545
0.613071
0.649368
0.550209
0.708133
0.627124
0.786762
0.600724
0.698942
0.691786
0.618216
0.617426
0.575422
0.610347
0.498085
0.553531
0.477573
0.636546
0.645541
0.442942
0.577029
0.541385
0.639208
0.525507
0.652104
0.587367
0.504244
0.581920
0.602482
0.481582
0.509658
0.681905
0.583713
0.743765
0.606326
0.651579
0.531088
0.603240
0.533824
0.590018
0.628876
0.601486
0.726261
0.556819
0.558370
0.591865
0.550844
0.474642
0.633324
0.439530
0.615913
0.490511
0.802252
0.518734
0.732248
0.643590
0.530832
0.672110
0.562677
0.487187
0.611262
0.562426
0.502754
0.602332
0.457949
0.620068
0.569662
0.659034
0.560756
0.505776
0.564402
0.581084
0.568938
0.502355
0.583364
0.564218
0.573794
0.533532
0.580838
0.517626
0.673680
0.577287
0.615074
0.547760
0.623506
0.613256
0.626124
0.618417
0.529672
0.508448
0.566487
0.642268
0.656994
0.671586
0.568565
0.668759
0.616374
0.619324
0.620140
0.747083
0.625332
0.576337
0.528763
0.558613
0.571938
0.470308
0.593668
0.583193
0.679659
0.539579
0.569520
0.616621
0.687147
0.744659
0.523459
0.611320
0.523972
0.604082
0.538284
0.542043
0.470530
0.554909
0.598332
0.567472
0.595906
0.611234
0.559751
0.613018
0.613961
0.482634
0.514453
0.604761
0.619276
0.635233
0.675824
0.505418
0.701351
0.583083
0.560602
0.634784
0.601234
0.620112
0.465579
0.579799
0.675459
0.611137
0.720563
0.542464
0.617286
0.598487
0.575124
0.753162
0.569693
0.474643
0.523332
0.709745
0.532384
0.620882
0.537779
0.646672
0.459603
0.563992
0.524573
0.532688
0.563640
0.558488
0.455652
0.473488
0.537465
0.542263
0.637780
0.587242
0.663959
0.525594
0.605468
0.593545
0.512845
0.700391
0.534950
0.597235
0.583637
0.675491
0.505455
0.544591
0.538291
0.602135
0.572914
0.456919
0.670199
0.585753
0.693495
0.599179
0.663818
0.520455
0.507935
0.628147
0.488469
0.660691
0.564369
0.598677
0.566221
0.713000
0.673301
0.535110
0.567433
0.597208
0.540557
0.595849
0.550793
0.607698
0.534228
0.721480
0.679200
0.479002
0.642174
0.575755
0.558426
0.627979
0.456097
0.571531
0.501526
0.569926
0.549130
0.490920
0.588018
0.559454
0.740704
0.532636
0.591622
0.536814
0.568576
0.614813
0.465721
0.558811
0.476901
0.599233
0.460018
0.530916
0.427762
0.598485
0.591734
0.629240
0.610130
0.405012
0.611620
0.564286
0.666979
0.569086
0.531607
0.629596
0.498818
0.709933
0.520077
0.560300
0.702246
0.674987
0.574532
0.564998
0.578919
0.635792
0.530024
0.531742
0.571338
0.697986
0.687906
0.484336
0.659130
0.597530
0.536081
0.709702
0.687582
0.585560
0.607537
0.599041
0.600142
0.745682
0.542622
0.585457
0.521083
0.596887
0.672025
0.459925
0.584438
0.656732
0.499266
0.555321
0.623762
0.546349
0.465633
0.666129
0.659691
0.556757
0.532665
0.525885
0.578341
0.650816
0.507678
0.571747
0.584351
0.713896
0.452519
0.570572
0.481597
0.654703
0.673349
0.516000
0.563441
0.612296
0.551675
0.632729
0.807030
0.597068
0.428914
0.662890
0.548019
0.513287
0.654555
0.628577
0.604167
0.481727
0.539083
0.527372
0.583052
0.640532
0.649137
0.575610
0.505081
0.541560
0.618764
0.526750
0.748719
0.584673
0.576378
0.617592
0.589604
0.476042
0.513976
0.639020
0.483932
0.563401
0.610935
0.517062
0.734658
0.648549
0.662646
0.480741
0.576352
0.577182
0.541982
0.612118
0.490238
0.635588
0.563832
0.585523
0.639519
0.568159
0.633771
0.547341
0.543313
0.711221
0.542522
0.675281
0.770307
0.593521
0.412525
0.712306
0.566358
0.743860
0.642589
0.658789
0.695465
0.666898
0.581489
0.502549
0.536535
0.836277
0.485030
0.817512
0.490683
0.445411
0.533611
0.545642
0.484173
0.535593
0.723042
0.532418
0.627213
0.598221
0.575047
0.551514
0.513987
0.637056
0.519124
0.550987
0.458089
0.419987
0.608868
0.646585
0.443487
0.518565
0.609789
0.631001
0.535043
0.630518
0.621836
0.632546
0.504659
0.711369
0.473609
0.649618
0.556354
0.539929
0.526717
0.425222
0.568100
0.646802
0.555093
0.490151
0.583427
0.487062
0.655878
0.564949
0.790283
0.593405
0.619417
0.467646
0.670838
0.550760
0.553220
0.562368
0.518682
0.714384
0.602358
0.499354
0.672727
0.498312
0.513107
0.503579
0.509877
0.548514
0.578430
0.475920
0.481221
0.551284
0.506704
0.564456
0.580121
0.514792
0.565705
0.481374
0.692407
0.603792
0.542009
0.526990
0.472343
0.582147
0.514490
0.763633
0.460711
0.666201
0.474151
0.578691
0.494577
0.565668
0.496987
0.591407
0.528680
0.463645
0.693161
0.518013
0.610519
0.413810
0.506045
0.575983
0.565369
0.732482
0.448313
0.562114
0.527023
0.501768
0.599751
0.665146
0.555695
0.678296
0.492664
0.586393
0.571971
0.540874
0.558491
0.557626
0.553100
0.583186
0.612480
0.536027
0.474283
0.524773
0.664886
0.524678
0.550649
0.443392
0.614957
0.502910
0.613209
0.618065
0.456360
0.651390
0.618040
0.594447
0.475827
0.588015
0.486199
0.598700
0.620456
0.590870
0.661254
0.461348
0.454471
0.522075
0.700278
0.563289
0.535608
0.496344
0.516088
0.618533
0.579365
0.677150
0.534851
0.526073
0.470293
0.537970
0.411952
0.621010
0.483924
0.680440
0.675202
0.504588
0.595126
0.457657
0.628793
0.561813
0.480686
0.524445
0.624633
0.433402
0.516533
0.607280
0.616945
0.584216
0.547939
0.454456
0.567630
0.552297
0.527950
0.423989
0.580874
0.697964
0.508249
0.593457
0.575647
0.587144
0.536111
0.575345
0.694817
0.487367
0.409705
0.540271
0.502085
0.502642
0.529531
0.517423
0.505225
0.545985
0.572846
0.526654
0.551278
0.541346
0.495956
0.582412
0.655229
0.542108
0.574403
0.484965
0.549399
0.426593
0.550663
0.553790
0.518197
0.489674
0.497082
0.535636
0.496375
0.556616
0.544960
0.596541
0.635481
0.472991
0.464743
0.633685
0.589876
0.726508
0.433328
0.535013
0.467243
0.510667
0.598112
0.605724
0.444257
0.379005
0.597642
0.437301
0.420986
0.547025
0.537787
0.531621
0.719875
0.606113
0.548211
0.603257
0.564582
0.511036
0.539303
0.668426
0.505832
0.658323
0.540708
0.726122
0.604079
0.562884
0.628750
0.521202
0.660549
0.584279
0.618730
0.588251
0.543207
0.511945
0.588426
0.577097
0.464481
0.522040
0.628787
0.517063
0.643467
0.675164
0.554583
0.635594
0.509288
0.573225
0.537083
0.668027
0.480288
0.703393
0.469090
0.548909
0.512429
0.561851
0.600536
0.661971
0.513729
0.566745
0.607958
0.562807
0.529169
0.731313
0.629865
0.624043
0.587620
0.573488
0.586678
0.706624
0.602017
0.514497
0.539933
0.580546
0.581006
0.476246
0.576855
0.536049
0.492963
0.391983
0.569926
0.629829
0.648511
0.615374
0.471492
0.701968
0.468553
0.581248
0.747612
0.561239
0.661358
0.553898
0.589028
0.463053
0.602968
0.587412
0.537984
0.532176
0.526734
0.553854
0.629413
0.552628
0.476387
0.494731
0.577076
0.617037
0.557757
0.438754
0.603913
0.458763
0.489855
0.560550
0.582157
0.538499
0.514471
0.647491
0.516152
0.434651
0.543817
0.530696
0.623615
0.460938
0.596664
0.541780
0.708560
0.598527
0.596338
0.576460
0.731333
0.697231
0.530020
0.527490
0.578772
0.564425
0.566152
0.572084
0.549071
0.458247
0.503527
0.454936
0.546211
0.609762
0.462084
0.492113
0.524090
0.636383
0.448074
0.558175
0.585823
0.486781
0.668376
0.418487
0.422638
0.515556
0.498158
0.595795
0.486778
0.476073
0.622363
0.437887
0.532339
0.350322
0.616214
0.662167
0.563189
0.526920
0.633634
0.457185
0.588861
0.549977
0.501575
0.428284
0.656211
0.505569
0.507855
0.610490
0.537437
0.543665
0.611009
0.705894
0.418611
0.474010
0.587125
0.600195
0.515334
0.471277
0.474298
0.575974
0.508183
0.524101
0.528857
0.511008
0.576141
0.413218
0.610890
0.556332
0.472818
0.471270
0.493777
0.521911
0.401724
0.440299
0.590190
0.514376
0.508760
0.527270
0.682385
0.541310
0.576361
0.518941
0.532791
0.410196
0.432142
0.487088
0.586592
0.424583
0.529843
0.500620
0.489794
0.583369
0.676770
0.408257
0.459667
0.499674
0.528917
0.467732
0.586747
0.536594
0.536558
0.578929
0.704597
0.411245
0.416825
0.541146
0.458006
0.640695
0.599340
0.648006
0.649603
0.595710
0.507440
0.576657
0.683705
0.502583
0.532357
0.565535
0.728371
0.495063
0.517104
0.574448
0.551821
0.478186
0.561208
0.643105
0.460203
0.515574
0.563852
0.635544
0.564443
0.489325
0.578883
0.514629
0.524725
0.513180
0.522591
0.548690
0.593097
0.637195
0.538284
0.528665
0.525507
0.541293
0.616916
0.477189
0.478443
0.607530
0.529358
0.502985
0.539317
0.478745
0.526318
0.618155
0.530650
0.610757
0.608719
0.526561
0.606865
0.517208
0.553109
0.606029
0.542215
0.568862
0.426161
0.563092
0.479013
0.510923
0.457484
0.591562
0.497023
0.503090
0.543415
0.594052
0.441546
0.464629
0.611627
0.459789
0.521704
0.563334
0.485747
0.538908
0.569859
0.565329
0.459740
0.534489
0.518200
0.550537
0.486684
0.521311
0.539771
0.540115
0.494560
0.419852
0.561619
0.507783
0.465354
0.682644
0.422727
0.452543
0.610129
0.378997
0.488577
0.717809
0.493970
0.577222
0.564672
0.633871
0.485787
0.440740
0.517804
0.528648
0.534960
0.542758
0.628596
0.531299
0.536368
0.490240
0.566703
0.457122
0.639625
0.512084
0.511007
0.579071
0.461762
0.527676
0.591703
0.574052
0.541625
0.502843
0.513242
0.445788
0.541563
0.467635
0.468182
0.568537
0.596030
0.545487
0.536245
0.448713
0.498022
0.485455
0.482205
0.400917
0.499838
0.566861
0.565061
0.547984
0.452979
0.489884
0.622343
0.553926
0.500340
0.443611
0.455311
0.447161
0.528023
0.519212
0.549906
0.497923
0.685819
0.602741
0.480207
0.475318
0.554366
0.656420
0.582367
0.488329
0.487237
0.539045
0.626104
0.567361
0.502299
0.457243
0.625198
0.482118
0.505544
0.558816
0.453438
0.625626
0.517191
0.408681
0.435153
0.492853
0.573153
0.623279
0.512642
0.496086
0.428448
0.546035
0.491524
0.551495
0.442483
0.478379
0.575115
0.676492
0.527425
0.575307
0.650020
0.609816
0.553004
0.548272
0.538682
0.466382
0.666248
0.511720
0.526691
0.749591
0.596748
0.590354
0.579146
0.542347
0.741525
0.560135
0.567410
0.420635
0.440490
0.553972
0.526255
0.635891
0.719974
0.483022
0.444125
0.759616
0.692661
0.487005
0.488039
0.715327
0.705915
0.558237
0.591675
0.533198
0.518927
0.464365
0.506694
0.553724
0.506004
0.545309
0.694864
0.406131
0.564288
0.420932
0.622488
0.598265
0.514006
0.591684
0.586824
0.557649
0.701912
0.542859
0.456713
0.470656
0.556907
0.555089
0.618583
0.600259
0.586415
0.453498
0.617730
0.588987
0.491003
0.463484
0.521678
0.534015
0.570970
0.530066
0.535508
0.542195
0.486049
0.589060
0.631878
0.490909
0.580696
0.569691
0.615906
0.440302
0.592930
0.594448
0.509467
0.515326
0.513217
0.594557
0.558387
0.445565
0.536447
0.575443
0.578129
0.524880
0.514294
0.514177
0.480811
0.501252
0.512792
0.488757
0.494988
0.420853
0.525171
0.510112
0.503479
0.534374
0.526502
0.456498
0.501182
0.512346
0.446422
0.524343
0.477621
0.396498
0.419788
0.464085
0.380367
0.417907
0.485933
0.588041
0.466332
0.485444
0.549491
0.569310
0.542758
0.581636
0.535311
0.543774
0.595877
0.529262
0.381831
0.465891
0.447811
0.472483
0.422547
0.510113
0.530655
0.398400
0.442901
0.467647
0.382297
0.446488
0.489655
0.665821
0.471798
0.605956
0.490344
0.540961
0.507932
0.474113
0.585837
0.519560
0.467931
0.472150
0.410301
0.615832
0.455926
0.525653
0.475215
0.371716
0.518947
0.573963
0.548340
0.499778
0.617679
0.475215
0.418483
0.366509
0.577683
0.373433
0.400233
0.546850
0.522432
0.520875
0.466353
0.477615
0.485626
0.474725
0.523134
0.575261
0.521000
0.380505
0.361523
0.473707
0.541752
0.526493
0.538717
0.436750
0.552836
0.476589
0.494572
0.614741
0.529630
0.410900
0.583884
0.492857
0.568980
0.596513
0.477323
0.511938
0.496086
0.495841
0.579346
0.557252
0.436936
0.536600
0.723298
0.560104
0.528034
0.626887
0.467329
0.525163
0.621544
0.490565
0.552314
0.652271
0.607520
0.430997
0.431300
0.505235
0.530707
0.486262
0.559321
0.493169
0.555294
0.391393
0.523620
0.377729
0.445543
0.472228
0.654435
0.652874
0.519846
0.515211
0.477233
0.566395
0.563112
0.517963
0.711483
0.499892
0.511241
0.382899
0.490496
0.477006
0.473128
0.552260
0.684842
0.546655
0.584189
0.575516
0.528632
0.544904
0.407584
0.536679
0.458285
0.519216
0.648512
0.535668
0.420131
0.707895
0.498418
0.456175
0.479376
0.419145
0.530843
0.629748
0.613704
0.566895
0.542125
0.551811
0.509150
0.448244
0.439958
0.549716
0.510467
0.520730
0.635345
0.458414
0.438922
0.588888
0.431059
0.597984
0.636902
0.612079
0.497943
0.557586
0.507915
0.473514
0.568397
0.453667
0.578041
0.471207
0.391949
0.517356
0.495179
0.583979
0.514578
0.500297
0.418981
0.526050
0.493686
0.479896
0.502084
0.598135
0.522388
0.526881
0.621303
0.563140
0.490120
0.420888
0.475420
0.381715
0.568726
0.497174
0.397148
0.523806
0.516997
0.532097
0.499103
0.468461
0.637421
0.466200
0.437531
0.527774
0.550530
0.529315
0.572464
0.589771
0.569772
0.577744
0.486852
0.413326
0.509870
0.464209
0.423862
0.424059
0.514546
0.622331
0.462185
0.513172
0.537753
0.459171
0.434089
0.475216
0.458208
0.544628
0.556683
0.492511
0.539031
0.554844
0.488933
0.528973
0.511684
0.600949
0.480837
0.406844
0.548548
0.515456
0.538567
0.576469
0.424246
0.517455
0.474532
0.549968
0.509686
0.525660
0.615535
0.494358
0.521351
0.446185
0.503656
0.495484
0.530696
0.483075
0.713544
0.471292
0.499103
0.518991
0.469927
0.648967
0.521818
0.482959
0.594099
0.428543
0.430901
0.549796
0.540603
0.553487
0.481143
0.437792
0.457826
0.374644
0.685983
0.623089
0.533655
0.581625
0.592920
0.450103
0.516669
0.453070
0.548295
0.515404
0.450487
0.494495
0.476218
0.505781
0.468160
0.401842
0.532213
0.500344
0.551976
0.508573
0.364031
0.419795
0.583883
0.628316
0.479512
0.506138
0.371801
0.478363
0.439304
0.490180
0.556439
0.439291
0.595880
0.477622
0.462221
0.492049
0.522172
0.484865
0.452239
0.502222
0.505347
0.633987
0.445362
0.472781
0.463771
0.473292
0.336184
0.448143
0.461285
0.568356
0.500788
0.518577
0.375286
0.444319
0.418812
0.398161
0.569493
0.627855
0.496641
0.478509
0.498739
0.536393
0.421861
0.513570
0.394384
0.540099
0.516425
0.479709
0.398432
0.571615
0.421539
0.536962
0.423372
0.569643
0.529457
0.432154
0.437000
0.434938
0.485744
0.412532
0.442032
0.367943
0.499148
0.624331
0.417472
0.532551
0.411819
0.450947
0.424397
0.645036
0.343877
0.474788
0.456858
0.483766
0.586739
0.545037
0.467451
0.474465
0.426392
0.428303
0.447100
0.431417
0.415914
0.529672
0.550937
0.448033
0.415943
0.489792
0.486034
0.622180
0.409816
0.560004
0.575508
0.537754
0.521124
0.481027
0.439348
0.628046
0.508207
0.479419
0.420660
0.428749
0.401720
0.401117
0.483815
0.514022
0.676611
0.486361
0.625294
0.468321
0.501564
0.526942
0.534550
0.545689
0.469145
0.501611
0.387230
0.586962
0.531149
0.348267
0.533507
0.466161
0.506585
0.532618
0.566474
0.538878
0.523060
0.368038
0.560500
0.540460
0.507541
0.430736
0.401379
0.456593
0.614487
0.489076
0.466296
0.461590
0.496196
0.397581
0.503523
0.504011
0.410713
0.508631
0.437205
0.587236
0.552608
0.447102
0.547509
0.547279
0.392671
0.504588
0.399230
0.480633
0.404363
0.379123
0.446239
0.432038
0.593557
0.465053
0.416216
0.749032
0.502762
0.517610
0.478935
0.541430
0.479849
0.540737
0.522021
0.413554
0.480771
0.511884
0.489255
0.438393
0.522358
0.503217
0.423263
0.490367
0.397659
0.521497
0.461075
0.566865
0.516298
0.397767
0.426322
0.606492
0.424367
0.515508
0.507778
0.338111
0.495264
0.522675
0.635522
0.484607
0.424152
0.518289
0.513601
0.410954
0.406954
0.512987
0.591170
0.481803
0.465446
0.490942
0.399297
0.548861
0.520018
0.487484
0.499467
0.470974
0.513335
0.472094
0.438041
0.548944
0.391934
0.402630
0.383386
0.454512
0.458843
0.367107
0.496172
0.340477
0.501015
0.609735
0.441159
0.544451
0.527100
0.590200
0.389306
0.550597
0.477463
0.387623
0.465467
0.446408
0.452933
0.325463
0.467363
0.492815
0.553370
0.488702
0.468778
0.461161
0.418844
0.437755
0.412668
0.596241
0.363092
0.525001
0.635741
0.439341
0.572297
0.492805
0.556932
0.506746
0.582169
0.462286
0.473611
0.483143
0.445812
0.489143
0.455606
0.499546
0.470177
0.461770
0.487948
0.554149
0.491644
0.479363
0.542125
0.427751
0.386880
0.601877
0.495962
0.498609
0.406900
0.463117
0.512934
0.454125
0.638482
0.522445
0.492899
0.590821
0.480022
0.474973
0.458984
0.444014
0.511174
0.408752
0.474838
0.527386
0.438664
0.430999
0.658860
0.493611
0.551472
0.434905
0.560790
0.457656
0.483642
0.443548
0.523272
0.617676
0.452134
0.404471
0.352135
0.575287
0.545297
0.427056
0.421084
0.554539
0.549245
0.742755
0.487903
0.550169
0.545788
0.474422
0.512084
0.410066
0.578918
0.486394
0.497280
0.511647
0.438145
0.601305
0.480941
0.432303
0.560886
0.482386
0.482876
0.493993
0.439486
0.396436
0.479578
0.625340
0.582694
0.483158
0.368340
0.488082
0.473766
0.400452
0.456781
0.425485
0.473385
0.440076
0.497297
0.439142
0.583820
0.561540
0.394461
0.395819
0.453928
0.526822
0.462879
0.529436
0.536996
0.464592
0.448665
0.639684
0.402212
0.540755
0.437866
0.415007
0.478861
0.422035
0.423195
0.524032
0.519716
0.508069
0.426681
0.486689
0.578758
0.474870
0.517258
0.430420
0.470059
0.458986
0.601980
0.427438
0.543316
0.430449
0.429293
0.508148
0.413406
0.559447
0.511469
0.484214
0.490122
0.490759
0.407082
0.537112
0.502510
0.334097
0.452101
0.387326
0.567544
0.489155
0.434502
0.460292
0.309101
0.439431
0.517727
0.421076
0.428342
0.418820
0.418572
0.411246
0.385190
0.424853
0.480656
0.439393
0.465978
0.501446
0.388712
0.526226
0.410688
0.465459
0.393441
0.507682
0.589653
0.402104
0.422313
0.530318
0.480245
0.551186
0.456860
0.490790
0.437746
0.466320
0.464168
0.355157
0.409391
0.431409
0.391337
0.416585
0.480577
0.585814
0.634165
0.533511
0.420954
0.512250
0.335879
0.466716
0.612264
0.474026
0.523831
0.519650
0.456231
0.486068
0.510985
0.481828
0.578185
0.478129
0.415325
0.561418
0.472107
0.400241
0.488867
0.321619
0.362064
0.356232
0.504300
0.547408
0.460290
0.465615
0.495801
0.430090
0.466728
0.411025
0.501967
0.470994
0.467110
0.555068
0.547551
0.620468
0.589944
0.416708
0.416847
0.486427
0.505775
0.380632
0.384780
0.418031
0.358987
0.433966
0.494965
0.470629
0.468413
0.375151
0.529289
0.441078
0.344359
0.451159
0.513100
0.432824
0.464840
0.475615
0.523396
0.550538
0.502392
0.426731
0.528372
0.435751
0.425567
0.456984
0.427648
0.467633
0.494982
0.384126
0.437463
0.382013
0.352757
0.524570
0.460231
0.457957
0.405939
0.529504
0.457280
0.579983
0.462653
0.525017
0.495335
0.406907
0.414242
0.390097
0.526441
0.582195
0.471694
0.504118
0.487411
0.505976
0.445859
0.555815
0.474276
0.407139
0.568142
0.465091
0.392192
0.506469
0.539251
0.481659
0.492022
0.438434
0.460211
0.475878
0.374133
0.342599
0.439993
0.523104
0.526583
0.658854
0.421599
0.521515
0.477501
0.414196
0.544315
0.431631
0.383385
0.381900
0.512240
0.474750
0.430394
0.394297
0.530830
0.411525
0.481987
0.491860
0.445527
0.468386
0.495622
0.503914
0.616163
0.556952
0.582717
0.426184
0.411517
0.449490
0.413913
0.503521
0.340985
0.466889
0.601230
0.409464
0.454452
0.624108
0.404502
0.399124
0.575458
0.493349
0.495450
0.412605
0.455140
0.491987
0.376065
0.469326
0.405549
0.428788
0.339302
0.410875
0.584015
0.449533
0.491113
0.402989
0.581987
0.491857
0.539610
0.469613
0.495027
0.440129
0.471370
0.486342
0.391440
0.326191
0.506800
0.467356
0.388232
0.524970
0.695009
0.466387
0.543480
0.412326
0.455426
0.549982
0.425558
0.488454
0.476106
0.467588
0.433433
0.477063
0.451452
0.399975
0.377923
0.489401
0.524849
0.396085
0.343857
0.433771
0.442390
0.363699
0.520190
0.453889
0.508895
0.505630
0.419955
0.389809
0.568474
0.579276
0.381993
0.469666
0.380938
0.420826
0.446463
0.403108
0.373802
0.415883
0.444591
0.462625
0.414721
0.515444
0.459973
0.519000
0.480811
0.376605
0.433826
0.430419
0.388441
0.382258
0.471213
0.403683
0.373013
0.376213
0.479562
0.485495
0.542142
0.464806
0.337188
0.539726
0.430456
0.534971
0.530236
0.463556
0.508609
0.557912
0.546110
0.528064
0.560753
0.555684
0.482233
0.519803
0.392413
0.478197
0.420772
0.706667
0.488816
0.462810
0.430992
0.547733
0.402021
0.479045
0.451394
0.461870
0.472966
0.549886
0.454827
0.501555
0.397544
0.357161
0.463255
0.462272
0.418960
0.572313
0.555130
0.380785
0.385892
0.399502
0.464365
0.433828
0.487117
0.440911
0.438191
0.433878
0.449940
0.385761
0.528800
0.561562
0.545588
0.388393
0.498370
0.480129
0.428488
0.499936
0.528910
0.471945
0.455714
0.420790
0.346276
0.352130
0.404559
0.412713
0.388596
0.392127
0.608899
0.535969
0.424073
0.391507
0.406506
0.358422
0.633101
0.428941
0.401337
0.336617
0.445508
0.385976
0.463801
0.422419
0.466648
0.331020
0.354413
0.476594
0.316952
0.479424
0.524014
0.384177
0.481640
0.436285
0.346989
0.499124
0.456261
0.577465
0.564123
0.483733
0.452077
0.369414
0.461046
0.434626
0.443630
0.418801
0.473519
0.469667
0.552555
0.448747
0.440881
0.433628
0.507746
0.480038
0.488610
0.437649
0.521118
0.507901
0.410246
0.392390
0.392858
0.426815
0.384865
0.508994
0.446920
0.460883
0.460857
0.552463
0.455967
0.352644
0.431765
0.406734
0.377135
0.510528
0.471096
0.495802
0.403787
0.432792
0.342629
0.429977
0.466169
0.490676
0.572875
0.488638
0.444462
0.478291
0.424137
0.470828
0.496628
0.436939
0.457106
0.415926
0.401592
0.402049
0.481882
0.416365
0.473017
0.475735
0.445606
0.390419
0.400905
0.404593
0.566662
0.390879
0.549879
0.475982
0.442370
0.320817
0.446430
0.534863
0.387026
0.381932
0.411130
0.483027
0.374960
0.368793
0.387762
0.445333
0.402035
0.518857
0.441538
0.469111
0.429793
0.479617
0.339936
0.437117
0.407318
0.371257
0.424418
0.476763
0.432708
0.433789
0.372562
0.520728
0.449286
0.428729
0.466865
0.344960
0.541718
0.418875
0.445745
0.465893
0.436970
0.511126
0.532671
0.432360
0.493731
0.425087
0.463230
0.499615
0.393491
0.406091
0.345191
0.388556
0.466513
0.584481
0.386743
0.494156
0.415400
0.426494
0.411779
0.512565
0.553728
0.419352
0.453290
0.463512
0.321400
0.549490
0.318337
0.389848
0.470293
0.498367
0.497238
0.336470
0.435276
0.562196
0.422283
0.454241
0.440681
0.506287
0.454181
0.462712
0.378756
0.402861
0.453079
0.365560
0.468596
0.454337
0.407041
0.555342
0.398477
0.511331
0.405283
0.426291
0.497590
0.544906
0.417329
0.425983
0.478997
0.534974
0.416202
0.435657
0.356002
0.461654
0.460604
0.470484
0.344309
0.338738
0.435709
0.452736
0.430717
0.432005
0.469242
0.510087
0.398325
0.519638
0.426041
0.512576
0.397174
0.470530
0.384259
0.461892
0.599683
0.547450
0.646351
0.433818
0.519723
0.482907
0.398995
0.419002
0.568766
0.463302
0.368839
0.483608
0.481950
0.436899
0.453702
0.472039
0.379452
0.387118
0.463536
0.406139
0.448249
0.539203
0.386950
0.376802
0.660220
0.493921
0.398973
0.365322
0.546722
0.516050
0.478810
0.398448
0.418630
0.444579
0.489157
0.483036
0.484516
0.391174
0.595079
0.530067
0.382302
0.611085
0.485941
0.415908
0.609966
0.532607
0.436154
0.422211
0.426467
0.510864
0.429078
0.420629
0.467037
0.435909
0.465143
0.428843
0.631593
0.385470
0.386894
0.439997
0.403178
0.552791
0.426253
0.349602
0.421851
0.417765
0.488329
0.428852
0.467531
0.563069
0.395548
0.389039
0.507258
0.467743
0.410348
0.412404
0.350978
0.527139
0.467323
0.533299
0.433387
0.438897
0.317434
0.447086
0.360433
0.376767
0.455828
0.508278
0.402776
0.376060
0.444692
0.454678
0.480454
0.590503
0.550772
0.468402
0.472041
0.517072
0.381869
0.457149
0.358380
0.414565
0.470080
0.418200
0.382692
0.394090
0.425277
0.479112
0.418857
0.413510
0.464032
0.440734
0.424199
0.495025
0.403980
0.400296
0.538837
0.511326
0.510989
0.429503
0.421232
0.486484
0.490091
0.325261
0.360851
0.576511
0.464693
0.354339
0.532725
0.455503
0.466382
0.400655
0.486735
0.370898
0.373296
0.515586
0.488669
0.387871
0.465524
0.449908
0.380858
0.424325
0.375561
0.439636
0.498196
0.384411
0.413029
0.443615
0.427529
0.306633
0.390849
0.382096
0.342784
0.389593
0.368742
0.482427
0.349593
0.448151
0.557665
0.377614
0.400312
0.460440
0.469875
0.459595
0.380556
0.479826
0.305064
0.425230
0.346761
0.431883
0.366357
0.461523
0.495407
0.415655
0.486062
0.427391
0.515343
0.446703
0.428527
0.330714
0.479151
0.478157
0.451088
0.539341
0.580414
0.318413
0.372702
0.338854
0.410189
0.387913
0.377680
0.516438
0.409770
0.332566
0.495513
0.455809
0.555978
0.445743
0.464596
0.464142
0.335964
0.449891
0.364373
0.394406
0.310081
0.400821
0.449784
0.461163
0.405786
0.449117
0.347450
0.420808
0.559721
0.404484
0.391805
0.542116
0.321236
0.390335
0.375463
0.440242
0.486568
0.381731
0.549465
0.407653
0.491130
0.437263
0.402583
0.469534
0.482711
0.491726
0.437192
0.353263
0.417000
0.496025
0.381574
0.421499
0.378529
0.417011
0.442559
0.433292
0.479059
0.405085
0.420940
0.399932
0.350751
0.422442
0.466884
0.443878
0.402483
0.350371
0.468595
0.392545
0.459258
0.445247
0.518144
0.352756
0.346700
0.333626
0.392137
0.418213
0.441805
0.392922
0.465329
0.349001
0.328279
0.450433
0.392730
0.417369
0.377433
0.425862
0.476086
0.433301
0.441834
0.399000
0.358815
0.436478
0.601064
0.408131
0.523017
0.393195
0.410219
0.440073
0.354093
0.428971
0.497730
0.427089
0.411393
0.467790
0.542065
0.302588
0.474489
0.472345
0.448413
0.385517
0.356387
0.359257
0.432837
0.332160
0.356555
0.608254
0.500808
0.483137
0.368574
0.493036
0.392223
0.539473
0.413898
0.454323
0.401248
0.389476
0.385531
0.444730
0.427134
0.433235
0.375593
0.315006
0.399093
0.439189
0.529868
0.449179
0.520531
0.368899
0.527923
0.387709
0.508182
0.445625
0.478113
0.381225
0.458871
0.443934
0.462399
0.496617
0.402238
0.526271
0.380808
0.442497
0.333958
0.470944
0.402690
0.490664
0.364112
0.455691
0.373599
0.454317
0.396034
0.464766
0.326410
0.481141
0.484254
0.359584
0.512501
0.478430
0.522173
0.456547
0.507079
0.421910
0.519874
0.450291
0.486196
0.488222
0.451428
0.499860
0.529989
0.435383
0.506761
0.425596
0.421358
0.422546
0.448034
0.394364
0.511294
0.391958
0.368077
0.371097
0.348269
0.384526
0.396553
0.487744
0.373284
0.446494
0.516505
0.277080
0.427295
0.362088
0.421954
0.556084
0.465971
0.456065
0.431458
0.487791
0.570765
0.445206
0.351361
0.445709
0.528408
0.450379
0.352500
0.375158
0.482477
0.464591
0.468852
0.570495
0.526657
0.431374
0.406512
0.408608
0.345308
0.448565
0.444019
0.462545
0.629138
0.426885
0.490346
0.447411
0.447996
0.505626
0.400012
0.346362
0.500909
0.409352
0.447786
0.421978
0.467447
0.283916
0.468798
0.344208
0.382272
0.480325
0.536080
0.371051
0.456149
0.485302
0.406566
0.524713
0.353474
0.392762
0.403947
0.353997
0.440450
0.376921
0.508244
0.442082
0.408433
0.369868
0.369084
0.361417
0.392956
0.406686
0.445280
0.431577
0.464595
0.471458
0.438353
0.522131
0.458564
0.413757
0.460337
0.380596
0.390281
0.407004
0.607633
0.545269
0.428187
0.371019
0.344923
0.534892
0.454314
0.470886
0.479568
0.466542
0.294241
0.385090
0.411416
0.441552
0.348580
0.473591
0.396069
0.442273
0.413183
0.399828
0.329908
0.350790
0.485730
0.457749
0.406685
0.350112
0.367149
0.443256
0.485282
0.476328
0.427238
0.385556
0.373441
0.460736
0.299426
0.432715
0.444255
0.417850
0.501251
0.429895
0.465099
0.476372
0.534791
0.362438
0.308294
0.415284
0.395049
0.449879
0.511864
0.440444
0.523580
0.459719
0.487922
0.407801
0.358056
0.373137
0.375383
0.488690
0.360967
0.416404
0.365070
0.422756
0.449976
0.327538
0.386038
0.490072
0.419405
0.429739
0.402291
0.410323
0.444353
0.431113
0.478762
0.394312
0.464393
0.383042
0.393367
0.405711
0.428202
0.385287
0.401788
0.478123
0.505454
0.380041
0.398281
0.420497
0.384116
0.321712
0.438682
0.353919
0.386307
0.398908
0.564221
0.518401
0.430282
0.362988
0.436537
0.435142
0.370287
0.483737
0.484690
0.362452
0.405572
0.366765
0.442952
0.499060
0.347066
0.447616
0.442763
0.431129
0.343522
0.420822
0.305875
0.413455
0.495281
0.381468
0.325252
0.417209
0.414915
0.387513
0.419451
0.409422
0.368453
0.407143
0.363754
0.347333
0.357901
0.376894
0.448490
0.435599
0.349194
0.381423
0.413318
0.406458
0.385564
0.508093
0.331708
0.388146
0.362699
0.344700
0.359709
0.360120
0.334071
0.382611
0.382039
0.403465
0.360620
0.290408
0.402952
0.415199
0.356124
0.410736
0.403037
0.501669
0.439250
0.395439
0.458256
0.389198
0.371681
0.364269
0.414266
0.430006
0.415776
0.325216
0.451622
0.547286
0.447172
0.393947
0.431878
0.394277
0.600773
0.374031
0.418529
0.428619
0.308937
0.542627
0.409739
0.467745
0.479093
0.488306
0.416922
0.362446
0.464864
0.418776
0.466639
0.302247
0.385179
0.374213
0.302191
0.322153
0.389832
0.399182
0.361049
0.424224
0.433641
0.467691
0.334880
0.389126
0.432384
0.361358
0.437026
0.349360
0.413781
0.498946
0.407937
0.421531
0.402061
0.381222
0.379883
0.449831
0.401483
0.343595
0.408192
0.632517
0.369286
0.454823
0.335583
0.391181
0.362289
0.411571
0.281631
0.409572
0.345612
0.363142
0.386088
0.333364
0.345197
0.487457
0.407560
0.380378
0.314601
0.430358
0.325829
0.452852
0.298620
0.425583
0.547669
0.361171
0.419012
0.384370
0.409984
0.418284
0.519563
0.350031
0.509301
0.420006
0.533534
0.435021
0.381298
0.352200
0.342624
0.587748
0.535178
0.389469
0.372663
0.334823
0.520726
0.334255
0.407762
0.413940
0.343095
0.381559
0.364790
0.365918
0.454656
0.365235
0.440875
0.398982
0.407106
0.435211
0.507602
0.389926
0.372310
0.387271
0.349564
0.316915
0.400095
0.415488
0.410639
0.572445
0.340600
0.394416
0.408171
0.385370
0.427497
0.366275
0.425547
0.388730
0.513306
0.458182
0.447350
0.434473
0.351853
0.387872
0.500969
0.438695
0.423609
0.326808
0.447251
0.484926
0.328272
0.529101
0.465476
0.343527
0.323809
0.400444
0.447818
0.395630
0.344048
0.479188
0.403669
0.432599
0.357925
0.480667
0.620982
0.467850
0.455287
0.390315
0.428811
0.301791
0.403108
0.313944
0.455922
0.402107
0.381892
0.406338
0.368141
0.453740
0.398600
0.462383
0.433009
0.436694
0.466823
0.413317
0.420675
0.579060
0.351491
0.342682
0.498132
0.396067
0.400360
0.360068
0.335462
0.402635
0.434284
0.425110
0.347031
0.469170
0.364859
0.367011
0.405697
0.520157
0.352187
0.383594
0.471326
0.360024
0.515528
0.403598
0.357971
0.409836
0.440218
0.327408
0.381773
0.446207
0.404108
0.410451
0.588397
0.565742
0.361144
0.533888
0.375764
0.361358
0.449620
0.333440
0.367968
0.396171
0.305548
0.384825
0.448954
0.350210
0.328987
0.405171
0.394590
0.367558
0.416056
0.550232
0.424624
0.351168
0.362719
0.428638
0.335373
0.353544
0.323445
0.321536
0.427147
0.456838
0.514516
0.309760
0.425894
0.407587
0.327898
0.458425
0.398314
0.491716
0.445737
0.302247
0.495390
0.380733
0.359537
0.303700
0.495044
0.649317
0.377246
0.581327
0.384912
0.454816
0.424762
0.307209
0.398467
0.599133
0.357217
0.397553
0.546260
0.378158
0.349621
0.395151
0.406781
0.479159
0.305958
0.378803
0.451828
0.397670
0.347344
0.452663
0.380491
0.428413
0.369326
0.369955
0.353817
0.382496
0.592600
0.445415
0.511581
0.372966
0.561881
0.395478
0.466101
0.340501
0.345064
0.485390
0.431769
0.433439
0.361069
0.408947
0.457528
0.384472
0.333888
0.316056
0.362010
0.456738
0.503649
0.528767
0.475629
0.339250
0.366960
0.430551
0.329623
0.462549
0.395408
0.371469
0.307200
0.358587
0.379922
0.416814
0.441474
0.344619
0.380634
0.442762
0.432119
0.355850
0.385375
0.369797
0.456762
0.296180
0.307816
0.368844
0.451851
0.361348
0.420797
0.368772
0.400506
0.485107
0.439378
0.420081
0.478938
0.419714
0.436214
0.318822
0.361989
0.438918
0.363317
0.575294
0.479302
0.426609
0.316773
0.346933
0.435792
0.380580
0.392472
0.309131
0.428648
0.351516
0.381499
0.346908
0.407124
0.387232
0.475603
0.319081
0.378033
0.394934
0.367948
0.329147
0.349390
0.439160
0.442024
0.307724
0.386387
0.364431
0.426133
0.318975
0.383534
0.369766
0.519764
0.309049
0.387005
0.413109
0.382228
0.323588
0.379471
0.380344
0.498099
0.369334
0.411879
0.425514
0.405573
0.411794
0.383944
0.409840
0.360087
0.409868
0.347930
0.499570
0.457633
0.500875
0.384340
0.452098
0.317236
0.457733
0.328010
0.348420
0.377389
0.383709
0.369488
0.360301
0.412987
0.429243
0.311417
0.335130
0.513643
0.509637
0.435816
0.429891
0.357234
0.569853
0.408270
0.338707
0.370826
0.420178
0.449195
0.387405
0.337991
0.359639
0.386465
0.376638
0.418215
0.370248
0.449244
0.342165
0.371840
0.368609
0.356542
0.420217
0.391671
0.416011
0.352872
0.417250
0.353873
0.345180
0.336509
0.376613
0.522583
0.424889
0.372928
0.454550
0.433457
0.433828
0.404560
0.430240
0.451676
0.407671
0.558108
0.478216
0.352578
0.353302
0.364835
0.446057
0.380583
0.448870
0.406745
0.408856
0.422701
0.454369
0.282764
0.409322
0.331560
0.412178
0.470529
0.422013
0.403399
0.374724
0.421943
0.410575
0.373210
0.355927
0.506591
0.399190
0.529927
0.360182
0.349798
0.389780
0.475426
0.358062
0.407065
0.404695
0.395526
0.418030
0.380638
0.394826
0.450751
0.405251
0.265783
0.434670
0.348370
0.445013
0.420324
0.395837
0.425001
0.403146
0.501390
0.352219
0.431591
0.351409
0.342372
0.336502
0.375811
0.367002
0.461395
0.398512
0.444366
0.418458
0.508873
0.395384
0.372655
0.520770
0.365756
0.365721
0.359066
0.562641
0.419489
0.387381
0.411907
0.334751
0.409646
0.359793
0.467865
0.329761
0.481912
0.420186
0.466154
0.368704
0.317507
0.388174
0.431757
0.390781
0.517640
0.407229
0.313726
0.470343
0.476469
0.361842
0.322527
0.437402
0.361096
0.317401
0.352492
0.505681
0.350245
0.271041
0.384994
0.366019
0.308223
0.358199
0.393538
0.361208
0.443459
0.430259
0.356654
0.296171
0.388073
0.461270
0.530015
0.346898
0.413699
0.447308
0.396070
0.392938
0.377459
0.420899
0.331568
0.374904
0.441527
0.438033
0.348388
0.380887
0.444805
0.407480
0.435158
0.514230
0.436356
0.378314
0.375725
0.360867
0.402188
0.436924
0.409182
0.385225
0.352762
0.438785
0.354752
0.401970
0.431732
0.439264
0.280430
0.389856
0.300027
0.410167
0.378006
0.487087
0.461991
0.350749
0.416190
0.327181
0.374580
0.375702
0.345573
0.400397
0.444907
0.393015
0.391466
0.555123
0.359224
0.410363
0.369934
0.422973
0.479023
0.453669
0.530984
0.402427
0.303978
0.416155
0.325515
0.423314
0.470343
0.373607
0.318204
0.403860
0.293756
0.373187
0.375285
0.369247
0.359918
0.336442
0.410175
0.473019
0.292330
0.343536
0.413909
0.443688
0.422116
0.412050
0.385712
0.365194
0.502121
0.358203
0.341013
0.369971
0.356756
0.355516
0.305835
0.450490
0.412072
0.407341
0.414487
0.243835
0.382428
0.351516
0.343581
0.511894
0.402982
0.424745
0.378673
0.476356
0.393379
0.338088
0.391749
0.337817
0.353173
0.329388
0.454565
0.364558
0.389311
0.508406
0.391935
0.347796
0.365223
0.423706
0.389080
0.566776
0.421122
0.440636
0.476243
0.411856
0.393064
0.421805
0.345178
0.406316
0.360190
0.389501
0.318219
0.400749
0.371662
0.437730
0.366435
0.343265
0.375908
0.398273
0.360571
0.441995
0.370939
0.360239
0.351298
0.406005
0.534012
0.354668
0.349331
0.308216
0.527786
0.343184
0.391945
0.474316
0.418494
0.321013
0.397575
0.351345
0.326628
0.411905
0.350606
0.362150
0.390395
0.427572
0.355290
0.294687
0.382686
0.412213
0.356617
0.440856
0.309455
0.413914
0.509334
0.429204
0.475426
0.302199
0.421581
0.352657
0.444524
0.335628
0.450172
0.382464
0.334551
0.394971
0.436184
0.367560
0.332886
0.294468
0.315637
0.364652
0.414113
0.369129
0.439471
0.420833
0.401293
0.385578
0.340822
0.376850
0.291454
0.342313
0.391734
0.340778
0.513385
0.440371
0.469283
0.366335
0.323617
0.455817
0.428873
0.330216
0.326805
0.398914
0.411816
0.476033
0.470220
0.421986
0.390008
0.425771
0.334446
0.373879
0.363518
0.343851
0.371587
0.364020
0.359626
0.387542
0.381478
0.346275
0.432153
0.474459
0.607481
0.393716
0.351775
0.351758
0.366882
0.331223
0.401360
0.306402
0.243730
0.417563
0.424572
0.330339
0.364113
0.372126
0.393478
0.356640
0.415390
0.362071
0.405521
0.350302
0.376611
0.334110
0.336673
0.458081
0.382735
0.303281
0.442164
0.321443
0.541019
0.356735
0.399383
0.429322
0.395280
0.453459
0.525775
0.498963
0.392380
0.368484
0.424275
0.426705
0.411225
0.397507
0.383062
0.417166
0.372501
0.315306
0.346490
0.317593
0.465317
0.401253
0.375366
0.342287
0.411425
0.403292
0.366397
0.322725
0.377992
0.344274
0.395046
0.261892
0.376999
0.319932
0.407691
0.406286
0.294222
0.443501
0.355474
0.406971
0.411169
0.473981
0.454471
0.340935
0.348628
0.419758
0.365067
0.499432
0.498159
0.422403
0.482048
0.405871
0.341744
0.336057
0.402632
0.428428
0.436111
0.310400
0.367946
0.336447
0.395204
0.394657
0.408647
0.270984
0.370858
0.415114
0.365882
0.375034
0.410561
0.472139
0.354461
0.391572
0.422242
0.405480
0.366946
0.583330
0.448349
0.316312
0.321256
0.367613
0.313666
0.380090
0.434652
0.380621
0.381517
0.370813
0.321065
0.453063
0.347046
0.371349
0.463232
0.323833
0.449175
0.392877
0.642302
0.373484
0.400311
0.473029
0.513465
0.479058
0.426393
0.373436
0.371008
0.411740
0.459868
0.417344
0.374500
0.359941
0.311809
0.369977
0.452263
0.556758
0.375114
0.415073
0.424341
0.517816
0.326430
0.377378
0.392384
0.363515
0.384494
0.567750
0.383474
0.411537
0.328521
0.381047
0.478164
0.324245
0.413608
0.349931
0.433260
0.332995
0.346489
0.426764
0.379746
0.517549
0.305559
0.404425
0.374766
0.309924
0.458295
0.345414
0.413543
0.336233
0.392824
0.433392
0.374442
0.412505
0.414191
0.357839
0.417772
0.328808
0.379202
0.285773
0.387817
0.312868
0.421306
0.376610
0.320060
0.361756
0.334249
0.495303
0.426146
0.370480
0.306704
0.388191
0.336732
0.410145
0.296199
0.439507
0.366657
0.286103
0.348857
0.381408
0.373063
0.289251
0.312615
0.384148
0.402144
0.307942
0.340380
0.346334
0.362870
0.371088
0.372774
0.375877
0.374092
0.303837
0.265991
0.337642
0.454190
0.417294
0.479937
0.270402
0.366381
0.342383
0.255367
0.381168
0.442340
0.351556
0.293264
0.419050
0.456623
0.307234
0.341916
0.382964
0.454168
0.378176
0.379488
0.362640
0.347720
0.399045
0.313225
0.474069
0.464411
0.414986
0.408700
0.362922
0.361444
0.397316
0.403255
0.444498
0.359038
0.324989
0.353798
0.379646
0.374654
0.317653
0.376033
0.443505
0.379212
0.379139
0.385088
0.368184
0.338904
0.432972
0.357852
0.386319
0.355362
0.430997
0.423871
0.334400
0.318735
0.390227
0.377203
0.379708
0.438190
0.432037
0.355320
0.387589
0.507630
0.496348
0.414055
0.421957
0.303619
0.338412
0.332090
0.489335
0.381154
0.405350
0.364560
0.337325
0.333437
0.414190
0.338091
0.364705
0.539765
0.451942
0.352991
0.313247
0.441452
0.372205
0.360526
0.306791
0.359566
0.381619
0.389868
0.312779
0.359464
0.325454
0.369589
0.311715
0.553668
0.369122
0.392774
0.328748
0.403168
0.333246
0.355539
0.409661
0.323641
0.491468
0.385623
0.376364
0.328073
0.352532
0.381150
0.428959
0.342246
0.372210
0.377908
0.395884
0.356299
0.396003
0.436628
0.486293
0.408050
0.306176
0.338179
0.390182
0.275139
0.416586
0.486856
0.294067
0.430140
0.402274
0.337151
0.445924
0.446884
0.343102
0.302864
0.436631
0.406864
0.394928
0.403108
0.434527
0.404593
0.379282
0.390727
0.332766
0.419942
0.359888
0.409431
0.393697
0.373362
0.322122
0.375110
0.394851
0.345445
0.300728
0.402940
0.526444
0.393497
0.432254
0.416703
0.377973
0.399084
0.354695
0.341011
0.343258
0.420791
0.310500
0.358725
0.358435
0.400729
0.328173
0.277413
0.391542
0.416869
0.339734
0.363220
0.329656
0.491381
0.313773
0.422154
0.354704
0.368553
0.424691
0.338552
0.358742
0.312200
0.412161
0.408922
0.394243
0.345870
0.352813
0.385785
0.392762
0.300108
0.355142
0.437647
0.268689
0.421189
0.393137
0.381818
0.335992
0.414102
0.428710
0.337400
0.326017
0.381569
0.476362
0.395844
0.399990
0.596097
0.502573
0.339294
0.330894
0.588325
0.375642
0.514418
0.352142
0.502696
0.421986
0.429505
0.349009
0.320611
0.352425
0.400254
0.404909
0.347644
0.317946
0.358846
0.375225
0.429797
0.347774
0.304526
0.402754
0.414567
0.521299
0.369836
0.364174
0.397583
0.474683
0.378163
0.389948
0.412936
0.456681
0.306020
0.270388
0.359419
0.349132
0.300843
0.341572
0.437979
0.329896
0.382329
0.392024
0.450439
0.330934
0.405245
0.401834
0.438484
0.408600
0.402535
0.317232
0.404178
0.361043
0.362869
0.449509
0.327326
0.365267
0.378956
0.305016
0.430171
0.399659
0.488571
0.327279
0.355933
0.379156
0.437512
0.456832
0.325278
0.334008
0.309339
0.430648
0.427293
0.398181
0.407242
0.335290
0.443523
0.424545
0.378830
0.377578
0.364572
0.347903
0.382571
0.382065
0.315752
0.350023
0.300641
0.350017
0.410816
0.451721
0.412696
0.402102
0.288306
0.366662
0.421235
0.470501
0.450951
0.359885
0.353933
0.405380
0.365846
0.332906
0.394657
0.360987
0.431513
0.348440
0.383024
0.306734
0.338355
0.333074
0.358182
0.439657
0.410264
0.362199
0.364102
0.353865
0.404143
0.378561
0.369430
0.341264
0.320290
0.386619
0.375715
0.431412
0.308471
0.303308
0.375269
0.294874
0.394530
0.322129
0.403144
0.418976
0.414483
0.453775
0.389712
0.469038
0.350515
0.374531
0.374338
0.402976
0.370797
0.407247
0.340920
0.404292
0.412538
0.358413
0.279899
0.405533
0.312405
0.383162
0.416403
0.485617
0.456645
0.451678
0.484151
0.478578
0.438966
0.338357
0.311222
0.377771
0.326990
0.352026
0.369389
0.486611
0.347922
0.380096
0.307760
0.452385
0.399768
0.468811
0.480072
0.384620
0.441130
0.308430
0.353106
0.432816
0.400526
0.335176
0.310481
0.548025
0.303359
0.422110
0.431665
0.344134
0.319844
0.383131
0.276097
0.336763
0.277980
0.425067
0.377097
0.292828
0.406344
0.407562
0.274599
0.405058
0.292402
0.435812
0.398391
0.425893
0.408335
0.319942
0.368433
0.395517
0.330381
0.412885
0.390254
0.327056
0.348430
0.501278
0.454036
0.338425
0.354191
0.281848
0.299622
0.374084
0.324980
0.380110
0.361527
0.329020
0.428883
0.385213
0.343342
0.402487
0.385318
0.357643
0.394567
0.390463
0.389806
0.394400
0.322497
0.343009
0.518318
0.466817
0.386650
0.419574
0.349921
0.403767
0.349710
0.355535
0.409515
0.442710
0.328898
0.410002
0.370388
0.372601
0.304573
0.325161
0.313941
0.371511
0.362351
0.382111
0.482430
0.352194
0.496460
0.328078
0.426034
0.489679
0.373231
0.336963
0.320230
0.454016
0.316327
0.355482
0.399186
0.350100
0.364977
0.458319
0.346930
0.411943
0.399649
0.385607
0.325807
0.371571
0.271151
0.401405
0.376861
0.347570
0.364082
0.388308
0.310872
0.292335
0.542386
0.391043
0.394596
0.398171
0.552226
0.458299
0.395047
0.332154
0.338713
0.359784
0.267439
0.298861
0.343834
0.414766
0.357331
0.335944
0.500186
0.393914
0.389832
0.329903
0.337545
0.385450
0.452020
0.345028
0.386501
0.456575
0.365052
0.356070
0.298862
0.361631
0.364128
0.259281
0.355103
0.301560
0.299785
0.350003
0.359736
0.271976
0.451827
0.308311
0.433486
0.372209
0.305761
0.318493
0.271181
0.317165
0.406137
0.427870
0.423264
0.378374
0.314664
0.391061
0.406452
0.412489
0.356813
0.427630
0.429768
0.387894
0.363111
0.404329
0.350308
0.332760
0.330610
0.354107
0.341252
0.391701
0.425436
0.392802
0.264663
0.501501
0.350991
0.455877
0.359534
0.343878
0.317868
0.316584
0.290280
0.462296
0.459574
0.378339
0.375513
0.370649
0.347599
0.370289
0.357344
0.284925
0.436171
0.524186
0.273975
0.350391
0.353324
0.443915
0.376729
0.482472
0.377073
0.404267
0.357248
0.358156
0.470105
0.338758
0.376020
0.318481
0.348905
0.344397
0.359722
0.310053
0.343619
0.319296
0.387132
0.393410
0.398027
0.398337
0.343747
0.391111
0.358500
0.474742
0.319103
0.363848
0.315114
0.448293
0.434850
0.349299
0.393007
0.297973
0.412037
0.444029
0.448649
0.420862
0.396986
0.318952
0.328843
0.411008
0.364063
0.334311
0.389731
0.316465
0.321133
0.373764
0.389949
0.334615
0.419886
0.347767
0.444679
0.307885
0.338393
0.307826
0.405830
0.413462
0.373137
0.298113
0.485188
0.404338
0.310698
0.501837
0.352112
0.425456
0.332901
0.370951
0.330230
0.479083
0.359701
0.363273
0.336568
0.292686
0.345188
0.413683
0.354273
0.304681
0.306891
0.282527
0.371275
0.356863
0.265576
0.401187
0.382335
0.367461
0.336321
0.429592
0.391340
0.373315
0.412643
0.425804
0.408643
0.402825
0.374146
0.449047
0.326607
0.320385
0.369651
0.273264
0.350624
0.367232
0.406991
0.492286
0.338101
0.384984
0.329344
0.409380
0.453547
0.325607
0.362777
0.395192
0.399128
0.301261
0.387254
0.473375
0.463469
0.432204
0.381130
0.347226
0.395716
0.355491
0.433890
0.559436
0.336891
0.366300
0.334765
0.316015
0.357969
0.367100
0.404120
0.349993
0.300885
0.348392
0.339255
0.387385
0.440041
0.383320
0.381860
0.359596
0.320101
0.366659
0.409913
0.426016
0.344110
0.413528
0.431045
0.333932
0.418113
0.297442
0.364846
0.389794
0.376170
0.383806
0.395539
0.429207
0.355440
0.299439
0.427091
0.354260
0.437950
0.374878
0.353157
0.374822
0.309960
0.361172
0.488758
0.342277
0.447580
0.313480
0.390025
0.408502
0.492359
0.415435
0.340382
0.315642
0.433583
0.347514
0.329626
0.370036
0.458532
0.315285
0.404025
0.313333
0.427422
0.376303
0.369378
0.329102
0.367341
0.502079
0.336612
0.315415
0.386575
0.469399
0.366489
0.377202
0.382141
0.414480
0.344467
0.504630
0.380613
0.485445
0.392755
0.423101
0.361625
0.330832
0.327647
0.379121
0.344835
0.373383
0.383480
0.417748
0.421135
0.342013
0.421420
0.300950
0.346247
0.372575
0.399639
0.447300
0.338815
0.619343
0.350956
0.380152
0.364768
0.368387
0.474166
0.420065
0.373820
0.391711
0.339813
0.381200
0.314041
0.335810
0.376191
0.338116
0.396044
0.387722
0.379208
0.373718
0.386535
0.439401
0.418010
0.347431
0.380076
0.269212
0.312581
0.425757
0.390664
0.392133
0.311134
0.359427
0.326857
0.421649
0.370802
0.375741
0.315756
0.326529
0.379877
0.346303
0.406926
0.392863
0.477099
0.424302
0.303041
0.335596
0.369199
0.454851
0.440562
0.410761
0.328800
0.382979
0.323068
0.393515
0.373858
0.330636
0.380023
0.354094
0.400358
0.342510
0.320671
0.319855
0.366481
0.360852
0.363237
0.455408
0.335801
0.361405
0.456339
0.425618
0.311863
0.367118
0.338653
0.483008
0.503614
0.390629
0.306466
0.460149
0.411105
0.349102
0.322308
0.324599
0.426613
0.419823
0.305420
0.353944
0.483072
0.363901
0.474756
0.299657
0.354414
0.266053
0.389016
0.342722
0.408033
0.360471
0.322394
0.411560
0.304387
0.238375
0.339565
0.446330
0.514573
0.373688
0.332968
0.360162
0.357658
0.346365
0.400919
0.381212
0.408134
0.344581
0.484126
0.345744
0.391774
0.336361
0.437700
0.398285
0.384683
0.353249
0.360320
0.348592
0.277733
0.344136
0.373830
0.423529
0.401779
0.363872
0.318000
0.393190
0.360501
0.392532
0.360257
0.489367
0.360724
0.395763
0.355180
0.380708
0.324469
0.371827
0.368356
0.281980
0.360240
0.347152
0.386091
0.369047
0.390665
0.332667
0.279921
0.349159
0.343866
0.305973
0.401446
0.368125
0.414260
0.342573
0.480917
0.342358
0.283998
0.328259
0.326640
0.318265
0.318137
0.335056
0.337042
0.409619
0.311190
0.440700
0.345963
