8.728563
8.696458
8.455335
8.419673
8.197611
8.166473
8.058632
7.974936
7.758286
7.645529
7.622916
7.405828
7.379958
7.236692
7.174951
6.917328
6.943137
6.773961
6.784888
6.576720
6.714696
6.548490
6.306672
6.268326
6.285057
6.261868
6.193326
6.204097
6.156902
6.012661
6.008011
6.022616
5.866152
5.837263
5.871270
5.753300
5.859334
5.601959
5.635533
5.529365
5.421571
5.522288
5.410302
5.303734
5.498158
5.335476
5.322879
5.340193
5.362993
5.557076
5.286834
5.256514
5.355913
5.277357
5.251893
5.181506
5.257121
5.031615
5.022002
5.082183
5.065158
5.099646
4.960176
5.013347
4.964442
4.904608
4.903656
4.858661
4.798430
4.942030
4.894505
4.837113
4.885146
4.804996
4.672399
4.639873
4.789561
4.863246
4.919147
4.836897
4.799180
4.696788
4.551226
4.658319
4.625557
4.553318
4.505248
4.561859
4.678953
4.549117
4.587400
4.511709
4.590672
4.506935
4.505344
4.562101
4.576042
4.579146
4.447875
4.514535
4.540396
4.506469
4.304207
4.395295
4.438752
4.431461
4.495463
4.224149
4.268161
4.376807
4.203028
4.289014
4.470147
4.195482
4.358308
4.362020
4.330670
4.231620
4.218554
4.458483
4.285797
4.255250
4.236167
4.296076
4.296600
4.217331
4.295228
4.295452
4.204061
4.113641
4.325355
4.330879
4.269773
4.167967
3.933972
4.001468
4.082473
4.157444
4.211336
4.038918
4.010221
4.012203
4.114675
3.998860
4.107378
4.032843
4.004425
4.024642
3.981073
4.183097
4.044406
4.051973
4.151135
4.030446
4.001945
3.980281
3.937447
3.982181
3.886721
4.062241
4.049779
4.013241
3.798499
3.892835
3.984369
3.768190
3.904311
3.921356
3.693135
3.916866
3.745277
3.900002
3.746362
3.921998
3.923154
3.820841
3.917786
3.869108
3.845374
3.785736
3.805625
3.796370
3.783299
3.964224
3.746593
3.773824
3.914610
4.053557
3.757012
3.834341
3.754810
3.719018
3.795802
3.802722
3.699312
3.845846
3.680338
3.715680
3.648272
3.666728
3.702187
3.769687
3.695632
3.540147
3.574439
3.668314
3.610431
3.640256
3.619647
3.680229
3.636404
3.685814
3.652579
3.683191
3.500380
3.695921
3.665568
3.734906
3.571911
3.642021
3.621024
3.659317
3.488054
3.653426
3.403617
3.598434
3.457630
3.567660
3.483441
3.550054
3.428200
3.421257
3.503249
3.391706
3.307786
3.423513
3.459523
3.474539
3.393003
3.513584
3.578198
3.246894
3.605720
3.492836
3.531952
3.356912
3.347733
3.432475
3.366555
3.398582
3.464842
3.422150
3.359089
3.291833
3.424298
3.432238
3.519154
3.245422
3.239264
3.296965
3.401478
3.256466
3.258433
3.282907
3.288713
3.312651
3.388658
3.387783
3.361108
3.327349
3.287822
3.341553
3.460541
3.384435
3.322261
3.483601
3.364396
3.323734
3.265618
3.193206
3.427173
3.280278
3.182667
3.222495
3.238379
3.117378
3.237738
3.147710
3.298916
3.149812
3.068900
3.077061
3.178439
3.005852
2.976962
2.987506
3.012205
3.099320
3.327684
3.115772
3.218786
3.143070
3.294160
3.097394
3.125010
3.088847
3.185738
3.151180
3.169844
3.136051
3.244409
3.067959
3.078764
3.041923
3.177719
3.100265
3.180655
3.151881
3.165519
3.026008
2.982031
2.938228
3.082084
3.085011
3.076602
3.153908
2.999996
2.986513
3.028285
3.074585
3.132377
2.944804
2.991878
2.969107
3.259535
2.974145
3.119700
3.036280
3.027893
2.979372
3.037428
2.837826
2.984609
3.074099
3.084948
2.913408
2.763075
2.921301
3.032356
2.958795
2.969630
2.950853
3.065053
2.820765
3.206010
2.869761
3.087975
3.007028
2.929136
3.072058
2.759296
3.000411
2.714370
2.947731
3.000782
2.760166
2.769318
2.827365
2.922029
2.791354
2.940794
2.896474
2.800680
2.761563
2.733525
2.851371
2.705095
2.900889
2.902360
2.873513
3.040512
2.855847
2.723283
2.887969
2.777669
2.813057
2.840898
2.591535
2.736627
2.861201
2.738720
2.737815
2.744222
2.990193
2.703286
2.658175
2.793104
2.584604
2.812489
2.913198
2.957300
2.795023
2.656724
2.913921
2.906581
2.863483
2.902325
2.733720
2.851825
2.796405
2.865945
2.720896
2.626819
2.839292
2.778089
2.741532
2.739007
2.824430
2.834577
2.702158
2.690718
2.676651
2.746017
2.899017
2.688995
2.585260
2.553717
2.819357
2.556756
2.694213
2.700288
2.656548
2.835689
2.695983
2.584021
2.649492
2.687523
2.576024
2.548055
2.537492
2.608452
2.712989
2.780809
2.601917
2.845490
2.781129
2.564546
2.699372
2.662320
2.477388
2.625762
2.578718
2.641733
2.589591
2.596621
2.555138
2.605040
2.416466
2.559140
2.583273
2.609525
2.618992
2.607847
2.571651
2.550167
2.521103
2.518277
2.507972
2.518727
2.614656
2.783927
2.531224
2.584824
2.464453
2.593499
2.511867
2.650121
2.506291
2.624171
2.564922
2.532111
2.600874
2.614911
2.685790
2.537580
2.452392
2.460046
2.548600
2.521650
2.405966
2.524069
2.373491
2.515359
2.497269
2.521849
2.581943
2.492605
2.495476
2.703981
2.425967
2.550578
2.509770
2.468955
2.666381
2.666439
2.492858
2.480824
2.460939
2.461484
2.603549
2.433658
2.392214
2.432140
2.355731
2.372051
2.463711
2.429284
2.343776
2.568397
2.390500
2.411014
2.424656
2.583442
2.410439
2.618412
2.451020
2.473050
2.360959
2.539197
2.475919
2.392589
2.399882
2.396040
2.401710
2.406609
2.523130
2.402338
2.311293
2.310802
2.387912
2.286201
2.411996
2.428227
2.463114
2.490182
2.444304
2.414588
2.234210
2.423165
2.252020
2.480566
2.393165
2.468766
2.107793
2.336941
2.432724
2.330516
2.441718
2.174601
2.338493
2.182660
2.494212
2.392066
2.261876
2.243396
2.379014
2.380599
2.505522
2.569321
2.324112
2.194115
2.447475
2.187550
2.294877
2.363746
2.242993
2.423106
2.370945
2.355151
2.404128
2.282092
2.217506
2.323020
2.258243
2.442867
2.373785
2.216257
2.425196
2.253310
2.359653
2.404372
2.341829
2.281049
2.360902
2.261414
2.184929
2.182883
2.278631
2.251845
2.242244
2.393801
2.480610
2.457015
2.291443
2.440539
2.227809
2.294133
2.487812
2.387323
2.375747
2.239960
2.206525
2.267326
2.112998
2.236368
2.425855
2.355006
2.298536
2.182140
2.252087
2.154872
1.948742
2.280928
2.264109
2.200069
2.343259
2.199617
2.190760
2.061026
2.092443
2.286493
2.274387
2.447426
2.088147
2.133993
2.041236
2.363297
2.212280
2.233981
2.145257
2.358695
2.307287
2.116849
2.059325
2.269111
2.045694
2.361168
2.178355
2.345152
2.209406
2.393242
2.403192
2.220807
2.075365
2.157707
2.161886
2.188217
2.166856
2.153529
2.040891
2.320007
2.193238
2.103781
2.259803
2.124467
2.176004
2.155359
2.104691
2.095778
2.191724
2.149712
2.313408
2.149505
2.216981
2.253846
2.306446
2.205153
2.122868
2.121392
2.246613
2.190749
2.039537
2.220039
2.197734
2.142202
2.112028
2.116399
2.150609
2.035691
2.175661
2.188134
2.024086
2.020210
2.049580
2.276262
2.204330
2.190193
2.112327
2.167295
2.022984
2.073665
1.987427
2.189865
2.044129
2.000150
2.154186
2.069563
2.113194
2.025597
2.117162
2.242368
2.312373
2.064731
2.054095
2.171440
2.097773
2.213725
2.207977
2.127683
2.140562
2.048566
2.013081
2.093113
2.101167
2.165027
2.095745
1.964491
2.095362
2.054906
2.020266
2.035882
2.056569
1.992039
1.978044
1.922603
2.043306
2.205383
1.917701
2.129531
2.012789
2.058775
1.962517
1.997357
2.047248
1.892104
1.995541
2.020068
2.155444
2.128073
2.113080
1.919871
1.810337
1.932115
2.025721
1.947341
1.845551
1.970503
2.180407
2.038470
2.105602
2.104751
1.960423
2.080030
1.909973
2.169456
1.974898
1.895754
1.896796
1.773174
2.027637
1.799975
1.912684
2.163301
1.949646
1.953357
1.960008
1.939599
2.067691
2.030722
1.885856
1.995999
1.894324
2.088220
2.075840
2.057724
2.040714
2.010413
2.129280
2.035280
1.936133
1.975756
1.991989
2.036394
2.153443
2.075169
2.021686
1.933807
2.012388
2.055850
1.895069
1.944343
1.930906
2.028445
1.923077
2.019715
1.803403
1.866085
2.080223
1.932036
1.970111
1.865367
1.957879
2.175643
1.928336
1.930235
1.963225
1.932434
1.813026
1.969435
2.032792
1.905547
2.029551
2.004951
1.900655
2.054278
1.929826
1.888097
1.847041
1.775159
1.772137
1.826172
1.743190
1.740036
1.875642
1.884042
1.828891
1.861655
1.988694
1.907423
1.897106
2.069450
1.933687
1.868067
1.856825
1.855998
2.012854
2.023687
1.838936
1.843133
2.070946
1.813724
1.798862
1.848449
2.139538
1.878416
1.911227
1.853739
1.894402
1.948069
1.852227
1.775490
1.895579
1.867895
1.892413
1.763738
1.699603
1.764640
1.853938
1.808086
1.734653
1.874128
1.970910
1.800182
1.751281
1.891399
1.852914
1.748341
1.893276
1.933188
1.949834
1.713402
1.794379
1.830256
1.851831
1.906982
1.953019
1.928404
1.881190
1.889426
1.871065
1.946962
2.048961
1.969009
1.886190
1.955180
1.809761
1.801924
1.733927
1.798850
1.745602
1.870806
1.857422
1.827109
1.817619
1.818818
1.719214
1.665954
1.705233
1.902541
1.855171
1.740991
1.956739
1.985067
1.795683
1.938191
1.748565
1.739568
1.840587
1.912513
1.721853
1.780758
1.979330
1.706471
1.765271
1.756661
1.841858
1.837297
1.846534
1.843810
1.677713
1.770736
1.746140
1.818306
1.663882
1.794218
1.837912
1.711581
1.816945
1.737226
1.873780
1.853469
1.691026
1.772970
1.660660
1.822463
1.995474
1.617147
1.804524
1.834120
1.649013
1.703411
1.881471
1.688641
1.759457
1.728213
1.761930
1.790805
1.694207
1.798472
1.703741
1.866506
1.631533
1.687489
1.811780
1.762107
1.838723
1.819962
1.765713
1.703198
1.859013
1.825741
1.755357
1.590566
1.714099
2.060616
1.867255
1.763117
1.694449
1.810981
1.644171
1.871883
1.854604
1.711013
1.646570
1.752599
1.625051
1.924986
1.801069
1.836829
1.811350
1.657146
1.940079
1.676618
1.745828
1.665544
1.780462
1.911799
1.763343
1.618219
1.610573
1.681398
1.715290
1.630871
1.639756
1.753736
1.755437
1.640306
1.653623
1.818250
1.721102
1.860968
1.760963
1.674184
1.920774
1.857349
1.794813
1.631498
1.794621
1.731917
1.572650
1.722007
1.687971
1.787847
1.902953
1.585750
1.568946
1.962102
1.722433
1.649830
1.587052
1.507081
1.698076
1.813357
1.999009
1.661441
1.682698
1.703721
1.639550
1.771905
1.611274
1.689826
1.625698
1.692418
1.705989
1.590878
1.693168
1.819890
1.733370
1.704661
1.785165
1.635234
1.982771
1.724233
1.949366
1.916320
1.670931
1.713770
1.622478
1.722510
1.676423
1.731380
1.673710
1.642087
1.763277
1.910044
1.890829
1.506929
1.676856
1.734989
1.748467
1.622791
1.747343
1.722502
1.580745
1.643147
1.714958
1.726924
1.766836
1.717680
1.824814
1.536556
1.695697
1.634904
1.773755
1.680743
1.715383
1.776404
1.699716
1.718846
1.544597
1.575817
1.605733
1.499591
1.743591
1.627260
1.679160
1.658711
1.593644
1.657591
1.577434
1.683208
1.633853
1.686552
1.646602
1.465032
1.557955
1.624550
1.506093
1.610739
1.579486
1.432163
1.677446
1.493625
1.763980
1.358033
1.559619
1.617174
1.532767
1.598562
1.737641
1.660601
1.606704
1.367237
1.461581
1.542092
1.836316
1.474835
1.501688
1.442954
1.678404
1.618697
1.560019
1.645300
1.547043
1.649851
1.708288
1.435421
1.492314
1.614180
1.435820
1.861983
1.834356
1.652861
1.567865
1.678221
1.766227
1.626743
1.725235
1.449515
1.604099
1.656655
1.713640
1.733261
1.548381
1.622074
1.627970
1.567252
1.671287
1.642382
1.494907
1.908292
1.762012
1.553445
1.616026
1.503479
1.663520
1.522542
1.666302
1.895888
1.680248
1.660194
1.543715
1.572395
1.681987
1.599134
1.762109
1.504317
1.492064
1.615535
1.659479
1.595947
1.659693
1.606692
1.827837
1.693862
1.541483
1.737495
1.525254
1.563542
1.498202
1.630026
1.647258
1.625708
1.503720
1.397409
1.669306
1.530743
1.419230
1.689412
1.467679
1.659084
1.547173
1.642497
1.592775
1.793051
1.614064
1.510782
1.654601
1.768332
1.649325
1.545591
1.781950
1.840900
1.563860
1.547108
1.636303
1.515204
1.579040
1.706009
1.726399
1.586313
1.519396
1.560277
1.581515
1.650586
1.602415
1.381252
1.373531
1.536943
1.769014
1.429392
1.543066
1.685074
1.414966
1.606340
1.722763
1.384806
1.493254
1.855722
1.501085
1.474408
1.412976
1.351874
1.506657
1.708568
1.550171
1.496046
1.616145
1.418070
1.458257
1.569651
1.505699
1.540142
1.597243
1.507030
1.398260
1.519381
1.569543
1.544339
1.522199
1.373579
1.477580
1.469814
1.543928
1.461310
1.542767
1.740899
1.635655
1.393123
1.661908
1.694528
1.627853
1.565558
1.371139
1.593596
1.532123
1.499776
1.424235
1.372412
1.384786
1.551052
1.486497
1.404615
1.443639
1.437943
1.465831
1.300793
1.670185
1.436433
1.378851
1.480809
1.345954
1.541036
1.421587
1.516329
1.455062
1.417693
1.428857
1.534761
1.487086
1.483660
1.395915
1.428708
1.456812
1.660309
1.303276
1.525597
1.593576
1.644854
1.409312
1.545249
1.530187
1.395412
1.501884
1.651010
1.562952
1.636585
1.449505
1.592356
1.470571
1.504898
1.567166
1.495290
1.527133
1.441157
1.576952
1.514940
1.392965
1.641162
1.369304
1.451564
1.438971
1.700712
1.469508
1.509146
1.544622
1.520261
1.416992
1.342994
1.563515
1.725722
1.474471
1.476366
1.282603
1.554145
1.457907
1.329955
1.444221
1.574999
1.615533
1.311582
1.560592
1.485468
1.441868
1.619629
1.287321
1.875583
1.558047
1.597468
1.553596
1.534765
1.469226
1.559482
1.592508
1.649736
1.547463
1.535384
1.365056
1.274566
1.513214
1.433791
1.474046
1.341224
1.467646
1.495575
1.345935
1.378149
1.371510
1.324408
1.372132
1.506406
1.490719
1.415144
1.416361
1.441163
1.712045
1.494562
1.319460
1.327104
1.176915
1.427716
1.551561
1.677911
1.463202
1.560807
1.562804
1.610479
1.361254
1.445716
1.466687
1.395892
1.424634
1.480725
1.565137
1.482635
1.539277
1.302917
1.460809
1.613726
1.454219
1.470217
1.630682
1.413904
1.419617
1.550127
1.609791
1.516418
1.534722
1.434731
1.703392
1.788302
1.362982
1.612958
1.381556
1.456494
1.519345
1.576605
1.376310
1.269099
1.512133
1.616118
1.431213
1.286623
1.435234
1.522361
1.457552
1.403182
1.479756
1.563036
1.372978
1.362199
1.500794
1.345552
1.439092
1.408463
1.278355
1.692407
1.456441
1.296515
1.557452
1.437921
1.484151
1.492204
1.505286
1.369921
1.364843
1.436389
1.373029
1.253475
1.497962
1.399466
1.356656
1.456502
1.324599
1.446847
1.509372
1.543283
1.306216
1.373787
1.327283
1.299321
1.418287
1.350321
1.404163
1.411102
1.358069
1.650915
1.331690
1.329841
1.380549
1.379757
1.398919
1.440135
1.389683
1.314339
1.202016
1.221742
1.359135
1.284689
1.465172
1.435694
1.446664
1.239737
1.435112
1.312777
1.343801
1.280647
1.324307
1.300105
1.538327
1.283425
1.178169
1.269017
1.403061
1.663052
1.393984
1.380361
1.496315
1.326437
1.208266
1.405973
1.464453
1.403358
1.401909
1.331245
1.410878
1.465628
1.423425
1.421608
1.357412
1.397197
1.297211
1.413249
1.269296
1.370438
1.343444
1.474006
1.503127
1.324231
1.326281
1.455626
1.452447
1.677346
1.349405
1.327170
1.342095
1.449397
1.276456
1.286730
1.376673
1.561233
1.361328
1.322605
1.321715
1.433464
1.486060
1.374253
1.488321
1.289450
1.307097
1.410641
1.515319
1.320176
1.372546
1.257650
1.307917
1.404131
1.450937
1.525622
1.242226
1.386272
1.343737
1.305806
1.286556
1.615194
1.453254
1.307006
1.408862
1.273816
1.504914
1.526715
1.484282
1.424237
1.290982
1.365525
1.384573
1.351009
1.394548
1.419434
1.393758
1.266067
1.367275
1.359825
1.358310
1.396370
1.461279
1.448591
1.454322
1.609793
1.419053
1.323954
1.404954
1.366144
1.438965
1.310540
1.411350
1.382059
1.441892
1.259719
1.234780
1.257301
1.348827
1.301336
1.401648
1.344768
1.340904
1.431469
1.558523
1.364896
1.399634
1.456658
1.208657
1.289445
1.465444
1.476163
1.330246
1.271238
1.353800
1.347391
1.291587
1.285440
1.438578
1.344478
1.293871
1.329669
1.225395
1.460543
1.468732
1.337101
1.453998
1.201162
1.502434
1.359072
1.261612
1.338303
1.437762
1.239457
1.232228
1.281224
1.386290
1.587783
1.361289
1.410326
1.198196
1.259501
1.615818
1.219449
1.231969
1.420007
1.353900
1.334067
1.177787
1.281581
1.557332
1.370386
1.403644
1.287083
1.241882
1.275607
1.388114
1.352461
1.132434
1.359814
1.236093
1.280498
1.402985
1.522050
1.395479
1.229854
1.485491
1.495831
1.281316
1.291340
1.309990
1.473567
1.245740
1.343016
1.485200
1.361123
1.324737
1.315017
1.367237
1.311910
1.473447
1.360167
1.270251
1.405151
1.426502
1.364307
1.468778
1.370813
1.347387
1.281044
1.248433
1.212394
1.250360
1.247728
1.249859
1.415420
1.191037
1.449288
1.347487
1.271726
1.455451
1.279266
1.240294
1.341075
1.210934
1.247115
1.205208
1.229680
1.334703
1.341565
1.286297
1.391375
1.416787
1.247726
1.344785
1.397292
1.442231
1.468308
1.421587
1.246026
1.478822
1.387600
1.361396
1.277137
1.352546
1.406784
1.221010
1.603036
1.275763
1.248255
1.458912
1.200564
1.235916
1.216933
1.260082
1.336053
1.365553
1.258207
1.139213
1.335938
1.306101
1.197539
1.237701
1.383863
1.514340
1.483244
1.267700
1.293345
1.209761
1.235765
1.351923
1.438601
1.308571
1.275802
1.185015
1.177644
1.334610
1.234698
1.468804
1.256535
1.215259
1.172491
1.169602
1.422902
1.293586
1.172943
1.119068
1.304885
1.330298
1.321766
1.266255
1.282982
1.256645
1.311005
1.252462
1.219328
1.210088
1.221833
1.208377
1.297216
1.448797
1.194515
1.573461
1.404273
1.277334
1.429325
1.366763
1.314626
1.416534
1.381433
1.437570
1.277190
1.139979
1.499868
1.158574
1.308744
1.436888
1.389943
1.364746
1.308021
1.316334
1.338603
1.345700
1.391870
1.207969
1.207747
1.355865
1.360594
1.358514
1.132195
1.170810
1.280289
1.333480
1.269935
1.274112
1.230785
1.133215
1.378426
1.217976
1.337755
1.290117
1.451941
1.301969
1.272541
1.255191
1.269994
1.221995
1.445633
1.467987
1.490288
1.357012
1.326043
1.318475
1.212914
1.121445
1.228418
1.268097
1.175668
1.261333
1.185848
1.124476
1.465760
1.207527
1.105590
1.244360
1.489470
1.206134
1.314854
1.266948
1.210440
1.218709
1.294944
1.188040
1.197735
1.296102
1.213462
1.235322
1.190695
1.402755
1.178242
1.306609
1.206447
1.253992
1.260239
1.220675
1.057940
1.254856
1.141893
1.273574
1.130329
1.157185
1.227215
1.233074
1.350722
1.210287
1.285675
1.544400
1.253822
1.256571
1.304423
1.300180
1.177829
1.210981
1.393001
1.305311
1.395172
1.168554
1.170819
1.351950
1.242984
1.310959
1.259021
1.203948
1.164973
1.159288
1.280333
1.313544
1.400279
1.110781
1.196450
1.281826
1.158612
1.245324
1.290594
1.292044
1.148622
1.224639
1.197457
1.286578
1.335267
1.181785
1.329392
1.236797
1.251734
1.201237
1.207288
1.381103
1.151248
1.330034
1.152324
1.268937
1.210910
1.341909
1.258225
1.314985
1.379583
1.219588
1.259723
1.342610
1.310528
1.206545
1.348222
1.192143
1.400554
1.195691
1.346028
1.201948
1.101340
1.258003
1.143688
1.124982
1.097817
1.102735
1.235615
1.188111
1.213077
1.223557
1.140324
1.093372
1.388097
1.468891
1.507216
1.403691
1.178422
1.192895
1.234112
1.213799
1.156297
1.278537
1.250179
1.258065
1.332392
1.155012
1.217224
1.114451
1.229974
1.119893
1.297621
1.250118
1.243437
1.287849
1.066028
1.293518
1.322976
1.168255
1.202456
1.336252
1.373709
1.471549
1.263438
1.312624
1.314164
1.325728
1.381512
1.281105
1.199157
1.210060
1.389401
1.179072
1.347631
1.051751
1.280589
1.155912
1.292239
1.191602
1.250040
1.214407
1.375333
1.207194
1.206740
1.182591
1.046331
1.332391
1.247532
1.269881
1.245789
1.210801
1.112502
0.974231
1.126289
1.084110
1.083673
1.239559
1.017148
1.232916
1.246294
1.257951
1.210942
1.297030
1.146846
1.231617
1.190880
1.191375
1.143616
1.203992
1.101517
1.123703
1.321022
1.272906
1.346839
1.192611
1.137923
1.133753
1.241836
1.300539
1.193442
1.121170
1.184131
1.398227
1.132879
1.291956
1.143687
1.294780
1.308670
1.355162
1.307893
1.194680
1.152437
1.031285
1.139728
1.129588
1.200065
1.346780
1.181368
1.246560
1.325972
1.475258
1.267648
1.288284
1.231026
1.187652
1.532773
1.332723
1.359662
1.257042
1.042751
1.209678
1.294831
1.248283
1.218304
1.143191
1.177653
1.201798
1.158883
1.119789
1.084629
1.114821
1.082262
1.176490
1.256055
1.339819
1.040135
0.996418
1.018229
1.228730
1.137816
1.235714
1.192260
1.152636
1.265006
1.274145
1.170044
1.219811
1.275606
1.340497
1.331419
1.257182
1.035287
1.214221
1.028012
1.340879
1.142857
1.323943
1.246855
1.066991
1.108290
1.382488
1.154596
1.244892
1.236733
1.053185
1.281599
1.066768
1.410642
1.156162
1.122068
1.130342
1.200424
1.225723
1.215154
1.171853
1.057983
1.125554
1.219036
1.210822
1.114575
1.240352
1.260964
1.188040
1.173347
1.169564
1.200627
1.210449
1.326268
1.148769
1.330544
1.195761
1.235999
1.177994
1.148721
1.260840
1.274163
1.150967
1.313279
1.244035
1.158962
1.046020
1.173749
1.108556
1.192447
1.222251
1.210871
1.119536
1.265668
0.996661
1.179244
1.173775
1.171189
1.051730
1.057949
1.156396
1.112892
1.384525
1.350980
1.179799
1.264378
1.119371
1.041697
1.168227
1.067556
1.151661
1.325655
1.199023
1.265326
1.307098
1.326953
1.025276
1.204147
1.237124
1.072907
1.157210
1.255679
1.143016
1.205256
1.257899
1.079692
1.232466
1.256867
1.203268
1.139287
1.337014
1.082301
1.229017
1.053000
1.372879
1.179821
1.109781
1.146568
1.062385
1.021798
1.200322
1.015162
1.346176
1.320546
1.307247
1.215552
1.162498
1.306602
1.148116
1.223261
1.119950
1.095636
0.915507
1.138800
1.313118
1.062232
1.260973
1.158833
1.355104
1.095473
1.370377
1.166091
1.124947
1.145772
1.166300
1.136473
1.077159
1.164878
1.120298
1.234961
1.197864
1.199008
1.137928
1.108206
1.127065
1.118665
1.195721
1.124558
1.380296
1.325329
1.148036
1.079703
1.326728
1.169493
1.348320
1.263211
1.024941
1.086678
1.251237
1.156826
1.293811
1.330895
1.223155
1.105200
1.095994
1.385399
1.166578
1.274194
1.232053
1.158727
1.154971
1.240500
1.137565
1.141872
1.212587
1.304034
1.002037
1.024938
1.157858
1.185934
1.293295
1.046168
1.174134
1.278813
1.224581
1.076513
1.011747
1.093362
1.052295
1.264452
1.075018
1.387128
1.173246
1.239458
1.058365
1.193253
1.149983
1.329982
1.143547
1.191439
1.105808
1.033315
1.192111
1.187984
1.185244
1.171950
1.038345
1.152063
1.143540
1.117742
1.022901
1.134632
1.176811
1.218668
1.021732
1.108120
1.198799
1.288436
1.018316
1.152444
1.076212
1.178239
1.215953
1.100759
1.153777
1.190241
1.198256
1.140570
1.164274
1.123885
1.181811
1.254771
1.136218
1.179144
1.180736
1.103913
1.123013
1.129086
1.083301
1.152857
1.412500
1.164086
1.204829
1.024213
1.029831
1.217670
1.235202
1.197856
1.128443
1.065454
1.078342
1.252467
1.071000
1.072154
1.076727
1.275427
1.173178
0.998182
1.156591
1.218526
0.962558
1.059335
1.064606
1.331098
1.060170
1.210775
1.095275
1.169940
1.161410
1.200889
1.149363
1.367756
1.142134
1.076901
1.164719
1.162203
1.160108
0.965988
1.097743
1.093189
1.231926
1.084261
1.176863
1.177274
1.155424
1.172895
1.177017
1.268006
1.120321
1.037906
1.367522
1.146751
1.175725
1.176854
1.248551
1.292379
1.075638
1.205348
1.159258
1.160922
1.206638
1.017814
1.064025
0.989232
1.180454
1.171414
1.414503
1.089566
1.045741
1.014364
1.082594
1.135408
0.916595
1.067595
1.118374
1.080757
1.226857
1.009044
1.319002
1.255093
1.084968
1.064241
1.084086
1.379836
1.161504
1.074843
1.375114
1.282095
1.197852
1.166513
0.949926
1.104287
1.201522
1.214458
1.399469
1.133100
1.175055
1.125858
0.970952
1.072053
1.115808
1.139806
1.153545
1.249195
1.106980
1.032658
1.126674
1.173586
1.249328
1.208436
1.233259
1.038182
1.197582
1.115473
1.084643
1.038708
0.960859
1.085030
1.229451
1.173061
1.083988
1.041664
1.041493
1.095152
1.048469
1.301030
1.208282
1.279101
1.266386
1.072050
1.155855
1.146643
1.153668
1.145304
0.883841
1.023254
1.147468
1.020800
1.165591
1.191332
1.277424
1.073657
0.991568
1.286324
1.137112
1.177503
1.127130
1.034181
1.012662
1.072851
1.102005
0.899004
1.135298
1.216300
1.131913
1.186015
1.324017
1.243699
1.076210
1.107079
1.106264
1.065942
1.014841
1.258358
1.225907
1.048401
1.013131
1.250459
1.156331
1.080508
1.247001
1.060947
1.071059
1.107975
1.124631
1.089542
0.974056
1.125662
1.050460
1.039961
1.063295
1.127341
1.207036
1.042454
1.156023
1.026735
1.024384
1.005581
1.142452
1.164037
1.187529
1.159102
1.066629
1.077497
1.162715
1.155809
1.032593
1.068616
1.054550
1.161916
1.024415
1.179950
1.142715
0.949109
0.990383
1.030639
1.158752
0.928553
1.186767
1.130991
1.056671
1.153791
1.036624
0.928161
1.085743
1.171242
1.034132
0.967442
1.154848
1.037317
0.917618
1.192871
1.390624
1.211238
1.232153
1.120434
1.052695
1.024477
1.043353
1.222332
1.162645
1.146067
1.059006
1.131826
1.058302
1.076668
1.102960
1.068824
1.176475
1.181872
1.180965
1.211982
1.127962
0.985877
1.020036
1.183567
1.162933
1.023638
1.149210
1.048769
1.168388
1.109529
0.872261
1.063590
1.109744
1.020686
1.371083
1.177206
1.029078
1.165761
1.281759
0.943812
1.070148
1.034604
1.173101
1.139868
1.007540
1.034481
1.107751
1.163042
1.037619
1.090283
1.040107
1.174162
1.192020
0.944546
1.137007
1.076559
1.061755
0.895472
1.053159
1.229800
1.277938
1.221986
1.065061
1.269784
1.279969
1.223833
1.180506
1.168274
1.068969
1.206002
0.997528
0.980655
1.137367
0.986264
1.110793
1.024453
1.022680
1.093830
1.082914
0.971118
1.039974
1.083000
1.022758
1.041589
1.075183
0.934971
1.143097
1.025186
1.292001
1.285907
1.110238
1.080948
1.001319
1.052208
1.037108
0.980297
1.219608
1.182683
1.065789
1.125109
1.040023
0.996803
1.229975
1.060398
1.060856
0.960277
1.113483
1.114635
0.930403
1.016131
1.000538
1.005077
1.077437
0.966994
1.148587
1.000848
1.135528
1.145807
0.961571
1.131763
0.994880
0.973311
1.056309
1.037000
0.971235
0.996324
1.079911
1.021023
0.982839
1.252214
1.075370
1.022400
1.170530
1.019549
1.030194
1.000947
1.372710
1.066299
0.971130
1.105099
0.898651
1.137316
0.992631
0.989339
1.199496
0.959051
1.052994
0.938529
0.948183
1.054721
0.891744
1.148364
0.944278
0.922499
1.154494
1.151830
1.161392
0.815661
1.106004
1.172860
0.983508
1.025017
1.123352
0.964072
0.971049
1.016818
1.055118
1.038270
1.174965
1.089751
0.969037
1.019108
1.193114
0.929391
1.102719
1.006818
1.064937
1.011711
1.060210
0.986347
1.018405
1.044420
1.235688
1.261275
0.868323
1.111958
0.887524
0.932382
1.193543
1.074922
0.981339
1.000791
1.037274
1.155225
1.074279
0.909474
1.282276
1.035765
1.037269
1.138401
0.977498
1.104273
0.977774
1.337085
1.183027
1.083985
1.113982
1.124504
1.184603
1.077125
0.966916
1.054678
1.045505
1.164213
0.904015
0.978913
1.131540
0.998859
0.933478
1.079197
0.972424
0.890888
1.028034
1.098198
0.952762
1.004074
1.019953
1.005620
1.098521
1.115303
1.007249
1.104851
0.976513
1.038935
1.071761
1.108770
0.859512
1.093588
1.112252
1.006547
1.128750
1.085865
1.270789
0.992843
0.975279
1.072905
1.065145
1.156823
1.058344
1.081582
0.997397
1.113522
1.016837
0.930886
1.225196
1.194502
1.011412
0.992566
1.004516
1.006591
1.147602
1.121039
1.154788
1.013807
1.063175
1.453825
1.041044
1.025792
1.263841
1.042104
1.118930
1.053091
1.073544
0.923991
1.103132
1.140468
0.949819
0.992818
1.016671
0.982823
1.127066
0.992128
0.907584
1.047331
1.084475
0.929976
1.246199
0.997781
1.280972
1.136002
1.017019
0.874959
1.054350
0.970439
1.061241
1.149214
1.035321
1.041261
1.048149
1.013597
1.038517
0.988928
0.872720
0.985753
1.114542
1.109802
1.040514
1.120782
1.071243
0.845927
1.154286
1.195585
0.911266
1.054625
0.950297
1.037719
1.047617
1.092982
1.091716
1.033983
1.096897
0.981328
0.837623
0.868359
0.869805
0.966415
1.085655
0.973861
1.017268
1.084654
1.097950
1.067726
1.020311
1.090178
1.041755
1.057063
1.156424
1.034482
1.088971
1.011176
0.990201
0.932421
1.062811
0.823462
0.879065
0.894894
1.183362
0.903405
1.038670
0.978656
1.026427
0.997820
1.186984
0.932137
1.079038
1.033647
0.952344
1.087794
1.015912
1.075300
1.001779
0.977395
1.183368
1.269238
1.088825
1.045190
0.884394
0.902983
1.073421
0.994372
1.081042
1.067326
0.969136
1.048598
1.031206
0.985530
1.115093
1.044141
1.032267
0.871399
1.163139
0.994160
1.024588
1.123711
0.947273
1.131186
1.045436
1.045475
0.929214
1.145475
0.970857
1.241863
0.989296
1.115941
1.130593
1.062161
0.977199
1.114031
0.946443
1.110853
1.029383
0.940350
0.950955
1.052037
1.217069
1.021452
1.151313
1.006079
1.001175
1.083369
1.078113
1.055180
1.012201
0.954259
1.024781
1.333731
0.978992
1.024671
0.988482
1.048171
1.043295
0.906983
0.995120
0.883568
0.989192
0.943989
1.063755
0.851786
0.953506
0.897627
0.953673
1.098314
1.014363
1.087299
0.843585
0.988304
1.001885
0.855196
1.093398
0.961234
0.952594
0.981173
0.933298
1.035582
1.157638
1.015143
0.931757
0.976850
0.830050
1.037512
0.812892
0.968633
1.075480
1.025234
0.911078
0.816836
0.819366
0.969841
1.048662
0.944552
1.037544
1.147786
1.161620
0.967628
0.766729
1.085889
1.039454
0.898577
0.902749
0.959000
0.878328
0.899559
0.873172
1.146794
1.136597
0.907088
0.970937
1.019835
0.810081
1.100588
1.052164
1.208721
1.011983
0.972756
0.957358
1.092511
1.019772
0.962484
1.053277
1.124007
1.005119
0.898125
0.987220
0.884566
0.874997
0.973599
1.185353
1.200132
1.243981
1.108250
0.720845
1.022789
1.039564
1.010552
1.084842
1.039325
0.794571
1.016891
1.006959
0.798628
0.911766
1.046490
0.980765
1.250211
1.046630
1.175712
0.943333
1.058581
1.081435
0.962526
0.989030
0.877346
0.916460
0.868853
1.076559
0.972984
1.016512
1.099887
1.156893
0.897471
0.992507
1.066727
0.963378
0.870847
1.035573
0.998624
0.983513
0.833043
1.023965
0.933748
0.992757
0.967361
0.925540
1.008880
0.894861
0.907805
0.933026
0.876934
1.166351
0.856673
1.172639
1.216989
1.003697
1.011791
1.060559
0.918632
1.018790
0.954600
0.951031
1.145351
1.058459
1.012454
0.990418
0.897929
1.027240
0.898886
0.993802
0.894777
0.872766
0.961466
0.921369
1.087610
1.084814
0.946945
1.036047
0.957468
0.862763
0.873475
0.891123
0.911543
0.840287
0.825972
1.004467
1.056033
1.000618
0.963265
0.901476
0.864072
1.237757
0.936010
1.127898
0.941698
1.093916
0.930365
0.970807
1.056738
1.017846
0.913627
0.984747
0.997686
0.999723
0.985787
0.879787
1.156186
1.026905
0.890374
0.782028
0.957092
1.066418
0.906597
1.238235
0.935740
0.906208
0.923895
0.885912
0.871640
1.012424
1.025767
0.974024
1.076788
1.159933
1.065611
1.042490
0.928785
1.017286
1.031994
0.947359
0.950804
1.108726
0.806430
1.014219
0.883030
0.879147
0.977596
0.818651
0.893063
1.065840
1.098806
0.846919
0.852726
0.886038
0.999236
1.196240
1.017187
0.961071
0.988560
1.023979
0.918537
0.984199
0.795075
0.830989
1.108460
0.966733
0.929486
1.137978
0.978873
1.027340
0.980753
1.052193
0.960794
0.915598
0.814642
0.998941
1.160107
1.087580
0.890878
0.897481
0.972164
0.947152
1.055660
0.960287
1.098232
0.930978
1.120383
0.887215
0.783426
0.876997
0.883253
1.062129
0.786518
0.902211
1.089467
0.901847
0.852330
0.896533
1.010982
0.978000
0.914103
1.082415
1.126215
1.038265
0.923133
0.845601
0.999597
1.024647
0.952333
1.061943
0.945556
0.904518
0.953340
1.097283
1.030931
0.851278
0.959213
0.791329
0.793730
0.989467
0.971030
0.987781
0.994205
0.913890
0.815956
0.910372
1.041856
0.882670
0.865133
0.959882
0.982155
1.121440
0.806950
1.067555
1.105823
1.129951
0.855335
1.019880
0.907121
0.826820
1.122000
1.021654
1.096933
0.992576
0.955509
0.992898
1.014173
1.016451
0.853761
1.099753
0.928814
0.927421
0.877708
1.196076
0.888763
1.050375
1.089815
1.179398
0.845823
1.083784
0.840373
1.005559
1.095649
0.880069
0.980048
1.009112
0.946319
0.843790
0.905049
0.915840
0.935262
0.911736
0.982948
1.147063
0.928338
1.143553
0.995435
0.966950
1.080482
0.938330
0.858541
1.107695
1.012563
0.971546
0.951604
0.982660
0.886183
0.960113
0.860729
0.936591
0.812440
0.779639
0.888208
0.974825
0.990358
0.970823
0.993609
0.916271
0.877719
0.875716
0.895753
0.926983
0.908856
0.919531
0.909012
0.972519
0.978361
0.959448
1.021214
0.908357
1.039579
0.854340
0.863838
0.958700
0.987615
1.026511
0.826154
0.832073
1.014247
1.182734
1.003137
0.912899
0.999116
1.146232
0.908659
0.838645
1.225416
0.990445
0.906860
1.020411
0.935461
0.928517
1.116458
0.992336
0.955988
1.008327
0.865404
0.832787
0.869750
0.889783
0.947088
0.934673
0.823165
1.129740
0.989571
0.912043
1.043944
0.821823
0.756669
0.960241
0.913492
0.931229
0.826438
0.958577
0.890008
0.985548
1.127736
0.990634
0.963666
0.885726
0.930973
0.898469
0.961028
0.947069
0.974470
0.865593
1.264047
0.911020
0.973121
0.969323
0.950470
0.827148
0.886892
0.905654
0.826384
0.997145
0.849238
0.888511
0.867192
0.957000
0.924558
0.979398
0.938413
0.935175
0.928183
0.927387
0.939273
1.072794
1.115800
0.994790
0.909685
1.071517
0.994016
0.962772
0.909456
0.898139
0.961400
0.907762
0.931339
0.987544
1.119659
0.949746
0.906665
1.028409
0.994659
1.092863
0.845996
0.874478
0.952278
0.884109
1.052628
1.022371
1.204827
0.961332
0.907487
0.835964
0.916028
0.860457
0.946526
1.151760
0.949293
0.919799
0.861702
1.033639
1.243584
0.979316
1.195388
1.077452
0.812634
1.039690
1.008213
0.853548
1.017949
0.859936
1.186931
1.051732
1.027879
0.922518
0.883777
0.865057
1.107987
1.004925
0.971131
0.965175
0.944340
0.997591
1.050264
1.118875
1.052899
0.853198
0.789468
1.052040
0.887122
0.813811
1.024138
1.077412
0.839204
1.005330
0.829227
0.963282
0.846222
0.906058
0.886526
0.919040
1.014973
1.005000
0.985668
0.946336
0.975870
0.756538
0.856545
1.026467
0.904159
0.775362
0.964619
0.810501
0.945484
0.941371
0.950954
0.866925
0.826304
1.050090
0.994805
0.835549
0.852879
0.843419
0.724398
0.844536
0.971311
0.812054
0.989782
0.898626
0.952705
0.872389
0.851434
0.986711
0.929495
0.979201
0.962500
0.981174
0.872491
0.959628
0.767351
0.931984
0.953979
1.019766
1.048415
1.059801
1.017290
0.728002
0.919819
0.807600
0.986816
0.973628
0.921515
0.947824
1.002217
0.808742
1.043340
0.926317
0.962207
0.992605
0.951410
1.093246
0.857027
1.078767
0.839822
0.916767
0.922884
0.995685
0.935422
0.836267
0.894920
0.913618
0.863537
0.962702
1.014966
0.838022
0.847687
0.915695
0.863520
0.905304
1.061835
0.790940
0.798974
0.931625
0.812349
0.769650
0.936886
0.764691
0.951738
0.788983
0.718741
0.907003
0.899631
0.966810
0.898693
0.873166
0.760216
0.969250
0.873176
0.877953
0.759886
0.911880
0.830184
0.891237
0.931018
1.126518
1.028170
0.840804
1.046005
0.890386
0.883606
0.803840
0.918003
0.903877
0.994253
0.891541
0.970053
1.124730
0.896840
0.873931
0.987888
1.005105
0.819080
0.766324
0.835219
0.824959
0.845490
0.993429
1.039464
0.792946
0.886181
0.881891
0.929763
0.816862
0.804158
1.016503
0.750098
1.036889
0.903798
0.901260
0.861525
0.852815
1.110070
0.949137
1.048181
0.739372
0.925798
0.819832
0.994662
0.969080
0.948706
0.797873
1.048043
1.107642
0.824199
0.874134
0.908039
0.922955
0.856667
0.787219
0.917780
0.858239
0.658434
1.028818
0.836906
0.999822
0.886217
0.968930
0.906852
0.939584
1.130849
0.813680
0.892899
0.887000
1.023010
0.802161
0.865819
0.861471
0.828978
0.942725
0.820464
0.871125
0.788921
0.800419
0.953394
1.236244
0.966942
0.786546
0.875343
0.952033
0.948992
0.755444
1.018841
0.993808
0.863001
0.962213
0.885175
0.869727
0.861376
0.961754
0.957859
0.902942
0.754009
0.957846
0.981305
1.010399
0.853500
1.001564
0.954454
1.061024
0.884471
0.779149
1.025854
0.962375
0.885621
0.893192
0.751487
0.862348
1.040212
0.828480
0.823660
0.885211
0.848593
1.093113
0.883811
0.898245
0.849051
0.753087
0.883944
0.788439
0.763383
1.003189
0.905667
0.976814
0.883466
0.909866
0.891756
0.841828
0.898535
0.846509
0.855234
0.865191
0.887120
0.840928
0.861653
0.879327
0.896644
0.836690
0.932699
0.900256
0.794655
0.917711
0.966521
0.902065
0.859243
0.997673
0.920233
0.794984
0.938552
0.925487
0.887049
0.971914
0.961122
0.846787
0.930152
0.931102
0.852388
0.966366
0.974083
1.049153
0.976479
0.980700
0.857512
0.883041
0.891009
1.045776
0.966074
0.962183
0.913067
0.946465
0.839629
0.895024
1.141618
0.918058
0.889516
0.835607
0.973546
1.093589
0.886006
1.048989
0.865560
1.128176
0.920404
0.942254
1.061728
0.862599
0.917613
0.863603
0.873599
1.038231
0.722190
0.953055
0.876665
0.798450
1.029587
0.835082
0.906481
0.978305
1.067830
0.965021
1.051436
0.914760
0.799763
0.914348
0.745988
0.951904
0.770170
0.832873
0.909677
0.902761
0.827604
0.906807
0.854015
0.898620
0.875589
0.882224
0.931787
0.726649
0.809410
0.772149
0.769172
0.915627
0.892649
0.960061
0.951075
0.961513
0.799482
0.939860
0.892633
0.919915
0.962452
0.817465
0.895758
0.994105
0.767398
0.813306
0.829944
0.903861
0.908415
0.930263
0.994372
0.912320
0.866092
0.858514
0.827225
0.781051
0.907396
0.985209
0.904074
0.781440
0.917327
0.937936
0.906525
1.006126
0.897091
0.918274
0.888271
0.963292
1.063369
0.950775
0.900555
0.846682
0.886550
0.928369
0.860518
0.908390
0.877388
0.963341
0.968063
0.834583
0.816177
0.794916
0.919323
0.818380
0.935079
0.906541
0.855408
0.819734
0.786954
0.948406
0.905662
0.738762
0.808679
0.783015
0.810480
0.769103
0.868504
0.922071
0.732991
0.890422
0.807066
0.769102
0.906342
0.835340
0.784907
0.808771
0.782479
0.879930
0.980472
0.974869
0.730951
0.890644
0.963506
0.877038
0.737759
1.045624
0.921810
0.747245
0.826919
0.868392
0.867389
0.791004
0.884525
0.794250
0.784525
0.891052
0.949855
0.649450
0.780837
0.895651
1.064101
0.714852
0.842423
0.961138
0.912197
0.819814
0.740599
0.824421
0.815863
0.787899
0.823148
0.886726
0.866346
0.748504
1.013175
0.887159
0.916326
0.857111
0.900866
0.875593
0.901684
0.910232
1.000831
0.801488
0.675317
0.798270
0.964494
0.933204
0.950851
0.876164
0.831067
0.867179
0.981138
0.920838
0.893168
0.836206
0.867906
0.865797
0.833011
0.875585
0.965075
0.996736
0.899277
0.872140
0.771359
0.659953
0.911422
0.839564
0.808983
0.848697
0.969083
0.912170
0.785919
0.935514
0.971473
0.900417
0.783911
0.872311
0.757337
0.892990
0.857504
0.911600
0.738445
0.982315
0.976336
0.832542
1.007416
0.752169
0.937877
0.797572
0.856715
0.960968
1.096032
0.880815
0.964782
0.919946
0.693497
0.846872
0.814907
0.860403
0.779583
0.932852
0.969810
0.858412
0.884840
0.911606
0.750822
1.085144
0.949898
0.902433
0.905820
0.909661
0.891665
0.779529
0.798316
0.819270
0.818590
0.890278
0.685720
0.794889
0.811035
0.825599
1.035818
0.802648
0.853371
0.835434
0.856164
0.967408
0.790733
0.876685
0.874359
0.912025
0.920467
0.860189
0.887798
0.791358
0.877046
0.770443
0.833450
0.833301
0.821611
0.984235
0.866263
0.865637
0.914944
0.768396
0.848253
0.986425
0.827474
0.729490
0.814611
0.849063
1.026577
0.896981
0.988443
0.836652
1.123186
0.861923
0.749376
0.908703
0.949059
0.790748
1.055467
0.821407
0.867407
0.921368
0.893940
0.992104
0.753197
0.811280
0.914131
1.099290
0.832705
0.751849
0.837602
0.876833
0.894124
0.902758
0.744612
1.014126
0.941015
0.690056
0.975482
0.807248
0.816507
0.813300
0.868871
0.806047
0.968702
0.885822
0.782468
1.030212
0.788574
0.901508
1.072001
0.870739
0.773993
0.875173
0.732447
1.011797
0.828773
0.930685
0.732867
0.810932
0.836779
0.918333
0.934737
0.728907
0.956690
0.810013
0.842983
1.063998
0.928842
0.828841
0.836857
0.837383
0.765223
0.810872
0.805958
0.872693
0.809043
0.932625
0.719847
0.913633
1.025715
0.807452
0.849197
0.981600
0.984254
0.759788
0.865508
0.897992
0.796401
0.810987
0.890196
0.835332
0.766314
0.988011
0.816696
0.838603
0.912731
0.890408
1.109509
0.879969
1.017802
0.934444
1.053067
0.849754
0.842973
0.943301
0.984574
0.721757
0.927038
0.855147
0.754922
0.717103
0.904715
0.870142
0.829559
0.916048
0.827463
0.698294
0.661488
0.801183
0.946940
0.835092
0.753453
0.675795
0.965624
0.837170
0.800682
0.865415
0.868248
0.799292
0.892585
0.781993
0.713759
1.007505
0.898411
0.930657
1.155080
0.831780
0.910149
0.712793
0.850195
0.627408
0.938134
0.753561
1.029579
0.822023
0.964804
0.878870
0.875721
0.916334
0.969899
0.741433
0.902911
0.850922
0.933180
0.841356
0.852896
1.035084
0.852888
0.762329
0.851613
0.667425
0.880692
0.827933
0.731966
0.938399
0.738563
0.779524
0.899997
0.733132
0.882045
0.981017
0.925024
0.795469
0.919478
0.834741
0.827934
0.913207
0.956140
0.911493
0.929659
0.803864
0.692506
0.841641
0.757271
0.700752
0.728740
0.982153
0.800590
0.866830
0.833435
0.855674
0.855623
0.917145
0.921249
1.019481
0.937270
0.733252
0.899635
0.821353
0.658569
0.734121
0.795623
0.801218
0.858846
0.749683
0.746103
0.930889
0.878388
0.860092
0.870166
0.878602
0.938172
0.825940
0.804094
0.765876
0.789240
0.725471
0.910260
0.782017
0.695094
0.745691
0.837503
0.943734
0.753998
0.647169
0.980941
0.761964
0.773254
0.751520
0.822436
1.011738
0.767220
0.919060
0.768902
0.792706
0.776372
0.778842
0.678914
0.743500
0.886649
0.958288
0.682786
0.773581
0.851715
0.841301
0.711565
0.853547
0.810723
0.812676
0.810082
0.755965
0.893298
0.953258
0.741291
0.906868
0.917313
0.865326
0.716899
0.772489
0.982559
0.764348
0.891152
1.022533
0.911798
0.840261
0.821354
0.803973
0.660946
0.810882
0.841052
0.747128
0.998950
0.901785
0.863354
0.937434
0.766795
0.778753
0.775726
0.830548
1.067989
0.969319
0.759938
0.948281
0.921762
0.874995
1.061604
0.886668
1.058307
0.716583
0.883980
0.798150
0.724059
0.831535
0.763193
0.890533
0.897226
0.782077
0.850627
0.817196
0.901648
0.816530
0.771381
0.828319
0.916645
0.878431
0.793331
0.780020
0.738433
0.779126
0.826699
0.855419
0.786975
0.701554
0.758680
0.860198
0.739507
0.752395
0.886336
0.777693
0.697100
0.783080
0.822427
0.784914
0.945250
0.766942
0.852543
0.818500
0.727848
0.816159
0.802787
0.865739
0.767232
0.917526
0.926254
0.831442
0.921331
0.817122
0.708194
0.662313
0.955003
0.950987
0.855569
0.881127
0.936886
0.893240
0.900311
0.846525
0.874931
0.842645
0.932429
0.857193
1.027047
0.795186
0.892253
0.810135
0.860850
0.811214
0.725987
0.799043
0.960749
0.692977
0.804008
0.697302
0.851240
0.802914
0.875827
0.784518
0.971674
0.632109
0.762087
0.761556
0.850597
0.777414
0.789955
0.747240
0.985955
0.947554
0.755193
0.753908
0.941019
0.791562
0.730830
0.931341
0.767294
0.758914
0.788642
0.992354
0.853093
0.762526
0.817114
0.915509
0.888787
0.735965
0.792151
0.807117
0.850263
0.749189
0.874024
0.855801
0.744435
0.889541
0.905077
1.000396
0.962713
0.907468
0.781454
0.769354
0.795321
0.907414
0.880672
0.683383
0.896276
0.744323
0.721642
0.770111
0.720681
0.659541
0.974233
0.788182
0.795002
0.718963
0.951059
1.108432
0.800275
0.723714
0.938287
0.755844
0.874641
0.827660
0.826102
0.761044
0.680033
0.775968
0.809553
0.959720
0.658542
0.780948
0.770763
0.745190
0.877566
0.769905
0.895967
0.728925
0.701071
0.823632
0.807495
0.999627
0.865753
0.729376
0.846073
0.921365
0.794435
0.773797
0.577363
0.833992
0.811956
0.896111
0.958549
0.772254
0.750444
0.745648
0.818708
0.785694
0.968558
0.941912
0.893848
0.906276
0.851042
0.700483
0.945494
0.922257
0.950794
0.937847
0.789290
0.863548
0.948478
0.969454
0.869741
0.836580
0.875139
0.899014
0.720652
0.783127
0.895659
0.752443
0.732702
0.811323
0.825603
0.760035
0.789588
0.789731
0.675164
0.809130
0.673640
0.786046
0.890451
0.915222
1.004724
0.789849
0.881343
0.768282
0.863800
0.674629
0.772681
0.747718
0.700966
0.969876
1.041403
0.769458
0.788810
0.930919
0.862801
0.733102
0.782331
0.810494
0.791699
0.684990
0.749228
0.833324
0.868813
0.751635
0.865871
0.834320
0.711025
0.904888
0.783502
0.708485
0.863947
0.756126
0.871120
0.681371
0.796155
0.822538
0.745985
0.894790
1.005014
0.821652
0.707930
0.806253
0.920089
0.776798
0.993062
0.743731
0.910069
0.761271
0.751852
0.874324
0.769374
0.835555
0.773066
0.776797
0.743666
0.903204
0.875276
0.833152
0.892812
0.904355
0.805055
0.819968
0.834268
0.863216
0.824521
0.861716
0.828990
0.871484
0.829699
0.873559
0.781029
0.730224
0.909016
0.818617
0.855513
0.837813
0.796474
0.820310
0.977820
0.824368
0.797450
0.682727
0.726340
0.705139
0.818739
0.801579
0.803219
0.751054
0.927715
0.793281
0.723211
0.805048
0.803537
0.951388
0.678624
0.913549
0.793412
0.842943
0.835160
0.807306
0.787072
0.752913
0.798539
0.835353
0.709481
0.789783
0.854436
0.697855
0.716599
0.893459
0.790106
0.846634
0.632683
0.841924
0.890972
0.770945
0.696232
0.875187
0.886820
0.806744
0.828564
0.667150
0.801552
0.899760
0.825832
0.720856
0.786384
0.725486
0.782014
0.772941
0.676135
0.769692
0.728808
0.736650
0.881419
0.638459
0.680061
0.845029
0.826242
0.853758
0.757562
0.810013
0.764088
0.774572
0.684013
0.694676
0.652926
0.806204
0.805940
0.825026
0.823014
0.708491
0.587732
0.772466
0.818509
0.874497
0.659007
0.870340
0.807227
0.817545
0.646717
0.664708
0.654632
0.783776
0.766240
0.842134
0.819544
0.647712
0.814296
0.931165
0.832805
0.730722
0.741148
0.862962
0.700291
0.717186
0.799024
0.799531
0.713420
0.859467
0.717097
0.783002
0.686421
0.756917
0.876492
0.842386
0.863943
0.674156
0.833946
0.724820
0.802314
0.869079
0.792491
0.762471
0.774563
0.714027
0.781304
0.692944
0.923397
0.904474
0.723309
0.717471
0.822689
0.834634
0.804156
0.610797
0.634856
0.868713
0.751696
0.750849
0.629187
0.824748
0.755303
0.784048
0.647116
0.840373
0.769531
0.810852
0.672938
0.927247
0.969545
0.699372
0.715267
0.818016
0.841106
0.877675
0.737381
0.794299
0.719333
0.750738
0.660979
0.704440
0.822257
0.861454
0.907011
0.727078
0.738935
0.742368
0.789402
0.821099
0.709433
0.763493
0.788785
0.856021
0.608853
0.777980
0.781072
0.699583
0.769072
0.724027
0.760435
0.886514
0.732678
0.789816
0.689654
0.745259
0.775794
0.759857
0.673074
0.765819
0.714852
0.757601
0.827778
0.819056
0.810988
0.864146
0.739055
0.738768
0.993696
0.799034
0.891880
0.681854
0.832212
0.690284
0.863441
0.792004
0.899538
0.656479
0.825779
0.939163
0.888931
0.967436
0.746993
0.768431
0.699695
0.838547
0.858321
0.981018
0.865828
0.820793
0.805979
0.677144
0.748588
0.816505
0.635780
0.793823
0.770551
0.872669
0.695429
0.771544
0.650695
0.977675
0.681573
0.751363
0.934711
0.681743
0.790740
0.716507
0.640898
0.736614
0.832359
0.676029
0.923286
0.802838
0.745356
0.805166
0.819380
0.841225
0.718707
0.650647
0.754578
0.819511
0.788256
0.898932
0.631047
0.810998
0.802679
0.829272
0.766131
0.814543
0.788606
0.638762
0.745363
0.896609
0.806950
0.869261
0.864486
0.713244
0.827730
0.734165
0.789595
0.775651
0.942976
0.764513
0.834357
0.734933
0.783706
0.779783
0.694462
0.827272
0.830694
0.770020
0.865231
0.784193
0.788856
0.820964
0.922656
0.775359
0.699420
0.705565
0.698389
0.756255
0.595922
0.770728
0.753823
0.772683
0.660710
0.964442
0.877448
0.879485
0.796316
0.840197
0.657100
0.726997
0.780528
0.774671
0.750152
0.842312
0.801278
0.778525
0.708022
0.934884
0.647019
0.741783
0.874915
0.752032
0.746499
0.863667
0.723176
0.847143
0.728805
0.796147
0.781410
0.744908
0.721040
0.817424
0.859383
0.694497
0.667073
0.803276
0.627443
0.617413
0.594626
0.813071
0.687824
0.774179
0.604568
0.966018
0.637913
0.653866
0.602226
0.712375
0.716771
0.710753
0.865380
0.780915
0.815020
0.704506
0.718839
0.835794
0.608485
0.917577
0.919272
0.824896
0.701555
0.773632
0.781535
0.662115
0.664594
0.709530
0.765334
0.630035
0.881989
0.741527
0.782831
0.803556
0.614684
0.731292
0.798886
0.761709
0.692394
0.858024
0.690008
0.755437
0.713783
0.673911
0.771258
0.690369
0.765815
0.929421
0.721088
0.823279
0.803696
0.731763
0.871623
0.718874
0.663827
0.694037
0.877479
0.840659
0.631695
0.792850
0.836434
0.684509
0.716440
0.794889
0.775287
0.700987
0.963524
0.724625
0.774094
0.517133
0.738489
0.742199
0.764881
0.741589
0.823533
0.763280
0.850529
0.909501
0.600559
0.680204
0.784707
0.679552
0.715300
0.898389
0.640722
0.740121
0.817691
0.685571
0.776244
0.753010
0.781709
0.877555
0.678596
0.800442
0.645425
0.891537
0.851730
0.750797
0.662997
0.635985
0.714314
0.743755
0.797107
0.745700
0.783133
0.754334
0.847293
0.792693
0.851276
0.747983
0.785170
0.704865
0.809153
0.735353
0.608231
0.675791
0.797306
0.790882
0.894395
0.795710
0.932369
0.688564
0.776029
0.748673
0.730532
0.929921
0.871155
0.896962
0.719575
0.778259
0.811972
0.759509
0.646480
0.640102
0.774746
0.662020
0.908929
0.746947
0.744624
0.757146
0.702373
0.885600
0.660008
0.706392
0.579220
0.837587
0.813404
0.626015
0.823433
0.692468
0.728154
0.760701
0.729403
0.873251
0.759613
0.789577
0.756754
0.931148
0.830553
0.727412
0.707859
0.888733
0.672031
0.712662
0.747511
0.770681
0.796154
0.675492
0.748517
0.671449
0.833476
0.771082
0.826230
0.648920
0.606368
0.751954
0.962596
0.890058
0.704620
0.767653
0.702342
0.880819
0.723292
0.728543
0.760480
0.665231
0.717188
0.715322
0.721384
0.731814
0.660780
0.743076
0.685954
0.789101
0.706967
0.668717
0.644922
0.745812
0.710947
0.833787
0.745513
0.758689
0.653316
0.663102
0.751770
0.847724
0.779664
0.716853
0.777010
0.785695
0.964640
0.848859
0.711091
0.736105
0.649773
0.814450
0.811329
0.731619
0.773714
0.552121
0.778753
0.722915
0.801385
0.800584
0.593070
0.729926
0.703924
0.817919
0.673186
0.824828
0.842653
0.744491
0.747406
0.659085
0.801493
0.740201
0.659111
0.706796
0.858520
0.608097
0.846161
0.766570
0.775859
0.815144
0.814043
1.021823
0.774625
0.702797
0.833776
0.731075
0.709971
0.873158
0.810378
0.806317
0.808304
0.702636
0.820913
0.770082
0.715569
0.757553
0.736126
0.738852
0.870167
0.735106
0.659393
0.973537
0.753438
0.828429
0.677722
0.713483
0.980443
0.832737
0.700492
0.749405
0.887817
0.705592
0.704457
0.745451
0.647798
0.772745
0.955608
0.858976
0.771167
0.593607
0.751073
0.775032
0.714552
0.686761
0.724537
0.656672
0.719636
0.639492
0.625299
0.683911
0.685841
0.746040
0.897544
0.931417
0.663444
0.843684
0.771220
0.847133
0.859023
0.931798
0.799287
0.757646
0.691332
0.730135
0.688995
0.759600
0.818333
0.779790
0.724208
0.710651
0.734624
0.739292
0.728012
0.756882
0.674384
0.757043
0.731507
0.915442
0.638430
0.687442
0.676421
0.900088
0.779921
0.766347
0.835148
0.791483
0.708716
0.722588
0.703185
0.777038
0.728806
0.669838
0.771518
0.718244
1.005694
0.794608
0.903928
0.742747
0.734813
0.900958
0.669019
0.624339
0.733231
0.868961
0.773865
0.735813
0.786648
0.730204
0.860442
0.732384
0.668666
0.804255
0.900636
0.724129
0.694977
0.782727
0.843408
0.757870
0.875637
0.736746
0.741429
0.550591
0.718716
0.616303
0.845408
0.700110
0.780847
0.641357
0.769449
0.849379
0.765738
0.660676
0.821824
0.686623
0.709787
0.626096
0.774133
0.741896
0.838653
0.835248
0.668312
0.712171
0.717124
0.778745
0.614457
0.751311
0.908998
0.769215
0.697921
0.625265
0.737685
0.700006
0.653712
0.765036
0.854842
0.715852
0.658049
0.784796
0.723930
0.827558
0.654115
0.875831
0.754533
0.573947
0.774356
0.702505
0.740029
0.620726
0.687941
0.664632
0.840947
0.829165
0.697213
0.786751
0.755819
0.753334
0.727502
0.647134
0.756351
0.730871
0.834415
0.696304
0.691922
0.720111
0.641616
0.832663
0.741862
0.707376
0.730511
0.694178
0.673516
0.694181
0.622177
0.694571
0.816530
0.665732
0.763633
0.762383
0.761657
0.569894
0.912625
0.803557
0.826171
0.739003
0.722694
0.800732
0.789718
0.861306
0.574058
0.696075
0.745927
0.717574
0.673099
0.744488
0.838088
0.761477
0.830133
0.656265
0.661302
0.708143
0.916493
0.801664
0.685897
0.791625
0.631418
0.649857
0.682881
0.736468
0.806938
0.744704
0.670119
0.674306
0.670317
0.905145
0.705490
0.698661
0.656027
0.572459
0.627768
0.706478
0.684590
0.593043
0.729477
0.814320
0.677558
0.713395
0.695781
0.629056
0.643643
0.695415
0.848596
0.740552
0.651123
0.707768
0.642534
0.666899
0.886872
0.734530
0.648872
0.663541
0.719177
0.670777
0.490601
0.749589
0.658608
0.623946
0.659907
0.734139
0.692406
0.776769
0.797049
0.862971
0.708761
0.789065
0.787139
0.690411
0.726715
0.906643
0.687206
0.664261
0.791326
0.795707
0.809963
0.681785
0.626735
0.635697
0.799229
0.810011
0.660824
0.625804
0.585846
0.677109
0.613121
0.768636
0.841230
0.679708
0.727547
0.753518
0.652156
0.868028
0.730551
0.786027
0.804653
0.588964
0.871952
0.680482
0.717444
0.682128
0.712583
0.843719
0.725445
0.823821
0.652497
0.760370
0.700672
0.612490
0.774223
0.722968
0.796761
0.709084
0.662441
0.703585
0.682856
0.775315
0.703106
0.665318
0.694344
0.782481
0.771720
0.657885
0.922346
0.761897
0.810561
0.703573
0.676015
0.716721
0.844544
0.764199
0.617511
0.577111
0.704082
0.699357
0.874463
0.662280
0.707890
0.643117
0.730739
0.718227
0.810307
0.662350
0.541340
0.749167
0.691859
0.665721
0.639098
0.720555
0.640254
0.742066
0.749624
0.725635
0.660385
0.689956
0.965311
0.690944
0.698787
0.661066
0.659992
0.671124
0.788518
0.687252
0.733611
0.742174
0.647564
0.763435
0.728991
0.861422
0.767815
0.845458
0.657775
0.678920
0.705931
0.678223
0.671652
0.867266
0.765457
0.633509
0.771527
0.845441
0.778664
0.560923
0.700522
0.627947
0.556379
0.761070
0.750618
0.711957
0.735489
0.651359
0.545919
0.858962
0.756246
0.692909
0.716981
0.733701
0.671870
0.800042
0.703967
0.792576
0.700298
0.692040
0.578107
0.627796
0.737723
0.811409
0.758326
0.707036
0.573523
0.647213
0.599654
0.871854
0.946371
0.729397
0.727550
0.621668
0.621169
0.732264
0.946661
0.654566
0.970813
0.779360
0.750918
0.735187
0.640483
0.778888
0.515242
0.830087
0.708315
0.717026
0.762096
0.675359
0.757379
0.617960
0.793320
0.690166
0.687240
0.697787
0.674681
0.742829
0.900557
0.565098
0.660269
0.653505
0.736768
0.563186
0.723986
0.660015
0.736328
0.609049
0.764017
0.720152
0.568584
0.590489
0.874296
0.610137
0.723990
0.658813
0.678193
0.777789
0.858820
0.660811
0.593140
0.636930
0.758409
0.676448
0.681547
0.646387
0.762366
0.655879
0.618570
0.621478
0.690483
0.581884
0.559825
0.672866
0.766250
0.594888
0.676184
0.587033
0.785208
0.861262
0.648418
0.752691
0.747089
0.708582
0.672023
0.671274
0.751421
0.641045
0.662964
0.752776
0.733458
0.759290
0.751265
0.641648
0.713079
0.621597
0.648535
0.700323
0.652650
0.746614
0.622272
0.692820
0.629248
0.707019
0.666448
0.550025
0.781925
0.645582
0.751040
0.584917
0.684656
0.835690
0.719818
0.754505
0.807164
0.730633
0.581414
0.849510
0.635328
0.755327
0.630250
0.756843
0.555712
0.563369
0.663069
0.832327
0.722666
0.817265
0.707461
0.717834
0.668629
0.679903
0.707907
0.715246
0.720599
0.636063
0.730689
0.672953
0.630121
0.794833
0.703196
0.713977
0.578472
0.749855
0.675183
0.518302
0.805665
0.713797
0.700948
0.911847
0.709144
0.763725
0.712897
0.787367
0.641448
0.621987
0.714265
0.720395
0.680796
0.571195
0.859927
0.548371
0.760853
0.740761
0.769508
0.683775
0.788681
0.749895
0.715727
0.699632
0.556553
0.663790
0.637954
0.715539
0.804807
0.689828
0.746732
0.715108
0.545682
0.686655
0.706237
0.646730
0.771458
0.671906
0.540317
0.557576
0.675377
0.560847
0.623534
0.697117
0.697761
0.736377
0.757458
0.789779
0.636679
0.603333
0.799841
0.695678
0.735727
0.641243
0.737423
0.603609
0.759664
0.703691
0.732046
0.765167
0.899500
0.587728
0.678760
0.792876
0.837312
0.873371
0.620774
0.612923
0.792207
0.637224
0.584225
0.734066
0.721422
0.737978
0.722218
0.626223
0.791693
0.725244
0.737755
0.766926
0.824411
0.636281
0.923944
0.757101
0.584455
0.667597
0.711067
0.601274
0.611013
0.653526
0.714237
0.773970
0.696061
0.620265
0.653916
0.683860
0.739815
0.802045
0.634116
0.606351
0.763605
0.664997
0.699178
0.687900
0.544264
0.568782
0.675960
0.682474
0.714107
0.725580
0.673205
0.727952
0.625608
0.669982
0.794909
0.774641
0.571837
0.654325
0.685957
0.646388
0.630126
0.686526
0.720914
0.578574
0.659126
0.672716
0.647733
0.688416
0.730538
0.659813
0.647081
0.708382
0.794548
0.799191
0.760660
0.674470
0.615880
0.717765
0.646060
0.572487
0.753917
0.621262
0.698874
0.562613
0.648643
0.851641
0.606724
0.607582
0.703255
0.784010
0.625361
0.674992
0.789881
0.674935
0.724654
0.808818
0.728124
0.712138
0.708582
0.826968
0.600700
0.742914
0.676489
0.630510
0.657696
0.628964
0.675843
0.710347
0.528279
0.616323
0.752095
0.716147
0.598699
0.624866
0.968063
0.647090
0.680648
0.844121
1.059601
0.596102
0.659237
0.792875
0.788931
0.634177
0.618945
0.760030
0.616843
0.624431
0.682036
0.832503
0.630381
0.638428
0.746523
0.630769
0.785204
0.596281
0.586008
0.703292
0.688357
0.622395
0.712694
0.734436
0.653471
0.652019
0.632450
0.603831
0.653408
0.680869
0.725084
0.788438
0.547152
0.633210
0.696652
0.698162
0.480320
0.752284
0.698848
0.683471
1.062432
0.772941
0.619232
0.728994
0.579195
0.829211
0.656326
0.715803
0.701641
0.649601
0.706864
0.790170
0.643511
0.829633
0.660109
0.903989
0.656656
0.706426
0.552118
0.557086
0.683994
0.630977
0.641527
0.705717
0.635407
0.604765
0.843400
0.594831
0.557436
0.662667
0.808795
0.626081
0.651509
0.736436
0.682741
0.575817
0.707094
0.752680
0.698232
0.642697
0.617109
0.816159
0.744351
0.702956
0.701972
0.761493
0.703395
0.878316
0.654143
0.729883
0.843295
0.668214
0.673682
0.635125
0.522144
0.649882
0.730564
0.644771
0.592905
0.692446
0.645721
0.750231
0.749032
0.674878
0.666735
0.606062
0.712595
0.640217
0.715471
0.604004
0.712684
0.632213
0.625980
0.605233
0.633673
0.575353
0.723316
0.599430
0.734890
0.866533
0.725187
0.752195
0.626859
0.627285
0.652829
0.729221
0.788636
0.772214
0.597586
0.586760
0.618183
0.824689
0.725270
0.607560
0.678923
0.627900
0.599328
0.747158
0.684839
0.614018
0.594104
0.622613
0.666144
0.661973
0.660375
0.638757
0.680910
0.615966
0.685706
0.684500
0.507007
0.739491
0.606969
0.632180
0.720541
0.760080
0.582814
0.587871
0.572187
0.807870
0.628356
0.659386
0.858513
0.526897
0.584654
0.537711
0.798915
0.655639
0.461178
0.687535
0.677223
0.674322
0.791876
0.667363
0.664979
0.604043
0.668219
0.645222
0.738778
0.615793
0.727453
0.564129
0.641117
0.663230
0.716052
0.688955
0.809212
0.624881
0.783231
0.641600
0.707196
0.770774
0.645968
0.634052
0.769048
0.637663
0.584035
0.637514
0.597319
0.622312
0.613527
0.709393
0.705632
0.728797
0.609890
0.675306
0.675443
0.557647
0.784870
0.603471
0.577585
0.728549
0.682138
0.683192
0.833258
0.690338
0.572616
0.719463
0.653604
0.581574
0.738647
0.606685
0.633019
0.735087
0.601062
0.605105
0.633036
0.863447
0.640553
0.638323
0.728318
0.588632
0.562334
0.596719
0.777363
0.658565
0.722937
0.851730
0.698033
0.748013
0.701353
0.656879
0.669724
0.817511
0.580184
0.686025
0.642634
0.733986
0.668931
0.669377
0.654118
0.703841
0.539855
0.531231
0.570695
0.656554
0.574757
0.697019
0.686769
0.700375
0.720640
0.708578
0.656030
0.587849
0.591458
0.579554
0.570632
0.581580
0.648362
0.586473
0.800587
0.829803
0.820401
0.622663
0.690054
0.594354
0.577594
0.755944
0.574335
0.835998
0.650905
0.543246
0.536854
0.620504
0.612385
0.771828
0.660634
0.618673
0.766570
0.799511
0.527634
0.627692
0.787827
0.639317
0.617712
0.627849
0.688001
0.768259
0.706498
0.751028
0.630686
0.652028
0.640293
0.650313
0.635982
0.633678
0.578966
0.834033
0.822296
0.571465
0.704776
0.594947
0.641029
0.628388
0.680389
0.693911
0.624686
0.598860
0.674761
0.713989
0.712869
0.803364
0.679199
0.741444
0.640201
0.799280
0.687388
0.695485
0.737283
0.566120
0.586604
0.618010
0.656139
0.586613
0.722969
0.630678
0.714207
0.678540
0.649391
0.691366
0.712498
0.690297
0.758965
0.613022
0.630028
0.838149
0.654968
0.682299
0.702047
0.656382
0.687725
0.669295
0.736871
0.696113
0.735423
0.627858
0.617814
0.747042
0.549271
0.621581
0.709909
0.655178
0.778728
0.584385
0.561706
0.593490
0.588379
0.544324
0.537960
0.728588
0.686835
0.789051
0.839251
0.541386
0.712632
0.726134
0.696310
0.820092
0.693691
0.734436
0.635166
0.604311
0.567699
0.601362
0.675191
0.658762
0.594317
0.646879
0.603500
0.713193
0.730615
0.591572
0.667555
0.635230
0.708023
0.682095
0.544155
0.652403
0.518173
0.723304
0.591845
0.525787
0.555930
0.738464
0.783925
0.730640
0.625955
0.644945
0.623336
0.695984
0.576103
0.522116
0.667087
0.588057
0.570082
0.659876
0.739419
0.642491
0.673209
0.583625
0.646045
0.721782
0.669135
0.622453
0.592839
0.640306
0.600070
0.601347
0.552027
0.711346
0.596682
0.651046
0.539921
0.726213
0.781443
0.727485
0.625516
0.635023
0.830982
0.815513
0.574097
0.589584
0.595348
0.804740
0.626227
0.686058
0.741205
0.579065
0.622132
0.612342
0.497160
0.677988
0.503851
0.530874
0.521672
0.683212
0.663545
0.637115
0.701526
0.598128
0.554465
0.801099
0.676306
0.783143
0.582454
0.667096
0.596087
0.798271
0.605884
0.623094
0.575595
0.795210
0.718462
0.705230
0.655612
0.623502
0.626642
0.520245
0.546239
0.604949
0.574237
0.729986
0.550080
0.650439
0.766635
0.707621
0.685995
0.604580
0.611440
0.582973
0.627033
0.587587
0.522460
0.560765
0.629384
0.755209
0.581255
0.689768
0.587861
0.461939
0.579073
0.759004
0.532614
0.499225
0.544148
0.594944
0.746204
0.676897
0.751912
0.780332
0.671269
0.637329
0.740100
0.577489
0.606426
0.667549
0.552224
0.684291
0.677040
0.605726
0.613635
0.757439
0.593754
0.537215
0.715612
0.695672
0.555873
0.708076
0.676083
0.624721
0.619472
0.551646
0.665443
0.631708
0.616956
0.627394
0.596477
0.555932
0.567516
0.655675
0.599642
0.623102
0.529097
0.695450
0.564044
0.628555
0.660359
0.653012
0.754176
0.532107
0.692239
0.558200
0.545142
0.674461
0.702555
0.737704
0.662876
0.653886
0.628845
0.722061
0.639731
0.702936
0.651576
0.721372
0.563063
0.842629
0.594594
0.621323
0.554616
0.667172
0.569676
0.642793
0.719241
0.742194
0.592497
0.633925
0.502414
0.690139
0.643363
0.671937
0.529156
0.427393
0.730754
0.634827
0.584722
0.585714
0.684958
0.761276
0.603790
0.761220
0.582079
0.705314
0.492916
0.540367
0.689495
0.547767
0.735690
0.555587
0.626116
0.575767
0.597701
0.702153
0.529757
0.544024
0.615050
0.660585
0.529763
0.580562
0.664045
0.531124
0.557781
0.597544
0.768086
0.622207
0.600806
0.627061
0.739597
0.650571
0.604710
0.739231
0.680152
0.530228
0.570114
0.625078
0.613152
0.602754
0.605861
0.698769
0.646902
0.684783
0.555459
0.678014
0.643211
0.740697
0.626912
0.724758
0.587772
0.639073
0.632654
0.806615
0.661297
0.727047
0.569639
0.558353
0.571886
0.523297
0.588581
0.692232
0.557102
0.734697
0.539139
0.702833
0.646704
0.602219
0.759874
0.628019
0.567275
0.580896
0.564000
0.577963
0.572835
0.629215
0.625833
0.730230
0.613430
0.626149
0.717838
0.712284
0.858495
0.449053
0.745697
0.713381
0.718128
0.621167
0.655315
0.562726
0.644496
0.547787
0.531378
0.595811
0.665066
0.668642
0.620126
0.613937
0.559314
0.651519
0.599204
0.582354
0.637591
0.661420
0.697354
0.706496
0.582251
0.580255
0.693927
0.603924
0.548977
0.703807
0.601090
0.556293
0.722388
0.732695
0.497100
0.647428
0.544702
0.627055
0.646869
0.515054
0.590859
0.722745
0.709332
0.613689
0.602325
0.744168
0.570392
0.546134
0.642219
0.638449
0.595244
0.596152
0.575997
0.734984
0.701175
0.597972
0.667816
0.701644
0.580281
0.608336
0.728218
0.539803
0.569904
0.832740
0.602479
0.605004
0.588569
0.533912
0.628581
0.633852
0.712608
0.733562
0.685593
0.507279
0.679664
0.813425
0.556506
0.681988
0.708148
0.698154
0.650570
0.625884
0.737846
0.482287
0.663690
0.655979
0.551682
0.621547
0.630723
0.525480
0.571128
0.519404
0.641789
0.605365
0.498450
0.587715
0.709662
0.640968
0.598618
0.632320
0.470798
0.576449
0.632060
0.700157
0.561513
0.626470
0.476958
0.665629
0.566121
0.574734
0.547999
0.536822
0.506446
0.651400
0.644326
0.658947
0.688842
0.702237
0.601039
0.543819
0.636342
0.605615
0.511168
0.627319
0.514088
0.639877
0.652758
0.622658
0.570767
0.625663
0.571620
0.626033
0.710720
0.716037
0.588447
0.545900
0.550324
0.672723
0.620207
0.611219
0.745129
0.658107
0.770583
0.585672
0.609638
0.585006
0.548856
0.535162
0.623680
0.514560
0.528660
0.523250
0.706704
0.767334
0.732929
0.670768
0.500252
0.617633
0.606026
0.623206
0.721087
0.609000
0.770508
0.581432
0.552879
0.798158
0.740920
0.750760
0.729356
0.600030
0.612217
0.505700
0.556459
0.522870
0.551052
0.565746
0.630702
0.468892
0.546197
0.526567
0.752549
0.606701
0.554101
0.595097
0.790821
0.696094
0.551036
0.559397
0.589193
0.674417
0.524408
0.658937
0.756483
0.684017
0.514997
0.613314
0.599497
0.587107
0.686634
0.568705
0.665702
0.571311
0.612210
0.609356
0.601822
0.733587
0.556542
0.714616
0.488742
0.573246
0.565875
0.560154
0.573797
0.654052
0.595557
0.586137
0.658267
0.514275
0.670367
0.539031
0.621639
0.653868
0.510053
0.618349
0.746656
0.626699
0.611373
0.649848
0.593478
0.648561
0.492162
0.656519
0.629065
0.683893
0.626337
0.648135
0.565816
0.621243
0.584240
0.543875
0.534924
0.536140
0.621154
0.616904
0.630691
0.609396
0.579153
0.618508
0.615595
0.637726
0.652784
0.555469
0.552928
0.635053
0.627222
0.712019
0.627308
0.536559
0.733624
0.551841
0.790226
0.685559
0.529061
0.672431
0.564972
0.488699
0.700456
0.670557
0.490036
0.729731
0.660903
0.611266
0.582793
0.516223
0.697323
0.555845
0.638205
0.545419
0.558123
0.596142
0.653097
0.595786
0.591364
0.635676
0.495454
0.629580
0.531901
0.579748
0.487990
0.523318
0.700726
0.626948
0.570748
0.629581
0.700222
0.643921
0.719489
0.734960
0.520425
0.487994
0.600370
0.738163
0.573801
0.569359
0.657058
0.533496
0.729087
0.616027
0.512737
0.618291
0.503648
0.514989
0.626042
0.567050
0.619659
0.756857
0.564678
0.684105
0.652272
0.656010
0.750567
0.566678
0.656830
0.561092
0.828914
0.683912
0.671235
0.571498
0.545356
0.569681
0.619819
0.495196
0.580473
0.529398
0.727237
0.712352
0.629598
0.614551
0.574574
0.572057
0.583943
0.609812
0.532896
0.580087
0.537268
0.586739
0.547019
0.578999
0.562840
0.685074
0.507646
0.566683
0.694865
0.560067
0.693722
0.582905
0.397666
0.594509
0.760059
0.651509
0.452897
0.681452
0.687969
0.687602
0.630597
0.676112
0.745387
0.705918
0.578908
0.579361
0.662919
0.527455
0.499146
0.456022
0.541478
0.468849
0.631804
0.599542
0.620061
0.556217
0.574175
0.602329
0.791391
0.611267
0.651525
0.564247
0.665385
0.546598
0.646614
0.592407
0.565965
0.528186
0.743715
0.454580
0.565017
0.766003
0.749937
0.697276
0.682664
0.628980
0.651828
0.696607
0.562658
0.731351
0.757165
0.670941
0.520169
0.621204
0.555979
0.548831
0.614965
0.724108
0.404958
0.582591
0.465928
0.529678
0.530252
0.513654
0.505723
0.570392
0.564780
0.584052
0.710147
0.595312
0.518271
0.570696
0.567406
0.689175
0.675695
0.523804
0.784572
0.614849
0.638058
0.611623
0.498003
0.646681
0.500048
0.519070
0.600965
0.573388
0.591408
0.556335
0.587934
0.689549
0.644989
0.702170
0.560809
0.576891
0.567202
0.477203
0.568739
0.693281
0.544892
0.560117
0.681413
0.589580
0.610243
0.603513
0.587304
0.568602
0.582893
0.507648
0.623905
0.683559
0.511437
0.581843
0.584933
0.575851
0.634362
0.483799
0.662506
0.619865
0.541997
0.759316
0.650996
0.643347
0.614832
0.612260
0.516273
0.587008
0.532166
0.505067
0.632120
0.516654
0.562560
0.546029
0.451445
0.722093
0.543506
0.595448
0.547789
0.493216
0.527365
0.493674
0.487230
0.485636
0.550703
0.819046
0.483637
0.539085
0.594043
0.552076
0.579532
0.562333
0.485318
0.602083
0.619830
0.535547
0.658743
0.481585
0.552009
0.618903
0.636559
0.586994
0.554313
0.612640
0.777374
0.748193
0.584424
0.505049
0.609927
0.529514
0.448084
0.521578
0.468959
0.520032
0.580479
0.659226
0.495980
0.660834
0.602203
0.642098
0.605408
0.558718
0.573757
0.624095
0.583322
0.596806
0.634523
0.714607
0.649206
0.588959
0.520325
0.504980
0.645412
0.507775
0.442098
0.542752
0.573389
0.599310
0.491017
0.572982
0.514123
0.466611
0.523993
0.605211
0.704893
0.480454
0.561534
0.471569
0.590771
0.697099
0.589635
0.736703
0.657038
0.557549
0.500358
0.552597
0.573156
0.559706
0.599905
0.518306
0.700562
0.615836
0.579181
0.557951
0.606044
0.460938
0.522981
0.624430
0.741540
0.671211
0.529997
0.663505
0.586483
0.519105
0.523876
0.503004
0.509113
0.559055
0.582406
0.567417
0.538065
0.562669
0.533827
0.800134
0.489529
0.579350
0.511476
0.568592
0.570302
0.717286
0.582841
0.773789
0.572602
0.602606
0.621062
0.504706
0.527448
0.655589
0.536154
0.501707
0.491780
0.529376
0.577489
0.551833
0.544394
0.560047
0.654680
0.606433
0.627153
0.470811
0.492640
0.600889
0.539427
0.681219
0.507903
0.521747
0.598986
0.608786
0.498678
0.558432
0.541726
0.470890
0.589797
0.455724
0.719141
0.558008
0.529484
0.698092
0.494269
0.558066
0.593521
0.534053
0.673742
0.478914
0.434719
0.441102
0.537381
0.673306
0.627767
0.532269
0.591421
0.691457
0.821862
0.606667
0.648704
0.457708
0.739892
0.628057
0.463561
0.587712
0.613949
0.509318
0.648202
0.696738
0.554547
0.649681
0.620696
0.602484
0.631268
0.572946
0.576414
0.451763
0.682921
0.475364
0.563674
0.554114
0.609727
0.481747
0.544023
0.672382
0.653795
0.629349
0.616754
0.613172
0.581369
0.544697
0.647587
0.496659
0.626683
0.505824
0.626965
0.662997
0.514769
0.603688
0.566621
0.605505
0.542877
0.649167
0.566526
0.489579
0.517031
0.702643
0.602101
0.689486
0.555999
0.698379
0.562742
0.659401
0.476653
0.665093
0.539334
0.602399
0.558317
0.649904
0.598912
0.660726
0.626643
0.734261
0.623641
0.554093
0.508864
0.544735
0.579951
0.600360
0.534084
0.542343
0.628080
0.520144
0.641411
0.562177
0.559338
0.694800
0.692225
0.546851
0.660648
0.549950
0.573158
0.561497
0.711091
0.599228
0.689351
0.577596
0.582660
0.616935
0.681739
0.538548
0.665600
0.555073
0.624194
0.488622
0.525536
0.594218
0.483275
0.545181
0.525872
0.591578
0.714984
0.500638
0.588045
0.724158
0.498844
0.629771
0.548068
0.658870
0.444350
0.691783
0.506185
0.569330
0.589272
0.490705
0.684491
0.529004
0.649362
0.655890
0.499274
0.488226
0.682412
0.623278
0.509600
0.679718
0.592764
0.582019
0.694689
0.595514
0.541486
0.570672
0.587382
0.480224
0.625557
0.424702
0.559591
0.488597
0.606393
0.690304
0.503184
0.633505
0.613388
0.472158
0.508157
0.583186
0.569734
0.588549
0.615032
0.521088
0.664549
0.534866
0.609809
0.518696
0.465505
0.564043
0.574449
0.605410
0.513765
0.452539
0.605007
0.553036
0.466837
0.546290
0.631431
0.499910
0.474004
0.557144
0.629787
0.562687
0.553716
0.445200
0.401897
0.459220
0.569970
0.492016
0.604369
0.711008
0.697451
0.600666
0.505404
0.454645
0.553399
0.583753
0.540654
0.539623
0.409971
0.656797
0.482931
0.662932
0.554421
0.451924
0.401908
0.549193
0.611717
0.607531
0.504571
0.593345
0.582622
0.506062
0.590524
0.609117
0.656734
0.578115
0.533606
0.651557
0.535401
0.567366
0.526873
0.454502
0.524273
0.464865
0.580393
0.451484
0.512638
0.668442
0.582679
0.498695
0.520761
0.510659
0.556984
0.440146
0.591168
0.641305
0.507524
0.547578
0.527941
0.613283
0.583420
0.480837
0.617543
0.573257
0.522359
0.496773
0.621646
0.680049
0.527467
0.584131
0.580143
0.697916
0.594281
0.609075
0.492231
0.587956
0.491939
0.524898
0.537065
0.472714
0.645873
0.633797
0.505556
0.543668
0.531394
0.592225
0.697172
0.547480
0.616444
0.605280
0.533318
0.553415
0.507705
0.593831
0.462409
0.529378
0.499609
0.537736
0.627101
0.556144
0.550867
0.607150
0.668094
0.637807
0.552195
0.582364
0.628419
0.528143
0.649767
0.380129
0.468192
0.669471
0.514968
0.523352
0.476589
0.552657
0.485317
0.475253
0.581509
0.413003
0.563489
0.540370
0.610250
0.669464
0.526004
0.614246
0.469697
0.618438
0.558367
0.565983
0.529460
0.734576
0.591457
0.513507
0.503624
0.465166
0.727385
0.515459
0.504058
0.526258
0.514162
0.484302
0.636165
0.587248
0.568146
0.624833
0.614767
0.636423
0.591141
0.608096
0.504961
0.648022
0.578316
0.535456
0.671802
0.407098
0.620579
0.560861
0.442457
0.610021
0.506515
0.537794
0.572511
0.517306
0.587968
0.514968
0.665502
0.406443
0.484658
0.622462
0.586268
0.654751
0.484536
0.449309
0.495338
0.508906
0.488265
0.474487
0.581354
0.530087
0.575159
0.474591
0.539273
0.598497
0.448286
0.610372
0.623451
0.447239
0.594336
0.535570
0.608402
0.526251
0.520976
0.629120
0.600527
0.642231
0.506938
0.580187
0.640319
0.491329
0.432432
0.584283
0.569721
0.576702
0.569198
0.493999
0.536312
0.631815
0.582190
0.473718
0.718417
0.556475
0.474648
0.667542
0.641555
0.662909
0.541831
0.474600
0.457051
0.480415
0.493094
0.556097
0.664968
0.631491
0.547670
0.497173
0.582905
0.519830
0.744647
0.770543
0.493888
0.458326
0.511931
0.504062
0.483982
0.565601
0.447901
0.606308
0.512091
0.624234
0.493498
0.701790
0.494311
0.482585
0.555746
0.612291
0.527205
0.608098
0.591240
0.637589
0.565747
0.619701
0.707549
0.635266
0.540495
0.455985
0.644058
0.478397
0.616941
0.575401
0.511465
0.580634
0.525187
0.575697
0.498963
0.497565
0.614875
0.516467
0.503497
0.469776
0.584198
0.525044
0.557465
0.515570
0.563777
0.520889
0.566103
0.704172
0.587980
0.462345
0.589416
0.633132
0.653576
0.513909
0.540105
0.544760
0.497151
0.472256
0.586699
0.490708
0.483165
0.527131
0.544987
0.632299
0.737169
0.514908
0.735726
0.555884
0.457858
0.512109
0.530180
0.512717
0.543428
0.505432
0.543764
0.635688
0.617477
0.609952
0.559224
0.682479
0.492032
0.557822
0.568060
0.479817
0.588635
0.475792
0.581642
0.484873
0.486839
0.455837
0.641629
0.638572
0.445377
0.490777
0.532523
0.540064
0.370436
0.431826
0.468863
0.486835
0.566949
0.553997
0.617260
0.448725
0.496851
0.501089
0.542230
0.481977
0.534654
0.637751
0.513709
0.604485
0.523392
0.491178
0.515082
0.521543
0.499002
0.581003
0.531052
0.470210
0.484631
0.487188
0.507560
0.571903
0.531703
0.478580
0.599964
0.425333
0.561672
0.625724
0.582059
0.461390
0.498749
0.635445
0.531319
0.552346
0.452062
0.573035
0.621872
0.469682
0.645981
0.510637
0.525182
0.453912
0.543631
0.478037
0.537070
0.448555
0.505237
0.522454
0.506748
0.516812
0.468970
0.537004
0.493140
0.605550
0.523785
0.513490
0.531625
0.507445
0.566845
0.579042
0.599571
0.542297
0.478379
0.497496
0.398338
0.399617
0.464274
0.685686
0.441491
0.531225
0.607901
0.545461
0.515687
0.505698
0.394605
0.450293
0.439328
0.677921
0.470957
0.723176
0.742496
0.469447
0.537063
0.511900
0.592316
0.592047
0.660217
0.486195
0.602802
0.491632
0.559915
0.552824
0.528953
0.708878
0.586711
0.469949
0.498314
0.416499
0.589406
0.547652
0.488925
0.511812
0.541829
0.583910
0.429666
0.635574
0.502498
0.457770
0.453598
0.655074
0.564408
0.580466
0.529159
0.678969
0.429406
0.621790
0.536847
0.543589
0.549205
0.641120
0.501617
0.646133
0.533099
0.571042
0.486911
0.545515
0.518062
0.630028
0.518483
0.574986
0.505531
0.643368
0.571716
0.579464
0.541781
0.535365
0.631431
0.526657
0.468581
0.516644
0.564094
0.362167
0.668512
0.497183
0.522770
0.578664
0.465795
0.617461
0.613318
0.673896
0.541144
0.551220
0.581694
0.505372
0.597717
0.593609
0.434594
0.562233
0.480334
0.490928
0.581502
0.565348
0.554601
0.518906
0.546417
0.496198
0.519546
0.655331
0.410128
0.521595
0.404675
0.625659
0.488687
0.609166
0.567129
0.357721
0.636335
0.617410
0.550982
0.563142
0.515916
0.660793
0.581744
0.514851
0.498357
0.630612
0.425272
0.518823
0.535238
0.462598
0.596194
0.507354
0.522354
0.623803
0.517680
0.461877
0.580591
0.545722
0.565052
0.495710
0.457875
0.429858
0.368912
0.470259
0.548092
0.399210
0.624833
0.614832
0.566801
0.482953
0.495256
0.545692
0.492777
0.494910
0.474063
0.557098
0.599574
0.525361
0.490784
0.544533
0.514439
0.542515
0.613886
0.501212
0.485850
0.581355
0.508439
0.560472
0.547266
0.507174
0.598677
0.462433
0.483603
0.398425
0.613917
0.481476
0.723942
0.557746
0.482123
0.580051
0.516346
0.533925
0.521108
0.399583
0.541363
0.456112
0.582235
0.420761
0.529402
0.459503
0.551103
0.618643
0.493418
0.540079
0.594485
0.614720
0.467735
0.411124
0.532226
0.620895
0.557832
0.675695
0.580956
0.499199
0.650900
0.534228
0.585568
0.470593
0.543780
0.461150
0.505102
0.525518
0.475031
0.627345
0.506417
0.461668
0.430805
0.554286
0.409432
0.499290
0.384845
0.418697
0.486907
0.495282
0.448235
0.514399
0.405319
0.587114
0.546722
0.421455
0.591855
0.422608
0.490553
0.556851
0.476507
0.518927
0.441164
0.587058
0.511606
0.514309
0.472646
0.520694
0.632731
0.647489
0.390637
0.439256
0.434401
0.507564
0.506360
0.520715
0.466872
0.533053
0.584756
0.590712
0.526309
0.573248
0.597228
0.546484
0.654836
0.434374
0.596204
0.542872
0.396578
0.583126
0.580361
0.473630
0.395391
0.467068
0.453372
0.641349
0.617183
0.650338
0.542182
0.612097
0.409501
0.488694
0.564849
0.536629
0.430902
0.613157
0.542718
0.531990
0.579944
0.446201
0.484549
0.459079
0.424037
0.395794
0.662378
0.405038
0.410236
0.515015
0.598942
0.434048
0.565280
0.471673
0.581367
0.442779
0.442654
0.513512
0.607125
0.466252
0.622287
0.445819
0.527484
0.495458
0.538142
0.497557
0.454009
0.492555
0.419618
0.664512
0.570126
0.512450
0.485018
0.548994
0.534597
0.474435
0.408170
0.444572
0.664868
0.372995
0.483727
0.497581
0.498822
0.559909
0.524218
0.487319
0.464947
0.456599
0.514544
0.560457
0.525144
0.574455
0.472282
0.433562
0.552121
0.596201
0.503428
0.527038
0.461520
0.705486
0.536010
0.448459
0.515402
0.329159
0.524448
0.627972
0.495615
0.480149
0.430055
0.483602
0.555117
0.513455
0.517199
0.547754
0.432789
0.421762
0.398321
0.507456
0.532646
0.533916
0.511279
0.440351
0.516663
0.471551
0.491801
0.464159
0.404802
0.502267
0.460154
0.554280
0.520011
0.508580
0.468797
0.508825
0.548542
0.542401
0.425941
0.362175
0.565394
0.642545
0.523622
0.596544
0.428682
0.542643
0.524183
0.569947
0.505680
0.520709
0.455641
0.547687
0.489855
0.685176
0.348502
0.459650
0.551542
0.496582
0.593612
0.595963
0.599000
0.545083
0.376332
0.566557
0.573965
0.562614
0.601751
0.590589
0.502894
0.481340
0.436816
0.438399
0.464614
0.565988
0.525129
0.525048
0.395481
0.415588
0.490292
0.416221
0.646003
0.624203
0.504863
0.490309
0.314926
0.532467
0.532066
0.431420
0.582206
0.467697
0.443925
0.434342
0.503884
0.537368
0.456440
0.538411
0.495749
0.467189
0.415913
0.521612
0.319721
0.535059
0.389690
0.583033
0.416160
0.526457
0.515869
0.516673
0.491554
0.403737
0.453910
0.575425
0.496535
0.546285
0.444114
0.508463
0.661138
0.489100
0.565485
0.379015
0.542296
0.553828
0.460400
0.543789
0.493278
0.719233
0.536488
0.575149
0.443233
0.464208
0.507216
0.561960
0.478006
0.454810
0.509241
0.500702
0.809431
0.526283
0.532097
0.413376
0.430528
0.561230
0.593301
0.516102
0.570549
0.487360
0.535356
0.521061
0.430731
0.442203
0.493680
0.546762
0.472888
0.486496
0.474304
0.695611
0.417877
0.702728
0.409403
0.745193
0.473699
0.610007
0.510053
0.459711
0.377714
0.452795
0.443813
0.464951
0.514063
0.498373
0.570911
0.484427
0.391429
0.488135
0.547683
0.465353
0.469979
0.551220
0.573361
0.454141
0.539234
0.615928
0.483120
0.557188
0.456741
0.482301
0.462695
0.461035
0.517112
0.448440
0.384209
0.431560
0.409618
0.366761
0.565332
0.544862
0.392617
0.451289
0.359441
0.434686
0.501255
0.440661
0.452554
0.417220
0.405697
0.500532
0.408950
0.578006
0.617464
0.589010
0.644203
0.486051
0.469951
0.497039
0.539337
0.441317
0.577888
0.596500
0.562599
0.568583
0.531168
0.517333
0.421938
0.605772
0.441935
0.525978
0.452924
0.548446
0.608943
0.539828
0.560361
0.579058
0.499092
0.412500
0.470511
0.664610
0.529626
0.687953
0.466127
0.466701
0.444965
0.404120
0.457708
0.494462
0.405020
0.428575
0.459599
0.598638
0.603299
0.437489
0.528827
0.479825
0.422422
0.657664
0.511809
0.476842
0.503034
0.549172
0.537425
0.533304
0.549336
0.482122
0.605790
0.575263
0.572835
0.472548
0.464125
0.537770
0.424004
0.502108
0.506081
0.630466
0.541688
0.503635
0.505157
0.444069
0.511687
0.492302
0.496892
0.518486
0.507074
0.461022
0.550408
0.416141
0.509735
0.489417
0.508317
0.432343
0.417735
0.463010
0.481928
0.465239
0.508684
0.523480
0.536479
0.487386
0.496533
0.459690
0.342968
0.454773
0.392409
0.499662
0.426895
0.345050
0.503120
0.420892
0.545078
0.397996
0.446665
0.520809
0.485656
0.469513
0.460724
0.470503
0.515660
0.481245
0.506697
0.501232
0.567547
0.436724
0.553815
0.477788
0.606294
0.629512
0.431616
0.447206
0.443227
0.450216
0.586965
0.468356
0.551315
0.624866
0.457182
0.580190
0.602287
0.517675
0.415596
0.457685
0.527070
0.401855
0.382873
0.467789
0.388056
0.444254
0.437956
0.481213
0.462994
0.660933
0.474824
0.622588
0.507363
0.479375
0.491228
0.519239
0.490232
0.548139
0.520916
0.375385
0.544680
0.421826
0.559689
0.449463
0.480363
0.485143
0.415661
0.481093
0.507307
0.433808
0.549267
0.448926
0.607635
0.542332
0.492205
0.523019
0.554386
0.444309
0.513287
0.467713
0.432671
0.412385
0.465859
0.577565
0.624364
0.485787
0.459933
0.434192
0.546936
0.573683
0.429126
0.517393
0.411805
0.517405
0.668671
0.460466
0.436010
0.478932
0.464491
0.469580
0.421194
0.475648
0.468203
0.499786
0.499396
0.600287
0.475903
0.430322
0.533484
0.486637
0.446966
0.511196
0.421909
0.381812
0.431815
0.549943
0.430698
0.540330
0.425094
0.446383
0.391576
0.436113
0.477222
0.517701
0.442776
0.476495
0.443622
0.425078
0.534661
0.457660
0.441531
0.507443
0.487615
0.475337
0.559944
0.670615
0.496364
0.404816
0.587673
0.488948
0.454410
0.472027
0.449150
0.441885
0.444358
0.505057
0.466962
0.433485
0.562279
0.333977
0.500542
0.389163
0.407644
0.481219
0.610515
0.481957
0.399804
0.436775
0.478391
0.583271
0.491440
0.445333
0.513711
0.508177
0.450503
0.435250
0.475665
0.407556
0.543480
0.534861
0.422415
0.505951
0.544121
0.423462
0.528096
0.352182
0.537945
0.425029
0.490633
0.515906
0.549847
0.446244
0.450350
0.587078
0.485296
0.492930
0.440369
0.459710
0.473147
0.601096
0.409678
0.467009
0.445771
0.339094
0.450882
0.484110
0.408707
0.587619
0.447308
0.405517
0.513581
0.530543
0.453476
0.680457
0.443215
0.460844
0.523657
0.505994
0.459261
0.479185
0.480085
0.484637
0.440779
0.587858
0.471796
0.578506
0.497104
0.590242
0.443577
0.529129
0.526493
0.473065
0.509036
0.573636
0.438560
0.483522
0.424098
0.587084
0.453738
0.551041
0.538563
0.543407
0.477641
0.505894
0.465982
0.414513
0.499555
0.493513
0.499518
0.435653
0.582277
0.388268
0.562127
0.360157
0.430987
0.426898
0.450782
0.422905
0.512884
0.516908
0.489501
0.406821
0.447973
0.508846
0.425223
0.515948
0.677731
0.471852
0.494055
0.552500
0.485785
0.389917
0.496550
0.468133
0.502499
0.414762
0.428920
0.362963
0.512154
0.454927
0.596380
0.594973
0.499520
0.555029
0.466219
0.523731
0.473085
0.539007
0.554146
0.486950
0.444904
0.439331
0.489806
0.444950
0.410818
0.584846
0.523186
0.488432
0.417091
0.502012
0.399322
0.476331
0.558403
0.390686
0.464809
0.597577
0.390101
0.644181
0.491975
0.513442
0.437983
0.437156
0.441836
0.594626
0.541249
0.580243
0.520472
0.412300
0.513670
0.432125
0.487501
0.446798
0.473949
0.550406
0.465152
0.652320
0.528268
0.542305
0.375959
0.374355
0.729493
0.486217
0.408944
0.464193
0.519175
0.557220
0.409267
0.399636
0.538170
0.490109
0.632446
0.497856
0.509352
0.507242
0.423069
0.462011
0.417495
0.559991
0.494789
0.495634
0.472899
0.542491
0.467628
0.457302
0.504214
0.583030
0.474836
0.506449
0.418852
0.548372
0.488249
0.429944
0.451980
0.456463
0.559595
0.551565
0.400067
0.529916
0.474273
0.534536
0.513735
0.454109
0.352879
0.488873
0.406803
0.377168
0.521354
0.533554
0.545407
0.431186
0.564637
0.512599
0.492171
0.336924
0.612040
0.462284
0.409497
0.464502
0.519397
0.472354
0.487004
0.521180
0.481678
0.421096
0.440094
0.468962
0.491825
0.428716
0.475154
0.502871
0.453672
0.466433
0.442421
0.462741
0.295334
0.404619
0.389511
0.430469
0.515890
0.528020
0.458378
0.493673
0.423932
0.445443
0.427728
0.377878
0.433873
0.496645
0.578805
0.401809
0.536642
0.427705
0.514876
0.417107
0.441898
0.487614
0.589439
0.382052
0.450364
0.432860
0.463756
0.605777
0.463978
0.493344
0.402103
0.519872
0.401856
0.430236
0.519850
0.444972
0.462859
0.565080
0.486153
0.504887
0.459405
0.474328
0.438063
0.472289
0.416658
0.392236
0.484769
0.458263
0.416327
0.489177
0.450690
0.365469
0.437930
0.463436
0.448517
0.478690
0.487793
0.481326
0.610714
0.530162
0.433024
0.416856
0.449234
0.562123
0.530419
0.370529
0.501740
0.421071
0.568913
0.570098
0.417153
0.466482
0.572643
0.468319
0.598732
0.441924
0.499882
0.476432
0.331213
0.572393
0.510978
0.374316
0.378540
0.425331
0.559189
0.424724
0.421088
0.380677
0.446683
0.491226
0.331657
0.511540
0.452894
0.311516
0.597738
0.379542
0.414427
0.546583
0.515328
0.417964
0.446742
0.545726
0.435671
0.457149
0.487409
0.512208
0.371657
0.632427
0.591734
0.429842
0.397514
0.475355
0.426899
0.496595
0.438516
0.472900
0.459978
0.402943
0.594374
0.579841
0.417860
0.447182
0.442364
0.521312
0.473514
0.417360
0.502613
0.481485
0.404292
0.500317
0.461081
0.471174
0.504072
0.540512
0.409519
0.538031
0.552220
0.384741
0.468097
0.477921
0.444477
0.506311
0.440631
0.427903
0.632640
0.475313
0.476919
0.376993
0.409166
0.528085
0.456640
0.440764
0.423827
0.398840
0.433664
0.385981
0.378553
0.457973
0.509585
0.528204
0.480689
0.399626
0.447438
0.466871
0.349963
0.506660
0.501111
0.397421
0.353932
0.481978
0.518430
0.527787
0.487974
0.507784
0.434263
0.385248
0.318862
0.409072
0.434080
0.454367
0.531415
0.363084
0.407599
0.545844
0.490378
0.414651
0.439980
0.373590
0.499870
0.618420
0.498051
0.562512
0.504954
0.461567
0.551092
0.438350
0.451629
0.537419
0.508033
0.447541
0.551467
0.572541
0.404304
0.471403
0.402845
0.470240
0.404142
0.444456
0.436268
0.423220
0.450366
0.438393
0.517832
0.449000
0.566107
0.366545
0.492180
0.569954
0.422863
0.426850
0.567402
0.389726
0.573179
0.457349
0.378393
0.382412
0.435834
0.540811
0.437858
0.492352
0.360825
0.485188
0.528739
0.519763
0.421636
0.412200
0.456134
0.432390
0.348393
0.515211
0.394380
0.424321
0.428250
0.330348
0.406605
0.407014
0.506477
0.527031
0.459374
0.434230
0.460976
0.419064
0.415927
0.565627
0.523405
0.458904
0.423192
0.445000
0.514151
0.567651
0.417503
0.387188
0.478623
0.522763
0.398307
0.362837
0.438847
0.526722
0.436686
0.522920
0.558142
0.453173
0.471584
0.569059
0.472814
0.484569
0.503580
0.477314
0.422014
0.495802
0.595849
0.488739
0.386649
0.519148
0.335970
0.455572
0.479386
0.494356
0.494596
0.521189
0.508119
0.427761
0.547597
0.447598
0.529857
0.447873
0.411809
0.518645
0.409800
0.714929
0.432081
0.433771
0.450519
0.416316
0.417551
0.474077
0.361911
0.474365
0.482651
0.436119
0.526299
0.335163
0.439334
0.534597
0.578650
0.509620
0.435796
0.405137
0.407081
0.414813
0.446059
0.541952
0.384792
0.435104
0.621259
0.570819
0.326143
0.440482
0.489183
0.334113
0.491935
0.580545
0.462755
0.508557
0.411142
0.345003
0.426221
0.481707
0.515653
0.442538
0.578612
0.541644
0.435076
0.473688
0.391819
0.460695
0.394392
0.428899
0.398063
0.486211
0.439265
0.409833
0.450815
0.498064
0.501123
0.383204
0.361015
0.369309
0.340240
0.492344
0.475078
0.410539
0.548313
0.328048
0.437255
0.458576
0.493233
0.383398
0.345545
0.525726
0.427713
0.393034
0.498865
0.430698
0.431364
0.373014
0.429717
0.400664
0.409627
0.508674
0.494308
0.394299
0.484766
0.438620
0.477203
0.428735
0.499032
0.426340
0.430488
0.357063
0.532426
0.416836
0.450909
0.381356
0.441038
0.384820
0.579058
0.440797
0.466591
0.500498
0.538176
0.453697
0.432521
0.404390
0.538140
0.425263
0.439133
0.511872
0.361291
0.392800
0.432934
0.425762
0.557101
0.426464
0.614999
0.450913
0.524817
0.451785
0.441530
0.462124
0.337928
0.356146
0.412974
0.477628
0.547752
0.425739
0.392982
0.414864
0.369167
0.508311
0.411874
0.482717
0.452622
0.487619
0.499588
0.385584
0.451504
0.504382
0.398107
0.393694
0.441650
0.403952
0.579212
0.374727
0.426234
0.491777
0.409459
0.475576
0.552590
0.469297
0.462637
0.363977
0.536534
0.485867
0.456448
0.518155
0.361948
0.422818
0.378211
0.458041
0.377131
0.354155
0.423724
0.545322
0.632109
0.384495
0.411658
0.420847
0.682285
0.589619
0.515374
0.565083
0.480375
0.565005
0.436727
0.396748
0.403963
0.446577
0.398314
0.538004
0.434626
0.446348
0.615439
0.434921
0.500421
0.349878
0.516459
0.402153
0.606439
0.408304
0.496918
0.382205
0.496127
0.470315
0.426356
0.474683
0.453796
0.368184
0.483690
0.461406
0.448271
0.431778
0.390626
0.407816
0.550990
0.428864
0.453771
0.497369
0.473821
0.470254
0.445468
0.398374
0.416397
0.420257
0.370890
0.396132
0.365417
0.376756
0.366772
0.494532
0.400804
0.476805
0.434460
0.467707
0.545141
0.443985
0.455144
0.340952
0.440726
0.469728
0.560493
0.385914
0.449665
0.455091
0.494279
0.363108
0.446621
0.433937
0.350060
0.406008
0.450219
0.453412
0.530254
0.429557
0.362067
0.500564
0.519819
0.419523
0.434259
0.452970
0.569151
0.398091
0.474801
0.477496
0.591942
0.594392
0.452959
0.393315
0.499950
0.443510
0.523595
0.414846
0.499001
0.497555
0.433186
0.424741
0.476244
0.462503
0.406423
0.463317
0.374221
0.408089
0.569475
0.425146
0.485896
0.415090
0.435194
0.521957
0.461944
0.285813
0.475132
0.461069
0.432205
0.391819
0.398939
0.435418
0.360113
0.346052
0.450465
0.404512
0.446787
0.373771
0.465986
0.433311
0.428824
0.427494
0.366972
0.546726
0.436299
0.527088
0.374197
0.455049
0.422747
0.444277
0.461550
0.506400
0.466486
0.435237
0.533168
0.484424
0.375022
0.473226
0.428640
0.445521
0.519568
0.435706
0.502044
0.436274
0.575693
0.362994
0.563444
0.428801
0.389056
0.511862
0.396879
0.529170
0.459232
0.393195
0.527366
0.495056
0.409465
0.543372
0.403605
0.420754
0.424354
0.473820
0.444166
0.416837
0.462175
0.388984
0.345639
0.444594
0.599647
0.365208
0.412349
0.388428
0.469321
0.392023
0.361748
0.372989
0.455322
0.450363
0.427824
0.329655
0.357170
0.516533
0.433500
0.454043
0.479053
0.444068
0.383580
0.342367
0.392591
0.491642
0.465378
0.364312
0.430198
0.383685
0.526528
0.447504
0.447818
0.547190
0.476789
0.316174
0.433256
0.437354
0.426725
0.431872
0.368543
0.333346
0.609056
0.403005
0.482191
0.368021
0.469588
0.535984
0.353375
0.472138
0.441304
0.571986
0.404260
0.375125
0.421132
0.434250
0.374212
0.463983
0.471388
0.468416
0.452885
0.399812
0.503652
0.429570
0.457604
0.441336
0.444987
0.433105
0.328202
0.415949
0.351683
0.414946
0.381039
0.470405
0.509102
0.384866
0.444008
0.402629
0.457197
0.361089
0.427259
0.338229
0.369814
0.409250
0.391022
0.393217
0.447763
0.366346
0.397742
0.411992
0.411110
0.382664
0.374339
0.390351
0.388710
0.412779
0.398001
0.470506
0.451657
0.397140
0.398375
0.399631
0.459153
0.424574
0.355453
0.382208
0.425165
0.520830
0.428574
0.495991
0.425114
0.494057
0.360065
0.433527
0.403353
0.464098
0.458303
0.500637
0.511642
0.372807
0.528475
0.403664
0.446327
0.459119
0.462306
0.477668
0.460514
0.501727
0.459477
0.449221
0.478623
0.433993
0.323816
0.437270
0.479344
0.314862
0.556770
0.529603
0.406990
0.421968
0.433414
0.429112
0.583680
0.484606
0.494938
0.396390
0.397232
0.415809
0.594836
0.473418
0.534533
0.368908
0.420710
0.511397
0.438840
0.542706
0.301890
0.401693
0.407002
0.389408
0.440954
0.495335
0.417231
0.414197
0.548414
0.417577
0.412343
0.460604
0.439795
0.479069
0.333588
0.478642
0.404694
0.469411
0.510523
0.438986
0.476594
0.473790
0.409580
0.489905
0.511164
0.431117
0.399384
0.346058
0.425931
0.461522
0.338981
0.496907
0.427224
0.499656
0.482392
0.381975
0.472182
0.406641
0.394688
0.488883
0.506534
0.358265
0.351917
0.448078
0.460991
0.472312
0.452938
0.440300
0.440506
0.408530
0.393440
0.400509
0.499289
0.495046
0.410085
0.438617
0.422398
0.576710
0.514906
0.434460
0.620629
0.497351
0.431028
0.421784
0.398556
0.508345
0.388597
0.372505
0.510201
0.493771
0.341829
0.372532
0.407092
0.349137
0.375224
0.463895
0.433789
0.534778
0.549389
0.373324
0.386080
0.454933
0.486802
0.428090
0.397134
0.439424
0.432479
0.486281
0.424454
0.413441
0.437565
0.553900
0.480733
0.442320
0.416692
0.455560
0.523828
0.390928
0.448821
0.416054
0.451014
0.430944
0.477422
0.534895
0.451562
0.475451
0.446649
0.421043
0.433961
0.486439
0.432110
0.438388
0.427178
0.508733
0.545091
0.451101
0.387290
0.422873
0.389513
0.437179
0.415197
0.358405
0.432909
0.433785
0.518961
0.446753
0.438445
0.455818
0.390770
0.382380
0.361101
0.458255
0.478603
0.456926
0.533180
0.519968
0.491457
0.361257
0.516651
0.485391
0.474362
0.407658
0.436646
0.373132
0.519729
0.361710
0.403647
0.482061
0.494223
0.389526
0.475414
0.509307
0.477165
0.392974
0.395538
0.428467
0.354072
0.378989
0.401107
0.446326
0.560980
0.621559
0.444648
0.418804
0.423124
0.398346
0.432885
0.353663
0.380856
0.356590
0.433710
0.518299
0.337127
0.387012
0.465939
0.377677
0.401879
0.381301
0.444984
0.414547
0.300432
0.437418
0.513909
0.341835
0.370750
0.462442
0.497087
0.526487
0.413856
0.448209
0.426402
0.457330
0.343116
0.451064
0.596090
0.450719
0.483007
0.428689
0.325798
0.352480
0.393135
0.434639
0.503860
0.456497
0.464690
0.490891
0.370041
0.413505
0.390670
0.523556
0.392974
0.486502
0.480617
0.322310
0.437259
0.339576
0.447394
0.477433
0.461181
0.374904
0.325845
0.497294
0.341772
0.412884
0.440482
0.415160
0.410527
0.452699
0.514297
0.490244
0.456571
0.423278
0.406289
0.390841
0.425352
0.362550
0.363241
0.442394
0.379236
0.578392
0.379034
0.478119
0.499972
0.429343
0.522569
0.515416
0.467712
0.564699
0.457219
0.557979
0.372096
0.348687
0.452691
0.421078
0.455410
0.369838
0.330408
0.378828
0.462855
0.573188
0.437713
0.457741
0.406531
0.423513
0.407458
0.453571
0.412542
0.471627
0.400092
0.427074
0.417882
0.417127
0.462864
0.468059
0.499495
0.431603
0.447784
0.408399
0.471113
0.417195
0.449903
0.403913
0.574529
0.410013
0.383115
0.396904
0.503251
0.498841
0.397616
0.436168
0.383647
0.389341
0.393275
0.532110
0.431804
0.362905
0.446835
0.391661
0.433639
0.342612
0.446736
0.325262
0.363729
0.381986
0.367860
0.463943
0.419299
0.553433
0.353992
0.354585
0.342067
0.464372
0.409688
0.384662
0.432498
0.379946
0.380048
0.464822
0.495316
0.397783
0.479355
0.359546
0.399483
0.444610
0.422800
0.444157
0.370525
0.438417
0.446188
0.467779
0.416955
0.441453
0.451891
0.454382
0.450281
0.392834
0.375902
0.374792
0.354188
0.461669
0.315294
0.449962
0.458690
0.373063
0.470334
0.405509
0.447366
0.422290
0.462469
0.408675
0.366089
0.379960
0.407152
0.401802
0.428112
0.439633
0.420978
0.441658
0.444521
0.541407
0.381001
0.473980
0.356457
0.318317
0.385437
0.492525
0.443202
0.426535
0.445036
0.470443
0.486123
0.420323
0.384604
0.393877
0.403723
0.415230
0.471674
0.415900
0.465766
0.419366
0.320174
0.451946
0.404450
0.382083
0.380157
0.364454
0.347688
0.523394
0.436390
0.368422
0.357250
0.387211
0.473232
0.439124
0.487993
0.529184
0.379623
0.606728
0.445035
0.374383
0.457555
0.372547
0.521555
0.431579
0.473661
0.533857
0.489320
0.451088
0.430189
0.394523
0.354423
0.398218
0.323994
0.420312
0.392724
0.449597
0.429743
0.355779
0.384078
0.362924
0.492308
0.361332
0.379813
0.431465
0.444901
0.549614
0.388647
0.400235
0.483879
0.373966
0.422798
0.373981
0.398497
0.491375
0.376662
0.469627
0.410751
0.502373
0.392976
0.410280
0.407976
0.453403
0.433446
0.515015
0.316271
0.403947
0.393545
0.486605
0.461427
0.403409
0.409480
0.478996
0.405502
0.538091
0.482093
0.397453
0.459090
0.445885
0.416478
0.421214
0.444991
0.392683
0.435866
0.398221
0.428004
0.388103
0.464975
0.448686
0.400259
0.327558
0.428522
0.486525
0.465273
0.456374
0.481093
0.391623
0.418554
0.382295
0.473583
0.465473
0.343572
0.411614
0.477905
0.427562
0.485695
0.401917
0.374395
0.483519
0.423664
0.352292
0.372364
0.438320
0.413936
0.438439
0.369971
0.458550
0.492951
0.463028
0.344077
0.451197
0.436761
0.458322
0.387429
0.382409
0.482220
0.382124
0.419960
0.486370
0.498079
0.419184
0.412085
0.486041
0.427043
0.491855
0.419727
0.448633
0.380314
0.423951
0.399989
0.414935
0.512457
0.356591
0.490678
0.475178
0.524978
0.519595
0.446862
0.372114
0.449145
0.503068
0.303898
0.488846
0.387352
0.405680
0.372604
0.508689
0.389295
0.456835
0.386911
0.413233
0.434750
0.422595
0.463512
0.430954
0.428008
0.481159
0.519865
0.468261
0.462053
0.355998
0.475759
0.503544
0.358519
0.427221
0.368432
0.456310
0.467408
0.341939
0.415008
0.382389
0.378506
0.507760
0.363870
0.442060
0.427317
0.468883
0.521091
0.385317
0.419504
0.323561
0.475800
0.429658
0.448197
0.432573
0.485539
0.400792
0.349217
0.491118
0.460720
0.388009
0.423572
0.482224
0.416597
0.531246
0.463509
0.389755
0.385826
0.404473
0.432750
0.439173
0.365641
0.476880
0.370347
0.445106
0.452653
0.374381
0.417903
0.456372
0.383286
0.458813
0.444238
0.420397
0.389692
0.426208
0.431607
0.496427
0.393710
0.473059
0.340126
0.375556
0.349193
0.440734
0.389286
0.449335
0.326810
0.401268
0.494088
0.428918
0.462497
0.381024
0.442153
0.405074
0.407706
0.437992
0.464815
0.520107
0.297165
0.568735
0.464052
0.560741
0.385751
0.378650
0.471290
0.421411
0.464937
0.518348
0.519827
0.397536
0.385196
0.476135
0.442392
0.441676
0.367662
0.350197
0.406951
0.439426
0.447801
0.353750
0.478608
0.431793
0.500626
0.456401
0.435273
0.433779
0.469193
0.442378
0.368370
0.405679
0.538111
0.460848
0.379906
0.473365
0.338400
0.557499
0.367823
0.501814
0.496576
0.458350
0.399974
0.374342
0.460825
0.417809
0.415199
0.443639
0.516965
0.397434
0.396881
0.359604
0.611818
0.658731
0.425980
0.404421
0.343144
0.532582
0.387447
0.349323
0.338167
0.355842
0.415607
0.415031
0.417227
0.410637
0.436937
0.321966
0.378956
0.408134
0.364941
0.480308
0.433040
0.502048
0.548626
0.325402
0.469102
0.428011
0.434250
0.493920
0.430010
0.466429
0.453016
0.454564
0.447096
0.532195
0.337408
0.434974
0.433181
0.470508
0.470251
0.501164
0.382208
0.341827
0.471797
0.437507
0.455259
0.400465
0.478807
0.429633
0.453196
0.378908
0.405635
0.509342
0.463961
0.353535
0.406135
0.513761
0.369893
0.468844
0.361868
0.462144
0.517252
0.524530
0.486754
0.391920
0.457092
0.430765
0.524867
0.463499
0.522491
0.420643
0.519456
0.320511
0.443172
0.448067
0.432672
0.524888
0.364087
0.358478
0.366071
0.420598
0.340187
0.420279
0.520345
0.397940
0.490839
0.334246
0.395998
0.361798
0.396706
0.391678
0.449183
0.334451
0.462683
0.377038
0.366391
0.365066
0.479981
0.449197
0.479906
0.410969
0.380542
0.485379
0.369923
0.478925
0.407027
0.375240
0.439579
0.433744
0.412707
0.456628
0.368061
0.451710
0.389602
0.392457
0.432626
0.388082
0.420712
0.375566
0.505341
0.390819
0.329282
0.512463
0.488834
0.489357
0.343265
0.406758
0.394852
0.367023
0.459350
0.392332
0.394442
0.420861
0.424931
0.418473
0.450457
0.429599
0.465260
0.538246
0.401387
0.440829
0.386902
0.367174
0.436818
0.341549
0.426227
0.447883
0.545827
0.363412
0.457750
0.476230
0.386823
0.475536
0.408962
0.520172
0.385310
0.394692
0.416525
0.375523
0.422799
0.415642
0.428341
0.421373
0.412344
0.395813
0.457253
0.332185
0.336804
0.431789
0.470787
0.455853
0.395557
0.356140
0.521824
0.316545
0.313219
0.496552
0.359046
0.459919
0.339657
0.399493
0.419170
0.366006
0.464987
0.471969
0.465959
0.353164
0.350357
0.414196
0.550725
0.463827
0.303168
0.458893
0.383480
0.358312
0.364091
0.427303
0.446775
0.516732
0.355488
0.487272
0.413172
0.563899
0.499942
0.405127
0.387893
0.461792
0.485009
0.352220
0.449428
0.417338
0.341622
0.378523
0.462856
0.417810
0.423088
0.448251
0.413027
0.325094
0.435459
0.350588
0.416143
0.329042
0.401124
0.333579
0.531086
0.467835
0.574943
0.353012
0.415902
0.412447
0.417980
0.441264
0.413611
0.391933
0.449783
0.339809
