3.882320
3.742655
3.924046
3.877941
3.764935
3.849733
3.880780
3.725099
3.854359
3.777171
3.662511
3.733716
3.687101
3.655674
3.707887
3.581185
3.536282
3.546409
3.716061
3.562123
3.617221
3.585682
3.575009
3.476136
3.488003
3.516973
3.573377
3.568203
3.632450
3.504626
3.482377
3.485972
3.436420
3.489534
3.547712
3.432837
3.478481
3.418692
3.465543
3.386693
3.320940
3.386751
3.238152
3.252368
3.409603
3.281934
3.395264
3.314919
3.324812
3.526378
3.255553
3.298807
3.387116
3.302743
3.264539
3.226547
3.289973
3.151463
3.139688
3.166350
3.095629
3.112690
3.122781
3.150537
3.181541
3.120241
3.107740
3.186069
3.131347
3.324442
3.194695
3.033468
3.071294
3.278666
3.112385
3.069604
3.082535
3.279546
3.123661
3.069765
3.176491
3.085436
2.977869
3.050938
3.049714
2.863197
2.939346
2.994236
3.032665
3.027549
3.035341
3.083191
3.025935
3.046248
3.052109
2.994553
3.059816
3.116079
2.940658
2.995612
2.887544
2.964292
2.885965
2.898346
2.840539
2.925687
3.027620
2.769572
2.881865
2.785196
2.821203
2.802068
3.017337
2.757145
2.966301
2.922694
2.874804
2.787313
2.843676
3.031491
2.815147
2.760169
2.838985
2.746832
2.821798
2.747108
2.934773
2.763739
2.933774
2.882401
2.783206
2.814761
2.798406
2.784505
2.725302
2.712990
2.782230
2.754733
2.790223
2.779264
2.773471
2.749763
2.740348
2.715920
2.776973
2.699719
2.606308
2.710062
2.659822
2.883152
2.642820
2.757213
2.918665
2.656650
2.910034
2.631100
2.834253
2.811367
2.662789
2.800038
2.809388
2.780899
2.720470
2.713377
2.875527
2.774322
2.612568
2.613284
2.624639
2.606814
2.591401
2.688260
2.706962
2.647846
2.731565
2.585770
2.734363
2.561069
2.599616
2.632826
2.587292
2.572648
2.490435
2.699970
2.680760
2.615988
2.626701
2.828383
2.693086
2.737500
2.462262
2.488540
2.666680
2.612620
2.570931
2.664296
2.601906
2.630694
2.442099
2.515521
2.595527
2.523417
2.640388
2.499719
2.479234
2.477297
2.554376
2.577756
2.556713
2.654241
2.493592
2.603657
2.505568
2.540191
2.538842
2.415429
2.533720
2.594494
2.535400
2.572292
2.549601
2.369562
2.367085
2.751693
2.399076
2.515815
2.467455
2.403866
2.495666
2.390388
2.368778
2.379135
2.483834
2.288564
2.352787
2.323105
2.334452
2.541671
2.457325
2.515375
2.494338
2.325149
2.318272
2.405094
2.456839
2.372927
2.288571
2.350589
2.334055
2.402413
2.396059
2.454670
2.500594
2.372448
2.424667
2.367195
2.628965
2.375363
2.405067
2.368561
2.501760
2.376654
2.410929
2.296376
2.386713
2.297790
2.495486
2.367427
2.358166
2.316566
2.354101
2.389334
2.484077
2.415608
2.317154
2.419816
2.342563
2.397230
2.318573
2.353989
2.481930
2.390984
2.369761
2.356894
2.325632
2.396166
2.315607
2.296470
2.461458
2.324431
2.218830
2.213307
2.307604
2.175462
2.202399
2.215218
2.235847
2.342074
2.370150
2.316943
2.295456
2.192332
2.406364
2.197600
2.241153
2.244967
2.354241
2.288765
2.317101
2.346912
2.359151
2.318416
2.274117
2.257480
2.381202
2.484235
2.439258
2.283872
2.396845
2.289422
2.288401
2.264045
2.220028
2.381496
2.187922
2.367213
2.184447
2.279088
2.246776
2.352222
2.243886
2.241742
2.267795
2.197802
2.456024
2.132638
2.359489
2.354185
2.416734
2.322694
2.176158
2.165944
2.275656
2.302557
2.378137
2.221807
2.260314
2.245059
2.293076
2.217293
2.271361
2.282369
2.416706
2.176713
2.371537
2.337085
2.415844
2.393089
2.199986
2.243004
2.061086
2.337299
2.071881
2.217672
2.176418
2.135167
2.167701
2.194918
2.130615
2.171956
2.176672
2.200413
2.269275
2.093550
2.224067
2.272151
2.038998
2.211527
2.223706
2.257874
2.269483
2.270115
2.098393
2.257582
2.171375
2.170116
2.065827
2.166489
2.110305
2.296620
2.121300
2.133092
2.064651
2.220354
2.190344
2.127016
2.079721
2.056949
2.111969
2.328893
2.236997
2.283278
2.031136
2.290427
2.243944
2.159218
2.309474
2.162482
2.223867
2.225089
2.230200
2.229174
2.189330
2.265777
2.084747
2.149675
1.994800
2.285004
2.094032
2.099679
2.185387
2.241134
2.114978
2.257401
2.095805
2.034201
2.007905
2.117023
2.034301
2.139924
2.157031
2.209008
2.197212
2.014235
1.997684
2.050647
1.963827
2.097445
2.023431
2.077169
2.058760
2.061451
2.234276
1.956041
2.130394
2.153471
2.040429
2.010144
2.112966
1.957730
2.078796
2.017242
2.133069
2.027186
2.017533
2.066751
2.027825
1.917983
2.100555
2.068142
2.267433
2.060551
2.040624
2.044150
2.070930
2.147799
2.114875
1.961496
2.077226
2.150996
2.165414
2.071579
2.143485
2.052422
2.202312
2.061073
2.142304
2.050462
2.151936
2.057620
2.091021
2.127129
2.158983
2.077041
2.016165
1.964943
2.010598
2.018130
2.051336
1.921602
2.005919
1.845780
2.004812
2.132630
2.125495
2.054300
2.029914
2.107168
2.175796
2.033369
2.137878
1.950216
2.086789
2.042076
2.060866
2.129536
2.017959
2.159455
2.070962
2.087867
2.000649
1.977801
2.105702
2.073726
2.093794
2.061236
2.101280
2.036869
2.136354
2.071036
2.034534
2.192936
2.161408
2.041565
2.071245
1.994957
1.998859
2.000720
2.091544
2.232281
2.072316
2.032999
1.982509
2.045200
2.156212
2.039626
2.053169
1.998044
1.947249
1.996271
1.928072
2.135113
2.088905
2.122248
1.942916
2.027967
2.090880
2.009788
2.070621
2.006112
2.046460
2.190425
2.015934
1.948680
2.034405
2.030965
1.983875
2.033516
1.872181
1.949054
1.895049
2.000160
2.041345
2.030053
1.848725
2.025423
2.039991
2.170185
2.213778
1.963499
1.719432
2.015019
1.934026
1.962465
1.979508
1.776633
2.005225
1.972219
1.990536
2.008136
2.015507
1.925123
1.984551
1.864257
2.076204
2.013832
2.098182
1.974456
1.963758
1.922109
1.961208
2.082071
1.896445
1.985818
1.922575
1.889332
1.957241
1.943599
1.983450
1.941998
1.886760
1.968398
2.181860
2.011395
2.006455
1.853816
1.974765
2.129649
1.998949
2.073343
2.126645
2.055744
2.002517
1.843807
1.898925
1.885805
2.113630
2.074715
1.873324
1.954639
1.911989
1.834523
2.090042
1.974894
1.900676
1.921814
1.802482
1.899392
1.865806
1.811962
1.871855
1.912609
2.062037
1.907470
1.845544
1.889898
2.040908
1.970533
1.958400
1.952336
2.104670
1.862733
1.912516
1.852061
1.971339
1.821695
2.029990
1.924646
2.051729
1.935632
2.112241
2.077898
1.939030
1.773317
1.838730
1.909418
1.910166
1.872772
2.019274
1.945815
1.867083
1.916625
1.974934
1.932574
1.917083
2.035081
1.948323
1.911396
1.872289
1.940480
1.768318
1.929035
1.849537
1.989917
1.968857
1.897789
1.994901
2.092226
1.834444
2.009852
2.013417
1.775043
1.999910
1.956061
1.827410
1.921310
2.034517
1.944926
1.783440
1.985331
2.017062
1.895005
1.906691
1.983554
1.967714
2.002768
1.920948
2.014109
2.012736
1.911769
2.022198
1.873730
1.979299
1.693156
1.899756
1.868743
1.790758
2.010408
1.818661
1.882300
1.849738
1.984370
2.054013
1.833214
1.931162
1.753072
1.937582
1.872596
1.882176
1.757794
1.763763
1.826637
1.760031
1.891644
1.956242
1.853337
1.840215
1.879984
1.968018
1.817557
1.835714
1.999124
1.836894
1.884782
1.681751
1.872314
1.881063
1.746977
1.871279
1.906262
1.907720
1.743408
1.826971
1.840602
1.780036
1.759030
1.736339
1.885774
1.843713
1.915588
1.705392
1.591449
1.697216
1.743953
1.800008
1.723701
1.770708
1.795022
1.892560
1.926582
1.767629
1.788267
1.946243
1.775371
1.858603
1.801529
1.735910
1.776122
1.660427
1.911088
1.628651
1.817439
1.916868
1.866228
1.840647
1.923209
1.851507
1.821091
1.951299
1.777824
1.885634
1.849428
2.098235
1.803686
1.790448
1.748924
1.941764
1.939984
1.797980
1.749080
1.813050
1.805778
1.946463
1.817641
1.749760
1.751359
1.928803
1.995915
1.822577
1.699832
1.803227
1.764081
1.872817
1.641262
1.777095
1.682024
1.619914
1.766431
1.811332
1.703841
1.875826
1.817326
1.917125
1.854970
1.615568
1.878982
1.829696
1.746072
1.903424
2.027187
1.759538
2.006731
1.890283
1.838897
2.031570
1.832080
1.898580
1.658120
1.943104
1.807058
1.814278
1.812519
1.656295
1.808273
1.815355
1.779633
1.929318
1.910206
1.825139
1.928447
1.895794
1.754462
1.814603
1.712132
1.807906
1.797960
1.975056
1.755817
1.801360
1.884601
1.673351
1.811931
1.733613
1.879421
1.712785
1.797540
1.788395
1.705514
1.746097
1.684001
1.692031
1.796445
1.925747
1.697305
1.757184
1.619925
1.590285
1.676136
1.668784
1.748821
1.732005
1.807545
1.787718
1.660105
1.771482
1.596995
1.774110
1.849550
1.732195
1.852828
1.656998
1.776566
1.810373
1.744723
1.787221
1.846739
1.952578
1.724347
1.778729
1.751150
1.792644
1.851304
1.726238
1.730260
1.778102
1.648249
1.707011
1.705917
1.724877
1.636494
1.794131
1.785389
1.724395
1.821169
1.671407
1.678863
1.598044
1.542795
1.780587
1.562994
1.805664
1.772396
1.660557
1.828506
1.816907
1.710238
1.709249
1.831499
1.783204
1.805161
1.885780
1.925151
1.610746
1.616396
1.825373
1.725717
1.669797
1.785119
1.769468
1.584445
1.590402
1.668265
1.733546
1.569916
1.704937
1.801121
1.695622
1.830541
1.713640
1.795116
1.709590
1.723472
1.698105
1.619868
1.708689
1.860319
1.643481
1.759447
1.579146
1.531187
1.645375
1.757958
1.675447
1.679736
1.658852
1.612777
1.643018
1.549195
1.643239
1.575103
1.738274
1.516801
1.659946
1.647813
1.690838
1.719572
1.703480
1.663254
1.647636
1.756900
1.827805
1.768081
1.628733
1.657742
1.811037
1.729028
1.609764
1.566900
1.701909
1.570288
1.761463
1.796576
1.583731
1.520871
1.672152
1.595041
1.740074
1.660524
1.624746
1.712533
1.676125
1.723247
1.760145
1.572474
1.658252
1.734485
1.962747
1.693468
1.632634
1.517642
1.679543
1.669965
1.784238
1.688066
1.704338
1.735499
1.706402
1.603728
1.683201
1.668311
1.801840
1.776461
1.658064
1.906082
1.795619
1.771516
1.619939
1.651361
1.659534
1.522125
1.617441
1.602644
1.659302
1.900344
1.573479
1.628420
1.966341
1.539896
1.664403
1.657784
1.544843
1.690247
1.838272
1.819061
1.724389
1.621391
1.643001
1.668342
1.681919
1.651359
1.537967
1.567653
1.672040
1.651935
1.608131
1.644117
1.604024
1.628070
1.656206
1.679379
1.717292
1.846175
1.722690
1.737125
1.618725
1.713054
1.542687
1.572799
1.568510
1.510908
1.765548
1.793969
1.632838
1.456017
1.991930
1.840005
1.573398
1.720483
1.710454
1.653574
1.599451
1.639744
1.680965
1.531153
1.582364
1.732033
1.680814
1.703858
1.668837
1.813020
1.562305
1.617272
1.558889
1.607854
1.546572
1.708978
1.747324
1.710114
1.718260
1.535529
1.554182
1.556117
1.438933
1.720302
1.583732
1.711258
1.622227
1.592550
1.602912
1.546853
1.720457
1.553833
1.715389
1.641233
1.516723
1.495293
1.773690
1.590312
1.604880
1.548177
1.516888
1.709620
1.571144
1.720013
1.399621
1.500203
1.590560
1.470303
1.573102
1.655587
1.668053
1.639507
1.607854
1.407179
1.545665
1.836544
1.518470
1.575333
1.512602
1.668156
1.711833
1.605578
1.748818
1.447491
1.672464
1.692415
1.523528
1.615555
1.629461
1.640743
1.796750
1.815814
1.629288
1.615367
1.696670
1.702975
1.699894
1.666087
1.359728
1.628014
1.490500
1.664558
1.683754
1.546807
1.673656
1.766335
1.577372
1.583284
1.688211
1.520126
1.985764
1.612801
1.503051
1.603475
1.623615
1.628368
1.415278
1.656559
1.628219
1.632493
1.548345
1.627390
1.640720
1.639873
1.626338
1.690443
1.490749
1.486473
1.614361
1.694669
1.505847
1.670460
1.432585
1.598019
1.673847
1.587818
1.641986
1.589696
1.458564
1.418463
1.772752
1.573600
1.692666
1.538721
1.498888
1.578400
1.623180
1.402897
1.646223
1.553019
1.673679
1.639369
1.684379
1.558063
1.686424
1.621983
1.522454
1.748750
1.690566
1.627892
1.621331
1.709469
1.687664
1.454677
1.610218
1.692805
1.487086
1.570052
1.664861
1.769505
1.660562
1.424405
1.526771
1.614896
1.534215
1.588846
1.426816
1.552696
1.570673
1.611937
1.605875
1.600052
1.664590
1.468164
1.637887
1.896097
1.519099
1.606087
1.842413
1.443146
1.635826
1.493009
1.474766
1.447234
1.577868
1.575399
1.501754
1.661055
1.377506
1.627125
1.720299
1.580588
1.492288
1.576168
1.533084
1.347673
1.493715
1.557897
1.640897
1.640322
1.572618
1.585290
1.468797
1.579913
1.439343
1.559977
1.869873
1.721485
1.492173
1.787125
1.607624
1.653597
1.562761
1.518996
1.659304
1.552098
1.420976
1.535986
1.410867
1.407157
1.564793
1.577429
1.509483
1.529301
1.486251
1.524539
1.398238
1.625573
1.676101
1.354763
1.542009
1.470291
1.518228
1.527039
1.549971
1.466014
1.482739
1.523751
1.596242
1.576596
1.640213
1.371472
1.417438
1.517213
1.527475
1.437523
1.710030
1.534007
1.596366
1.459411
1.603816
1.474720
1.589097
1.572306
1.616607
1.557004
1.523644
1.603992
1.493727
1.442398
1.534673
1.609082
1.535201
1.622807
1.461362
1.550206
1.406072
1.333128
1.656122
1.516877
1.455161
1.456750
1.651610
1.472453
1.656730
1.717270
1.525169
1.455688
1.495688
1.435670
1.667042
1.507434
1.570687
1.515203
1.613714
1.521517
1.481139
1.591810
1.644232
1.532654
1.468258
1.551468
1.403136
1.433706
1.587188
1.369104
1.717000
1.549632
1.608985
1.544334
1.599012
1.446276
1.607124
1.464970
1.684451
1.755971
1.542464
1.329883
1.435486
1.483841
1.537395
1.616052
1.506402
1.552389
1.585277
1.371228
1.486505
1.483379
1.527864
1.493871
1.684355
1.512210
1.660607
1.516328
1.538372
1.518349
1.460295
1.467489
1.464980
1.238090
1.498639
1.525042
1.823256
1.546473
1.528970
1.593222
1.563285
1.466918
1.479681
1.552292
1.439332
1.565466
1.565254
1.609816
1.525634
1.653679
1.564238
1.542110
1.521244
1.549711
1.618131
1.605499
1.441997
1.541278
1.744560
1.774034
1.550022
1.658720
1.567773
1.797541
1.649950
1.557766
1.601178
1.559472
1.650685
1.550473
1.573723
1.504054
1.399300
1.551865
1.633626
1.544072
1.589988
1.512152
1.600696
1.390142
1.479270
1.543972
1.526455
1.520325
1.502898
1.569381
1.452104
1.629246
1.505847
1.357215
1.548847
1.672227
1.609617
1.551155
1.562324
1.706423
1.581690
1.569291
1.454794
1.329344
1.465485
1.468006
1.372627
1.499710
1.424551
1.420886
1.475792
1.449494
1.442828
1.557242
1.575182
1.371346
1.495032
1.256534
1.337815
1.435802
1.423994
1.405357
1.475136
1.494714
1.641927
1.564038
1.472081
1.489035
1.407589
1.617983
1.544415
1.507148
1.465756
1.267569
1.358512
1.363950
1.446574
1.574406
1.607234
1.595121
1.440752
1.505498
1.335986
1.571411
1.336944
1.582125
1.433978
1.745469
1.533394
1.356841
1.307601
1.500250
1.619787
1.395714
1.460056
1.627378
1.423537
1.354495
1.531391
1.433167
1.564748
1.332808
1.376197
1.511864
1.443994
1.607370
1.448338
1.414356
1.439149
1.432919
1.402238
1.270146
1.340000
1.375197
1.498426
1.524768
1.426945
1.475449
1.436443
1.462159
1.617733
1.547700
1.481481
1.396329
1.601671
1.494813
1.322052
1.511267
1.550209
1.473389
1.542581
1.578321
1.474938
1.584858
1.564722
1.492476
1.498210
1.515855
1.678944
1.654567
1.484043
1.519580
1.443704
1.516920
1.456922
1.532703
1.450546
1.313157
1.498093
1.401497
1.383366
1.349988
1.559401
1.531360
1.538722
1.566396
1.376899
1.575917
1.449180
1.586734
1.514998
1.414214
1.447648
1.468992
1.456277
1.548747
1.483697
1.344422
1.294764
1.575018
1.400211
1.517110
1.480854
1.550356
1.562506
1.580930
1.565559
1.480994
1.464505
1.431293
1.549023
1.602114
1.453455
1.488132
1.490783
1.350558
1.302809
1.420451
1.420018
1.398694
1.339177
1.348890
1.453745
1.414000
1.612461
1.549794
1.511059
1.555387
1.485189
1.347932
1.422144
1.415297
1.404541
1.342554
1.416938
1.394269
1.422274
1.493895
1.502729
1.474917
1.388470
1.579322
1.383302
1.320732
1.768811
1.537641
1.474163
1.554290
1.412653
1.555643
1.517800
1.422881
1.378941
1.544723
1.455340
1.432758
1.435781
1.539563
1.602390
1.500494
1.534739
1.455910
1.373172
1.567750
1.323404
1.483309
1.603701
1.606448
1.571126
1.352535
1.383426
1.539437
1.386820
1.590065
1.317438
1.346869
1.335843
1.571390
1.412123
1.345653
1.353486
1.213848
1.460542
1.600212
1.509880
1.468800
1.274812
1.472307
1.429863
1.362789
1.476071
1.390157
1.687169
1.328345
1.480164
1.485308
1.466651
1.449173
1.331855
1.453589
1.431816
1.552539
1.380635
1.461714
1.552212
1.543670
1.414670
1.523587
1.437325
1.485826
1.364855
1.333839
1.513476
1.253434
1.510473
1.441910
1.458200
1.456603
1.485768
1.361370
1.447284
1.398058
1.300000
1.389757
1.362163
1.287712
1.294197
1.304761
1.469801
1.404214
1.413944
1.357154
1.384157
1.383786
1.356075
1.534903
1.379619
1.444943
1.536939
1.653405
1.385457
1.497878
1.457756
1.505586
1.375927
1.480458
1.469566
1.305787
1.579662
1.373024
1.358717
1.528796
1.323605
1.304712
1.429109
1.464893
1.430953
1.412794
1.293715
1.356473
1.486913
1.420363
1.295928
1.354355
1.373916
1.688891
1.586571
1.362650
1.372378
1.401973
1.379440
1.308027
1.413361
1.370044
1.424576
1.364402
1.288639
1.354690
1.275130
1.632493
1.431935
1.364943
1.254381
1.131553
1.387547
1.501072
1.411788
1.352988
1.478668
1.513279
1.553294
1.450540
1.380865
1.335258
1.387933
1.414038
1.248505
1.370552
1.427154
1.318491
1.474590
1.456649
1.322607
1.518213
1.475057
1.513969
1.613281
1.489119
1.356408
1.530365
1.629289
1.448655
1.362666
1.345250
1.398356
1.372782
1.283617
1.463703
1.678072
1.423071
1.325074
1.445126
1.302868
1.473335
1.422174
1.259320
1.235452
1.344716
1.482630
1.612521
1.397071
1.305643
1.295248
1.354099
1.285226
1.522612
1.464345
1.208411
1.437953
1.269970
1.436928
1.300792
1.393520
1.410792
1.433759
1.330020
1.304620
1.244255
1.529576
1.477786
1.515140
1.444165
1.474064
1.398503
1.391525
1.291004
1.413996
1.452027
1.237977
1.429314
1.303100
1.265216
1.502837
1.397498
1.283873
1.366419
1.455921
1.358388
1.518855
1.372625
1.325312
1.283598
1.471950
1.245855
1.350232
1.425086
1.432758
1.400444
1.351515
1.490281
1.520009
1.558809
1.298179
1.419042
1.321916
1.414878
1.303945
1.341280
1.233125
1.449449
1.266190
1.336051
1.482031
1.369319
1.514142
1.304273
1.352315
1.553202
1.444000
1.367256
1.363883
1.365360
1.354092
1.349558
1.329936
1.537639
1.456122
1.384118
1.203995
1.515154
1.310069
1.363500
1.308819
1.386724
1.310437
1.274695
1.429754
1.441277
1.611251
1.302047
1.327826
1.340690
1.250382
1.340764
1.555562
1.449145
1.354724
1.369232
1.374176
1.372726
1.543033
1.299832
1.339692
1.323239
1.422079
1.396700
1.340648
1.349121
1.383258
1.522192
1.354632
1.345785
1.262772
1.336831
1.370306
1.498244
1.482138
1.329511
1.474189
1.520108
1.400150
1.413884
1.298586
1.291185
1.490085
1.287240
1.509751
1.413984
1.328344
1.334498
1.278689
1.254044
1.332118
1.182723
1.357451
1.327699
1.343268
1.265011
1.356959
1.356843
1.545003
1.480958
1.647369
1.451336
1.314870
1.237240
1.496247
1.421010
1.263913
1.335419
1.352370
1.494346
1.488027
1.271899
1.349061
1.224678
1.461553
1.202318
1.378476
1.437656
1.334153
1.572980
1.314462
1.241350
1.419726
1.420335
1.441964
1.478039
1.413604
1.466664
1.453025
1.509025
1.353581
1.441002
1.353709
1.298281
1.304243
1.359894
1.407803
1.360723
1.488677
1.174613
1.397250
1.168584
1.361514
1.284956
1.384752
1.312573
1.404725
1.377764
1.277990
1.270116
1.384227
1.504429
1.414430
1.272913
1.344645
1.395593
1.223200
1.079085
1.272690
1.118327
1.305573
1.507451
1.191452
1.340095
1.303520
1.496277
1.500529
1.525332
1.357557
1.373403
1.381957
1.164944
1.355738
1.296661
1.243194
1.332549
1.527301
1.432595
1.366163
1.274122
1.268231
1.369205
1.368017
1.376005
1.472196
1.355730
1.282459
1.464183
1.383683
1.237118
1.277472
1.362831
1.395269
1.495620
1.384897
1.278166
1.238941
1.174615
1.304529
1.282627
1.396517
1.594812
1.259316
1.410272
1.430636
1.591454
1.356145
1.590723
1.435290
1.343926
1.565619
1.541891
1.357267
1.470767
1.183723
1.479144
1.498862
1.450837
1.470597
1.365292
1.303724
1.440129
1.278278
1.270371
1.227345
1.391163
1.318226
1.440791
1.360630
1.481826
1.256157
1.226764
1.174130
1.412752
1.361697
1.492285
1.456865
1.340713
1.352455
1.589193
1.355032
1.696401
1.371042
1.579202
1.450093
1.413331
1.186476
1.323377
1.223233
1.334858
1.374565
1.397605
1.300398
1.149137
1.265182
1.547736
1.214795
1.123976
1.287275
1.293995
1.352033
1.202225
1.443680
1.394344
1.286496
1.143189
1.258552
1.268197
1.289163
1.289688
1.270310
1.249654
1.290513
1.415618
1.222367
1.325344
1.384087
1.297752
1.328849
1.374858
1.389235
1.423325
1.325092
1.203197
1.470206
1.417818
1.336798
1.232003
1.230964
1.353655
1.424931
1.205159
1.343542
1.248512
1.339584
1.276762
1.347220
1.233578
1.392433
1.385596
1.394531
1.240771
1.296170
1.171599
1.245484
1.283193
1.366334
1.339111
1.269343
1.229244
1.235868
1.434803
1.436368
1.322984
1.392878
1.417486
1.224088
1.247223
1.226079
1.359685
1.341446
1.486592
1.415604
1.319709
1.465717
1.172409
1.373732
1.520452
1.369767
1.319691
1.410705
1.300230
1.382086
1.433173
1.317047
1.323465
1.422704
1.373689
1.376417
1.290589
1.294757
1.483296
1.344990
1.522038
1.347646
1.323088
1.317408
1.310464
1.200618
1.378170
1.197426
1.417632
1.343489
1.326120
1.327314
1.322942
1.474576
1.242582
1.408257
1.232114
1.224191
1.159768
1.329459
1.401213
1.132761
1.395545
1.242344
1.435344
1.325006
1.524772
1.383896
1.267776
1.239823
1.320978
1.433297
1.263834
1.257620
1.135291
1.430438
1.266259
1.311643
1.448063
1.193482
1.219127
1.191687
1.317313
1.097111
1.431648
1.347387
1.396149
1.181436
1.341427
1.398976
1.389804
1.346768
1.199432
1.399349
1.414031
1.324447
1.433546
1.519359
1.357239
1.275172
1.255432
1.481884
1.310828
1.433503
1.477991
1.248911
1.323749
1.505488
1.226758
1.329123
1.351263
1.380404
1.078360
1.148531
1.213734
1.276540
1.358575
1.209143
1.357476
1.410733
1.307361
1.365503
1.191431
1.229235
1.139749
1.346327
1.122770
1.488989
1.233354
1.291278
1.282604
1.409163
1.477027
1.508547
1.215940
1.281794
1.315768
1.212008
1.328814
1.323340
1.262071
1.356226
1.242440
1.406564
1.263721
1.206340
1.276621
1.428013
1.327430
1.371235
1.183845
1.302375
1.343922
1.448823
1.272037
1.298637
1.250459
1.299350
1.361038
1.288770
1.411936
1.413231
1.296761
1.418386
1.337277
1.293896
1.353911
1.434064
1.322767
1.339296
1.406086
1.227003
1.262607
1.288539
1.178877
1.401408
1.525495
1.356236
1.345476
1.191711
1.168939
1.359198
1.356482
1.407369
1.226104
1.128603
1.245723
1.267802
1.295840
1.226355
1.243289
1.288751
1.177891
1.140193
1.281216
1.486363
1.123604
1.141300
1.264859
1.527939
1.267063
1.250351
1.185800
1.270288
1.168016
1.326913
1.390600
1.461191
1.288409
1.255231
1.259454
1.295612
1.321746
1.189440
1.113883
1.318637
1.293524
1.193519
1.172564
1.303674
1.296469
1.343680
1.326348
1.330910
1.335110
1.071027
1.327204
1.408600
1.334042
1.232986
1.276880
1.428931
1.237336
1.367066
1.222694
1.346343
1.371167
1.349432
1.299568
1.202382
1.250283
1.278318
1.524653
1.256625
1.343917
1.313553
1.091905
1.326185
1.080299
1.241568
1.243747
1.331905
1.366213
1.206456
1.461160
1.315799
1.171160
1.193331
1.344445
1.547519
1.332830
1.340333
1.556928
1.280047
1.315179
1.337369
1.159832
1.324507
1.346543
1.238632
1.479625
1.288613
1.244123
1.156696
1.183173
1.248289
1.320306
1.253726
1.342642
1.357818
1.330509
1.245597
1.184060
1.347861
1.224000
1.427351
1.346300
1.217596
1.471686
1.227293
1.333479
1.231233
1.207257
1.339286
1.239866
1.312788
1.228440
1.107614
1.281873
1.260534
1.237108
1.414575
1.398333
1.403879
1.427460
1.282212
1.445408
1.316627
1.173176
1.305252
1.130774
1.243057
1.294746
1.223502
1.266957
1.335953
1.353456
1.301148
1.193336
1.403818
1.277358
1.294645
1.252265
1.209654
1.236544
1.204650
1.334595
1.104029
1.347275
1.363283
1.312606
1.298538
1.443820
1.421692
1.330970
1.292029
1.297504
1.204966
1.134786
1.357181
1.437887
1.131477
1.198335
1.392259
1.254551
1.404938
1.399261
1.308868
1.160519
1.308945
1.339379
1.280662
1.129335
1.299340
1.260409
1.180073
1.246902
1.344050
1.343197
1.331324
1.288559
1.325135
1.158739
1.187536
1.290331
1.277655
1.201801
1.316424
1.205243
1.143545
1.318070
1.284522
1.168611
1.358894
1.149932
1.157753
1.142954
1.320462
1.411260
1.311486
1.269872
1.204379
1.304294
1.115969
1.428577
1.269851
1.300877
1.267824
1.172447
1.200269
1.292012
1.405658
1.303697
1.088833
1.327050
1.206371
1.183018
1.360275
1.514781
1.289992
1.262251
1.208905
1.340338
1.217964
1.188573
1.346912
1.361763
1.277650
1.136328
1.299979
1.276922
1.334569
1.391698
1.229519
1.291182
1.267991
1.233676
1.446487
1.275816
1.132957
1.371713
1.300798
1.408441
1.196952
1.304292
1.256143
1.391132
1.212837
1.151631
1.297111
1.173943
1.142194
1.575609
1.358213
1.208091
1.323395
1.253253
1.228654
1.409527
1.146851
1.302509
1.378722
1.032001
1.310805
1.436901
1.372084
1.264042
1.319232
1.237663
1.408615
1.264858
1.165271
1.283502
1.193805
1.277357
1.103124
1.428566
1.403290
1.389328
1.393776
1.224312
1.251788
1.524554
1.432660
1.263807
1.264312
1.224055
1.513667
1.069567
1.150369
1.269163
1.183171
1.328946
1.378294
1.183846
1.208995
1.141070
1.102399
1.338030
1.251234
1.297761
1.115646
1.126190
1.119797
1.209242
1.291820
1.501339
1.395430
1.207380
1.286666
1.209544
1.236032
1.179932
1.114480
1.222378
1.206209
1.198041
1.264514
1.134498
1.172147
1.201230
1.242667
1.265995
1.036543
1.209445
1.262989
1.189212
1.275228
1.266341
1.321561
1.334350
1.244075
1.279320
1.238336
1.386919
1.268027
1.235596
1.303469
1.334113
1.185505
1.171907
1.257507
1.270859
1.215015
1.344055
1.289281
1.222577
1.486561
1.244146
1.114969
1.252223
1.266871
1.253760
1.093401
1.418883
1.200468
1.157544
1.306274
1.124732
1.379936
1.228190
1.047228
1.250550
1.201606
1.342179
1.192462
1.104088
1.293644
1.189747
1.274034
1.124645
1.117362
1.331237
1.186536
1.410704
1.080338
1.364130
1.290036
1.201284
1.159504
1.442378
1.221478
1.175734
1.183652
1.227037
1.181101
1.328182
1.265158
1.172213
1.444270
1.345805
1.211060
1.247258
1.239163
1.257443
1.229894
1.195722
1.145528
1.174824
1.280929
1.565367
1.394854
1.075234
1.308024
1.016588
1.245936
1.328680
1.280770
1.150512
1.111922
1.319544
1.303338
1.309806
1.127687
1.381318
1.204678
1.157693
1.242548
1.201694
1.188380
1.304266
1.461781
1.468385
1.287255
1.296126
1.286826
1.366057
1.086974
1.247918
1.184165
1.141210
1.050436
1.129286
1.232827
1.259780
1.076188
1.097746
1.115947
1.064199
1.204708
1.236012
1.331114
1.136007
1.185866
1.228670
1.121734
1.258896
1.296368
1.067047
1.283532
1.310133
1.226068
1.190298
1.309347
1.169881
1.172717
1.341528
1.356484
1.379421
1.153976
1.434665
1.234920
1.114239
1.162808
1.305582
1.233352
1.287090
1.210540
1.163553
1.344026
1.228611
1.315125
1.366809
1.276412
1.272810
1.316316
1.221110
1.205911
1.282549
1.312575
1.326577
1.253103
1.222288
1.540257
1.168338
1.130146
1.361578
1.152204
1.243587
1.182589
1.237287
1.125654
1.238093
1.344268
1.133200
1.225455
1.209697
1.119036
1.254547
1.046975
1.161233
1.217308
1.313147
1.076667
1.362616
1.210910
1.412397
1.380386
1.207501
1.165326
1.201979
1.255214
1.186366
1.351158
1.229410
1.190834
1.252249
1.093424
1.197111
1.247028
1.155866
1.121424
1.192895
1.262599
1.205337
1.160659
1.277033
1.199818
1.413682
1.382801
1.105495
1.385709
1.164813
1.232329
1.322403
1.211799
1.087810
1.057412
1.195602
1.149017
1.123422
0.957570
1.077378
1.178123
1.250059
1.161503
0.978176
1.348558
1.254208
1.221485
1.304613
1.366734
1.188275
1.329144
1.338427
1.092185
1.117085
1.222430
1.137467
1.205956
1.238193
1.044960
1.148890
1.103738
1.300422
1.213910
1.271475
1.076827
1.252530
1.139058
1.363827
1.053264
1.232757
1.153849
1.131582
1.260288
1.164972
1.230446
1.116076
1.256858
1.240802
1.154546
1.256986
1.229004
1.045875
1.151440
1.287496
1.179823
1.266319
1.374589
1.338251
1.183530
1.072732
1.189384
1.242972
1.250764
1.218062
1.121557
1.253635
1.198490
1.336128
1.363279
1.065225
1.227360
1.254046
1.151917
1.182331
1.370506
1.246246
1.475099
1.210153
1.334582
1.189065
1.206314
1.123042
1.429078
1.131841
1.326004
1.152946
1.104926
1.345718
1.304307
1.405722
1.154882
1.319657
1.161438
1.130418
1.156786
1.152452
1.154770
1.133168
1.100628
1.174199
1.372909
1.051240
1.216547
1.188109
1.184449
1.198560
1.037324
1.136971
1.058669
1.208207
1.214047
1.113510
1.023305
1.167833
1.107172
1.156106
1.250237
1.106348
1.192271
1.051574
1.255233
1.295995
1.061492
1.153908
1.128163
1.197994
1.348160
0.963111
1.156481
1.285044
1.203164
1.168154
1.144472
1.068427
1.198029
0.995529
1.168167
1.214349
1.199383
1.112281
1.102968
1.033051
1.113664
1.112857
1.075294
1.207352
1.270055
1.348544
1.249715
0.985858
1.193105
1.157213
1.111886
0.990496
1.114929
1.130692
1.140946
1.098605
1.295157
1.189458
1.146254
1.268507
1.287639
1.031755
1.324561
1.243319
1.364375
1.316058
1.162872
1.084372
1.145047
1.224672
1.053999
1.307309
1.337892
1.172802
1.100396
1.217621
1.199801
1.074242
1.171215
1.314028
1.269990
1.344922
1.351449
0.981910
1.135475
1.282817
1.285947
1.220741
1.085674
0.966821
1.255279
1.287514
1.046376
1.153117
1.177239
1.075213
1.293611
1.265102
1.221120
1.136850
1.138582
1.263414
1.147158
1.228647
1.243439
1.193455
1.056311
1.177995
1.267795
1.280226
1.319339
1.258268
1.335543
1.255939
1.227578
1.276839
1.109577
1.263839
1.237486
1.269412
1.154265
1.243238
1.023259
1.123845
1.196324
1.168646
1.246336
1.054444
1.141276
1.184945
1.193668
1.294072
1.013065
1.218017
1.409973
1.268700
1.184702
1.174242
1.098181
1.201360
1.058317
1.296555
1.315614
1.247159
1.178855
1.343276
1.036291
1.166195
1.098642
1.134787
1.109366
1.147796
1.314040
1.155323
1.236274
1.292793
1.137334
1.098379
1.144880
1.051480
0.934897
1.118749
1.029665
0.949298
1.075678
1.039599
1.205910
1.230630
1.136627
1.134329
1.123762
1.402357
1.280546
1.384098
1.372635
1.150568
1.127251
1.075455
1.270313
1.155861
1.172861
1.267923
1.223751
1.250833
1.006812
1.100638
1.182667
1.258076
1.010381
1.177806
1.155420
1.328486
1.085330
1.337261
1.125825
1.102355
1.226110
1.165522
1.060244
1.291658
1.214931
1.168351
1.273449
1.271115
1.154939
1.263971
1.083491
1.156150
1.074704
1.218163
1.197125
1.160421
1.068468
1.277420
1.077710
1.017055
1.215192
1.058915
1.162261
1.328869
1.131972
1.027252
1.167177
1.071232
1.097793
1.269765
1.189217
1.326294
1.155570
1.121574
1.266487
1.181563
0.995618
1.052955
1.439503
1.093618
1.225722
1.290678
1.168117
1.315359
1.156095
1.227129
1.135132
1.036325
1.011564
1.147751
1.343105
1.199098
1.087265
1.165082
1.088421
1.156712
1.228033
1.047805
1.222220
1.048735
1.355574
1.089958
1.005917
1.174679
1.170761
1.244023
1.063235
1.037189
1.241982
1.269950
1.088864
1.163580
1.234641
1.170581
1.206960
1.113437
1.164326
1.303701
1.193964
1.163550
1.042031
1.196237
1.073673
1.373395
1.099097
1.289750
1.104039
1.231115
1.180416
1.031793
1.145163
1.049635
1.105638
1.074087
1.179031
1.172607
1.219693
1.251778
0.994232
1.024109
1.139258
1.147371
1.163860
1.012976
1.010234
1.167728
1.014838
1.152014
1.219825
1.146646
1.057832
1.070612
1.015500
0.935283
1.335721
1.241356
1.255918
1.213605
1.207075
1.292487
1.235631
1.302619
1.143522
1.278330
1.118297
1.130076
1.074767
1.290977
1.223000
1.175940
1.254915
1.318940
1.150370
1.258653
1.258878
1.149363
1.367400
1.189816
1.219615
1.074761
1.017408
0.926475
1.150532
1.194722
1.040124
1.142691
1.165384
1.144599
1.031959
1.366698
1.135302
1.241709
1.237980
1.102042
0.964425
1.167815
1.277234
1.087837
1.135049
1.320458
1.192059
1.171000
1.124097
1.138207
0.987172
1.005754
1.166354
1.163827
1.216322
1.095508
1.301475
1.096249
0.968375
1.172245
1.011924
1.122858
1.027772
1.069543
1.016131
1.206887
1.135220
1.171165
1.175074
1.213629
1.296915
1.104669
1.131937
1.143585
1.105270
1.160306
1.023891
1.099722
1.132717
1.258370
1.155549
1.110695
1.183495
1.347924
1.192283
0.999120
1.237845
1.218143
0.970232
1.283072
1.140423
1.100379
1.254181
1.225750
1.138549
1.284589
1.127823
1.126101
1.020377
1.129313
1.149479
1.194878
1.112718
1.380286
1.056771
1.100204
1.102927
1.148020
1.106710
1.286202
1.182282
1.191653
0.990936
1.095980
1.000624
1.149237
1.361192
1.347041
1.078223
1.102453
1.131422
1.070074
1.143693
1.262017
1.214984
1.085809
1.418733
1.137160
1.092588
1.230646
1.091247
1.118015
1.296908
1.112144
1.124661
1.233096
1.222399
1.218765
1.259919
1.149586
1.079041
1.174261
1.056292
1.109758
1.099321
0.990368
1.217366
1.250262
1.206987
1.199953
1.216099
1.184724
1.169622
1.121598
1.037351
1.189288
1.066238
1.150226
1.189481
1.145602
1.214513
1.175479
1.031385
0.989679
1.152257
1.150716
1.089700
1.165751
1.141615
1.062571
1.168658
1.161898
1.171961
1.159243
0.930525
1.000668
1.044058
1.041583
1.276173
1.263414
1.140863
1.123354
1.043316
1.274494
1.288455
1.151026
1.438539
1.211262
1.031483
1.165234
1.323153
1.071471
1.112321
1.055869
1.185265
1.345377
1.256879
1.116952
1.132012
1.007745
1.329141
1.170886
1.115301
1.207860
1.274335
1.109117
1.260911
1.219389
1.165241
1.053268
1.018776
1.253913
1.158829
1.133244
1.019092
1.206311
1.018393
1.167842
1.054148
1.152624
0.992085
1.202826
0.992175
1.053263
1.173042
1.110781
1.118090
1.116288
1.164491
1.049967
1.030184
1.194814
1.036453
0.976048
1.233172
1.102621
1.099728
0.999863
1.153291
0.995978
0.914984
1.183236
1.196707
1.016592
0.998481
0.975794
0.940977
1.080330
1.067442
1.157228
1.170228
1.013674
1.019297
1.056803
0.981921
1.088384
0.975180
0.958275
1.233191
1.248103
1.131921
1.030871
1.008333
1.147492
1.056892
1.285769
1.271607
1.030852
1.118396
1.004092
1.124305
1.094797
1.291050
1.212638
1.109444
1.124399
1.242718
1.079234
1.266498
1.129608
1.126346
1.212497
1.108695
1.262703
1.168586
1.103415
1.198052
1.144107
1.142650
1.114241
1.183562
1.026380
1.150622
1.067798
1.239882
1.022605
1.314884
1.035306
1.083930
1.044616
1.234725
1.115360
1.182307
1.121108
1.121483
1.189752
1.031158
1.016739
1.007933
0.953728
1.142777
1.031614
0.910006
1.069027
1.014437
1.117562
1.174553
1.173580
1.058299
1.081986
1.093728
1.149639
1.014812
1.054723
1.081238
1.098368
1.047623
1.312213
1.241235
1.077881
1.160596
1.108175
1.228145
1.035240
1.169438
1.068968
1.194855
1.138321
1.197603
1.282334
1.220132
1.041449
1.069500
1.246438
0.987614
0.965753
1.217505
1.148292
0.987341
1.146877
1.150756
1.031315
1.076601
1.143857
1.002478
1.105305
1.162579
1.211886
0.996967
1.197505
1.051191
1.224005
1.031580
1.118004
1.252969
1.293754
1.275801
1.010249
1.114417
1.217605
1.125277
1.232836
1.131157
1.091869
1.218701
1.112629
1.023947
1.058545
1.083116
1.076261
0.971009
0.990549
1.063165
0.969538
1.093329
1.185435
1.122887
1.106863
1.096545
1.047885
1.015085
1.062234
1.319445
0.906281
1.053827
1.135689
1.214623
1.075274
0.925551
1.191174
1.039577
1.188097
1.073023
0.973782
1.085024
1.062694
1.125490
1.284706
1.130489
0.966607
1.017547
1.124214
1.077047
1.118414
1.297265
1.025521
1.037351
1.219155
1.164423
1.086501
0.981964
1.258243
1.140114
0.981675
0.989708
1.124326
1.001760
1.095787
1.100462
1.208236
1.208870
1.216920
1.032385
0.880518
1.174608
1.114463
1.181663
1.041813
0.979806
1.094763
1.113273
0.966056
1.012609
0.978166
0.903320
1.303282
1.013045
1.157167
0.994439
0.999331
0.991853
1.103117
1.010928
1.247599
1.116664
1.060834
1.115455
1.037336
1.084976
1.070659
1.043946
1.035969
1.061768
1.024021
1.133677
1.048821
1.060145
1.103887
1.033532
1.083300
1.091121
1.084761
0.948609
1.059293
1.149327
1.203364
1.159068
1.227562
1.198976
1.002831
1.170667
1.078038
1.118260
1.068931
1.193129
1.086540
1.187958
1.114360
1.007520
1.213276
1.080710
1.135277
1.100935
1.141079
1.008003
1.018278
0.992480
1.248833
0.944114
1.050335
0.932789
1.204674
1.118893
1.108188
1.206729
1.116161
1.217784
1.095833
1.069371
1.324148
1.129315
1.104527
1.072438
1.342753
1.273065
1.068151
1.167519
1.110920
1.105254
1.008013
1.167707
1.280678
1.085514
1.097613
1.083258
0.909794
1.218797
1.089500
1.081920
0.922363
1.180505
1.140589
1.187046
1.091552
1.049266
1.147352
0.889003
1.145235
1.063069
1.016622
1.088063
1.084161
0.993505
1.150138
1.103031
1.213617
0.990802
1.064761
1.214859
0.814921
0.945362
0.979247
0.976008
1.114951
1.048089
1.110702
1.197932
1.135029
1.027763
1.196540
1.010836
1.219412
1.093178
1.094768
1.149524
1.183322
0.985268
0.874838
1.032042
1.150792
1.103277
1.058293
1.159603
1.155794
0.978293
1.093484
1.032012
1.070378
1.170007
1.243296
1.034582
0.978898
1.027194
1.046476
1.056378
1.159593
1.123580
0.999472
1.178720
0.955765
1.143997
1.166089
1.134763
1.171175
1.067394
1.214853
0.958213
1.117045
1.194214
1.142392
1.001206
1.012006
1.010262
0.943015
1.054407
0.953585
1.215665
0.991350
1.107643
1.077693
0.884924
1.030989
0.974829
0.983090
0.957878
1.207077
0.962522
0.956525
1.207487
1.092633
0.976824
1.260421
1.018653
0.967439
1.120562
1.055073
0.934226
0.985828
1.014984
1.121411
1.045927
1.116382
1.052005
1.056763
1.160622
1.060435
1.010363
1.378915
1.029563
1.008090
1.103314
0.965772
1.138275
1.145344
1.042757
1.035660
1.060260
1.042719
1.152917
0.930540
0.976057
1.061139
1.236367
0.980823
1.063372
1.022392
0.971984
1.002440
0.940021
0.983194
0.956039
0.954254
0.985932
1.077091
1.213271
0.929683
1.016533
1.040131
0.974570
1.024736
1.106655
1.110476
1.005694
1.072619
1.029447
1.116808
0.836995
1.032126
1.125149
1.065423
1.178808
1.093676
1.063277
1.098707
1.057810
1.027473
1.179259
1.109157
1.155851
0.931458
1.050641
1.002778
1.068439
1.079443
1.018185
1.099713
0.978868
1.113777
1.004606
1.074144
1.040148
0.975774
1.236338
1.069322
0.938104
1.180853
1.138279
1.023563
1.190995
1.108814
1.001108
1.110238
1.107091
1.147933
0.982229
1.164615
1.185470
1.102048
1.117454
1.000569
1.109303
1.125450
1.126424
1.142030
1.212521
1.046690
1.304848
0.962045
0.834691
1.021232
1.062370
1.192624
1.031078
1.080317
1.054883
1.004702
1.160748
1.255894
0.960064
1.221092
1.196816
0.941253
1.161657
1.126328
1.174907
1.031534
0.979705
1.122617
1.015693
1.106104
1.037334
1.044062
1.112876
0.976977
0.946622
1.018674
1.080070
0.905826
1.045986
1.125091
1.002870
1.015424
0.985390
1.137769
1.243571
1.062621
1.142671
1.087175
1.043496
1.092120
1.071813
1.007598
1.016389
1.073690
1.110849
1.019686
1.114241
0.892346
1.050000
0.976789
1.014169
0.881197
1.143020
1.028496
1.398618
1.057500
1.075060
1.048699
1.171513
1.079366
1.049320
1.224829
1.342795
0.944245
1.146406
1.034460
1.156294
1.151570
1.015457
1.223579
1.014865
1.020985
1.083613
1.313889
1.005042
1.035432
1.052007
1.089057
1.102818
1.142522
0.962832
1.180029
1.099328
1.024522
1.152046
1.053567
1.042056
0.960009
0.971245
0.933637
1.118936
0.930125
0.936036
1.159592
1.031230
1.027541
1.136210
1.132583
0.945573
0.954903
0.899776
1.336793
0.915307
1.120586
0.897252
0.947931
1.101561
1.179278
1.066001
0.949006
1.156057
1.016571
0.948066
1.134055
1.116728
0.953731
0.976624
1.108423
0.921905
1.034859
1.079167
1.009391
1.052773
1.153172
1.049312
1.055299
1.077235
1.016310
1.196271
1.102692
1.068439
0.985431
1.037428
1.045245
1.111484
1.139495
1.080774
0.953736
0.984837
1.071646
1.079885
1.012049
1.011197
1.134015
1.208136
0.977880
1.313462
1.165951
1.300699
1.034134
1.104429
1.022172
1.120225
1.005656
0.886008
1.046172
1.016954
0.985520
1.019726
1.071802
1.042827
1.049936
1.079840
0.910396
1.110305
1.087942
1.182509
0.967961
0.925118
0.847085
1.091055
1.054091
1.118788
1.084702
1.085706
1.030359
1.057106
0.965352
0.930410
1.160426
1.144921
1.080065
1.262165
1.075817
1.148410
0.832475
1.141136
0.904863
1.063171
1.042660
1.170759
1.150684
1.155807
1.000333
1.091387
1.039097
1.083261
1.059714
1.074076
0.926748
1.065565
0.954658
1.071905
1.233107
0.996641
0.873186
1.072470
0.915279
0.997162
0.932261
0.966980
1.093440
0.955883
1.030556
1.009556
0.864733
1.214218
1.340672
1.114722
0.939640
1.052156
1.186241
1.146865
0.979201
1.126124
1.102578
1.227834
0.915231
0.947451
0.962749
0.940860
1.011817
0.920994
0.971060
0.933063
1.077793
1.125046
1.150818
1.014443
1.039327
1.081205
1.299463
1.146107
0.893595
0.992525
1.178188
1.016073
0.840826
0.920023
1.033158
1.122158
1.128547
0.826474
1.186370
1.056709
0.968761
1.034165
1.205579
1.132812
1.024645
1.001750
0.880772
0.887642
0.972725
1.028974
0.990944
0.823199
1.062326
1.100715
1.091731
0.947801
0.856517
1.372603
1.112298
0.961377
1.001796
1.098378
1.292814
1.021440
1.131099
1.089734
1.130929
0.986584
1.062304
0.994016
1.026234
1.147097
1.216064
0.911627
0.930102
1.107007
0.983500
0.889851
1.002914
1.170189
0.977082
1.023850
0.956727
1.116133
1.070142
1.031978
1.038921
1.147736
0.979400
0.902091
0.979033
1.057619
1.103405
1.031305
1.157760
1.059590
0.995377
1.093271
0.948139
0.884628
0.961702
1.032940
0.948638
1.119009
1.065986
0.964240
1.056868
0.956644
0.904427
0.939654
1.024427
1.140717
1.187374
0.812852
1.123532
1.056381
1.008347
1.145862
1.061750
1.097570
1.016923
1.127132
0.996830
0.926005
1.085401
1.002445
1.243057
1.139975
1.071962
1.152268
0.978649
1.050987
1.002267
0.896593
1.112736
1.115958
1.139163
1.015036
0.890862
0.949745
0.978842
1.086007
0.932688
0.989161
0.956451
0.946340
1.171561
1.072258
0.889467
0.968354
1.030519
0.969638
0.981154
1.010437
0.942664
1.204699
1.036373
1.155781
1.034718
0.916704
0.955963
0.975150
0.950119
0.964994
1.184515
1.058302
1.005138
1.068471
1.069569
0.867997
0.851494
1.050984
1.092551
1.135206
1.034666
1.159212
1.145087
1.009053
0.906559
1.136257
1.046410
1.070318
0.999031
1.154240
0.979322
1.054768
1.049761
0.922150
0.888673
0.888862
0.954392
1.089786
0.956596
1.214623
0.868649
0.971319
0.978559
1.093706
0.894204
1.281052
0.815404
0.964669
1.006827
0.963989
1.002532
0.927136
0.931702
1.163298
1.149295
0.918282
1.089024
1.045374
1.000689
0.900573
1.007839
0.902665
1.022001
1.094527
1.090523
1.107176
0.959221
1.063916
1.023245
1.081514
0.998713
0.962496
1.026557
1.034081
1.012870
1.056542
1.134817
0.928414
1.145403
1.043997
1.179729
1.117324
1.106343
1.023396
0.994596
0.891760
1.106924
0.914429
0.890853
1.094849
0.933672
0.964117
0.876526
1.017201
0.887933
1.166945
1.003266
0.971306
1.029572
1.150693
1.189017
1.009341
0.908825
1.059660
0.901772
1.066676
1.013774
0.973048
0.986869
0.918049
1.080835
0.990704
1.113999
0.937990
1.022331
0.988206
0.984320
1.001620
0.896134
1.004979
0.923260
0.743116
1.046597
1.027089
0.978229
1.010637
0.926321
1.038381
1.123245
0.961074
1.028157
0.847488
0.977250
1.022788
1.139553
1.113952
1.045125
0.953216
1.080577
1.029652
0.897412
1.047510
1.058220
1.131936
1.112983
1.070218
0.976641
1.096753
1.035240
1.218377
1.001019
1.080892
1.063871
1.147660
1.038821
1.206544
1.171822
0.978278
1.081442
0.888712
0.954959
1.084029
0.995725
0.914313
0.958521
1.018953
0.968699
1.054580
1.059779
0.957763
1.058922
0.809015
0.972204
1.061038
0.995612
1.159218
0.925704
1.060579
0.984387
1.088514
0.906537
0.959119
0.999300
0.864682
1.113241
0.980652
0.888042
0.954113
1.111298
1.087144
0.860594
0.986072
0.877813
1.022523
0.966763
0.979721
1.113509
0.979818
0.938348
1.166854
1.022171
0.959512
1.139571
0.952261
0.891150
1.079430
1.007311
1.117760
0.837412
0.898479
0.940794
0.988308
1.040240
1.159761
1.020764
0.908095
0.932034
1.035430
0.902711
1.073625
0.910103
1.074783
1.015710
1.010147
0.958091
0.980616
1.112100
0.982201
0.924963
1.045326
1.025182
1.063908
1.114559
0.977310
1.098292
0.908795
1.061278
0.972271
0.986481
0.922924
0.996620
0.914792
0.915821
0.994454
1.023539
0.991733
1.060388
1.101902
0.874134
1.009257
1.061506
1.035163
1.008328
1.203866
0.994675
1.007220
0.925880
0.834040
0.804257
1.053435
1.013577
1.020962
0.878447
0.980431
1.038999
1.036715
1.037061
1.064002
1.031878
0.989591
1.057132
1.143284
0.998785
1.030552
0.968717
0.960490
1.044755
0.995829
0.982963
0.916971
1.011543
1.031065
0.984962
1.047415
0.978371
1.049792
1.010977
0.915875
1.083876
1.114541
0.886791
1.073102
1.013778
1.064508
1.014657
1.079600
0.913008
0.943092
1.049807
1.008861
0.912493
1.245935
1.007453
0.899815
0.937239
0.901288
0.906169
0.983452
0.940825
1.117257
0.859521
0.982045
0.833372
0.959737
1.022162
0.931895
1.027678
0.961022
0.934071
1.057161
0.957539
1.068660
1.137054
0.900509
1.040880
1.049065
0.824506
0.931875
1.062139
1.023786
0.934057
0.993813
1.063786
0.913975
0.912052
0.879986
0.890274
0.858337
0.993610
0.925630
0.987341
0.904922
0.833605
0.878480
1.143387
0.941735
0.967398
0.872671
0.811295
0.936343
0.918615
1.038826
0.974371
0.818294
1.028850
0.871096
0.948878
1.016298
0.859638
0.945043
1.057985
0.951986
0.923651
1.113244
1.012780
1.000356
1.159025
0.885963
0.941738
0.981282
0.972769
0.949169
0.911027
1.134933
1.007390
0.952416
0.924498
0.973963
0.735214
1.060879
0.912705
0.873114
1.034333
0.897697
0.914757
0.914190
0.928214
0.828490
1.017045
0.902819
1.009081
0.905973
1.104918
0.878845
1.059957
1.176914
1.058764
0.926095
0.972417
1.033811
1.110586
0.886545
0.950997
0.916079
1.021820
0.928518
0.902839
0.996376
0.886499
1.097268
0.872531
0.857969
0.999788
1.039892
1.077294
0.873822
0.899086
0.965692
1.047163
0.670623
0.980330
0.945835
0.952636
0.998970
1.085639
0.990053
1.101118
0.783493
1.038450
0.817681
0.954850
0.994574
0.964590
0.882014
0.992762
0.878832
0.873157
1.052902
0.923794
1.235672
1.025320
0.878087
0.972940
1.332141
1.100017
0.948536
0.994819
0.981725
0.838666
1.042583
0.868969
1.082150
0.940054
0.972429
1.044895
0.992944
1.170752
1.073847
0.967442
0.860294
0.962287
1.076839
1.151081
1.001997
1.032133
0.852720
0.894884
1.064262
0.890763
0.780401
0.900394
0.895532
1.033341
0.793102
0.922512
0.811316
1.053245
0.944967
1.056799
1.134843
0.859015
0.915393
0.919252
0.860473
0.954750
1.072625
0.917365
1.136857
1.027443
0.977264
0.927662
1.111054
0.968730
0.897371
0.843197
0.891473
1.023263
1.052523
1.076929
0.923099
1.034166
1.089287
0.974081
0.872610
1.015423
0.914995
0.845105
0.921979
1.113362
0.910372
1.014166
1.145846
0.943593
0.998356
0.974178
1.004114
0.904922
1.003177
0.898832
1.011397
1.005379
0.978020
1.058818
0.912388
1.000737
0.912333
0.911419
1.070995
0.945659
1.046472
1.085977
0.970741
0.981058
0.867627
0.879142
0.894234
1.034132
0.794531
0.937921
0.981560
1.003820
0.938552
1.083022
1.127454
1.057942
1.050494
1.007894
0.879088
0.933489
0.980189
0.930304
0.952377
1.121971
0.975601
0.970453
0.965898
1.040226
1.002817
0.884935
0.933147
1.030380
0.886804
0.994553
0.955496
1.097878
1.001968
0.951829
0.932541
1.041205
0.950058
0.986100
1.102590
0.876639
0.881691
1.030094
0.986239
0.795609
0.872570
1.094683
0.956316
0.955143
0.837045
1.239014
0.873161
0.929458
0.993202
0.967474
0.779152
0.982253
0.994323
1.075665
0.956155
0.920331
0.865147
0.950971
0.777914
1.155399
1.054930
0.932681
0.977073
0.887122
1.043301
0.897176
0.813004
0.928202
0.921156
0.981527
1.062438
0.874827
0.924778
0.966278
0.907571
0.910120
0.995199
0.967231
0.815815
0.994393
0.962276
0.772855
0.962469
0.786872
0.968198
0.967360
0.930041
1.079223
0.871085
1.047790
0.983078
0.943107
1.032836
0.905370
0.926387
0.846097
0.944319
0.924666
0.843544
0.996917
1.090291
0.996632
0.914226
1.015721
1.060428
0.903365
1.171235
0.970720
0.844485
0.733067
0.993452
1.016473
0.805244
0.919561
1.142484
1.036720
0.965739
1.029210
0.773727
0.892777
0.991336
0.906353
1.023535
1.189534
0.960570
1.012964
1.059428
0.945647
0.934614
0.886395
1.008330
1.076072
0.807397
0.978071
0.965392
1.075713
0.962640
0.882105
0.829156
0.958799
0.960520
0.962619
0.954131
0.901675
0.856563
0.961594
1.033623
0.969397
1.073064
0.995102
0.844302
0.844285
0.975826
1.092679
0.759553
0.947971
0.899937
0.964193
0.979051
1.036149
1.037326
0.761837
0.919353
0.933949
0.942805
1.103880
1.058706
1.002777
0.792875
0.947677
1.040986
0.957488
0.886401
0.855527
0.932614
0.920763
0.930339
0.934244
0.878613
0.921876
0.969793
1.183422
0.904925
0.934237
0.911122
0.935705
0.896363
0.797554
1.066604
0.883865
0.902678
0.958212
0.818995
1.063567
0.956059
0.951680
0.983076
1.061610
0.872542
0.870730
0.843263
1.009913
0.835536
0.850082
0.881956
0.941250
1.012354
0.967440
0.886110
0.830210
0.978092
0.938926
1.071353
0.949558
0.730105
0.964307
1.068030
1.030058
0.885707
0.858197
0.957656
1.028816
0.883486
0.832719
0.972096
0.901643
0.869600
0.913826
0.907496
1.034938
0.882926
0.864282
0.992980
0.988632
0.884312
0.768112
0.753424
0.901061
0.833312
1.002875
1.060233
1.037750
0.893749
0.848263
1.033250
1.131177
0.939483
0.948130
1.041627
0.986039
1.100606
1.053571
0.951534
0.893787
0.938121
0.976461
0.905517
0.997207
1.024315
0.816371
0.977835
0.999381
0.937046
0.970375
0.870229
0.925233
0.986663
1.069815
0.910485
1.061974
0.974873
0.854926
0.817981
0.950675
0.893877
0.907458
0.878788
1.023071
0.939801
0.919084
1.133655
0.938178
0.938384
1.064627
0.976466
1.218315
0.901037
1.024336
1.122888
0.935980
0.770712
0.950444
0.963879
1.007547
0.886173
0.888794
0.882886
1.015218
0.912682
0.851337
0.913276
0.957157
0.955348
0.988735
0.874951
0.967309
1.075684
1.006524
0.826008
0.897779
1.042007
1.046231
0.832679
0.979801
0.937852
0.756044
0.961987
1.038798
0.734248
1.059557
0.956181
0.962804
0.930302
0.898551
0.910616
0.868650
0.890180
0.859352
0.932796
0.803359
0.898607
0.870906
0.866703
1.020871
0.973200
0.936401
1.014836
1.112880
0.818415
1.063527
0.832655
0.880842
1.090459
1.120027
0.945012
0.918431
0.767209
0.896949
0.802020
0.901931
1.065895
0.895753
0.866788
0.973677
0.955498
0.918454
0.872679
0.981324
0.831981
0.941349
0.916081
1.085656
0.762761
0.925852
0.751093
1.220835
0.810257
0.952475
1.025941
0.888772
0.915248
0.857058
0.942245
1.050536
0.824681
0.969133
0.909375
0.832869
1.058318
1.029356
1.047940
0.903908
0.879169
1.081337
0.881526
0.891180
0.995525
1.110857
0.902862
0.934585
0.943164
0.937651
1.022422
0.935543
0.895840
1.043691
1.081657
0.966612
0.931161
0.975775
0.908780
1.052844
0.847175
1.019610
0.964710
0.867683
0.939438
0.936653
1.057645
0.854406
0.973982
0.807632
1.072981
0.873289
0.945876
0.888872
1.011112
0.935691
0.945963
1.002415
0.943981
0.842117
0.944515
1.046685
0.801009
0.807701
0.889010
0.970662
0.813604
0.871987
1.096060
0.922283
0.891196
0.906672
0.911665
0.898419
0.845560
1.083089
1.093385
0.899160
0.916141
0.942036
0.976960
1.096353
0.905213
0.921507
0.951955
0.840936
0.906486
0.909221
0.836802
0.843999
0.951296
0.944159
0.937873
0.946689
0.804346
1.098626
0.892028
0.974206
0.869222
0.789617
0.976069
0.956976
0.982813
0.917973
0.810942
0.893022
0.716445
1.022288
0.889860
0.847142
0.920736
0.994605
0.965446
0.947830
0.935095
0.885359
1.019463
0.845532
0.903102
0.937468
0.997931
0.813184
0.977649
1.078631
1.001092
0.802706
1.049721
0.997881
0.978239
0.928196
0.804436
0.884379
0.832896
0.952100
0.857475
0.953089
0.881704
0.892855
0.894797
0.829605
0.896255
0.926115
1.076332
1.036914
0.803033
1.075602
0.887097
0.935266
0.894116
0.934894
1.025979
0.876274
0.915264
0.878720
0.867783
0.998817
0.908933
0.984343
0.833168
0.758924
0.679309
0.823303
0.946419
0.860763
0.931815
1.003888
0.823879
0.916095
0.930298
0.895909
0.758344
0.919305
1.078405
0.883566
0.692229
0.950271
0.874166
0.798589
1.112756
0.959615
0.792282
0.912214
0.892799
0.842125
0.729960
0.926080
0.828091
0.832177
0.861367
0.885784
0.918213
0.961529
0.971828
1.082552
0.979347
0.986936
1.004341
0.917019
0.883013
1.055136
0.826164
0.837185
0.861301
0.926927
0.954034
0.887981
0.797963
0.821136
0.847559
1.128622
0.904435
0.863986
0.724235
0.889048
0.733010
0.966864
0.924868
0.848799
0.992297
0.908275
0.867490
0.999821
1.028751
0.967028
0.968653
0.833470
1.000730
0.758346
0.959896
0.921370
0.857473
1.108572
0.837009
0.958343
0.879071
0.873907
1.021106
0.812694
1.060398
0.952286
0.883008
0.733502
0.907714
0.979103
0.827379
0.944871
0.887250
0.936897
0.773346
0.972155
1.018892
0.767211
0.922170
0.852856
0.970010
0.923225
0.759954
0.839279
1.139928
0.936906
0.769137
0.800698
0.761174
0.835687
0.981422
0.865575
0.721677
0.813467
0.776288
0.836194
1.069618
0.942272
0.753803
0.882685
1.030281
0.851328
0.851114
0.913150
0.887473
0.965264
1.017019
0.854351
0.858516
0.982741
0.996995
0.835622
0.840247
0.931676
0.895701
0.836688
0.786509
0.768399
0.925449
0.896326
0.850476
0.933785
1.024009
0.980260
1.020574
1.023965
0.905677
0.876084
0.913579
0.718745
0.851964
1.099473
0.940555
0.843397
0.982404
1.040970
0.969969
0.747819
0.867622
0.929074
0.728782
0.876260
0.948451
0.968410
0.901821
0.851872
0.896054
1.054969
0.880129
1.036172
0.941544
0.849783
0.847401
1.027804
0.804791
1.042931
0.751472
0.931026
0.817826
0.837446
0.929971
0.936387
0.834049
0.768837
0.761595
0.762081
0.788681
1.063447
1.026550
0.841132
0.908455
0.806066
0.745695
0.987028
1.036176
0.858104
1.100323
0.985908
0.959792
0.963164
0.906069
1.010109
0.763063
0.935580
0.910275
1.050914
1.030812
0.874732
0.788520
0.798402
0.944513
0.838502
1.053489
0.864678
0.766703
0.920437
1.045178
0.917649
0.801322
0.908924
0.958392
0.732818
0.891248
0.816018
0.970327
0.822092
0.929991
0.933357
0.793097
0.895373
1.092876
0.886567
0.932691
0.871317
0.831536
0.896683
1.048805
0.802290
0.870896
0.772228
0.919739
0.928946
0.867336
0.866725
0.956206
0.827891
0.740362
0.784060
0.835704
0.855439
0.788156
0.783547
0.920720
0.760897
0.808164
0.959444
0.931643
1.129342
0.783612
0.898198
0.985646
0.872277
0.793739
0.997245
0.854560
0.812015
0.817098
0.996939
0.925550
0.809273
0.778578
0.901662
0.973133
0.684471
0.808772
0.851910
0.820407
0.851746
0.877264
0.919599
0.790652
0.846439
0.913408
0.827638
1.044002
0.850823
0.828980
0.834003
0.809095
0.978764
0.968376
0.980387
1.041485
0.957843
0.748046
0.970920
0.889036
0.966938
0.782307
0.905984
0.681961
0.828565
0.867054
0.921918
0.884940
0.943429
0.940950
0.798175
0.852691
0.772025
0.941107
1.014414
0.929314
0.784060
0.995712
0.933761
1.003769
0.985837
0.957590
0.962525
0.785499
1.112511
0.915190
0.734182
0.940951
0.961428
0.834525
0.855304
1.051227
1.085129
0.857083
1.027887
0.790547
0.832819
0.954822
0.841360
0.885185
0.836966
1.036591
0.757667
0.840984
0.889716
0.918810
0.898677
0.854327
0.983277
0.899134
0.943021
0.736239
0.775002
0.854918
0.867550
0.965628
0.936173
0.852868
0.901387
0.716627
0.918051
0.985387
0.693649
1.037057
0.726470
0.832288
0.749913
0.923658
0.763443
0.826133
0.699307
0.809579
0.875013
0.944454
0.904664
0.857211
0.720734
0.973581
0.864239
0.901167
0.763077
0.857305
0.923074
0.924989
0.957365
0.840901
0.831992
0.987363
0.691767
0.807477
0.938994
0.979534
0.971271
0.859237
0.849321
0.987377
0.902039
0.868794
0.912306
0.826535
0.957524
1.054838
0.775401
0.871654
0.925823
1.017363
0.825563
0.957608
0.790261
0.946100
0.925058
0.797622
0.760263
0.837241
0.814871
0.933918
0.898019
0.892457
0.990315
1.004844
0.819699
0.810569
0.804305
0.880230
0.990049
0.786064
0.769869
0.830539
0.874784
0.882348
0.893464
0.763865
0.741822
0.805194
0.750590
0.897049
0.884324
0.943798
1.022655
0.804584
0.737205
0.905122
0.978240
0.945965
0.801250
0.933802
0.881765
0.730597
0.900527
0.794907
0.874453
0.860062
0.787174
0.773859
0.941451
0.773149
0.875679
0.778117
0.940633
0.955562
0.927810
1.029818
0.830575
0.877250
0.796791
0.829414
0.829262
0.838325
0.811558
0.709022
0.698846
0.805391
0.908057
0.812179
0.783531
0.727150
1.061743
0.723436
0.859483
0.945356
0.735751
0.993522
1.088169
0.922424
0.925576
0.799791
1.002708
0.828119
0.951514
0.957286
0.849943
0.920751
0.890084
0.934352
0.942408
0.792897
0.776861
0.869758
0.856598
0.857350
0.742235
1.085241
0.876089
0.847677
1.053985
1.062698
0.804069
0.843327
1.158877
0.869568
0.823513
0.821895
0.948954
0.718116
0.888705
0.776860
0.907879
0.859345
0.793609
0.908222
0.768095
0.938817
0.861328
0.779940
0.987143
0.859029
0.776684
0.849906
0.832522
0.866023
0.739732
0.765765
0.833561
0.801933
0.906810
0.945914
1.016520
0.748429
0.864357
0.855199
0.857610
0.760696
0.785300
0.803811
0.815665
1.207763
0.970105
0.745245
0.923737
0.795457
1.036383
0.838894
0.937990
0.960976
0.812638
0.953601
0.961429
0.736753
0.900594
0.861720
1.153988
0.928766
1.059603
0.816216
0.743602
0.787188
0.740355
0.875545
0.984182
0.828113
0.685408
0.958900
0.783898
0.768799
0.867815
0.942012
0.872474
0.874879
0.875755
0.680041
0.799388
0.985077
0.919986
0.970068
0.959714
0.749149
0.962481
0.844685
0.956482
0.898138
0.860651
0.760109
1.065753
0.918956
0.840251
0.941686
0.829595
0.720436
0.730342
0.636398
0.791038
0.945598
0.922474
0.753216
0.866210
0.803987
0.777844
0.877149
0.826929
0.839889
0.803236
0.938848
0.782322
0.833447
0.713067
0.875082
0.846537
0.879782
0.846105
0.863977
0.822617
0.815780
0.781407
0.842177
1.049995
0.966382
0.946284
0.873096
0.747301
0.745549
0.814245
0.869848
0.896362
0.796907
0.888003
0.776409
0.922716
1.011772
0.822401
0.787643
0.859342
0.857885
0.834658
0.881771
0.906317
0.850646
0.768847
0.863624
0.771153
0.876742
0.870504
0.775478
0.766752
0.917338
0.807034
0.681054
0.895016
0.840940
0.747923
1.052878
1.015049
0.811583
0.725934
0.786716
0.917721
0.792099
0.742867
1.008964
0.775623
0.722060
0.689376
1.028816
0.823917
0.764209
0.798288
0.802971
0.683706
0.873619
0.840154
0.890161
0.750556
0.725591
0.891126
0.959882
0.722232
0.748669
0.759404
0.669955
0.982256
0.905122
0.915882
1.066223
0.810618
1.067054
0.910286
0.895524
0.983085
0.815465
0.800478
0.910140
0.852517
0.767250
0.854391
0.795321
0.780121
0.885225
0.868737
0.930660
0.874612
0.846303
0.864844
0.796984
0.779678
0.887309
0.808357
0.732732
0.852975
0.878101
0.893378
0.869363
0.822215
0.757872
0.867842
0.790325
0.845389
0.962972
0.872089
0.917410
0.998684
0.858853
0.747698
0.815058
1.035873
0.742748
0.777352
0.883846
0.668935
0.694814
0.794932
0.977282
0.787630
0.902721
1.025519
0.776586
0.868992
0.940585
0.871480
0.842496
0.890854
0.803372
0.840715
0.877953
0.797213
0.796514
0.880035
0.882010
0.975365
0.843084
0.721164
0.733953
0.851787
0.774358
0.844238
0.820615
0.781221
0.976439
0.805215
0.808678
0.845781
0.711715
0.832643
0.824044
0.742049
0.801705
0.690727
0.849510
0.951616
0.955384
0.795052
0.958500
0.730383
0.734270
0.873020
0.738168
0.815863
0.832664
0.731588
0.706136
0.854210
0.809341
0.965229
0.863107
0.816094
0.891194
0.882638
0.774073
0.733740
0.967428
0.692607
0.740888
0.784925
0.875052
0.826009
0.818523
0.846616
0.764402
0.832107
0.782387
0.728685
0.815211
0.775475
0.790035
1.011313
0.983623
0.780545
0.836524
0.750931
0.770266
0.791291
1.040979
0.856777
0.691618
0.771122
0.810326
0.860801
0.793344
1.026922
0.831956
0.930888
0.821795
0.855106
0.919875
0.970740
0.863547
0.955833
0.752442
0.773129
0.909796
0.795452
0.872061
0.813081
0.977894
0.896999
0.870446
0.909370
0.872911
0.817236
0.986591
0.813015
0.756069
0.928735
0.838567
0.820925
0.847196
0.812924
0.822647
0.817383
0.782078
0.807748
0.824667
0.845360
0.813845
0.897393
0.696280
0.944384
0.906752
0.848812
0.963037
0.824076
0.805808
0.841418
0.795112
0.708054
0.651311
0.833123
0.901733
0.973853
0.932232
0.852532
0.884583
0.886152
0.735600
1.026187
0.847526
0.888238
0.938168
0.753506
0.735551
0.879177
0.821801
0.844995
0.889305
0.830995
0.796299
0.820607
0.859272
0.765409
0.799319
0.794963
0.791575
0.878289
0.661597
0.884453
0.725130
0.839009
0.719151
0.832018
0.710267
0.818543
0.957004
0.814313
0.738427
0.916930
0.975922
0.877089
0.757344
0.791879
0.849919
0.703978
0.769041
0.877632
0.861884
0.860814
0.899273
0.798456
0.830500
0.805499
0.800434
0.829432
0.776075
0.849307
0.868227
0.737255
0.728889
0.851419
0.772054
0.780845
0.743898
0.861910
0.918962
0.755127
0.742119
0.791811
0.991522
1.030702
0.783030
0.739323
0.739400
0.989137
0.764486
0.980846
0.903404
0.677674
0.738043
0.704829
0.668936
0.845296
0.842773
0.743398
0.715185
0.777888
0.888760
0.782871
0.958056
0.834993
0.840285
1.006227
0.727402
0.862236
0.788275
0.895318
0.755657
0.799551
0.933598
0.819202
0.891066
0.892484
0.834958
0.889075
0.799399
0.806206
0.863829
0.844882
0.731383
0.865282
0.888791
0.835850
0.700906
0.829503
0.906090
0.924136
0.819311
0.766501
0.799078
0.788362
0.811105
0.729061
0.703240
0.822914
0.806911
0.868797
0.741887
0.725471
0.959477
0.772190
0.663740
0.875649
0.736502
0.592839
0.699424
0.742146
0.948706
0.850943
0.820363
0.876187
0.932675
0.924214
0.949774
0.711801
0.826055
0.986139
0.711830
0.872759
0.825060
0.823813
0.686734
0.942427
0.805608
0.828913
0.832207
0.893775
0.702725
0.995676
0.941452
0.770573
0.813634
0.767065
0.780372
0.869707
0.765309
0.714166
0.850338
0.885508
0.713905
0.862195
0.855630
0.778406
0.754454
0.825135
0.703255
0.764033
0.812720
0.741680
0.911070
0.763944
0.772960
0.795068
0.817456
0.767153
0.967575
0.885565
0.855901
0.849904
0.780665
0.742006
0.812589
0.942162
0.725250
0.917673
0.696499
1.009481
0.848240
0.852045
0.760993
0.910270
0.718195
0.821848
0.854493
0.899152
0.838098
0.827731
0.651870
0.786314
0.846668
0.919819
0.700260
0.553220
0.919680
0.849748
0.767465
0.668427
0.899192
0.862207
0.871730
0.917701
0.695591
0.901543
0.674580
0.758259
0.841857
0.665703
0.871225
0.645247
0.810725
0.746471
0.718269
0.867114
0.682018
0.751728
0.751952
0.934224
0.808040
0.764615
0.793876
0.810604
0.714061
0.809547
0.829126
0.856715
0.729308
0.901942
0.927223
1.004948
0.795362
0.975634
0.764924
0.802830
0.752824
0.771780
0.686343
0.716126
0.845066
0.933220
0.832787
0.869239
0.742743
0.876190
0.808778
0.923048
0.864790
0.893254
0.824776
0.832795
0.986335
0.977151
0.895791
0.906361
0.762920
0.830380
0.715201
0.663674
0.734179
0.862071
0.731460
0.796108
0.821165
0.810031
0.882799
0.724262
0.937174
0.888320
0.799390
0.756231
0.655710
0.663777
0.790000
0.822436
0.948698
0.912682
0.741707
0.771921
0.897236
0.845782
1.102470
0.703878
0.874253
0.904108
0.844311
0.673686
0.808080
0.638280
0.779323
0.795538
0.626258
0.786912
0.776437
0.764106
0.674494
0.831279
0.664369
0.826072
0.880189
0.769970
0.994041
0.801387
0.704247
0.863826
0.803191
0.699071
0.882086
0.842537
0.796096
0.833205
0.822296
0.837776
0.920307
0.887152
0.732861
0.765450
0.775925
0.736910
0.840677
0.749793
0.833359
0.927366
0.803877
0.815063
0.879602
0.923057
0.766164
0.722757
0.825227
0.695617
0.810597
0.699336
0.782856
0.956738
0.926499
0.834076
0.732090
0.849461
0.764309
0.806415
0.911023
0.651921
0.694100
0.768017
0.788725
0.767827
0.812572
0.725302
0.778765
0.823081
0.828486
0.869578
0.905758
0.684462
0.834153
0.872243
0.641279
0.855835
0.849627
0.947813
0.874600
0.913245
0.869823
0.625564
0.888383
0.794196
0.683990
0.845699
0.822382
0.591484
0.781709
0.759328
0.913835
0.712629
0.601121
0.730185
0.872222
0.875361
0.794577
0.816870
0.674010
0.748677
0.811689
0.840076
0.685527
0.832756
0.686526
0.804575
0.766451
0.745710
0.683964
0.773496
0.746445
0.879988
0.870602
0.883161
0.834891
0.830039
0.752038
0.814969
0.862927
0.859414
0.663738
0.755696
0.801420
0.840056
0.816664
0.683129
0.749991
0.720654
0.832731
0.812336
0.789143
0.962872
0.811401
0.657898
0.749553
0.872784
0.816862
0.750967
0.893672
0.917090
0.928871
0.763253
0.793990
0.827481
0.718390
0.680033
0.718739
0.737498
0.635722
0.757541
0.858050
0.885987
0.760388
0.858718
0.719038
0.922481
0.941675
0.724556
0.897473
0.824196
0.831322
0.852907
0.881471
0.934667
0.932190
0.916499
0.907700
0.767002
0.794782
0.693650
0.733382
0.615184
0.853691
0.687949
0.846063
0.724250
0.660598
0.678286
0.841551
0.745999
0.762627
0.787518
0.905408
0.821778
0.746360
0.609928
0.745972
0.862036
0.862968
0.890171
0.920750
0.735371
0.710207
0.738025
0.833545
0.667329
0.857245
0.801708
0.795205
0.690381
0.778137
0.806523
0.763264
0.961151
0.718638
0.710530
0.722238
0.805273
0.799812
0.797249
0.785347
0.929683
0.734832
0.865101
0.807856
0.706277
0.696975
0.742738
0.757627
0.771233
0.705886
0.783772
1.025901
0.899572
0.748522
0.958101
0.855269
0.821053
0.745835
0.812305
0.736392
0.772588
0.812508
0.847206
0.931227
0.881582
0.733444
0.753770
0.649830
0.786192
0.765938
0.810237
0.768108
0.832397
0.852396
0.759736
0.765815
0.887476
0.797902
0.660923
0.689656
0.611113
0.869324
0.907127
0.803925
0.796094
0.884588
0.711342
0.841122
0.766603
0.754225
0.751577
0.825010
0.651346
0.723176
0.918936
0.690177
0.837491
0.737403
0.793736
0.819310
0.654933
0.789802
0.812981
0.991678
0.638023
0.701056
0.783407
0.764895
0.787391
0.688269
0.848226
0.639637
0.919665
0.780885
0.796024
0.756274
0.673746
0.806956
0.852081
0.773167
0.756691
0.984854
0.739743
1.006353
0.839479
0.618632
0.626367
0.708062
0.956752
0.725319
0.798227
0.769543
0.758284
0.911375
0.754394
0.785697
0.773526
0.632563
0.641728
0.741717
0.664017
0.893667
0.959290
0.742866
0.796722
0.762358
0.813093
0.719535
0.733056
0.953697
0.832587
0.956884
0.784076
0.817699
0.824559
0.705400
0.889229
0.703908
0.766146
0.729871
0.618422
0.769447
0.794740
0.861281
0.716240
0.785547
0.784941
0.720930
0.871203
0.787887
0.762829
0.683141
0.791415
0.778978
0.779501
0.695594
0.833758
0.705361
0.741394
0.909751
0.698738
0.738709
0.661374
0.581473
0.713487
0.713484
0.724306
0.646566
0.945283
0.704756
0.933168
0.802574
0.793324
1.004494
0.728798
0.692607
0.895226
0.811649
0.716607
0.602895
0.566126
0.687028
0.743761
0.715039
0.816420
0.634704
0.718680
0.665057
0.727509
0.946951
0.737488
0.896500
0.722972
0.823236
0.746533
0.947405
0.766617
0.848469
0.846444
0.994802
0.747217
0.706306
0.889456
0.936715
0.949571
0.852764
0.828606
0.803334
0.969446
0.715531
1.055511
0.936781
0.919793
0.720875
0.766146
0.772171
0.668295
0.741330
0.872838
0.627691
0.743613
0.672134
0.776356
0.781256
0.781292
0.761153
0.773355
0.732668
0.821388
0.835318
0.696814
0.668851
0.694256
0.761317
0.876132
0.738953
0.691729
0.842712
0.821496
0.787960
0.800278
0.736524
0.947600
0.745114
0.781129
0.827417
0.752242
0.803810
0.744745
0.809755
0.938721
0.812610
0.799786
0.776177
0.749637
0.629308
0.782606
0.745108
0.889330
0.742083
0.689390
0.882760
0.627304
0.769003
0.798402
0.800732
0.729125
0.780923
0.820959
0.775295
0.766644
0.779327
0.688795
0.808735
0.768666
0.823371
0.792038
0.812881
0.744824
0.745288
0.900698
0.817149
0.731990
0.714179
0.804684
0.749237
0.890772
0.723526
0.741997
0.752274
0.654171
0.693567
0.742883
0.623681
0.813911
0.767634
0.713577
0.746855
0.753174
0.635790
0.701272
0.624332
0.775219
0.716665
1.031684
0.711777
0.693038
0.849525
0.726914
0.795523
0.750294
0.687887
0.688955
0.916653
0.740811
0.713176
0.660916
0.770546
0.770464
0.729354
0.797884
0.766235
0.719866
0.831610
0.812326
0.776035
0.766665
0.705209
0.624557
0.562488
0.748136
0.607205
0.719418
0.767588
0.740990
0.704139
0.835607
0.825463
0.743618
0.714382
0.623909
0.763390
0.825448
0.791171
0.861695
0.677173
0.918179
0.773483
0.699819
0.615638
0.675514
0.899432
0.675743
0.638524
0.723702
0.666552
0.720277
0.710869
0.699083
0.625782
0.676705
0.738798
0.874081
0.764878
0.691300
0.819978
0.679571
0.780905
0.732615
0.798378
0.813925
0.895085
0.799953
0.665922
0.647918
0.815008
0.769776
0.723677
0.648078
0.766988
0.880745
0.687745
0.768735
0.826590
0.710690
0.840871
0.832568
0.879854
0.840783
0.777436
0.824023
0.783375
0.708958
0.736134
0.792205
0.829424
0.770615
0.703848
0.853789
0.647566
0.779865
0.673045
0.845385
0.746394
0.690722
0.653674
0.833262
0.852048
0.918317
0.662392
0.885705
0.662458
0.741656
0.913396
0.775212
0.894976
0.741624
0.745821
0.691234
0.678443
0.696630
0.684536
0.729572
0.787965
0.739188
0.840508
0.847302
0.827561
0.646159
0.677245
0.772810
0.619371
0.781133
0.898251
0.737291
0.779191
0.682164
0.606679
0.738982
0.640835
0.679248
0.727160
0.703978
0.890283
0.667516
0.766661
0.734918
0.712569
0.859753
0.800367
0.739588
0.837161
0.760273
0.589012
0.604709
0.742300
0.883923
0.820712
0.787297
0.880816
0.833492
0.935691
0.884005
0.865446
0.667461
0.932704
0.743554
0.649067
0.697544
0.781496
0.736254
0.652589
0.986036
0.648473
0.776052
0.839808
0.728184
0.789124
0.893354
0.823615
0.607708
0.747011
0.690860
0.733422
0.760058
0.813368
0.619461
0.741616
0.895698
0.856132
0.720784
0.742033
0.698632
0.717910
0.756675
0.854532
0.768037
0.843529
0.688333
0.670458
0.848655
0.720933
0.814118
0.740096
0.887979
0.749708
0.812119
0.720685
0.631122
0.647687
0.880728
0.783144
0.823916
0.676095
0.830058
0.739844
0.843929
0.672750
0.923825
0.827553
0.744170
0.664196
0.727090
0.685287
0.737894
0.700049
0.879008
0.782386
0.655000
0.756555
0.690348
0.820902
0.655656
0.750655
0.713818
0.783457
0.778582
0.711420
0.805756
0.793798
0.879132
0.916920
0.675482
0.923421
0.651474
0.775865
0.711587
0.833878
0.874599
0.726990
0.758661
0.741202
0.748322
0.822700
0.752586
0.786802
0.737431
0.716584
0.728403
0.629677
0.739739
0.750973
0.812780
0.851503
0.679606
0.792599
0.540492
0.712439
0.808001
0.726028
0.746315
0.705732
0.818611
0.572254
0.837702
0.728041
0.674693
0.676842
0.641030
0.820804
0.655282
0.803096
0.878588
0.639630
0.652503
0.802111
0.731537
0.592347
0.853662
0.711983
0.796018
0.791016
0.791048
0.729687
0.816144
0.693336
0.657471
0.888455
0.624385
0.691838
0.778744
0.781020
0.818741
0.719138
0.871629
0.694695
0.731706
0.606459
0.679527
0.790142
0.724118
0.762561
0.668474
0.764735
0.848692
0.831598
0.667283
0.682893
0.772395
0.806356
0.718545
0.672076
0.603625
0.834285
0.795139
0.725842
0.695806
0.733984
0.791729
0.624950
0.753390
0.800023
0.762674
0.850493
0.720878
0.597746
0.610192
0.801203
0.562566
0.744283
0.727338
0.779953
0.781017
0.648436
0.643005
0.677050
0.746576
0.656203
0.775775
0.650975
0.766598
0.621688
0.879496
0.681561
0.666767
0.529932
0.746173
0.814420
0.672630
0.775280
0.781054
0.739131
0.611076
0.694563
0.857687
0.767837
0.815042
0.767122
0.814270
0.634510
0.688957
0.642579
0.674093
0.784334
0.597307
0.732983
0.708347
0.697289
0.785244
0.730529
0.652989
0.684781
0.682567
0.758485
0.654262
0.835768
0.744165
0.603685
0.670961
0.806597
0.864761
0.719199
0.527605
0.890672
0.741436
0.705706
0.737797
0.784641
0.920026
0.745789
0.700462
0.759606
0.788737
0.772524
0.789871
0.705960
0.732710
0.736936
0.710039
0.801178
0.527699
0.898265
0.972138
0.713025
0.670539
0.664751
0.756561
0.779048
0.753535
0.715700
0.814349
0.740077
0.698439
0.701385
0.821567
0.743343
0.641111
0.642573
0.804261
0.698209
0.685976
0.694007
0.807126
0.831514
0.733825
0.629653
0.729149
0.731693
0.766200
0.851887
0.554922
0.666303
0.780983
0.690427
0.808851
0.689882
0.717801
0.670735
0.596896
0.712776
0.616598
0.746927
0.689466
0.756645
0.734718
0.616843
0.705302
0.675899
0.790450
0.716706
0.714645
0.766072
0.890077
0.871953
0.681820
0.700493
0.690127
0.863116
0.736212
0.669211
0.611689
0.799137
0.666430
0.908492
0.707857
0.667026
0.808342
0.813492
0.870923
0.678867
0.810073
0.560822
0.721070
0.676321
0.827284
0.793426
0.615905
0.685149
0.742665
0.662295
0.685124
0.690022
0.697956
0.721204
0.634771
0.848170
0.655963
0.759838
0.629220
0.623168
0.860693
0.685929
0.852968
0.646122
0.584225
0.755381
0.686326
0.604006
0.658307
0.751993
0.731074
0.823658
0.608649
0.693142
1.000188
0.634078
0.854863
0.727629
0.559037
0.680912
0.773279
0.769478
0.682674
0.698960
0.896265
0.767010
0.710361
0.732917
0.606029
0.717639
0.658661
0.647792
0.745778
0.800111
0.847516
0.742631
0.613764
0.826853
0.714962
0.724248
0.630631
0.930753
0.611575
0.648613
0.775703
0.810673
0.733092
0.750489
0.594106
0.721599
0.774234
0.657002
0.910692
0.831832
0.745869
0.701656
0.762324
0.841310
0.612387
0.806062
0.889819
0.760929
0.734198
0.680461
0.710434
0.699344
0.813863
0.667239
0.833725
0.753774
0.865731
0.616906
0.880600
0.699003
0.724677
0.613588
0.837119
0.679064
0.786938
0.636032
0.772918
0.705879
0.749280
0.746479
0.832908
0.689461
0.710299
0.854261
0.608733
0.787706
0.699276
0.761225
0.725649
0.734898
0.742482
0.710189
0.585148
0.889872
0.737322
0.645951
0.685934
0.871788
0.699116
0.810819
0.663486
0.647635
0.678341
0.820555
0.756828
0.668553
0.580849
0.715596
0.846411
0.829233
0.692808
0.732613
0.767239
0.808880
0.633950
0.733534
0.742668
0.692641
0.661177
0.627829
0.768367
0.873586
0.781721
0.954382
0.828154
0.777847
0.651361
0.644567
0.687489
0.715564
0.706913
0.749723
0.837388
0.804374
0.757596
0.792118
0.803341
0.578596
0.728250
0.663356
0.692717
0.874214
0.604424
0.884347
0.715044
0.695909
0.666223
0.721543
0.754232
0.575706
0.759725
0.596231
0.636275
0.620958
0.605634
0.622446
0.658506
0.772619
0.731230
0.794235
0.565460
0.710054
0.659009
0.632075
0.814548
0.692151
0.798317
0.670533
0.857731
0.763602
0.636297
0.619422
0.680804
0.723411
0.696703
0.744042
0.684969
0.738176
0.581921
0.645632
0.619221
0.738035
0.626110
0.817240
0.533572
0.711040
0.654269
0.663735
0.597380
0.734766
0.734896
0.715994
0.690269
0.714321
0.732340
0.777132
0.711917
0.797223
0.684993
0.707980
0.723794
0.825464
0.575379
0.793113
0.678261
0.679378
0.724075
0.690380
0.621055
0.582531
0.797916
0.604804
0.782734
0.586936
0.632985
0.657861
0.693931
0.753812
0.779818
0.713783
0.734347
0.618071
0.759900
0.669993
0.616394
0.643269
0.770390
0.562838
0.673104
0.740038
0.700721
0.635969
0.679223
0.596816
0.598097
0.653678
0.832338
0.661832
0.902295
0.889044
0.594160
0.782622
0.672628
0.751166
0.725841
0.799637
0.598557
0.812890
0.602084
0.812050
0.759854
0.762755
0.877487
0.824513
0.599304
0.650965
0.682572
0.889465
0.770198
0.685375
0.657554
0.791305
0.829671
0.702822
0.734411
0.630195
0.731120
0.598002
0.838618
0.856115
0.646104
0.732631
0.795424
0.620216
0.784073
0.773307
0.727949
0.612229
0.862357
0.618078
0.710312
0.711878
0.664807
0.742781
0.667024
0.644169
0.812881
0.663593
0.818454
0.758767
0.789666
0.708125
0.723546
0.704960
0.732869
0.852093
0.639353
0.630879
0.730647
0.763374
0.559415
0.791483
0.581594
0.732095
0.812250
0.607111
0.685882
0.692688
0.885660
0.609997
0.764041
0.633232
0.653838
0.735428
0.787750
0.593661
0.829461
0.749155
0.665863
0.732271
0.724350
0.689232
0.682442
0.661290
0.658687
0.722414
0.773437
0.633265
0.616111
0.625134
0.792491
0.583754
0.839152
0.714382
0.486400
0.842559
0.827779
0.787502
0.678941
0.671865
0.778876
0.856396
0.805567
0.726060
0.821189
0.527650
0.659137
0.705660
0.644287
0.735678
0.675195
0.724866
0.847591
0.759160
0.600167
0.653432
0.676730
0.733689
0.582354
0.662815
0.754746
0.543215
0.678546
0.618498
0.697667
0.873984
0.740044
0.692631
0.695217
0.678016
0.693504
0.632417
0.608538
0.631396
0.648004
0.722743
0.729559
0.724253
0.665758
0.708765
0.932503
0.855274
0.774471
0.742525
0.777668
0.757393
0.713313
0.746697
0.734165
0.738169
0.765664
0.584485
0.648448
0.651744
0.778803
0.868079
0.786177
0.718216
0.785468
0.657747
0.648860
0.821717
0.642715
0.725236
0.748669
0.687936
0.733796
0.764136
0.622419
0.695744
0.673509
0.579186
0.726550
0.767912
0.795181
0.707242
0.578769
0.881239
0.757610
0.727957
0.937268
0.724898
0.606638
0.753155
0.627468
0.738033
0.703392
0.736410
0.572001
0.647316
0.696092
0.731000
0.690644
0.664048
0.626103
0.702410
0.680047
0.604310
0.619748
0.551798
0.594219
0.699789
0.613126
0.668444
0.719872
0.600935
0.735420
0.735867
0.644388
0.774712
0.535697
0.617329
0.675728
0.732284
0.647126
0.692464
0.690300
0.763101
0.630888
0.658665
0.795389
0.757103
0.850507
0.577378
0.594553
0.579390
0.654810
0.709155
0.652854
0.660836
0.656962
0.633586
0.745488
0.869862
0.797859
0.752113
0.736405
0.745874
0.627544
0.679163
0.600506
0.605123
0.736056
0.783355
0.690435
0.646845
0.709139
0.569521
0.802360
0.712337
0.685535
0.558641
0.849857
0.563723
0.697940
0.766055
0.624140
0.675961
0.819131
0.790760
0.566823
0.743490
0.697275
0.636649
0.558270
0.775633
0.606244
0.915371
0.703831
0.657088
0.617927
0.728660
0.579332
0.812707
0.679447
0.742441
0.617693
0.587156
0.635120
0.875202
0.643787
0.807122
0.750838
0.582626
0.610903
0.616019
0.610547
0.650702
0.579280
0.656889
0.645865
0.641896
0.711362
0.687713
0.770341
0.688508
0.443784
0.555257
0.591127
0.804348
0.646491
0.728156
0.652624
0.598635
0.681431
0.714808
0.572922
0.705518
0.615215
0.623288
0.691909
0.649400
0.686220
0.598980
0.617446
0.734668
0.753392
0.648840
0.705936
0.528395
0.858959
0.627012
0.589636
0.659198
0.572673
0.728390
0.813982
0.755638
0.652375
0.597281
0.650197
0.638033
0.859999
0.700726
0.691713
0.624145
0.564605
0.571172
0.776046
0.745657
0.648637
0.686634
0.601607
0.728958
0.658185
0.757111
0.700209
0.546676
0.709711
0.623617
0.759815
0.611414
0.607856
0.684813
0.726997
0.720396
0.715045
0.589970
0.502545
0.808967
0.723346
0.646471
0.851061
0.661331
0.673822
0.770223
0.786493
0.719037
0.553833
0.661021
0.681805
0.644642
0.848683
0.516144
0.640289
0.677966
0.659213
0.849025
0.815308
0.727062
0.679552
0.562711
0.799269
0.840180
0.707009
0.777222
0.850214
0.748300
0.708117
0.699720
0.639706
0.696136
0.711691
0.523705
0.656511
0.619097
0.679905
0.707533
0.574367
0.790938
0.788788
0.737312
0.699367
0.596568
0.729805
0.711118
0.668785
0.767347
0.586293
0.747475
0.637823
0.710427
0.817838
0.679542
0.702501
0.613749
0.577531
0.550376
0.701580
0.480300
0.780394
0.614659
0.803274
0.622282
0.738272
0.751745
0.576834
0.692205
0.576319
0.601341
0.881808
0.678400
0.686868
0.495636
0.627003
0.808007
0.668005
0.640803
0.695599
0.748401
0.784478
0.639030
0.680069
0.658130
0.848109
0.689349
0.821735
0.646429
0.641879
0.673366
0.688930
0.574971
0.648814
0.607663
0.707036
0.878990
0.638201
0.715673
0.599929
0.591481
0.760091
0.694454
0.599356
0.598367
0.707394
0.750749
0.666659
0.688280
0.704079
0.580870
0.645382
0.644845
0.691834
0.643964
0.856963
0.620127
0.860142
0.645374
0.792316
0.657247
0.839642
0.753758
0.652132
0.620250
0.720154
0.613841
0.691774
0.742235
0.646330
0.852701
0.785870
0.572410
0.650624
0.843161
0.659383
0.671040
0.577198
0.703625
0.695107
0.701158
0.874538
0.723019
0.803362
0.710636
0.648250
0.548395
0.668051
0.707891
0.687314
0.594901
0.693649
0.673249
0.549878
0.706537
0.798060
0.535964
0.595236
0.509562
0.595438
0.691747
0.689105
0.664619
0.686629
0.584240
0.754897
0.650980
0.805712
0.754765
0.835752
0.873521
0.583194
0.629645
0.588614
0.782398
0.611865
0.659921
0.789971
0.772343
0.754327
0.719419
0.685539
0.553380
0.851278
0.680021
0.754261
0.688267
0.636495
0.788611
0.736727
0.624554
0.690216
0.695207
0.627066
0.648394
0.903844
0.721198
0.860515
0.835179
0.571305
0.648685
0.607396
0.686903
0.625682
0.505840
0.517713
0.612079
0.843105
0.827788
0.710438
0.709453
0.614164
0.553524
0.865249
0.737434
0.688978
0.573303
0.816940
0.756626
0.571152
0.695914
0.636108
0.657363
0.762052
0.663988
0.727731
0.599940
0.728258
0.646311
0.620325
0.641521
0.735316
0.679625
0.629179
0.770324
0.629607
0.641612
0.662213
0.688887
0.692771
0.775032
0.632686
0.785719
0.537144
0.647743
0.689730
0.635261
0.668451
0.641725
0.690081
0.781857
0.589885
0.731461
0.699303
0.709278
0.729442
0.702594
0.519096
0.516473
0.658839
0.563499
0.604292
0.648034
0.451210
0.627276
0.649417
0.705420
0.512932
0.744095
0.699682
0.606357
0.682166
0.625958
0.525075
0.744106
0.691447
0.730315
0.601281
0.801629
0.708335
0.682688
0.648735
0.687727
0.800490
0.592091
0.711687
0.712217
0.571366
0.755485
0.658118
0.600916
0.695177
0.615664
0.731170
0.784018
0.732404
0.658196
0.585884
0.632183
0.585362
0.604159
0.692002
0.578111
0.612003
0.541543
0.661218
0.713636
0.789499
0.593728
0.657406
0.779785
0.683802
0.555679
0.660884
0.599284
0.687410
0.761231
0.509868
0.666461
0.610184
0.840594
0.557916
0.534800
0.776433
0.613712
0.593122
0.701692
0.584007
0.727907
0.630568
0.791972
0.774722
0.556933
0.680637
0.577687
0.657003
0.621375
0.716102
0.586987
0.657661
0.716470
0.653211
0.720349
0.622051
0.672886
0.650215
0.677153
0.748568
0.544236
0.695569
0.506067
0.706539
0.723504
0.601264
0.528360
0.563154
0.656599
0.549029
0.581184
0.658104
0.622245
0.582790
0.659798
0.720432
0.732990
0.669991
0.853966
0.594071
0.632880
0.673531
0.633606
0.534649
0.634133
0.809912
0.625217
0.692115
0.580200
0.528593
0.552342
0.574708
0.643793
0.683308
0.659127
0.698517
0.680178
0.613411
0.699038
0.611232
0.550940
0.710440
0.624135
0.632519
0.708780
0.815597
0.622609
0.621166
0.803918
0.720289
0.637768
0.663442
0.631967
0.589967
0.505762
0.803916
0.591795
0.556813
0.750057
0.487371
0.675505
0.649828
0.600787
0.697248
0.809213
0.685536
0.600893
0.622806
0.709281
0.678319
0.663895
0.624183
0.671237
0.679965
0.661537
0.656100
0.683043
0.585934
0.721398
0.649999
0.626857
0.672527
0.794230
0.625218
0.695549
0.491455
0.688966
0.568260
0.793634
0.652331
0.659627
0.648812
0.651122
0.729246
0.653445
0.718281
0.719450
0.569236
0.517377
0.831056
0.627612
0.701936
0.711083
0.680473
0.575955
0.680573
0.512544
0.772518
0.648468
0.525423
0.766210
0.778532
0.595383
0.801191
0.638340
0.728955
0.722891
0.598531
0.611005
0.659145
0.627758
0.676949
0.622263
0.751572
0.723171
0.690215
0.725345
0.638892
0.641970
0.671636
0.726811
0.681146
0.696229
0.778417
0.685276
0.667924
0.485321
0.718287
0.683780
0.696677
0.769029
0.645499
0.633621
0.666979
0.728531
0.569234
0.559102
0.627355
0.567762
0.688663
0.675517
0.444583
0.754700
0.526522
0.617163
0.653247
0.545722
0.579108
0.702421
0.745054
0.710387
0.510365
0.706182
0.616691
0.613597
0.619286
0.832750
0.697323
0.581082
0.672123
0.742016
0.692708
0.645755
0.610648
0.702039
0.643668
0.629023
0.485360
0.702302
0.669220
0.640472
0.822656
0.786224
0.599562
0.689515
0.821868
0.585329
0.761392
0.774869
0.658236
0.560955
0.605902
0.679501
0.672983
0.505251
0.721825
0.717600
0.729873
0.572037
0.677732
0.626148
0.678579
0.680799
0.560186
0.614501
0.802719
0.516173
0.839249
0.676481
0.695534
0.575462
0.588428
0.595205
0.721782
0.670949
0.769672
0.638551
0.665797
0.705514
0.643847
0.658156
0.606627
0.658556
0.617513
0.645200
0.899141
0.731310
0.666958
0.575024
0.553504
0.833310
0.572464
0.472033
0.749866
0.603356
0.665491
0.601511
0.587136
0.726720
0.730521
0.815330
0.615899
0.635360
0.586665
0.681283
0.684663
0.629109
0.722499
0.687926
0.614711
0.616345
0.609734
0.648947
0.633598
0.653282
0.654183
0.621228
0.638637
0.617147
0.766667
0.813712
0.638129
0.628396
0.699738
0.714689
0.671783
0.587005
0.624006
0.773899
0.605275
0.853830
0.566410
0.499878
0.762763
0.578155
0.538745
0.684544
0.784017
0.734892
0.598998
0.832868
0.729981
0.554728
0.580594
0.701089
0.613842
0.543970
0.708323
0.815096
0.636938
0.648355
0.700020
0.603301
0.598598
0.681065
0.640691
0.652222
0.572351
0.650920
0.730160
0.588842
0.590180
0.659359
0.627585
0.463516
0.596557
0.605540
0.715744
0.655841
0.766141
0.597108
0.746686
0.613844
0.614630
0.573290
0.665244
0.603861
0.692432
0.582553
0.669521
0.746463
0.623995
0.676102
0.780623
0.658777
0.579268
0.700128
0.556184
0.565279
0.565086
0.573668
0.636523
0.592349
0.677998
0.525496
0.680083
0.550153
0.679956
0.698856
0.781856
0.766526
0.656003
0.661200
0.655022
0.574179
0.612222
0.690712
0.676575
0.641472
0.590247
0.728608
0.671922
0.641579
0.570157
0.667042
0.503680
0.625783
0.662839
0.547644
0.609444
0.657888
0.622385
0.667340
0.714230
0.624677
0.676744
0.622898
0.675808
0.706257
0.525280
0.693280
0.620348
0.707567
0.747182
0.626655
0.685741
0.680541
0.666071
0.691948
0.631543
0.707929
0.665920
0.550337
0.801186
0.747963
0.547736
0.490660
0.631785
0.764170
0.578224
0.608897
0.561519
0.634630
0.719389
0.574364
0.645164
0.609606
0.454199
0.843305
0.521381
0.712828
0.819942
0.616582
0.535670
0.584629
0.843303
0.571312
0.572085
0.585299
0.666744
0.574206
0.926051
0.702642
0.593263
0.494857
0.585747
0.687897
0.624494
0.633744
0.532423
0.632249
0.598900
0.711889
0.739366
0.639314
0.671846
0.640287
0.694953
0.581054
0.629794
0.727296
0.607890
0.541032
0.651965
0.732958
0.516901
0.753012
0.679728
0.554771
0.792452
0.678167
0.539705
0.750058
0.601758
0.635974
0.616166
0.604505
0.558882
0.766854
0.564258
0.728034
0.575123
0.677807
0.748031
0.624763
0.619251
0.589605
0.596461
0.628697
0.576529
0.582488
0.600289
0.584802
0.770694
0.636128
0.587400
0.535105
0.668640
0.468824
0.636054
0.682099
0.659911
0.529122
0.631057
0.593001
0.634504
0.707982
0.781892
0.632918
0.582812
0.574271
0.576838
0.537060
0.576870
0.681871
0.444112
0.610263
0.720222
0.630283
0.527483
0.636082
0.512331
0.687322
0.749775
0.770820
0.703402
0.685946
0.737575
0.667188
0.669271
0.589733
0.748521
0.733193
0.544780
0.773109
0.683086
0.565419
0.619603
0.619146
0.556148
0.667569
0.651088
0.574259
0.606017
0.699864
0.624092
0.656703
0.560563
0.669579
0.569507
0.771480
0.792178
0.598154
0.688991
0.606313
0.587110
0.722992
0.752957
0.539125
0.534347
0.671158
0.672939
0.650281
0.670708
0.589516
0.678111
0.724785
0.638311
0.687119
0.641808
0.572605
0.650480
0.489021
0.575904
0.538317
0.620878
0.756517
0.559537
0.704312
0.563715
0.592137
0.683365
0.640880
0.735069
0.677036
0.567597
0.592641
0.797948
0.755604
0.625087
0.636029
0.538600
0.746008
0.751278
0.514471
0.531883
0.693254
0.732580
0.502520
0.607738
0.565069
0.614188
0.628309
0.628805
0.761608
0.588383
0.583377
0.812472
0.618227
0.679499
0.757664
0.785139
0.689496
0.640797
0.799198
0.762955
0.564823
0.673631
0.525655
0.699594
0.626093
0.659022
0.786553
0.747877
0.611172
0.730292
0.614108
0.645897
0.701248
0.706265
0.527849
0.735153
0.753654
0.751206
0.682031
0.615730
0.600345
0.595621
0.551009
0.700564
0.599962
0.598421
0.699088
0.536379
0.686352
0.586717
0.522764
0.761739
0.815863
0.782109
0.668215
0.597258
0.606558
0.532827
0.574678
0.778339
0.620053
0.596104
0.665281
0.714869
0.502621
0.582363
0.598297
0.528416
0.645696
0.773305
0.627587
0.749633
0.670712
0.449413
0.483051
0.687769
0.670369
0.570867
0.709036
0.588975
0.646301
0.618428
0.585041
0.691643
0.451880
0.683569
0.627757
0.625355
0.525062
0.547730
0.709707
0.775732
0.859205
0.562660
0.571716
0.605667
0.630955
0.626508
0.614543
0.591110
0.742142
0.519153
0.493762
0.709423
0.799143
0.580570
0.516249
0.741373
0.595568
0.550444
0.562176
0.618328
0.633492
0.563565
0.594279
0.624654
0.615011
0.670955
0.727100
0.639934
0.639318
0.640531
0.661114
0.655489
0.706495
0.614200
0.644685
0.618446
0.605675
0.437170
0.546112
0.568155
0.765836
0.553876
0.818801
0.690960
0.691318
0.719268
0.831692
0.635298
0.678326
0.587119
0.608710
0.668771
0.585230
0.771386
0.575996
0.536380
0.638428
0.604622
0.660999
0.531708
0.749581
0.572405
0.580418
0.814488
0.657649
0.561412
0.552942
0.524933
0.626286
0.688328
0.705783
0.631158
0.607376
0.556586
0.504784
0.694838
0.573595
0.570518
0.590293
0.601522
0.627955
0.582888
0.659089
0.663067
0.586322
0.572376
0.614876
0.555864
0.720553
0.535549
0.608806
0.607837
0.481187
0.691190
0.714732
0.658952
0.682399
0.514921
0.712889
0.657775
0.753426
0.781183
0.598445
0.486876
0.513593
0.720644
0.674110
0.608675
0.584341
0.721619
0.820309
0.508885
0.556560
0.600380
0.918488
0.753474
0.660120
0.735307
0.733952
0.654647
0.620431
0.576993
0.615000
0.676387
0.588673
0.625083
0.589580
0.664467
0.821773
0.692791
0.773287
0.510412
0.668821
0.577736
0.634502
0.578939
0.674800
0.591468
0.567922
0.640050
0.588880
0.637030
0.634188
0.587887
0.758466
0.626554
0.699177
0.539159
0.570668
0.596389
0.657367
0.598688
0.667468
0.652324
0.611900
0.554911
0.624829
0.596620
0.589658
0.614787
0.592049
0.606531
0.560117
0.647820
0.462453
0.586587
0.545572
0.668712
0.629789
0.600279
0.750896
0.651311
0.575509
0.489350
0.608952
0.633999
0.756815
0.666626
0.479529
0.572527
0.682987
0.672134
0.696670
0.606238
0.511011
0.598367
0.657520
0.659534
0.706025
0.666317
0.439666
0.702408
0.759410
0.584473
0.569900
0.547448
0.692899
0.518712
0.771799
0.679498
0.704472
0.615482
0.541618
0.571228
0.712746
0.649311
0.721108
0.631583
0.678367
0.617095
0.566643
0.585904
0.608948
0.560653
0.574781
0.631908
0.611388
0.605629
0.713874
0.590821
0.636509
0.520923
0.660064
0.578311
0.690919
0.549967
0.690076
0.661240
0.719201
0.545482
0.563803
0.608123
0.452618
0.640845
0.615799
0.608220
0.684697
0.495882
0.701523
0.613776
0.576384
0.694616
0.592482
0.719960
0.573814
0.722111
0.565834
0.572540
0.728186
0.478140
0.650970
0.617016
0.569889
0.555984
0.693513
0.654468
0.537870
0.614282
0.584579
0.565418
0.583387
0.758294
0.729511
0.541774
0.780593
0.521353
0.717062
0.648943
0.507393
0.840899
0.596671
0.619029
0.602262
0.550463
0.821400
0.734742
0.565640
0.725606
0.556699
0.674430
0.510030
0.696922
0.696842
0.616244
0.611632
0.566366
0.527036
0.619560
0.693779
0.550130
0.628057
0.673223
0.598631
0.614549
0.617508
0.614785
0.685108
0.652016
0.576338
0.511935
0.574512
0.619743
0.635503
0.688555
0.680001
0.563801
0.624337
0.598388
0.603026
0.753775
0.593604
0.487304
0.558619
0.531319
0.665053
0.533095
0.644781
0.877613
0.645499
0.573559
0.617375
0.554724
0.577665
0.575276
0.574866
0.558230
0.690923
0.570370
0.748272
0.431806
0.618297
0.667446
0.490519
0.580135
0.536738
0.782991
0.617718
0.538254
0.664733
0.567116
0.635254
0.543533
0.638353
0.694679
0.607380
0.584110
0.673364
0.606528
0.593088
0.524305
0.621157
0.574400
0.601607
0.611355
0.486151
0.614080
0.540182
0.642748
0.703642
0.541360
0.625495
0.600393
0.636319
0.616373
0.706622
0.610342
0.624869
0.634360
0.576263
0.523449
0.652152
0.657472
0.568157
0.635232
0.542821
0.654258
0.486739
0.541070
0.512770
0.553750
0.635596
0.627407
0.532164
0.643420
0.517013
0.494312
0.807154
0.658327
0.543294
0.530595
0.562202
0.712062
0.501048
0.670412
0.559491
0.637462
0.577406
0.725058
0.614602
0.699251
0.639312
0.790531
0.650229
0.585460
0.866941
0.648433
0.700173
0.569159
0.628903
0.683950
0.658479
0.637984
0.647848
0.596985
0.659786
0.673009
0.472700
0.640014
0.547757
0.493618
0.832422
0.669702
0.676999
0.594305
0.749033
0.587256
0.735952
0.721888
0.616062
0.562563
0.717242
0.553793
0.733970
0.662013
0.692351
0.512797
0.540517
0.687003
0.579380
0.778336
0.589069
0.555697
0.736789
0.560730
0.736639
0.651609
0.552815
0.536105
0.699918
0.533363
0.554921
0.676031
0.641614
0.685750
0.535278
0.632414
0.608552
0.653531
0.577445
0.655312
0.588033
0.579813
0.522714
0.705828
0.758323
0.579236
0.599725
0.547621
0.536010
0.683993
0.548364
0.600037
0.567170
0.610834
0.559917
0.583068
0.640923
0.633119
0.544220
0.634943
0.668081
0.533898
0.555104
0.644633
0.693934
0.690408
0.654996
0.682257
0.587866
0.570647
0.518223
0.541540
0.688779
0.639106
0.457549
0.711876
0.678914
0.859968
0.633303
0.536685
0.744900
0.603885
0.645663
0.646644
0.772016
0.815169
0.501215
0.565658
0.782500
0.690086
0.592939
0.492093
0.542789
0.499029
0.628712
0.645281
0.595465
0.875298
0.720474
0.525981
0.619744
0.719486
0.586829
0.507986
0.663441
0.554522
0.588761
0.720616
0.630857
0.624646
0.501959
0.694417
0.685815
0.680255
0.613920
0.665951
0.733373
0.581372
0.639153
0.563944
0.598354
0.573434
0.604436
0.606635
0.616385
0.640569
0.605181
0.567773
0.602349
0.713843
0.560219
0.603785
0.648858
0.588767
0.566460
0.686735
0.573262
0.556048
0.556086
0.596755
0.605647
0.522663
0.611192
0.545943
0.640269
0.609346
0.618291
0.782023
0.597002
0.489129
0.604605
0.705462
0.569706
0.660182
0.677050
0.698993
0.690259
0.477893
0.718813
0.707254
0.577219
0.444402
0.605871
0.587890
0.650272
0.531186
0.603981
0.583810
0.649216
0.573160
0.609279
0.637430
0.778420
0.633897
0.690381
0.560295
0.484702
0.626063
0.656568
0.557818
0.685064
0.704219
0.561076
0.495141
0.605609
0.524584
0.610626
0.617767
0.585622
0.517682
0.607257
0.760313
0.464465
0.577474
0.535315
0.477995
0.605250
0.579204
0.622064
0.591581
0.466173
0.661777
0.550443
0.482790
0.567783
0.583411
0.699228
0.625460
0.665788
0.581424
0.644680
0.646424
0.600006
0.562164
0.687573
0.506316
0.695754
0.585151
0.442771
0.459752
0.652982
0.598414
0.593749
0.674391
0.651249
0.752536
0.485328
0.594343
0.623467
0.719928
0.454306
0.705208
0.576742
0.587555
0.563136
0.563745
0.649992
0.637734
0.701215
0.502884
0.484044
0.598549
0.600544
0.559559
0.645768
0.607995
0.574911
0.698748
0.697517
0.642755
0.753451
0.690745
0.667054
0.629925
0.672102
0.516092
0.543624
0.637429
0.557939
0.670009
0.548622
0.657331
0.698536
0.558767
0.597992
0.658409
0.508112
0.757697
0.629016
0.630126
0.562390
0.492936
0.524832
0.654154
0.535205
0.554299
0.471931
0.535883
0.623642
0.762720
0.589296
0.566140
0.641567
0.560830
0.540752
0.653289
0.628196
0.689981
0.508325
0.580841
0.789777
0.645288
0.625411
0.590249
0.586412
0.669013
0.575458
0.569153
0.549386
0.570924
0.675175
0.618142
0.807693
0.559561
0.642783
0.638781
0.645601
0.720335
0.731801
0.647755
0.559966
0.531264
0.657979
0.804773
0.588614
0.577185
0.686094
0.580192
0.626833
0.466714
0.598977
0.558130
0.459064
0.676437
0.598370
0.710734
0.626469
0.591328
0.589313
0.561147
0.554108
0.590737
0.553254
0.661163
0.694029
0.580525
0.548866
0.523893
0.598185
0.606315
0.733463
0.656992
0.600173
0.624113
0.693624
0.611920
0.545254
0.709229
0.719230
0.562664
0.564401
0.575366
0.681509
0.517534
0.539022
0.533850
0.705355
0.543751
0.646809
0.682549
0.573401
0.635662
0.617933
0.521524
0.663770
0.587628
0.691707
0.658718
0.709359
0.534702
0.592864
0.498215
0.545977
0.513133
0.555968
0.789583
0.569444
0.653537
0.650232
0.646087
0.517969
0.631566
0.541826
0.496062
0.607758
0.714577
0.641036
0.507414
0.623901
0.561950
0.618628
0.645460
0.479393
0.547581
0.662351
0.645295
0.627250
0.605575
0.578123
0.507864
0.590824
0.608820
0.562871
0.571182
0.506495
0.593949
0.540679
0.723697
0.598072
0.582458
0.588861
0.659203
0.727044
0.835196
0.698782
0.710853
0.507769
0.801512
0.714977
0.536968
0.586872
0.633302
0.643804
0.522193
0.581905
0.708815
0.626707
0.593116
0.634489
0.578675
0.617892
0.638521
0.525226
0.469482
0.637560
0.664164
0.563412
0.549764
0.639730
0.487313
0.697881
0.505910
0.522430
0.516901
0.756070
0.711396
0.603368
0.637160
0.645773
0.674022
0.615103
0.571430
0.654032
0.707579
0.543725
0.661438
0.513420
0.651048
0.583727
0.618523
0.540167
0.749945
0.585887
0.682816
0.535056
0.649380
0.508240
0.688439
0.528661
0.626637
0.583915
0.626199
0.728117
0.654213
0.663107
0.613064
0.638880
0.598939
0.486544
0.612542
0.583180
0.644939
0.569479
0.611714
0.584303
0.545376
0.519206
0.668006
0.579132
0.552712
0.633926
0.701586
0.560598
0.662071
0.669391
0.566924
0.640446
0.501860
0.663461
0.669124
0.519938
0.513901
0.669572
0.491901
0.653174
0.755382
0.657237
0.647917
0.626352
0.473150
0.678122
0.676382
0.592439
0.523365
0.557684
0.518983
0.682388
0.702957
0.503360
0.520286
0.569088
0.540210
0.546598
0.528241
0.674702
0.637771
0.547728
0.758642
0.673145
0.620514
0.487857
0.602074
0.637339
0.662134
0.533660
0.500441
0.649440
0.486441
0.627408
0.651547
0.629626
0.486143
0.659857
0.652773
0.640338
0.758957
0.688810
0.491074
0.619796
0.765663
0.509815
0.656249
0.534915
0.567561
0.669893
0.615174
0.606729
0.547490
0.733287
0.545620
0.629533
0.664333
0.600762
0.597156
0.618365
0.648853
0.615514
0.683377
0.660741
0.455333
0.770856
0.709758
0.577437
0.591724
0.540670
0.583245
0.540302
0.547796
0.632953
0.594443
0.636411
0.534530
0.487933
0.667068
0.566167
0.553824
0.703702
0.589940
0.605314
0.472509
0.639392
0.659904
0.703267
0.616387
0.717769
0.558751
0.621938
0.713538
0.642359
0.594874
0.605734
0.667040
0.573344
0.716330
0.517561
0.565946
0.606825
0.559588
0.612909
0.603574
0.634433
0.596068
0.602233
0.509585
0.635345
0.475686
0.580891
0.552006
0.557828
0.562048
0.617095
0.562328
0.572728
0.604227
0.661523
0.703188
0.507508
0.638140
0.494272
0.577136
0.602826
0.574831
0.574073
0.535370
0.570806
0.578480
0.733703
0.553501
0.616166
0.568980
0.613046
0.550778
0.540209
0.501386
0.532047
0.737850
0.562979
0.773698
0.664772
0.758082
0.552038
0.599800
0.715786
0.566100
0.580586
0.629608
0.695878
0.692133
0.478103
0.580031
0.646326
0.629491
0.580546
0.550927
0.499263
0.602644
0.555447
0.595079
0.649862
0.597132
0.651901
0.756870
0.661751
0.568113
0.531964
0.591226
0.681628
0.686310
0.646279
0.704859
0.523825
0.578196
0.561344
0.678232
0.663363
0.724063
0.581360
0.551115
0.463683
0.569881
0.609443
0.559653
0.679246
0.646863
0.669736
0.493506
0.561127
0.521514
0.771776
0.710966
0.559579
0.681983
0.557187
0.660769
0.507767
0.500629
0.485071
0.476147
0.518969
0.582394
0.552238
0.557516
0.518381
0.612911
0.539079
0.699789
0.538366
0.673522
0.516333
0.608348
0.641338
0.538261
0.668247
0.746262
0.718761
0.725568
0.648208
0.638547
0.605510
0.605801
0.665435
0.735078
0.488171
0.543827
0.616764
0.569049
0.695277
0.642944
0.492189
0.531251
0.658085
0.708566
0.792803
0.631739
0.639725
0.560935
0.602710
0.531153
0.508103
0.780554
0.617644
0.530876
0.522136
0.808595
0.596477
0.600790
0.519521
0.644570
0.653862
0.711590
0.650660
0.626239
0.766114
0.682931
0.694893
0.617455
0.712050
0.629827
0.636420
0.417690
0.581769
0.663167
0.514616
0.703748
0.587804
0.440322
0.538758
0.651936
0.570172
0.606891
0.670086
0.686039
0.708742
0.509608
0.595485
0.647499
0.520178
0.474412
0.597389
0.460018
0.579876
0.559102
0.554235
0.459085
0.653401
0.721657
0.722775
0.650081
0.575350
0.616676
0.511606
0.571535
0.613902
0.604790
0.691178
0.644529
0.694907
0.557448
0.566269
0.709940
0.634066
0.644010
0.568305
0.600967
0.537693
0.505823
0.598634
0.611175
0.516085
0.674691
0.622682
0.705106
0.538901
0.539707
0.634981
0.636024
0.580103
0.586218
0.592655
0.670876
0.700633
0.453474
0.666109
0.604364
0.507307
0.699387
0.595447
0.673460
0.546588
0.554443
0.654862
0.519494
0.685203
0.533565
0.687996
0.603874
0.626475
0.595477
0.575420
0.613873
0.599920
0.617937
0.555655
0.592071
0.680151
0.543325
0.801096
0.562338
0.615939
0.584040
0.650631
0.588373
0.529278
0.478094
0.517728
0.558837
0.517180
0.641553
0.573082
0.572123
0.763979
0.522904
0.613572
0.616962
0.597386
0.620389
0.506263
0.619950
0.688357
0.580867
0.669784
0.652510
0.766191
0.453396
0.447664
0.647482
0.765866
0.699009
0.436886
0.508370
0.545520
0.536969
0.553285
0.571409
0.586687
0.582222
0.611992
0.494680
0.564849
0.726495
0.600125
0.631564
0.488206
0.681690
0.684372
0.610542
0.630545
0.686978
0.522983
0.529017
0.684687
0.609035
0.584626
0.603055
0.688114
0.567854
0.637095
0.569437
0.572059
0.513633
0.680950
0.512660
0.697347
0.556753
0.683264
0.586422
0.665490
0.617551
0.650174
0.577808
0.499423
0.570181
0.605732
0.570897
