3.598165
3.583234
3.582799
3.581644
3.565807
3.596188
3.632549
3.595306
3.562623
3.553829
3.550104
3.554631
3.543691
3.524175
3.507043
3.435210
3.438820
3.401074
3.508524
3.413479
3.382135
3.366433
3.298044
3.254201
3.328833
3.342090
3.288091
3.401250
3.447744
3.311358
3.324020
3.323051
3.263375
3.283868
3.410459
3.287677
3.431806
3.230739
3.311693
3.223082
3.146173
3.283588
3.217393
3.207244
3.307019
3.056446
3.180056
3.171881
3.125461
3.424810
3.161759
3.265875
3.301147
3.248698
3.218462
3.225052
3.288965
3.110837
3.087866
3.194785
3.032818
3.259904
3.079152
3.176217
3.109969
3.163627
3.122847
3.106720
3.078505
3.137784
3.218754
3.180899
3.191069
3.101744
3.068454
3.002625
3.067069
3.176885
3.211376
3.150306
3.180973
3.276941
3.067344
3.075573
3.076456
3.022382
2.950078
3.017974
3.164935
3.082333
3.122605
3.083473
3.211603
3.186366
3.033165
3.168521
3.124230
3.168707
3.095762
3.159989
3.035058
3.102970
2.902317
3.166481
2.971158
3.090572
3.258257
2.794665
2.944612
3.115429
2.888732
2.928550
3.120225
2.851574
3.025855
3.084484
3.053349
3.012874
3.018191
3.260062
3.058975
3.055058
2.995635
3.034770
3.054786
3.063595
3.194384
3.082880
3.017081
3.011279
3.017445
2.993789
2.903059
3.037360
2.783578
2.894191
2.919816
3.002123
3.047255
2.965250
2.806104
3.052733
3.040327
2.965230
2.993059
2.918181
2.975923
2.890201
2.876803
3.122094
2.909925
2.972425
3.041397
2.963452
2.924878
2.944854
2.966615
2.958951
2.957322
3.073328
2.962753
2.978392
2.905144
2.999981
3.140305
2.904809
2.869651
2.998304
2.783658
2.876156
2.829959
2.958773
2.863551
2.981154
2.912262
2.741584
2.939072
2.932399
2.810195
2.872993
2.840743
2.775982
2.833695
3.039154
2.857685
2.787630
2.853532
3.088293
2.796750
3.052614
2.753897
2.828745
2.909879
2.919575
2.894753
3.086900
2.760454
2.883092
2.752830
2.767938
2.780924
2.861075
2.842451
2.770012
2.835698
2.916235
2.818897
2.732655
2.825979
2.896396
2.843947
2.950169
2.904907
2.918148
2.767783
2.742296
2.945735
2.962313
2.745788
2.885354
2.886968
2.797615
2.757103
3.083328
2.627498
2.833901
2.709465
2.796619
2.789002
2.920348
2.715418
2.681755
2.828437
2.612647
2.665017
2.710421
2.650535
2.714097
2.685226
2.921771
2.834075
2.592915
2.808512
2.812454
2.777150
2.624804
2.644018
2.726628
2.625503
2.765186
2.809762
2.862652
2.687430
2.674174
2.868241
2.847896
2.962720
2.668259
2.657855
2.735664
3.019824
2.684745
2.728894
2.763311
2.819543
2.734183
2.790350
2.713296
2.791054
2.848162
2.619647
2.753998
2.924715
2.798078
2.737515
2.797887
2.752207
2.797476
2.818620
2.659395
2.819021
2.793643
2.678099
2.710562
2.763579
2.640628
2.717201
2.615364
2.749886
2.653456
2.587441
2.511704
2.651117
2.655806
2.415157
2.431318
2.584390
2.697607
2.750719
2.544611
2.666197
2.608575
2.718018
2.652990
2.654579
2.536448
2.900788
2.675185
2.716141
2.766863
2.902180
2.591579
2.622199
2.557682
2.782352
2.643465
2.687437
2.832073
2.733320
2.618237
2.586559
2.613555
2.615890
2.738925
2.514063
2.763775
2.636937
2.780837
2.770018
2.737985
2.755561
2.687270
2.638658
2.685182
2.896768
2.650956
2.796634
2.726375
2.679332
2.613269
2.624502
2.541283
2.559421
2.723671
2.641333
2.502940
2.497817
2.538367
2.576972
2.703924
2.591352
2.621535
2.794923
2.587591
2.775184
2.555671
2.824083
2.770652
2.583684
2.735977
2.446629
2.609541
2.484549
2.531669
2.677871
2.495610
2.418505
2.591213
2.611177
2.628820
2.754893
2.715030
2.686568
2.545946
2.537949
2.645489
2.471263
2.649392
2.600705
2.586263
2.686516
2.653025
2.505135
2.487738
2.621192
2.385048
2.495394
2.335993
2.536990
2.560421
2.636201
2.438941
2.423637
2.757077
2.555939
2.505647
2.490102
2.456456
2.593695
2.784159
2.785255
2.659260
2.441028
2.693218
2.657009
2.650178
2.647722
2.440862
2.707960
2.622819
2.665528
2.500701
2.426053
2.585588
2.545168
2.473288
2.433596
2.598119
2.496680
2.549635
2.525766
2.417900
2.490547
2.738954
2.630278
2.568722
2.506068
2.505151
2.378219
2.475127
2.459775
2.560860
2.766252
2.456053
2.497534
2.389408
2.485490
2.348490
2.443124
2.360131
2.461945
2.500984
2.664150
2.466411
2.659160
2.630680
2.555294
2.576103
2.592554
2.289835
2.477353
2.359603
2.673867
2.441159
2.445651
2.494848
2.428923
2.237164
2.474073
2.331039
2.589641
2.469060
2.355799
2.468156
2.309579
2.329085
2.385746
2.357289
2.557007
2.492714
2.536334
2.417524
2.556352
2.344874
2.435607
2.350475
2.467404
2.381377
2.593644
2.491034
2.413039
2.480796
2.394844
2.423906
2.487666
2.345294
2.363167
2.472160
2.512352
2.199353
2.452663
2.315381
2.456890
2.531324
2.531691
2.518701
2.359025
2.530907
2.597195
2.430802
2.462409
2.430305
2.345776
2.394478
2.520708
2.376419
2.413647
2.378148
2.393650
2.344265
2.280865
2.191321
2.359094
2.316954
2.323981
2.482101
2.440573
2.265154
2.351518
2.347706
2.431198
2.430812
2.392126
2.344336
2.436113
2.441838
2.406126
2.311948
2.368407
2.315490
2.250953
2.227209
2.396384
2.291608
2.407532
2.353269
2.312215
2.276093
2.165016
2.357170
2.216181
2.439332
2.376812
2.412679
2.329831
2.410053
2.438259
2.221376
2.314445
2.288093
2.342325
2.330017
2.435589
2.173956
2.282963
2.320366
2.334362
2.289365
2.111206
2.241422
2.208112
2.453136
2.457668
2.348062
2.466315
2.330821
2.447568
2.540424
2.379080
2.248985
2.191158
2.642142
2.340655
2.356218
2.469121
2.236771
2.378775
2.537333
2.272507
2.367187
2.360703
2.308043
2.521196
2.333349
2.435538
2.329261
2.110174
2.417782
2.283700
2.306261
2.331500
2.383172
2.301590
2.354941
2.310358
2.287858
2.160530
2.473343
2.355259
2.298100
2.413790
2.371329
2.499201
2.261827
2.532694
2.264877
2.329885
2.495589
2.423753
2.362599
2.290661
2.235421
2.234306
2.118704
2.213210
2.390262
2.372145
2.281988
2.230748
2.243946
2.216240
2.140412
2.366827
2.450564
2.278746
2.503350
2.350233
2.255988
2.240892
2.127379
2.228437
2.260623
2.536233
2.238856
2.269526
2.226077
2.425920
2.227864
2.269653
2.222777
2.281147
2.375412
2.206630
2.136697
2.424141
2.203778
2.453541
2.301361
2.336711
2.483501
2.555499
2.414416
2.187397
2.091433
2.251691
2.500647
2.190009
2.305598
2.203762
2.146564
2.312567
2.233655
2.186759
2.402619
2.296819
2.381491
2.243164
2.363323
2.249479
2.262799
2.196526
2.409135
2.175597
2.423639
2.301079
2.567813
2.304250
2.504540
2.196204
2.376339
2.254173
2.086224
2.299101
2.290166
2.322759
2.247917
2.210556
2.449780
2.363041
2.373404
2.102345
2.271877
2.197877
2.368165
2.391465
2.462880
2.457533
2.199610
2.271554
2.291643
2.224733
2.150198
2.233787
2.048433
2.229514
2.031637
2.268147
2.204403
2.030122
2.217821
2.282561
2.231735
2.182494
2.206288
2.323078
2.135307
2.218383
2.269039
2.258523
2.244275
2.311149
2.136859
2.254209
2.251172
2.295870
2.330993
2.104919
2.282352
2.236244
2.190596
2.294926
2.256317
2.267331
2.134475
2.066609
2.186292
2.328943
2.070636
2.189928
2.224673
2.242715
2.010347
2.111825
2.177408
1.930570
2.065394
2.254918
2.382911
2.241874
2.424474
2.150322
2.027859
2.062826
2.168727
2.205570
2.048876
2.258267
2.126269
2.171681
2.253346
2.204735
2.121659
2.223638
2.176670
2.239571
2.073017
2.163998
2.008291
1.908235
2.254654
2.032829
2.152445
2.432328
2.224459
2.220011
2.181524
2.006601
2.242185
2.261458
2.120905
2.210836
2.109121
2.267628
2.132285
2.189965
2.206122
2.258163
2.361177
2.252646
2.016317
2.158528
2.147810
2.239531
2.213953
2.159801
2.244597
2.145406
2.276111
2.240272
2.078032
2.291348
2.183558
2.112561
2.116600
2.163487
2.063138
2.041386
2.131344
2.071608
2.126018
2.126363
2.146957
2.234596
2.181676
2.032738
2.219637
2.204292
2.056881
2.139431
2.268736
2.165433
2.161737
2.238650
2.285776
2.199528
2.148663
2.143260
1.924495
2.045919
2.059031
2.011696
1.955644
2.059985
2.115555
2.069401
2.090670
2.339464
2.378820
2.146025
2.296116
2.223497
2.228471
2.297154
2.063219
2.196919
2.190081
2.327545
1.955506
2.024508
2.262130
2.018831
2.159174
1.971744
2.181059
2.078234
2.152519
2.198079
2.007772
2.127302
2.024309
1.911669
1.965898
2.056988
1.997905
1.958673
1.971844
2.005257
2.180929
2.141440
1.959840
2.083304
2.061073
2.177029
2.036179
2.136767
2.121215
1.979415
2.124012
2.129173
2.206898
1.983069
2.038772
2.107784
2.061811
2.140094
2.062737
2.118409
2.154576
2.021760
2.170920
2.088124
2.127040
2.213936
2.113173
2.037927
2.079234
2.045958
2.052345
2.034189
1.893554
1.965089
2.106462
1.953482
2.027203
2.027843
2.032421
1.970106
2.180179
2.240719
2.005670
2.032934
2.061154
2.028627
1.974902
2.164568
1.975729
1.959701
2.060900
2.088687
1.963121
2.062272
2.199277
1.911786
2.011324
2.028316
2.028467
2.100509
2.010994
2.191095
1.988014
1.960254
2.039692
1.980589
1.978349
1.978670
2.023400
1.962943
2.123747
1.962352
1.995722
2.026189
2.009823
2.181044
2.015746
2.080082
2.035417
1.929183
1.997604
1.924409
1.913847
2.039694
2.115382
1.976384
2.027214
1.988334
2.056866
1.951770
1.897093
2.068303
2.050771
1.946767
1.876943
1.991638
1.982177
2.051597
2.015912
2.015704
2.084005
1.960698
2.009758
2.155291
2.046667
2.007871
1.981658
2.120789
2.088747
1.873428
2.089262
1.931500
1.910009
2.072236
2.049368
2.040585
1.968000
2.010681
1.842363
2.085153
1.902326
2.042160
1.944328
1.993978
2.165653
2.031525
1.980039
1.996681
2.110866
2.136908
1.994550
1.826924
1.807249
1.952572
1.853278
2.020371
1.911451
2.041331
1.905384
1.969179
1.989186
2.098549
2.072045
2.028662
2.065970
2.026621
2.112451
2.102193
2.041009
1.837672
2.138337
1.963582
1.955146
2.002323
2.114246
1.989507
2.120868
1.877122
1.973057
2.234547
2.021066
1.866649
1.913422
1.927134
1.982863
2.241316
2.331271
2.019707
1.895011
2.044299
1.923939
2.052034
1.916567
1.968695
1.911655
1.957161
2.140519
1.879097
1.987944
2.095305
1.947550
1.993729
2.044014
1.936697
2.097602
1.929521
2.194929
1.934357
1.881216
1.912021
1.874747
1.872837
1.826485
2.041088
1.925446
1.838468
1.841315
2.049460
2.111863
1.891895
1.869214
1.891976
1.837672
1.913774
1.961144
2.142126
1.962897
1.782136
2.107215
2.102859
2.036173
1.976155
2.066744
2.002634
1.960975
1.874864
2.054308
1.822964
1.917951
2.149040
2.153611
2.009899
1.823985
1.835283
1.893212
1.840499
1.956333
1.913165
1.960633
1.875858
1.902654
1.890975
1.923802
2.003517
1.843702
2.096099
1.897005
1.737023
1.902789
2.000123
1.935893
1.870216
1.832639
1.708989
1.942587
1.781823
2.029397
1.622018
1.766423
1.849741
1.783495
1.732958
2.019661
2.073986
1.800025
1.753077
1.746581
1.886169
2.105201
1.796822
1.869799
1.683601
1.896490
2.067234
1.842715
1.878465
1.779418
1.862391
2.026600
1.718647
1.829171
1.903221
1.877630
2.134122
2.123744
1.861961
1.981301
1.968548
2.041045
1.893484
1.826129
1.677570
1.966813
1.862712
1.868346
1.923550
1.830809
1.832183
1.849828
1.901512
1.874582
1.832848
1.784026
2.176909
1.988485
1.860315
1.797186
1.882831
1.875116
1.820060
1.921159
1.900909
1.848211
1.800179
1.861921
1.870378
1.860138
1.840034
2.086915
1.830626
1.849550
1.973579
1.941785
1.789551
1.993412
1.939530
1.929863
1.851456
1.891467
2.030948
1.848359
1.727394
1.827019
2.041504
1.973794
1.927719
1.856387
1.760251
1.865661
1.837140
1.655925
1.760963
1.811099
2.063890
1.891712
1.818856
1.905443
1.904888
1.851077
1.796792
2.059358
1.935206
2.014291
1.942163
1.885151
1.966431
1.847245
1.846503
1.927194
1.845673
1.947613
2.079328
2.182440
1.906961
1.795459
1.971055
1.769030
1.871808
1.822503
1.743369
1.804928
1.855381
1.989971
1.635365
1.722255
1.963163
1.725949
1.754293
1.943302
1.700706
1.870171
2.216190
1.740942
1.746483
1.717883
1.756341
1.820746
1.908285
1.876039
1.819912
1.855656
1.742712
1.904712
1.863567
1.886312
1.749106
1.861172
1.838610
1.496253
1.885349
1.813578
1.892467
1.970033
1.778867
1.849536
1.879905
1.876180
1.808593
1.785766
2.112199
1.954835
1.743182
2.055455
1.986046
1.785672
1.803422
1.751230
2.072052
1.873689
1.882925
1.785044
1.686891
1.671830
1.861376
1.922004
1.751231
1.720276
1.796632
1.898963
1.761628
1.868737
1.819532
1.648542
1.736182
1.743162
1.688637
1.854838
1.724788
1.805932
1.712449
1.737895
1.661180
1.806482
1.923013
1.805856
1.762347
1.760971
1.864624
1.636956
1.753098
1.957516
1.968249
1.778546
1.722737
1.779295
1.773039
1.691343
1.942662
1.768793
1.764206
1.861664
1.835254
1.767736
1.875110
1.801783
1.834659
1.867848
1.844255
1.864380
1.713579
1.710823
1.872280
1.730641
1.741032
1.723919
2.008428
1.799329
1.857960
1.870641
1.925287
1.584913
1.728453
1.766008
1.907853
1.767971
1.785516
1.657886
1.838999
1.794812
1.681293
1.755103
1.911601
1.807995
1.543974
1.759679
1.609731
1.671145
1.727087
1.678627
2.014883
1.705753
1.730854
1.863921
1.910960
1.801859
1.778172
1.871881
1.958926
1.806570
1.855772
1.658391
1.655314
1.679918
1.984387
1.775393
1.703474
1.747671
1.713218
1.740987
1.741463
1.696711
1.613331
1.588279
1.897516
1.781336
1.820883
1.712425
1.705266
1.825608
1.736627
1.635220
1.689469
1.626343
1.654120
1.769600
1.957112
1.718152
1.736689
1.766807
1.836230
1.793603
1.708249
1.674212
1.654569
1.727035
1.833479
1.697049
1.781394
1.940888
1.610675
1.562860
1.726270
1.619052
1.823038
1.775126
1.640726
1.612862
1.831157
1.983067
1.866886
1.914820
1.737543
1.811654
2.080448
1.761345
1.785385
1.728536
1.703049
1.818690
1.888599
1.757176
1.577298
1.739368
1.923178
1.722259
1.616101
1.699765
1.744736
1.894913
1.728633
1.811963
2.032771
1.574952
1.683183
1.782099
1.671597
1.779348
1.859879
1.558098
1.875133
1.720384
1.703237
1.916716
1.788347
1.838316
1.782795
1.834881
1.770272
1.716084
1.718922
1.683450
1.636049
1.728425
1.718790
1.692533
1.862551
1.752778
1.683981
1.727068
1.823799
1.613422
1.754429
1.558864
1.643492
1.768366
1.740075
1.697254
1.705901
1.597376
1.910545
1.677366
1.614591
1.670943
1.656397
1.820580
1.691638
1.584642
1.630016
1.476073
1.581838
1.694965
1.623308
1.681955
1.682926
1.802864
1.624188
1.690960
1.555874
1.597918
1.682973
1.701576
1.643157
1.865561
1.679672
1.583068
1.538298
1.718299
1.924813
1.704088
1.671891
1.745507
1.634257
1.554621
1.682050
1.661973
1.679520
1.613238
1.662583
1.521495
1.780423
1.716681
1.541385
1.598388
1.758694
1.518342
1.675265
1.496344
1.814240
1.784692
1.883754
1.700414
1.616166
1.645953
1.756568
1.640963
1.812908
1.756821
1.662105
1.630843
1.797121
1.633527
1.670663
1.756531
1.877961
1.799141
1.698558
1.707012
1.614368
1.771608
1.645080
1.751725
1.551158
1.592068
1.652196
1.812280
1.674111
1.632333
1.701249
1.648242
1.605781
1.608220
1.744673
1.617947
1.693621
1.505777
1.559575
1.598292
1.916101
1.667365
1.718986
1.796537
1.606896
1.894081
1.705685
1.749350
1.652772
1.608759
1.750350
1.646011
1.655152
1.660066
1.724574
1.579097
1.529798
1.806431
1.624219
1.572965
1.684051
1.788069
1.767555
1.623263
1.792610
1.765471
1.517046
1.635201
1.778772
1.735001
1.652067
1.716752
1.775751
1.770802
1.571446
1.720645
1.572248
1.541722
1.626804
1.683540
1.601568
1.752898
1.760074
1.836717
1.713744
1.758453
1.737000
1.648784
1.637686
1.733478
1.714325
1.558415
1.587180
1.649690
1.601172
1.616194
1.567539
1.786486
1.507657
1.586104
1.607315
1.505598
1.879511
1.678904
1.423522
1.782760
1.522248
1.700682
1.662774
1.491068
1.542911
1.706443
1.556346
1.448203
1.549192
1.580703
1.752041
1.616629
1.749276
1.552085
1.637447
1.873075
1.659175
1.514522
1.757811
1.716658
1.579310
1.546228
1.650652
1.791571
1.613722
1.634886
1.633218
1.510366
1.621162
1.731670
1.751745
1.557702
1.655893
1.491013
1.602623
1.625074
1.876977
1.612323
1.428902
1.753456
1.697579
1.645603
1.588461
1.657555
1.746576
1.538162
1.657885
1.691598
1.604478
1.699063
1.620752
1.559713
1.606800
1.663511
1.658823
1.671899
1.761565
1.774541
1.609559
1.710067
1.672952
1.560684
1.472650
1.555771
1.625020
1.553581
1.652541
1.535891
1.729333
1.487655
1.777662
1.663160
1.684403
1.660821
1.708016
1.566266
1.645550
1.458755
1.541952
1.564323
1.546902
1.528119
1.476202
1.519512
1.672235
1.688879
1.550111
1.601707
1.596685
1.628627
1.787239
1.763900
1.515466
1.715612
1.684734
1.531053
1.488270
1.557351
1.728676
1.518812
1.731185
1.481207
1.520310
1.731124
1.617859
1.580060
1.537237
1.603543
1.568859
1.656644
1.638646
1.406264
1.596909
1.787698
1.439472
1.483936
1.688851
1.897313
1.710765
1.628809
1.567609
1.526261
1.564051
1.544557
1.657399
1.580137
1.596882
1.393317
1.481030
1.751947
1.527061
1.664832
1.517444
1.542692
1.452866
1.442850
1.716240
1.510010
1.532752
1.502378
1.575799
1.610320
1.540723
1.634200
1.500863
1.527869
1.617834
1.645288
1.509898
1.501652
1.556446
1.430363
1.666921
1.683704
1.668014
1.755726
1.650399
1.527658
1.703454
1.628689
1.660764
1.742463
1.780359
1.700097
1.529645
1.548391
1.701530
1.408682
1.542061
1.493833
1.792312
1.580745
1.619703
1.571646
1.557522
1.531901
1.671917
1.422669
1.536043
1.690175
1.724085
1.659670
1.466991
1.577297
1.468390
1.564062
1.496856
1.644368
1.593532
1.471820
1.564899
1.385850
1.574956
1.523563
1.638608
1.602010
1.538214
1.466344
1.521712
1.427576
1.668430
1.511705
1.654716
1.580457
1.515880
1.465700
1.507267
1.515996
1.578030
1.552019
1.558241
1.643921
1.499334
1.524900
1.618846
1.377393
1.412605
1.667808
1.776596
1.518073
1.599225
1.570776
1.432502
1.436779
1.490576
1.386379
1.551538
1.450538
1.579789
1.615169
1.469124
1.575581
1.536541
1.404151
1.498787
1.473650
1.504996
1.591233
1.380099
1.456177
1.501220
1.545674
1.507189
1.458218
1.485076
1.455646
1.765875
1.387473
1.616583
1.676131
1.544577
1.476170
1.597155
1.481191
1.394539
1.664020
1.548697
1.503220
1.574234
1.478221
1.454752
1.738937
1.493352
1.565693
1.391202
1.473182
1.310173
1.424597
1.609889
1.566521
1.554728
1.381966
1.540020
1.563790
1.389311
1.462569
1.624487
1.611592
1.516282
1.560192
1.392273
1.501616
1.643561
1.412339
1.392727
1.442075
1.637425
1.459197
1.372271
1.568604
1.524664
1.712759
1.468462
1.619481
1.453735
1.576412
1.425156
1.485703
1.705366
1.571778
1.626101
1.673548
1.507394
1.562025
1.485006
1.455657
1.670521
1.409720
1.527014
1.438551
1.512185
1.589850
1.412811
1.435502
1.440421
1.438148
1.416302
1.436253
1.550430
1.545512
1.580462
1.463210
1.822686
1.730613
1.790970
1.601574
1.577591
1.484120
1.452158
1.489102
1.330306
1.552216
1.548616
1.462872
1.563061
1.493241
1.501535
1.295783
1.429548
1.408958
1.554814
1.389722
1.590834
1.563139
1.411981
1.362437
1.488221
1.506721
1.494230
1.570837
1.537722
1.643655
1.536399
1.607297
1.449016
1.519105
1.570350
1.477475
1.435848
1.450436
1.589736
1.401339
1.561611
1.389103
1.607176
1.358387
1.639353
1.459267
1.492267
1.390241
1.577486
1.428725
1.455724
1.352091
1.405468
1.653216
1.524971
1.558304
1.429104
1.480152
1.400319
1.434663
1.515790
1.355020
1.356942
1.388705
1.380488
1.547484
1.507587
1.517739
1.569597
1.583000
1.364607
1.452012
1.481683
1.493493
1.560549
1.553995
1.441455
1.350839
1.537102
1.484031
1.484836
1.480375
1.449480
1.334487
1.464175
1.407664
1.492678
1.400609
1.529390
1.504355
1.454089
1.364345
1.350307
1.418456
1.536784
1.479110
1.700969
1.481366
1.436934
1.466734
1.410028
1.421924
1.515082
1.584307
1.404324
1.511789
1.597635
1.619727
1.525814
1.663944
1.435160
1.472476
1.596930
1.589169
1.439204
1.620963
1.301937
1.560207
1.494776
1.446953
1.414373
1.436040
1.443550
1.356444
1.346565
1.435457
1.450922
1.345094
1.425318
1.497276
1.724128
1.512658
1.412516
1.404771
1.365525
1.401475
1.449486
1.535834
1.637215
1.406628
1.486151
1.632189
1.312509
1.604684
1.442576
1.625340
1.563164
1.527671
1.401596
1.401749
1.291014
1.511450
1.484047
1.435325
1.394636
1.404402
1.386610
1.604359
1.193485
1.610624
1.449463
1.267613
1.401200
1.330379
1.649880
1.427167
1.432617
1.332618
1.298083
1.495225
1.545179
1.481525
1.476991
1.436895
1.319551
1.331289
1.442618
1.373143
1.470589
1.474550
1.456424
1.373044
1.513639
1.421389
1.614120
1.353473
1.528364
1.506892
1.425992
1.595609
1.363609
1.648720
1.475437
1.405532
1.422354
1.548829
1.539933
1.499351
1.482328
1.299527
1.349562
1.446546
1.558073
1.411000
1.554928
1.317881
1.461768
1.565930
1.399042
1.269963
1.413683
1.365465
1.404326
1.508193
1.332922
1.334110
1.411738
1.306380
1.276678
1.420464
1.403036
1.397801
1.494634
1.462170
1.413817
1.482653
1.481895
1.217782
1.389375
1.520373
1.410484
1.408067
1.400148
1.371892
1.396708
1.482656
1.481736
1.491945
1.424416
1.390660
1.353089
1.493885
1.447649
1.530710
1.300568
1.560107
1.313468
1.502635
1.413568
1.364211
1.231852
1.311418
1.402878
1.446803
1.347567
1.449406
1.412546
1.449587
1.630607
1.388743
1.485658
1.383416
1.396105
1.181371
1.383329
1.411548
1.392367
1.372178
1.303731
1.679605
1.338135
1.629611
1.438808
1.327559
1.368355
1.442150
1.414791
1.257043
1.310756
1.352422
1.552752
1.708746
1.479571
1.461607
1.328218
1.425798
1.431889
1.322674
1.296999
1.536308
1.392786
1.484536
1.313442
1.439849
1.565129
1.460320
1.494066
1.377089
1.335408
1.471180
1.376992
1.527309
1.563876
1.513349
1.376621
1.355515
1.625944
1.418165
1.445726
1.500201
1.394333
1.506078
1.575983
1.378275
1.423261
1.403452
1.614479
1.155773
1.238467
1.432465
1.366291
1.369412
1.417802
1.373205
1.556114
1.447517
1.397051
1.348711
1.337400
1.330408
1.505214
1.274717
1.545508
1.389974
1.263731
1.200580
1.474819
1.469483
1.527647
1.356219
1.401282
1.490787
1.322422
1.499627
1.478985
1.445310
1.464299
1.237388
1.497166
1.460888
1.287512
1.260278
1.385335
1.491831
1.354282
1.279109
1.383734
1.476160
1.470136
1.199267
1.404822
1.290796
1.453502
1.420686
1.304571
1.363729
1.373611
1.297821
1.520404
1.314731
1.369498
1.399895
1.631650
1.344785
1.334585
1.344678
1.233260
1.418052
1.467903
1.327031
1.507045
1.415498
1.420813
1.432078
1.417628
1.283322
1.338877
1.450984
1.337582
1.333771
1.324653
1.269486
1.432764
1.370484
1.331179
1.324246
1.474348
1.427452
1.237286
1.408108
1.476940
1.335962
1.348688
1.385328
1.591958
1.364807
1.320524
1.365515
1.318807
1.489806
1.410398
1.372905
1.560320
1.307363
1.248362
1.412996
1.290863
1.402450
1.218915
1.281805
1.344727
1.304180
1.366212
1.407964
1.427645
1.401276
1.394895
1.472749
1.456542
1.310561
1.294315
1.622502
1.491438
1.567286
1.423783
1.347675
1.435656
1.242234
1.502553
1.374548
1.355852
1.383387
1.303877
1.434279
1.224427
1.332945
1.468250
1.566116
1.292607
1.330025
1.307503
1.437362
1.446021
1.126838
1.282814
1.413329
1.320401
1.406210
1.403617
1.659076
1.586623
1.302673
1.310868
1.320546
1.685104
1.384325
1.260499
1.603885
1.423920
1.339762
1.330773
1.389572
1.316964
1.519819
1.300347
1.656677
1.276664
1.369077
1.343130
1.307054
1.314474
1.246743
1.298908
1.330077
1.368304
1.298789
1.277537
1.223322
1.505333
1.473237
1.549934
1.407929
1.200695
1.319301
1.346887
1.249968
1.262538
1.303112
1.265875
1.194357
1.416810
1.325467
1.191871
1.394511
1.280239
1.168913
1.380655
1.368551
1.555121
1.553094
1.252234
1.378876
1.231379
1.282796
1.233984
1.157701
1.178551
1.298477
1.265174
1.383625
1.411629
1.586117
1.338747
1.202788
1.429607
1.304028
1.389976
1.389781
1.234408
1.244361
1.374717
1.281637
1.288048
1.401966
1.423419
1.302047
1.262089
1.577022
1.252140
1.309092
1.318199
1.349357
1.347055
1.306894
1.233130
1.443229
1.214769
1.230238
1.374876
1.439348
1.375534
1.361169
1.404139
1.257984
1.446067
1.383063
1.159312
1.231978
1.361914
1.300321
1.312959
1.325585
1.251900
1.341465
1.271288
1.381353
1.369288
1.269331
1.301367
1.269006
1.303393
1.277548
1.404379
1.313599
1.275665
1.444320
1.378543
1.207043
1.352496
1.351257
1.455926
1.276011
1.352065
1.405267
1.252775
1.216524
1.278450
1.382823
1.192265
1.322683
1.262349
1.272373
1.361832
1.347549
1.319689
1.373078
1.227588
1.195202
1.145098
1.386376
1.100851
1.192638
1.430741
1.549895
1.415196
1.397466
1.240719
1.210692
1.233327
1.171116
1.385396
1.441086
1.308351
1.200397
1.358730
1.162463
1.350271
1.425892
1.174833
1.396209
1.374283
1.194835
1.390236
1.395017
1.243364
1.225004
1.384498
1.422701
1.240173
1.382012
1.317979
1.326249
1.385362
1.172313
1.429548
1.308626
1.238531
1.650421
1.279858
1.230452
1.378171
1.515920
1.212100
1.331376
1.212259
1.307380
1.408028
1.278273
1.303310
1.296220
1.400716
1.159812
1.206530
1.244380
1.282855
1.390839
1.193711
1.363041
1.275514
1.265156
1.274430
1.342208
1.440848
1.443478
1.288673
1.243631
1.517788
1.564087
1.443135
1.319901
1.318225
1.323862
1.437491
1.196990
1.210873
1.283476
1.340100
1.409976
1.321923
1.232268
1.289392
1.177016
1.198117
1.267012
1.208157
1.259062
1.264419
1.287922
1.157851
1.463421
1.336940
1.406524
1.442798
1.280540
1.264980
1.254027
1.263908
1.218703
1.264936
1.470800
1.188755
1.269316
1.288872
1.275889
1.210074
1.392200
1.202433
1.252104
1.183276
1.330592
1.298131
1.160059
1.199651
1.188555
1.218321
1.219938
1.150760
1.341655
1.162717
1.445040
1.301323
1.215466
1.246347
1.207762
1.227396
1.437651
1.308478
1.237404
1.269086
1.334386
1.228849
1.168369
1.427680
1.290636
1.191856
1.338584
1.295542
1.100876
1.221916
1.460824
1.267030
1.146520
1.309028
1.229562
1.460874
1.163678
1.088057
1.294769
1.168382
1.234130
1.221719
1.296591
1.346828
1.134531
1.340075
1.224522
1.280628
1.432777
1.396494
1.311592
1.060373
1.282839
1.409735
1.231384
1.237037
1.486578
1.158843
1.219903
1.375735
1.367352
1.199407
1.456724
1.300163
1.158783
1.154570
1.335631
1.208307
1.299528
1.381712
1.242019
1.250945
1.243343
1.198088
1.142443
1.209710
1.340602
1.499273
1.138205
1.402726
1.124125
1.256889
1.360475
1.250883
1.152747
1.104086
1.317102
1.307934
1.234291
1.176876
1.357601
1.231893
1.189973
1.326157
1.147812
1.196666
1.110529
1.483214
1.380202
1.226911
1.312676
1.224650
1.244705
1.161967
1.127069
1.223311
1.219837
1.260015
1.081386
1.260521
1.286548
1.138780
1.241754
1.207587
1.242359
1.220521
1.281913
1.329452
1.179725
1.154451
1.141599
1.236650
1.208518
1.366358
1.174134
1.225303
1.327899
1.228818
1.290257
1.201263
1.161330
1.302318
1.261962
1.190876
1.261057
1.297839
1.284831
1.215757
1.077879
1.357140
1.360892
1.325817
1.107565
1.144890
1.201412
1.382939
1.220829
1.197286
1.376949
1.433261
1.267112
1.182456
1.238056
1.268008
1.332579
1.250053
1.456117
1.252296
1.371858
1.494615
1.235342
1.234169
1.496672
1.221359
1.314663
1.193051
1.366067
1.192184
1.310158
1.288818
1.234933
1.271307
1.299099
1.174350
1.227435
1.204529
1.111746
1.346500
1.164248
1.087829
1.390358
1.288111
1.436485
1.258822
1.191948
1.039002
1.278270
1.213362
1.186165
1.219297
1.292883
1.277593
1.197854
1.314928
1.142043
1.274162
1.119935
1.173229
1.271358
1.444255
1.129019
1.308490
1.157151
1.081653
1.434283
1.453188
1.216687
1.234854
1.185972
1.296969
1.263597
1.171368
1.315106
1.122402
1.264891
1.130664
1.096433
1.164182
1.140968
1.130105
1.337943
1.167863
1.189698
1.238853
1.194527
1.193525
1.159563
1.257872
1.166694
1.327548
1.315483
1.210539
1.336574
1.281681
1.211011
1.089576
1.398425
1.026508
1.036263
1.060711
1.329471
1.122102
1.211988
1.223581
1.187703
1.152959
1.431005
1.173037
1.224224
1.257194
1.158175
1.311407
1.318946
1.154808
1.148315
1.235304
1.414299
1.382762
1.220409
1.150138
1.201572
1.079800
1.269682
1.209625
1.210021
1.244777
1.280112
1.246595
1.333966
1.215554
1.270313
1.263937
1.221755
1.175955
1.167384
1.089075
1.274586
1.237398
1.267318
1.104250
1.204705
1.230540
1.180640
1.217178
1.123862
1.315630
1.199955
1.372876
1.256191
1.341547
1.131127
1.242837
1.093802
1.375923
1.262108
1.120643
1.050758
1.293151
1.326057
1.144231
1.323008
1.219522
1.139920
1.235492
1.287200
1.175320
1.110322
1.222424
1.360175
1.610256
1.101808
1.216319
1.224940
1.236987
1.165372
1.126347
1.187084
1.137719
1.110075
1.261130
1.206553
1.109896
1.224658
1.116886
1.129499
1.327461
1.230817
1.223092
1.063982
1.227220
1.201571
1.046870
1.246393
1.118096
1.184764
1.221380
1.136935
1.234296
1.228228
1.174953
1.176450
1.204149
0.993137
1.188865
1.017902
1.135754
1.196352
1.160523
1.064793
1.045505
1.008415
1.163061
1.234106
1.014862
1.251165
1.350585
1.180101
1.179046
1.055419
1.199490
1.095760
1.029670
1.160560
1.151876
1.159804
1.046253
1.050944
1.182953
1.243951
1.137114
1.197397
1.094362
1.053597
1.276232
1.260265
1.297528
1.149875
1.163127
1.118231
1.264752
1.191195
1.207894
1.247448
1.306115
1.215826
1.032938
1.152900
1.118830
1.085809
1.098169
1.274275
1.439000
1.376469
1.159647
0.990611
1.258488
1.196637
1.248280
1.149703
1.174488
1.065608
1.282913
1.190791
1.084113
1.265322
1.127069
1.065897
1.295058
1.271714
1.148737
1.120759
1.222611
1.361123
1.083514
1.193151
1.132960
1.197336
1.002487
1.209386
1.255165
1.151779
1.194349
1.259935
1.201288
1.309700
1.088840
1.201209
1.086306
1.228731
1.134236
1.125632
1.060182
1.182204
1.052481
1.066844
1.146623
1.129179
1.151708
1.076746
1.153649
1.088581
1.181307
1.329550
1.038910
1.350115
1.454098
1.124055
1.265621
1.381187
1.057642
1.324521
1.156557
1.242833
1.342364
1.255892
1.179979
1.252202
1.092101
1.218830
1.124476
1.230753
1.168648
1.241124
1.120820
1.170142
1.236358
1.243590
1.097263
1.288588
1.209043
1.090394
1.051647
1.199857
1.056434
1.081021
1.184027
1.212660
1.167572
1.199577
1.089587
1.243442
1.070868
1.328834
1.089050
1.244156
1.073656
1.190124
1.189716
1.126097
1.203888
1.171256
1.086594
1.086457
1.112018
1.183027
1.137080
1.075985
1.197559
1.170621
1.097033
0.949615
1.091749
1.204970
1.023913
1.078704
1.082062
1.130005
1.264522
0.970164
1.001526
1.176150
1.115118
1.226383
1.126852
1.258371
1.165214
1.053201
1.064261
1.131133
1.139677
1.191397
1.111447
1.251812
1.029014
1.097117
1.113272
0.996543
1.227038
1.091152
1.032354
1.354700
1.198544
1.098452
1.008179
1.114050
1.075479
1.320989
1.242466
1.202288
1.236533
1.063458
1.129040
1.195003
0.934559
1.023017
1.327323
1.216747
1.100144
1.195951
1.248570
1.182696
1.127669
1.133539
1.112713
1.098099
0.956256
1.062380
1.446258
1.299213
1.024803
1.158092
1.085264
1.072467
1.229340
0.962558
1.265489
1.059309
1.310259
1.106049
1.015953
0.961214
0.996975
1.304361
1.121462
1.069993
1.204519
1.080415
1.105380
1.072255
1.331161
1.262426
1.050675
1.168680
1.179619
1.275474
1.059324
1.092198
1.025877
1.169209
1.206658
1.224519
1.160090
1.153476
1.157232
1.213943
1.217019
1.047420
1.098823
1.017784
1.069808
1.091236
1.144883
1.182226
1.307090
1.186603
0.978549
1.060974
1.145659
1.092849
1.008784
1.062195
1.165206
1.209827
0.928326
1.258566
1.261056
1.276015
1.029170
1.252681
1.153715
1.067154
1.361830
1.193343
1.212635
1.118175
1.216682
1.110455
1.149127
1.325663
1.166795
1.176280
1.087226
1.056889
1.038912
1.295376
1.160282
1.208375
1.087431
1.137843
1.062135
1.225831
1.054213
1.030818
1.167761
1.131616
1.122030
1.188918
1.115586
1.071124
1.019356
1.090987
1.102703
1.055395
1.105798
1.217881
0.986338
1.255990
0.989615
1.084306
1.240543
1.248472
1.065627
1.115901
1.124106
1.067462
1.121727
1.226995
1.209965
1.208370
1.041998
1.204123
1.068019
1.110446
1.165470
1.073429
1.045881
1.122763
1.213847
1.118459
1.012253
1.103696
1.023494
1.161115
1.030990
1.062032
1.023607
1.059957
1.191838
1.034250
1.090368
1.129869
1.301088
1.074723
1.093629
1.107293
1.089477
1.147472
1.003341
1.064988
1.196528
1.124619
1.164061
1.069850
1.091429
1.284007
1.085473
1.023061
1.254842
1.157530
1.042053
1.213137
1.115715
1.028739
1.235612
1.224152
1.223795
1.189217
1.033035
0.949671
1.089539
1.106424
1.095093
1.192415
1.046303
1.253649
1.139999
1.192427
1.123435
0.973054
1.026186
1.175818
1.031234
1.143353
0.997306
1.085528
1.060403
1.099066
1.261611
1.223370
1.024422
1.146679
1.054299
1.046598
1.061047
1.138951
1.104394
1.093030
1.287023
1.045445
1.063258
1.125091
1.133584
1.073455
1.261730
0.925667
1.006480
1.108449
1.030087
1.104399
1.046865
1.048328
1.101135
1.055562
1.175512
1.031956
1.144085
1.018974
1.274156
1.237019
1.263804
1.033661
1.184127
1.242033
1.142332
1.194068
1.040933
0.985698
1.088104
1.246458
1.196366
1.058764
1.269753
1.104995
1.072989
1.160598
1.020815
1.223636
1.051352
1.026044
1.050481
0.929235
1.102333
1.171355
1.171681
1.044841
1.014672
0.959714
1.060639
0.997270
1.115278
1.241735
1.148946
1.132418
0.936209
1.113783
1.300261
1.092899
1.275659
1.174545
0.981241
1.036651
1.056670
1.025496
1.125824
0.997316
1.099583
1.242110
1.046317
1.069443
1.034470
1.045588
1.298811
1.253614
1.044932
1.165308
1.160816
1.104148
1.196849
1.081788
1.107650
1.016271
0.986859
1.173760
1.101752
0.966631
1.134859
1.296129
0.980378
1.110106
1.074060
1.095772
0.937043
1.134076
1.031642
1.060104
1.087041
1.187993
1.157100
1.097845
1.110547
0.971389
1.158134
1.057478
1.033908
0.934777
1.202887
1.028651
1.141061
1.040101
1.081615
0.978043
1.046847
1.127898
1.098058
0.971546
1.062296
0.978102
0.894943
1.095045
1.207027
1.081566
1.136463
0.962874
1.009003
0.991436
1.080245
1.106612
1.123679
1.181191
1.183535
1.222685
1.091212
1.083641
0.899530
1.200361
1.135276
1.158109
1.014427
1.128839
1.252185
0.952393
1.051624
1.005391
1.152565
1.147534
1.059190
1.030277
1.080060
0.900535
1.192202
1.046687
1.159082
1.192888
1.087130
1.247423
1.101691
1.060024
1.048910
1.029874
1.072691
1.096690
1.049229
1.064628
1.100099
1.086944
1.203537
1.154078
1.183869
0.932069
1.010880
1.000173
0.950347
1.031167
1.155568
0.943593
1.073175
1.079968
0.916516
0.974705
1.072663
1.015656
1.046617
1.051008
1.000248
1.038796
0.943802
1.112784
1.182534
1.064142
1.043659
0.997576
1.137005
1.026500
0.853738
1.125215
0.987728
1.089590
0.981653
1.274206
1.120239
1.042238
1.181950
1.078714
0.959558
0.880429
1.082491
0.967491
1.035923
1.035074
1.066922
1.334441
1.180052
1.055549
0.981354
1.098351
1.026291
0.938021
1.283536
1.019812
0.971599
1.118832
1.045791
0.974847
1.070894
1.095636
1.079914
0.995035
0.917864
1.153408
1.015879
1.049714
1.048492
1.187344
0.988427
1.130110
1.230420
1.125763
1.212210
0.929394
1.067006
1.007371
1.186893
1.087363
1.025344
1.043090
1.132096
1.193569
1.015617
1.017645
1.030852
1.054804
0.983429
0.931003
1.010479
1.098780
0.902825
1.163933
1.005194
1.090887
0.951594
1.125749
1.049641
0.999990
1.152229
0.896363
1.117319
1.015042
1.040720
1.032399
0.959537
1.111259
1.138881
1.180244
0.993211
1.077903
1.059611
1.003498
1.111154
1.278985
1.027824
0.919692
1.058388
1.152335
1.046111
1.004625
1.147018
1.077996
1.128057
1.083414
1.084570
1.001606
1.025020
1.099029
0.933649
0.936541
0.950136
1.052681
1.052184
1.152571
0.944937
0.989891
1.142192
1.122160
1.084961
0.865236
1.141612
1.145998
1.054601
1.121066
0.909652
0.984743
1.280838
0.964338
1.026542
1.009668
1.077845
1.236110
1.030948
1.064625
1.044410
0.921646
1.105253
1.005397
0.979902
1.173439
1.106904
1.162696
1.019608
1.041111
0.977310
0.934138
0.951001
0.978723
1.044050
1.006110
0.982128
1.103479
1.000294
0.984245
1.021591
0.948448
1.016709
1.104865
0.948930
1.103130
1.023223
1.012472
0.963198
1.077922
1.018304
0.992008
1.052103
0.961833
1.005541
1.119586
1.019718
1.004709
1.101512
0.993237
0.954655
1.092399
1.099624
1.207253
1.061029
1.079693
1.011830
0.991203
0.985763
1.148819
1.150658
1.131267
1.059896
0.973194
1.079630
1.033873
1.016057
1.030972
1.119939
1.097319
1.038924
1.383173
0.948701
1.098871
1.001925
1.261026
1.233025
1.001609
1.136698
1.064728
1.046475
1.051878
0.921121
1.176493
0.982969
1.046506
1.027965
0.912989
1.149622
0.963798
1.049312
1.050337
1.163571
1.040336
1.172298
0.948229
0.940458
1.004615
0.791548
1.100844
0.929357
0.911471
1.056352
1.040109
0.859302
1.017170
1.063417
1.095348
0.933783
1.012793
1.060064
0.829427
0.914249
0.961217
0.969942
0.942534
1.049135
1.122640
1.101004
1.051924
0.936924
1.118829
0.929303
1.085769
1.083999
0.914927
1.155478
0.973451
0.986383
0.972086
1.038006
1.070625
0.927786
1.145563
1.063709
0.972614
1.044932
1.069439
0.924557
1.057162
1.155992
1.186042
1.031685
0.939155
0.954301
1.018376
1.038132
1.072689
0.961606
1.023237
1.018368
1.017509
1.220898
1.091275
1.028995
1.015882
1.078460
0.906509
1.049534
1.157563
1.005308
1.065795
0.951974
1.038647
0.963864
0.896189
1.066834
0.955151
1.005611
1.040310
1.001339
0.957819
0.857049
1.054500
0.993140
0.871307
0.990366
0.889327
0.808805
1.035297
1.009275
0.964363
0.937600
1.129028
0.883570
0.952284
1.011250
0.966277
0.884591
0.864426
1.000551
1.026065
1.170062
0.983592
0.930366
0.941732
1.057541
0.962954
0.928559
1.155903
1.065045
0.866231
1.000439
0.926776
0.997764
0.950715
0.964245
1.039219
0.990919
0.959800
1.132375
0.857864
0.953145
0.985159
1.104459
0.949621
1.105755
1.015197
1.065063
1.075184
0.884658
0.871162
0.988153
0.900470
0.908352
0.947520
0.965809
0.988248
0.988799
1.141902
0.921083
1.089833
1.099199
0.971248
0.948961
0.981713
1.046269
1.033792
0.799584
0.905372
1.263293
0.995383
1.114250
0.961239
0.972630
1.064512
1.054636
0.896854
1.028614
0.935793
1.044655
0.936852
0.948130
1.082243
1.035561
1.111079
0.934588
0.989869
0.958207
0.877453
1.081773
0.974714
1.003937
0.900892
1.058269
1.051041
0.926587
1.108492
0.956009
1.003037
1.014854
0.954193
0.885268
1.064407
0.937934
1.012373
0.960271
1.073356
1.165063
1.043374
1.192781
0.910871
1.058750
0.964467
0.922383
1.068961
1.027382
0.957187
1.048169
0.981923
0.852021
0.958637
0.924662
1.001915
0.926165
1.062982
1.071509
1.019373
0.907049
1.100752
0.924914
1.170069
1.031077
0.995172
1.022514
1.042921
1.001034
1.018756
0.985795
0.903504
0.961250
0.946349
0.860543
1.029682
1.002924
1.009174
0.976089
0.983286
0.967605
0.974204
0.917816
1.120352
0.957690
0.999059
0.859854
1.068972
1.084402
0.902537
0.986891
0.946141
0.948814
0.810854
0.936736
1.153242
0.929183
1.025518
0.890381
1.108212
0.954979
0.967418
1.041172
1.011968
0.895653
0.867327
1.070460
0.909239
1.211722
0.953488
1.233704
1.014167
1.205911
0.910317
0.990237
1.157620
1.132484
0.956622
1.145754
1.042430
0.933261
1.115046
1.012725
1.032899
0.967118
0.952031
1.127195
1.259010
0.887029
0.945660
0.963541
1.163938
1.042748
0.955098
0.957446
1.111889
0.958964
0.855717
1.070816
1.027331
0.987378
0.955411
1.033987
0.912283
1.076994
0.959468
0.866211
1.028569
0.863765
0.977108
1.120726
1.048731
1.014613
1.011017
0.847418
1.144019
1.032093
1.036645
0.906795
0.937237
1.098850
0.901176
0.995562
0.978144
1.077021
0.928374
0.953840
1.055727
0.980758
0.944180
0.971050
0.957346
0.977754
0.946892
1.004921
1.052223
0.985206
0.922425
0.861387
0.927830
1.035671
0.969510
1.040754
0.978227
1.151714
0.935609
0.928119
0.931717
0.914299
0.858415
1.044070
0.975297
0.960640
0.954118
0.934983
1.090816
0.949393
1.119528
1.212553
0.902460
0.999528
1.015571
1.146325
1.002026
0.933446
1.049879
1.079527
0.848011
0.948600
0.979711
0.903423
1.003155
0.995080
1.030472
1.016333
1.015044
0.913509
0.877618
0.810999
0.978338
1.015971
0.975464
0.928430
0.825136
1.024772
0.970246
0.939414
0.975178
0.869999
0.975434
1.022936
0.914898
0.898538
1.098564
1.055520
0.938781
1.202417
0.976297
1.122826
0.878196
0.933381
0.835556
1.092274
0.980075
1.060663
0.949302
1.101690
0.903435
1.018381
0.960814
0.977779
1.043760
1.095433
0.932511
0.979418
1.014802
0.954229
1.135039
0.910951
0.895510
0.955484
0.823276
0.967478
0.938360
0.925815
0.950133
0.942661
0.870184
0.936602
0.876871
1.192370
1.084794
1.065696
0.986323
1.080863
0.976108
0.967918
0.993383
0.984233
1.038465
1.045184
0.831873
0.886969
1.007452
0.858321
0.855111
0.965330
1.080046
0.959656
0.948223
1.026832
0.935146
0.927515
0.857466
1.011041
1.052783
1.095489
0.782796
0.972810
1.056133
0.821087
0.900644
1.043841
0.909072
0.993751
0.977939
0.896855
0.974401
0.955446
0.960666
0.947686
1.120199
1.058859
0.889063
0.832211
0.904665
0.919394
0.838410
0.901309
0.908336
0.795083
0.895610
0.967348
1.077673
0.834842
0.722820
1.041944
0.856059
0.827458
0.885522
0.971863
1.019942
0.954471
1.089353
0.936569
0.968901
0.810918
0.899017
0.842975
0.826713
1.035371
1.000968
0.916826
0.837327
1.014663
0.921923
0.857408
0.939470
0.970311
0.862392
1.020174
0.914204
0.956068
0.996197
0.991424
1.041015
1.061534
0.935166
0.848190
0.894949
1.079725
0.962788
0.967058
1.048315
1.026841
0.990374
0.990026
0.916027
0.816554
0.970324
0.878949
0.919108
1.066189
0.945217
1.103654
1.077550
0.843221
0.904007
0.944649
0.964359
1.085605
1.201179
0.818283
0.992342
1.066450
0.928309
1.130758
1.034027
1.135693
0.785364
1.068911
0.970656
0.911654
1.046203
0.852337
1.088504
0.967798
0.914135
0.916245
0.967055
1.055031
0.875060
0.752764
1.005745
1.109444
0.933912
0.942588
0.827086
0.982443
0.908606
0.812035
0.944173
0.922490
0.814832
0.855337
0.997913
0.885136
0.895566
0.924745
0.803552
0.805554
0.946726
0.775978
0.878785
1.006255
0.991338
0.970797
0.843605
0.863336
0.883345
0.924490
0.910384
0.932017
1.169501
0.950344
0.903258
1.007531
0.944487
0.797215
0.923622
0.883636
0.969561
1.036898
0.971377
1.013235
1.040360
1.000765
0.909295
0.908793
0.862592
0.977823
0.845473
1.052923
0.923337
1.023476
0.997331
0.862318
0.896483
0.761336
0.906744
1.009980
0.848661
0.897112
0.840574
0.964131
0.821211
0.943669
0.855807
1.085417
0.843490
0.904293
0.953924
0.836426
0.930292
0.960831
1.047319
1.264286
0.956670
0.860170
0.990135
0.934907
0.907297
0.852504
0.995507
0.875353
0.886962
0.843355
1.056213
0.983980
0.902412
1.022081
1.051945
1.022803
0.786507
0.978979
0.892486
0.956860
1.062232
1.074965
1.038105
0.850900
1.020853
0.970311
1.045650
1.033652
1.032920
0.907767
0.844144
0.906000
0.918428
0.853014
0.916819
1.025507
0.844791
0.970273
0.941336
0.800988
0.832493
1.038978
0.954194
0.888930
0.831232
1.055462
0.991449
0.938955
0.883169
0.896364
0.906462
0.934653
0.913401
0.964676
0.799839
0.814172
0.971672
0.942116
1.030511
0.786771
0.871304
0.906656
0.963694
1.033910
0.868525
0.975727
0.799196
0.825369
1.018459
0.927133
1.083010
0.936289
0.848951
0.927084
1.033863
0.947083
0.966848
0.857291
0.898135
0.952226
1.033540
1.090834
0.843782
0.958609
0.856459
0.919708
0.836250
1.070936
1.090785
0.962580
0.995101
0.972478
0.816092
1.080503
0.958759
1.164131
1.012925
0.973635
0.995746
1.028741
0.848089
0.992498
0.979293
0.899596
0.972008
0.887318
0.892816
0.881436
0.875357
0.793396
0.931602
0.972614
0.855197
0.807357
0.846686
0.792116
0.951964
0.843885
0.862698
0.946084
1.065014
1.085006
0.891400
0.972199
0.865777
1.063143
0.845335
0.926924
0.931677
0.915161
1.040990
1.152511
0.959426
0.881496
1.008732
0.944247
0.834559
0.888749
0.815060
0.856069
0.807795
0.962234
0.897687
0.926468
0.822226
0.957537
1.056828
0.864126
0.992025
0.757250
0.763214
0.774932
0.830253
0.940765
0.786782
0.956814
0.906557
0.882671
0.975926
1.046444
0.888614
0.837748
0.872628
0.951146
0.909307
0.976026
0.826126
0.995199
0.882382
0.948297
1.080114
0.946145
0.895692
0.865709
0.838109
0.745708
0.948690
1.076989
1.056095
0.822733
1.082920
0.939802
0.794466
0.791280
0.983663
0.953689
0.916568
0.906396
0.930829
0.886223
1.029183
0.939657
0.794576
0.950747
0.814290
0.992838
0.916397
0.965699
0.934432
0.962313
0.841307
1.021062
0.872954
0.821760
0.893882
0.890420
0.907403
0.824874
0.797498
1.006421
0.953776
0.857422
0.973678
1.066705
1.117355
0.795241
0.912871
0.909407
0.937178
0.952623
0.846262
0.908530
0.774338
0.880642
1.010938
0.816766
0.802848
0.890008
0.805495
0.947299
1.003830
0.878825
0.950456
0.674417
0.927590
1.044048
0.957251
0.814695
0.891440
1.054027
0.926534
1.004402
0.863183
0.879220
0.938130
1.023761
0.975734
0.960775
0.797348
0.914472
0.985577
0.889629
0.850508
0.815836
0.826522
0.909711
0.790165
0.885850
0.871277
0.908614
0.954960
0.924679
0.953991
0.870119
0.867863
0.882580
0.867851
0.787955
0.987579
0.893211
0.940568
0.911721
0.745423
0.811137
0.940637
0.855285
0.906878
0.760902
0.939391
0.919050
0.785883
0.748179
0.819014
0.771036
0.788259
0.820288
0.846334
0.895638
0.765284
0.813001
1.107785
0.905971
0.895822
0.845172
0.974685
0.904477
0.960952
0.946080
0.865048
0.871090
0.959163
0.848491
0.938952
0.956830
0.977874
0.946808
0.972727
0.971602
0.825664
0.879210
0.863038
0.894458
0.949104
0.879481
0.918606
0.890150
0.972131
0.876112
0.758889
0.934492
0.983506
0.870529
0.857391
0.933255
0.884274
0.983089
0.717662
0.738080
0.952664
0.847028
0.855973
0.792606
0.833416
0.794773
0.924710
0.817054
0.821061
0.747426
0.964484
0.776962
1.004273
1.027946
0.814352
0.855614
0.954266
0.960100
0.903750
0.789328
0.790030
0.722393
0.881561
0.872981
0.839122
1.046283
0.911008
0.976070
0.892907
0.862296
0.887669
0.838701
0.947301
0.870750
0.793898
0.900421
0.996765
0.747481
0.852819
0.879589
0.905141
0.848188
0.858748
0.943283
0.971870
0.808449
0.884729
0.798512
0.838477
0.815178
0.917756
0.855252
0.788398
0.834472
0.917614
0.897730
0.976484
0.887941
0.909861
0.866175
0.807640
1.070285
0.895049
0.876445
0.923841
0.935051
0.810623
0.876586
0.855775
0.914254
0.741603
0.897779
0.917292
0.987759
1.071752
0.880851
0.835454
0.820336
0.850718
1.008101
0.931494
0.973106
0.857244
0.880208
0.848591
0.861749
0.907960
0.848862
0.852858
0.812954
1.084076
0.820494
0.946748
0.807739
0.891020
0.864019
0.821080
1.037575
0.730194
0.754626
0.749634
0.793419
0.833090
0.904999
0.849596
1.021220
1.045679
0.842460
0.904703
1.065989
0.872208
0.795062
0.798428
0.801352
0.847289
0.943888
0.928474
0.770878
0.951128
0.943984
0.856130
0.837422
0.955326
0.880768
0.768243
0.865016
0.941225
0.880821
0.865611
0.983218
0.894679
0.948725
0.864835
0.860920
0.869289
0.946670
0.791700
0.863951
0.826433
0.824639
0.868901
0.869640
0.959760
0.899895
0.953090
1.004845
0.756909
0.962619
0.938771
1.019034
0.874932
0.818766
0.905403
0.724827
0.902654
0.681598
0.757799
0.755444
0.951011
0.914141
0.946971
0.971892
0.999253
0.925240
0.847150
0.746965
0.805477
0.947602
0.851961
0.854481
0.890021
0.833331
0.863845
0.804049
0.965677
0.801129
0.894664
0.850608
0.853475
0.930082
0.814561
0.797051
0.788053
0.836212
0.836626
0.806582
0.806837
0.834028
0.950233
0.903360
0.792626
0.736377
0.993209
0.843951
0.715261
0.759884
0.913657
0.772603
0.776566
0.734596
0.982384
0.816169
0.855726
0.779280
0.816015
0.811971
0.853803
0.790724
0.946697
1.068992
0.911789
0.744576
0.961264
0.722622
0.875861
0.938340
0.815254
0.804477
0.882785
0.917302
0.870181
0.747906
0.802923
0.933505
0.794366
0.984066
0.865460
0.927191
0.917300
0.747280
0.883392
0.902191
0.816850
0.843516
0.870070
0.824516
0.747896
0.832785
0.737616
0.891613
0.927204
0.977880
0.995703
0.873621
0.848134
0.800885
0.747751
0.990450
0.813081
0.821607
0.730643
0.904393
0.804606
0.743752
0.854063
0.905796
0.790516
0.876140
0.848655
0.796199
0.848461
0.944627
0.789885
1.002085
0.629837
0.810210
0.883106
0.730833
0.835299
0.969041
0.786599
0.767308
0.940167
0.673823
0.825462
0.974133
0.767491
0.857755
1.090594
0.816655
0.774260
0.928641
0.847477
0.797636
0.882853
0.908158
0.928210
0.837066
0.839048
0.789835
1.011216
0.809396
0.950356
0.806989
0.886942
0.931282
0.896355
0.863323
0.755098
0.880150
0.878665
0.860864
0.905509
0.843759
0.883719
0.833133
0.765942
0.915521
0.833911
0.781178
0.983066
0.754921
0.954524
0.845114
0.910531
0.914791
0.907088
0.982439
0.778771
0.847244
0.961379
0.910505
0.882257
0.823861
0.793118
0.856240
0.978011
0.806009
0.836333
0.857662
0.789057
0.962057
0.874487
0.831318
0.819656
0.796307
0.993470
0.815573
0.822978
0.741533
0.769048
0.846800
0.747029
0.868850
0.782177
0.856432
0.742822
0.888971
0.875374
0.859705
0.880093
0.834593
0.854084
0.753093
0.769204
0.834087
0.901078
0.730079
0.776440
0.826305
0.973471
0.836071
0.820421
0.925274
0.717589
0.892599
0.824355
0.844164
0.832774
0.644535
0.739400
1.009269
0.968716
0.900887
0.842184
0.764335
0.862987
0.841436
0.814891
0.895470
0.691527
0.753182
0.757909
0.756542
0.869666
0.886735
0.921178
0.801562
0.935615
0.876852
0.741542
0.750699
0.812885
0.764830
0.938721
0.996774
0.828973
0.941499
0.772781
0.955366
0.824302
0.910701
0.787991
0.913255
0.792852
1.080487
0.819183
0.821389
0.852111
0.816208
0.936217
0.912511
0.860004
0.882744
0.802964
0.868071
0.875725
0.821314
0.908602
0.729424
0.821543
0.946629
0.876000
0.780544
0.841298
0.995604
0.763263
0.821741
0.873917
0.864419
0.767420
0.728834
0.791915
0.924198
0.776832
0.915207
0.827650
0.842670
0.862299
1.020840
0.945105
0.878023
0.782753
0.836624
0.850298
0.743993
0.792862
1.012361
0.945234
0.970638
0.683660
0.777308
0.833090
0.864873
0.813599
0.948041
0.867240
0.906326
0.872026
0.751242
0.880037
0.888603
0.860029
0.741025
0.806143
1.041511
0.894660
0.731594
0.744339
0.887626
0.808368
0.786283
0.777487
0.730878
0.849375
0.959184
0.873245
0.816232
0.681049
0.766836
0.883772
0.851033
0.733068
0.744065
0.743163
0.820334
0.705936
0.758333
0.941917
0.879895
0.800915
0.955343
0.993468
0.707381
0.923202
0.791972
0.865743
0.938135
0.939934
0.814969
0.806759
0.784105
0.823228
0.718415
0.941080
0.834257
0.772551
0.682893
0.851503
0.769064
0.795734
0.831523
0.806471
0.797169
0.903551
0.779850
0.972799
0.691991
0.859958
0.711269
0.947780
0.773494
0.832104
0.845789
0.818402
0.829315
0.755748
0.691674
0.980657
0.783853
0.852884
0.815794
0.949108
1.002614
0.778184
0.870364
0.779564
0.732434
1.087709
0.737602
0.748356
0.803422
1.172426
0.835758
0.785815
0.827625
0.724188
0.842706
0.915286
0.708153
0.950944
0.916866
0.885479
0.783906
0.828066
0.951669
0.918197
0.884976
0.954841
0.896754
0.705622
0.886470
0.915547
0.942100
0.873139
0.801569
0.690698
0.906456
0.884818
0.795060
0.685789
0.890475
0.839365
0.888252
0.720231
0.733239
0.805639
0.895135
0.930034
0.790841
0.811983
0.889892
0.914099
0.676862
0.733889
0.970829
0.849934
0.832768
0.790866
0.930255
0.864537
0.836261
0.990387
0.950999
0.810460
0.818352
0.834809
0.867090
0.851639
0.789809
0.914632
0.839017
0.743282
0.783480
0.784440
0.787220
0.841968
0.852112
0.797035
0.960733
0.956840
0.828691
0.899476
0.861700
0.838512
0.788707
0.708322
0.856578
0.853556
1.057781
0.803380
0.784167
0.841032
0.691307
0.801021
0.749629
0.796588
0.766717
0.823072
0.756733
0.702510
0.683533
0.835680
0.835068
0.824703
0.789515
0.749615
0.883250
0.678799
0.861620
0.861441
0.790394
0.685348
0.875794
0.903419
0.840597
0.908945
0.738405
0.736010
0.765289
0.761978
0.799331
0.852699
0.956338
0.835832
0.931576
0.744763
0.665984
0.787201
0.918842
0.822639
0.675220
0.779329
0.766016
0.876765
0.839536
0.789678
0.932043
0.910680
0.855786
0.755490
0.827892
0.844490
0.734578
0.804374
0.813168
0.767946
0.831926
0.801466
0.877796
0.715246
0.946277
0.933103
0.735145
0.740572
0.848189
0.883899
0.744943
0.815621
1.049674
0.806629
0.723641
0.825031
0.799450
0.832678
1.009419
0.932323
0.896277
0.854582
0.902617
0.771618
0.655245
0.901021
0.811829
0.766155
0.763269
0.836977
0.844871
0.826246
0.943894
0.853983
0.860274
0.795264
0.785101
0.810266
0.773946
0.947447
0.848166
0.740546
0.800850
0.793311
0.792163
0.728419
0.708839
0.749235
0.765031
0.866720
0.796658
0.786373
0.625334
0.758632
0.592270
0.835930
0.899690
0.677467
0.788882
0.818211
0.857494
0.846689
0.801307
0.788363
0.786687
0.736452
0.883840
0.822561
0.826149
0.780224
0.849844
0.796777
0.775378
0.911444
0.780107
0.733570
0.870595
0.820611
0.884950
0.822298
0.935632
0.811989
0.749777
0.778940
0.802857
0.910976
0.922268
0.880698
0.751788
0.870053
0.839464
0.686702
0.891835
0.810463
0.855049
0.852569
0.714816
0.857096
0.938164
0.924891
0.685832
0.756709
0.762611
0.739652
0.835602
0.794097
0.785303
0.790713
0.790338
0.767142
0.894957
0.679191
0.648338
0.766375
0.881505
0.757646
0.695909
0.907734
0.817992
0.762503
0.889654
0.809282
0.757764
0.757239
0.893848
0.836702
0.795314
0.831428
0.780696
0.802330
0.783266
0.830147
0.963007
0.806267
0.751328
0.838630
0.759291
0.880098
0.799390
0.896676
0.716139
0.767505
0.818809
0.763124
0.746385
0.875816
0.777452
0.748424
0.817700
0.847782
0.950314
0.713986
0.830439
0.764171
0.689106
0.893570
0.779115
0.783892
0.758853
0.676357
0.659890
0.775839
0.853618
0.794068
0.865655
0.797307
0.795327
0.831617
0.765330
0.945130
0.796343
0.808314
0.695716
0.762797
0.854503
0.863903
0.833980
0.711806
0.642496
0.656513
0.733333
0.924918
0.968450
0.759320
0.919410
0.742545
0.789920
0.819956
0.955111
0.744383
1.050982
0.819090
0.793383
0.805085
0.809256
0.858860
0.692044
0.789956
0.790089
0.908107
0.886719
0.794925
0.860937
0.721439
0.763319
0.719455
0.764549
0.773804
0.683010
0.743488
0.845986
0.711037
0.768143
0.803444
0.810243
0.641085
0.762315
0.649918
0.784843
0.803264
0.751199
0.774742
0.691774
0.716471
0.928488
0.654637
0.867518
0.724840
0.728936
0.808094
0.817054
0.697728
0.770231
0.699026
0.755633
0.749419
0.782011
0.771474
0.820458
0.792606
0.782270
0.652647
0.741923
0.588210
0.665588
0.816584
0.844060
0.656194
0.711792
0.776490
0.873004
0.881399
0.732133
0.946041
0.882167
0.856374
0.800311
0.752860
0.844872
0.739396
0.869133
0.763561
0.860873
0.746887
0.771924
0.772003
0.804271
0.771514
0.683675
0.682832
0.706877
0.753728
0.748255
0.781774
0.641051
0.704726
0.702895
0.679850
0.775993
0.722602
0.801302
0.771515
0.751740
0.874998
0.825349
0.798642
1.038116
0.840177
0.625335
0.908865
0.835253
0.763615
0.685489
0.849336
0.767045
0.747542
0.775142
0.778582
0.759168
0.778306
0.786181
0.799570
0.771786
0.813997
0.813151
0.960447
0.702721
0.784982
0.840293
0.788218
0.822969
0.817894
0.901787
0.721853
0.654393
0.811969
0.864414
0.652336
0.772477
0.709966
0.726787
0.897691
0.771026
0.839392
0.690367
0.894282
0.806742
0.758387
0.767315
0.884796
0.812515
0.600920
0.984137
0.607076
0.799633
0.832114
0.766596
0.780892
0.729507
0.903431
0.776734
0.771578
0.629360
0.710470
0.717606
0.741906
0.884241
0.662427
0.866999
0.756003
0.722029
0.719495
0.813894
0.773987
0.949369
0.788595
0.641309
0.674027
0.756478
0.693531
0.730052
0.768871
0.772125
0.859088
0.718394
0.795927
0.819628
0.610597
0.744820
0.735217
0.848468
0.855268
0.906741
0.682076
0.863365
0.828287
0.801541
0.856540
0.980424
0.734942
0.798150
0.742956
0.902156
0.811126
0.703509
0.718616
0.868037
0.736132
0.753001
0.827903
0.742147
0.711454
0.845762
0.742294
0.811888
0.863827
0.731711
0.737815
0.946430
0.737891
0.899855
0.842934
0.751624
0.743324
0.749579
0.692344
0.741338
0.748616
0.900583
0.782463
0.831914
0.695378
0.679406
0.755582
0.812352
0.857413
0.777611
0.705077
0.768736
0.730214
0.639723
0.835917
0.633648
0.710622
0.710700
0.681208
0.794057
0.820269
0.798760
0.949785
0.705269
0.737620
0.837294
0.880247
0.734008
0.728093
0.702746
0.799493
0.773258
0.792812
0.735395
0.759994
0.743529
0.759874
0.674786
0.733471
0.781139
0.846519
0.646155
0.712871
0.852808
0.843782
0.778027
0.732632
0.692216
0.766707
0.757297
0.738770
0.763244
0.731166
0.785385
0.713775
0.786145
0.830424
0.771346
0.789514
0.775533
0.990063
0.677523
0.794719
0.811920
0.732424
0.821753
0.869436
0.781432
0.776485
0.820180
0.820380
0.705573
0.829510
0.848447
0.806735
0.885962
0.765588
0.759305
0.820577
0.654330
0.643279
0.759179
0.824148
0.747857
0.660913
0.920125
0.719737
0.755555
0.977629
0.902910
0.642861
0.686010
0.824590
0.790422
0.763220
0.697841
0.790676
0.716061
0.888256
0.733891
0.789928
0.703582
0.728641
0.839019
0.756923
0.844809
0.822066
0.679640
0.827220
0.797077
0.727066
0.892178
0.777607
0.794805
0.648508
0.722587
0.676687
0.706673
0.757122
0.834980
0.903419
0.616687
0.647801
0.799919
0.794594
0.739393
0.884525
0.755174
0.728562
1.035809
0.755946
0.731782
0.800713
0.725561
0.857838
0.785501
0.802162
0.695889
0.663386
0.931015
0.810018
0.708511
0.840423
0.716676
0.926944
0.783155
0.897065
0.668587
0.694678
0.742552
0.727339
0.752480
0.753450
0.740819
0.673607
0.788664
0.737113
0.705531
0.704290
0.867289
0.619004
0.717980
0.695461
0.801876
0.751419
0.852431
0.780433
0.710377
0.797715
0.655998
0.810100
0.854337
0.863303
0.780031
0.746566
0.860754
1.058866
0.814899
0.705474
0.814725
0.794526
0.693917
0.698220
0.625485
0.747406
0.859707
0.858119
0.826170
0.729455
0.722066
0.763409
0.811468
0.744553
0.735443
0.761106
0.763288
0.711147
0.980006
0.654647
0.726878
0.624313
0.673361
0.641682
0.690966
0.679010
0.634079
0.737911
0.818889
0.964529
0.856183
0.864067
0.759735
0.744986
0.676737
0.808555
0.967640
0.746148
0.624555
0.705951
0.787314
0.882177
0.891100
0.847517
0.821937
0.792367
0.771805
0.787677
0.753668
0.779132
0.666550
0.779127
0.780594
0.756649
0.774559
0.730262
0.761422
0.628812
0.781641
0.777038
0.696407
0.850481
0.682728
0.695550
0.826727
0.787237
0.607194
0.560816
0.722274
0.791796
0.632388
0.687882
0.865019
0.774827
0.650217
0.694405
0.954210
0.792640
0.614468
0.681542
0.735606
0.637883
0.729748
0.732171
0.719454
0.688772
0.681606
0.838892
0.806107
0.705159
0.745766
0.659228
0.707316
0.750340
0.776905
0.766044
0.875535
0.770146
0.922624
0.796222
0.734645
0.833922
0.744788
0.712383
0.905222
0.759947
0.684123
0.757575
0.704487
0.804570
0.749832
0.828283
0.776425
0.933982
0.786711
0.753309
0.767161
0.753847
0.914766
0.701978
0.792722
0.813962
0.671177
0.809412
0.837400
0.806277
0.732838
0.827485
0.779171
0.707410
0.838438
0.790989
0.684778
0.798151
0.637619
0.696713
0.703093
0.807855
0.672184
0.670280
0.628789
0.623508
0.654274
0.718445
0.840289
0.748894
0.773624
0.797432
0.819875
0.819708
0.656451
0.699058
0.788812
0.898427
0.690350
0.619069
0.738460
0.718078
0.743628
0.815529
0.799983
0.849421
0.812067
0.729122
0.689394
0.655659
0.700672
0.694186
0.705492
0.747666
0.790617
0.745778
0.774548
0.755980
0.710624
0.740619
0.649598
0.732480
0.691977
0.719962
0.779219
0.866388
0.876404
0.702704
0.812836
0.708057
0.666861
0.776057
0.618520
0.788071
0.796270
0.595038
0.691545
0.811378
0.814729
0.887777
0.726637
0.663878
0.756657
0.793031
0.645886
0.785054
0.776196
0.646147
0.845889
0.726979
0.814576
0.943641
0.879487
0.859941
0.763083
0.781980
0.747548
0.692448
0.687789
0.747626
0.689057
0.936264
0.844108
0.675966
0.742670
0.723248
0.755337
0.676020
0.809927
0.760592
0.671829
0.716516
0.781557
0.779238
0.664429
0.980220
0.747642
0.744510
0.702838
0.808686
0.860561
0.816893
0.794634
0.731286
0.639570
0.750349
0.727305
0.672183
0.729939
0.699437
0.810660
0.764636
0.752250
0.874793
0.844131
0.819532
0.818308
0.738387
0.706835
0.918476
0.712472
0.688904
0.774553
0.749242
0.828708
0.761440
0.757481
0.840653
0.778096
0.725615
0.701797
0.794704
0.679233
0.745549
0.837594
0.790070
0.870409
0.672699
0.656664
0.682298
0.684662
0.653150
0.656809
0.787376
0.753915
0.829329
0.856910
0.694918
0.813736
0.793302
0.789397
0.767625
0.789951
0.761943
0.640239
0.677645
0.689500
0.709705
0.748580
0.764827
0.692970
0.700899
0.713416
0.750954
0.813745
0.705464
0.761164
0.801290
0.801465
0.787076
0.551912
0.692544
0.618426
0.793229
0.692805
0.608252
0.646284
0.700752
0.863153
0.810070
0.761532
0.809611
0.659263
0.919242
0.663952
0.692611
0.673815
0.685684
0.620484
0.825122
0.660071
0.700467
0.769080
0.750129
0.742796
0.793862
0.650657
0.681310
0.792548
0.815726
0.773239
0.651080
0.617283
0.714356
0.649454
0.774812
0.687569
0.948673
0.817573
0.839534
0.669944
0.769960
0.798428
0.785082
0.664693
0.636239
0.685193
0.759206
0.775385
0.843097
0.739716
0.665965
0.642644
0.620955
0.566306
0.904647
0.653901
0.635465
0.561658
0.709362
0.743365
0.685991
0.730596
0.653060
0.678714
0.798783
0.738239
0.821313
0.756571
0.867672
0.656086
0.739346
0.778705
0.701976
0.622043
0.718230
0.720492
0.696678
0.821061
0.724601
0.819471
0.627714
0.725242
0.681763
0.763712
0.807327
0.710575
0.713601
0.739782
0.713695
0.668618
0.664104
0.834148
0.857769
0.717041
0.708530
0.591471
0.696386
0.717114
0.746725
0.728857
0.682760
0.741983
0.646979
0.649240
0.763965
0.719938
0.601708
0.669039
0.727388
0.679394
0.693140
0.871723
0.766357
0.824721
0.746120
0.854866
0.741785
0.709880
0.759623
0.652172
0.814583
0.685422
0.759257
0.719244
0.849117
0.720938
0.760927
0.759894
0.763141
0.643382
0.833368
0.791718
0.702703
0.800439
0.667998
0.727132
0.651880
0.771405
0.672122
0.706933
0.745675
0.638529
0.781865
0.749399
0.763054
0.749855
0.771451
0.621817
0.596927
0.793798
0.739554
0.776870
0.638434
0.746738
0.658530
0.674830
0.618453
0.833827
0.779350
0.687685
0.772216
0.732957
0.798299
0.688820
0.802392
0.649865
0.744508
0.650347
0.972882
0.664946
0.668372
0.772461
0.713534
0.760377
0.797903
0.723268
0.724169
0.697643
0.701874
0.562826
0.700897
0.716455
0.783416
0.713163
0.513905
0.763067
0.628850
0.638377
0.641289
0.777949
0.930976
0.696349
0.727221
0.658095
0.778962
0.697692
0.642093
0.751442
0.553071
0.703222
0.680066
0.654234
0.781868
0.673152
0.781969
0.618482
0.629126
0.678650
0.740931
0.705241
0.656680
0.692715
0.738148
0.641091
0.778586
0.833020
0.773168
0.703077
0.733098
0.923318
0.827284
0.742435
0.855415
0.782419
0.688784
0.707142
0.619297
0.664573
0.708052
0.721161
0.726022
0.740471
0.756419
0.681705
0.693771
0.714269
0.690101
0.713592
0.734802
0.858097
0.850308
0.740659
0.835978
0.687357
0.786938
0.670819
0.612316
0.660667
0.550574
0.737140
0.720016
0.643713
0.809827
0.713200
0.779380
0.734288
0.630356
0.829655
0.717715
0.694157
0.641391
0.661209
0.604659
0.717040
0.755844
0.717587
0.840084
0.749223
0.618799
0.789521
0.739459
0.868062
0.532360
0.810057
0.804383
0.828686
0.645002
0.721395
0.645952
0.731838
0.667343
0.647901
0.720879
0.670669
0.793705
0.686808
0.636081
0.683859
0.745289
0.747006
0.756106
0.740336
0.836224
0.734587
0.650128
0.638637
0.723556
0.774241
0.721169
0.674946
0.815461
0.748587
0.628673
0.857112
0.846158
0.655242
0.711604
0.623477
0.576164
0.654824
0.686614
0.716054
0.752350
0.670283
0.619521
0.764866
0.716038
0.779793
0.618763
0.703198
0.697424
0.706491
0.602579
0.695197
0.742012
0.791456
0.762771
0.755104
0.728417
0.779940
0.703479
0.788841
0.674801
0.785255
0.790002
0.664628
0.671397
0.677882
0.603403
0.739067
0.656053
0.804392
0.660787
0.829759
0.701723
0.724295
0.837113
0.583800
0.833766
0.729622
0.938038
0.740169
0.722305
0.713472
0.743846
0.636864
0.750343
0.621222
0.749563
0.683640
0.628399
0.635948
0.646739
0.751115
0.630673
0.634863
0.698384
0.814515
0.866714
0.566269
0.695727
0.752870
0.728283
0.729006
0.862592
0.676436
0.659809
0.571269
0.786733
0.612610
0.766020
0.645222
0.594557
0.632610
0.755779
0.700691
0.699725
0.816368
0.726059
0.567061
0.665739
0.751997
0.670057
0.661564
0.675278
0.732762
0.784559
0.795504
0.651629
0.576163
0.649140
0.716614
0.751640
0.755951
0.814654
0.709721
0.645330
0.646710
0.791677
0.723010
0.692422
0.839392
0.762912
0.850161
0.775045
0.706541
0.669114
0.687955
0.616515
0.819203
0.578656
0.574643
0.590281
0.839150
0.860710
0.763958
0.694558
0.621926
0.838986
0.725814
0.660114
0.748498
0.730263
0.701998
0.635721
0.662527
0.947631
0.873722
0.764885
0.839590
0.649661
0.750890
0.622124
0.726976
0.698360
0.603738
0.658393
0.637825
0.599289
0.642106
0.675464
0.768914
0.692384
0.591116
0.795011
0.890503
0.777463
0.637354
0.588507
0.678374
0.802841
0.658003
0.781297
0.764500
0.710351
0.567908
0.625596
0.680200
0.609852
0.683257
0.805776
0.673117
0.602184
0.657800
0.755963
0.744244
0.752164
0.672875
0.861636
0.608575
0.690686
0.662236
0.728693
0.787641
0.766175
0.794244
0.732632
0.701398
0.517600
0.650229
0.621076
0.787545
0.848293
0.650267
0.600111
0.759182
0.716275
0.654892
0.753060
0.689314
0.686576
0.670571
0.703637
0.722812
0.757131
0.613448
0.805101
0.665192
0.622492
0.676418
0.764877
0.674683
0.698836
0.836340
0.724974
0.766065
0.763600
0.751500
0.689203
0.584934
0.809723
0.670980
0.611356
0.653843
0.779820
0.688666
0.896738
0.727259
0.682242
0.687359
0.667992
0.729490
0.701611
0.692188
0.746275
0.702339
0.609740
0.759471
0.686563
0.614321
0.731121
0.682448
0.762273
0.679093
0.545625
0.697487
0.619575
0.707501
0.607683
0.618077
0.667024
0.672670
0.659190
0.601981
0.628343
0.583801
0.712189
0.668380
0.724760
0.670224
0.594474
0.729821
0.806781
0.636346
0.697250
0.901334
0.674263
0.739920
0.789436
0.580295
0.622469
0.718194
0.786551
0.689516
0.684504
0.701420
0.573029
0.765246
0.711032
0.634893
0.650340
0.516912
0.619898
0.660312
0.663419
0.607567
0.823346
0.616265
0.730890
0.701551
0.749071
0.819947
0.780375
0.686932
0.649733
0.732975
0.690192
0.847941
0.715770
0.684749
0.757936
0.664452
0.654414
0.620987
0.599712
0.763656
0.719289
0.614361
0.729426
0.689616
0.728659
0.722211
0.672372
0.669298
0.608080
0.627238
0.658547
0.576214
0.719568
0.672871
0.740722
0.577822
0.766702
0.845302
0.651492
0.674725
0.635704
0.501653
0.722679
0.818733
0.738562
0.611661
0.912552
0.682879
0.819248
0.712302
0.720772
0.876199
0.833927
0.639986
0.636403
0.740127
0.739142
0.618805
0.677980
0.652807
0.569170
0.802021
0.721551
0.707458
0.643004
0.707382
0.714914
0.803525
0.676583
0.757662
0.585514
0.691824
0.635701
0.758884
0.730745
0.746322
0.695446
0.850253
0.593001
0.732116
0.857892
0.739465
0.682126
0.866728
0.838913
0.651502
0.794280
0.703798
0.940925
0.765697
0.900481
0.594320
0.714860
0.708706
0.645496
0.649450
0.860922
0.635865
0.671364
0.779281
0.602535
0.695826
0.607898
0.682788
0.718521
0.678224
0.594839
0.784189
0.730227
0.641050
0.608974
0.697001
0.737161
0.662392
0.607826
0.813046
0.696772
0.740890
0.680214
0.527375
0.682002
0.631180
0.721187
0.612097
0.626667
0.683616
0.598688
0.695103
0.657024
0.646097
0.651700
0.686602
0.633789
0.613538
0.681846
0.753807
0.783919
0.738110
0.613913
0.748050
0.556681
0.681113
0.586876
0.687047
0.669644
0.745713
0.585148
0.709265
0.785514
0.617035
0.677906
0.659273
0.633648
0.718100
0.658960
0.852692
0.721577
0.633953
0.709860
0.700392
0.755000
0.753496
0.638610
0.667604
0.704050
0.617285
0.590377
0.821732
0.676306
0.670062
0.599364
0.558690
0.811535
0.664874
0.582337
0.657016
0.644425
0.584979
0.617922
0.529239
0.682286
0.609149
0.899446
0.562269
0.615909
0.635918
0.676494
0.683475
0.770340
0.643624
0.643854
0.923976
0.587352
0.718824
0.554176
0.547144
0.870765
0.755791
0.711840
0.617503
0.596609
0.744922
0.699292
0.681633
0.649111
0.702695
0.596399
0.576387
0.642841
0.591613
0.683261
0.706925
0.877758
0.638749
0.698751
0.724753
0.691777
0.567542
0.671347
0.720657
0.668599
0.657680
0.684867
0.700529
0.745831
0.719954
0.686718
0.640417
0.644210
0.843643
0.638550
0.559214
0.661613
0.631499
0.661676
0.656048
0.638113
0.664007
0.701838
0.604829
0.814028
0.770648
0.597296
0.691835
0.593141
0.689450
0.719884
0.644420
0.767560
0.640776
0.665383
0.617978
0.672469
0.755408
0.608400
0.718870
0.572084
0.738924
0.645292
0.693875
0.666746
0.627814
0.631867
0.622654
0.694113
0.764644
0.674164
0.685261
0.788201
0.768765
0.639697
0.653234
0.564581
0.717362
0.715964
0.661394
0.777448
0.542671
0.705503
0.670355
0.772162
0.737991
0.661962
0.580919
0.799140
0.808464
0.697608
0.607440
0.836719
0.679379
0.778608
0.684714
0.674758
0.597486
0.826648
0.596771
0.631485
0.723343
0.693549
0.707142
0.687920
0.641679
0.729342
0.730510
0.740068
0.712642
0.628193
0.609934
0.620484
0.652806
0.787769
0.668489
0.620572
0.716812
0.667760
0.549779
0.682074
0.611135
0.634594
0.667775
0.533842
0.750161
0.586542
0.671609
0.684368
0.639143
0.720346
0.678633
0.637070
0.724808
0.646778
0.548927
0.507544
0.598718
0.731127
0.774489
0.655281
0.651656
0.772216
0.766792
0.828444
0.742036
0.564315
0.833802
0.728195
0.662633
0.655678
0.785889
0.645517
0.601452
0.832534
0.798337
0.754590
0.762782
0.754316
0.716564
0.733016
0.637131
0.535600
0.755946
0.651339
0.700366
0.620415
0.637410
0.572170
0.691776
0.822001
0.683542
0.677927
0.716307
0.693998
0.556386
0.791752
0.708921
0.613116
0.678517
0.654462
0.675891
0.777988
0.710040
0.640720
0.709737
0.691237
0.663153
0.696671
0.548301
0.597816
0.634986
0.867225
0.662348
0.744482
0.690064
0.772625
0.685753
0.711722
0.663844
0.814099
0.656307
0.767658
0.629052
0.672350
0.697338
0.626130
0.689420
0.760538
0.719106
0.718540
0.657028
0.660219
0.726683
0.691390
0.683134
0.588276
0.757489
0.563777
0.625852
0.613426
0.635923
0.768026
0.828321
0.601936
0.762421
0.624626
0.681201
0.738807
0.770554
0.664369
0.703827
0.590313
0.592200
0.681789
0.720851
0.634201
0.758690
0.643159
0.600017
0.607956
0.521611
0.704711
0.652656
0.573747
0.577644
0.806687
0.717891
0.544315
0.584521
0.737978
0.676872
0.660877
0.615935
0.771488
0.481262
0.702879
0.639927
0.591487
0.760047
0.593733
0.823989
0.705372
0.650661
0.817713
0.672698
0.576841
0.802199
0.666946
0.625535
0.754643
0.637654
0.607637
0.804982
0.585905
0.624113
0.578578
0.650478
0.560595
0.642703
0.532651
0.612742
0.558351
0.696379
0.761694
0.603907
0.555519
0.597232
0.518959
0.558751
0.715545
0.717850
0.611913
0.655989
0.700038
0.761169
0.610095
0.645595
0.622641
0.541412
0.622282
0.674999
0.639803
0.535683
0.528118
0.601962
0.737982
0.614227
0.617340
0.614247
0.600464
0.630683
0.616908
0.654073
0.680050
0.670206
0.692890
0.541474
0.531555
0.854332
0.576814
0.694575
0.768879
0.764214
0.722870
0.595384
0.569775
0.629902
0.665865
0.683318
0.764809
0.612120
0.805938
0.575105
0.798525
0.735543
0.594512
0.554533
0.626324
0.809513
0.644470
0.709346
0.703414
0.645498
0.636974
0.669837
0.633650
0.697916
0.835969
0.596749
0.689126
0.537296
0.758471
0.591787
0.565656
0.576511
0.600089
0.675716
0.501322
0.554987
0.650055
0.728764
0.587584
0.629312
0.613869
0.738788
0.619982
0.720463
0.661940
0.621864
0.695625
0.700759
0.799623
0.713795
0.570705
0.753528
0.638156
0.660532
0.649443
0.846873
0.779741
0.585462
0.643459
0.698172
0.804211
0.741673
0.697801
0.683243
0.693057
0.618206
0.713773
0.699848
0.599358
0.741594
0.729784
0.607572
0.621822
0.547324
0.755621
0.727016
0.694029
0.713721
0.879132
0.715844
0.641816
0.611580
0.710715
0.631613
0.613223
0.577139
0.712558
0.664933
0.611065
0.676792
0.653855
0.699527
0.701874
0.622874
0.566060
0.636600
0.559869
0.751964
0.546656
0.631844
0.667537
0.623511
0.695996
0.579112
0.597294
0.623047
0.623489
0.666230
0.546847
0.745119
0.687799
0.662419
0.704662
0.536317
0.676184
0.615911
0.734144
0.614418
0.632539
0.642181
0.750526
0.568841
0.687585
0.592086
0.581031
0.809716
0.623367
0.614036
0.629837
0.639457
0.667501
0.649522
0.707269
0.559651
0.642201
0.657624
0.770274
0.694373
0.694033
0.633520
0.705782
0.617562
0.562606
0.724801
0.569452
0.726322
0.736845
0.583674
0.795463
0.581544
0.671787
0.603076
0.565153
0.688668
0.634742
0.678715
0.580185
0.594850
0.707175
0.711288
0.730748
0.587349
0.675518
0.653727
0.663777
0.626088
0.592086
0.663673
0.611186
0.612028
0.620866
0.640513
0.744365
0.630833
0.798977
0.683745
0.546109
0.683150
0.633820
0.670106
0.604304
0.535367
0.722966
0.691734
0.667901
0.646222
0.667125
0.738906
0.595086
0.533708
0.744731
0.719600
0.725912
0.692287
0.689464
0.712404
0.712202
0.752628
0.582734
0.710075
0.664531
0.670001
0.744813
0.632002
0.732180
0.645066
0.722973
0.552048
0.625507
0.658934
0.699130
0.805785
0.732976
0.666146
0.659702
0.632926
0.569026
0.799633
0.748263
0.759810
0.645568
0.723886
0.634861
0.584392
0.675667
0.586854
0.744172
0.617211
0.709597
0.691841
0.818211
0.702718
0.635542
0.742694
0.706537
0.740091
0.609433
0.643381
0.788672
0.834789
0.715192
0.881410
0.727170
0.737924
0.635454
0.752357
0.689272
0.777656
0.683949
0.654841
0.673208
0.615276
0.697796
0.635677
0.599840
0.680220
0.634065
0.512773
0.596429
0.751248
0.550666
0.644611
0.670855
0.688253
0.643169
0.625497
0.703388
0.624217
0.560711
0.778922
0.621483
0.676440
0.604205
0.625800
0.722093
0.726755
0.614195
0.720902
0.584690
0.592560
0.783686
0.676397
0.700049
0.762929
0.721214
0.896454
0.680565
0.682874
0.579597
0.618279
0.692328
0.677360
0.626016
0.622666
0.663309
0.762465
0.645958
0.713166
0.777123
0.565003
0.687592
0.662684
0.594281
0.635396
0.536195
0.700882
0.633738
0.621688
0.557444
0.623081
0.702131
0.497046
0.627503
0.655638
0.667459
0.485733
0.563085
0.551473
0.559819
0.649130
0.573549
0.743751
0.484275
0.705030
0.552228
0.575432
0.571074
0.637221
0.697183
0.611508
0.848912
0.612364
0.588718
0.626484
0.668798
0.532706
0.607250
0.613357
0.608014
0.598672
0.571781
0.586249
0.619075
0.589857
0.691834
0.760861
0.588379
0.616129
0.765198
0.721171
0.598595
0.636084
0.752931
0.583078
0.563794
0.643081
0.631886
0.732639
0.581729
0.744409
0.628040
0.722533
0.722656
0.663908
0.652841
0.676637
0.615146
0.674641
0.632091
0.593028
0.590108
0.635410
0.635718
0.659306
0.710133
0.637729
0.602169
0.594915
0.584870
0.751095
0.732835
0.669824
0.672120
0.545404
0.559291
0.519704
0.564845
0.680053
0.764925
0.523447
0.587775
0.584302
0.668489
0.602253
0.569774
0.519009
0.578182
0.611039
0.600058
0.507651
0.801500
0.748878
0.638439
0.697554
0.674190
0.724623
0.610200
0.728534
0.585977
0.666435
0.552874
0.682292
0.625578
0.569312
0.697711
0.740484
0.469422
0.513451
0.563624
0.693758
0.693737
0.516714
0.600637
0.587114
0.671655
0.577784
0.721555
0.521914
0.614941
0.512338
0.730006
0.706224
0.615798
0.721998
0.699974
0.556664
0.794516
0.652997
0.693708
0.582895
0.793226
0.591371
0.792930
0.681854
0.655074
0.552562
0.674016
0.656280
0.739351
0.727583
0.775151
0.734135
0.668250
0.707852
0.688884
0.616204
0.629867
0.804213
0.680591
0.731480
0.710163
0.713226
0.549949
0.794574
0.616009
0.673734
0.715528
0.549361
0.763209
0.665769
0.876784
0.620035
0.689386
0.685387
0.693603
0.758725
0.732639
0.640731
0.672053
0.687832
0.581892
0.719907
0.691465
0.567846
0.565716
0.637144
0.746909
0.699732
0.696999
0.626595
0.677375
0.522359
0.777350
0.667256
0.823143
0.645616
0.570741
0.737291
0.769568
0.665431
0.700288
0.653469
0.625883
0.659226
0.710101
0.652456
0.854790
0.535049
0.693920
0.693106
0.689435
0.666369
0.572488
0.638160
0.732265
0.693683
0.647904
0.639090
0.635957
0.708800
0.566274
0.575495
0.605761
0.607851
0.727380
0.618575
0.509886
0.643219
0.792738
0.604087
0.580682
0.675839
0.658967
0.617144
0.633536
0.658347
0.781442
0.693863
0.594415
0.621560
0.634467
0.595745
0.698657
0.764846
0.690646
0.577297
0.632277
0.645989
0.743726
0.696678
0.696230
0.718977
0.620631
0.604370
0.526685
0.635894
0.641249
0.821686
0.643980
0.697629
0.630591
0.622400
0.661561
0.636673
0.518851
0.589680
0.621319
0.660469
0.617583
0.632077
0.566254
0.676474
0.734642
0.641717
0.610359
0.756201
0.678440
0.585494
0.475828
0.657517
0.659343
0.633005
0.795216
0.614202
0.542804
0.680596
0.517680
0.685578
0.720622
0.666113
0.556195
0.734439
0.666718
0.627038
0.685343
0.548066
0.530901
0.549016
0.704333
0.580012
0.638598
0.530265
0.486638
0.593487
0.631164
0.551715
0.571510
0.539549
0.701913
0.600585
0.600466
0.623770
0.562169
0.554103
0.625381
0.750951
0.582032
0.545729
0.653364
0.623564
0.627992
0.590435
0.732603
0.695328
0.685480
0.501524
0.660963
0.527884
0.682996
0.682910
0.648760
0.593907
0.628520
0.526718
0.739542
0.679767
0.687395
0.683820
0.741432
0.718371
0.622288
0.659326
0.646078
0.625497
0.771397
0.687591
0.689682
0.653349
0.689962
0.619541
0.692043
0.726745
0.790726
0.694466
0.760439
0.529362
0.621488
0.622815
0.703484
0.550766
0.637506
0.642889
0.503148
0.727742
0.629462
0.611487
0.584427
0.585224
0.578665
0.813796
0.577591
0.552991
0.597846
0.665675
0.469619
0.635907
0.544708
0.705782
0.577627
0.548771
0.642967
0.737897
0.584448
0.710490
0.593226
0.719809
0.586432
0.608293
0.581631
0.582540
0.535464
0.589287
0.647067
0.715495
0.698811
0.594225
0.645674
0.651208
0.604610
0.542340
0.515456
0.671177
0.564076
0.623021
0.701106
0.600870
0.598860
0.545331
0.518481
0.540650
0.632089
0.608788
0.637694
0.586317
0.621414
0.483897
0.563236
0.639586
0.738855
0.574657
0.661306
0.527380
0.910813
0.645693
0.565161
0.608600
0.522171
0.635521
0.681081
0.644679
0.678125
0.524683
0.608073
0.693498
0.677141
0.718296
0.712933
0.577670
0.581847
0.627082
0.626503
0.604641
0.647369
0.617339
0.665107
0.606131
0.684310
0.720729
0.526152
0.482610
0.645968
0.633069
0.648791
0.557675
0.701517
0.605546
0.608906
0.717961
0.714413
0.614322
0.495242
0.677034
0.679772
0.620041
0.750352
0.563636
0.646081
0.647914
0.724635
0.682919
0.593772
0.606118
0.544912
0.625026
0.779982
0.508829
0.635537
0.562921
0.661954
0.715680
0.684539
0.679104
0.775649
0.665308
0.811701
0.922234
0.722263
0.669774
0.695448
0.719565
0.671330
0.639473
0.639424
0.494194
0.709266
0.646929
0.647938
0.570360
0.642097
0.701754
0.581814
0.703613
0.771786
0.644856
0.695016
0.595690
0.705157
0.809428
0.589964
0.609187
0.636130
0.557807
0.510006
0.533944
0.630057
0.647359
0.721025
0.603015
0.676232
0.585909
0.619902
0.527935
0.644809
0.681973
0.656667
0.513768
0.591907
0.687153
0.530875
0.586212
0.630135
0.595027
0.752962
0.587446
0.586006
0.582463
0.592621
0.705819
0.558382
0.659574
0.547873
0.592003
0.797795
0.719112
0.894645
0.572408
0.765697
0.641838
0.828966
0.518634
0.564450
0.686559
0.631084
0.634382
0.576532
0.567173
0.628476
0.833991
0.644993
0.666104
0.572603
0.626705
0.659587
0.625424
0.684612
0.583906
0.601336
0.719075
0.701813
0.618456
0.540093
0.580306
0.605517
0.625491
0.547291
0.599386
0.871617
0.641256
0.698342
0.548973
0.635630
0.507438
0.832628
0.675049
0.556352
0.529356
0.713012
0.545988
0.620893
0.574603
0.651740
0.665676
0.582650
0.555784
0.715999
0.717712
0.674723
0.652756
0.563358
0.697237
0.622108
0.717633
0.742697
0.744602
0.783129
0.555732
0.580902
0.679662
0.680830
0.674024
0.661499
0.665925
0.587420
0.559491
0.524852
0.718283
0.672065
0.514772
0.544414
0.525495
0.558931
0.596694
0.635737
0.669136
0.557374
0.582608
0.588823
0.578702
0.787547
0.758817
0.708485
0.694313
0.629076
0.609290
0.607546
0.695555
0.639030
0.626462
0.703068
0.692219
0.621280
0.687678
0.566495
0.539483
0.786329
0.635164
0.612056
0.565527
0.625841
0.782159
0.633525
0.701091
0.636124
0.651216
0.538784
0.558067
0.686152
0.625780
0.738981
0.593395
0.642595
0.617939
0.533242
0.654506
0.579327
0.525145
0.512244
0.549531
0.780994
0.668165
0.601194
0.618931
0.648932
0.503820
0.690175
0.650142
0.682465
0.589658
0.772132
0.796547
0.639610
0.732176
0.715445
0.710755
0.668047
0.698816
0.679024
0.642992
0.663898
0.560899
0.710068
0.667207
0.764583
0.693398
0.604313
0.688182
0.523977
0.753875
0.714479
0.681123
0.612641
0.629674
0.583162
0.685054
0.532628
0.648347
0.739089
0.627499
0.655513
0.548213
0.596956
0.601370
0.549922
0.733548
0.640550
0.651144
0.645361
0.621602
0.628795
0.522455
0.535610
0.623795
0.644520
0.555693
0.502453
0.683192
0.637319
0.571209
0.440683
0.553805
0.594629
0.605037
0.636451
0.537661
0.620416
0.652582
0.528429
0.593465
0.622328
0.686510
0.546914
0.669422
0.560592
0.580849
0.722660
0.479606
0.540059
0.547088
0.543797
0.656448
0.627942
0.742620
0.613004
0.666237
0.672350
0.719681
0.648473
0.580297
0.623225
0.659613
0.544781
0.511518
0.616174
0.545253
0.567032
0.628424
0.657616
0.603681
0.776178
0.531319
0.664833
0.614395
0.616464
0.630646
0.637256
0.572872
0.575669
0.683071
0.531397
0.669076
0.513713
0.747277
0.612089
0.492651
0.656160
0.486428
0.608088
0.667761
0.591851
0.714531
0.599266
0.669557
0.676928
0.571622
0.750829
0.720092
0.661401
0.661524
0.683679
0.636557
0.675435
0.629936
0.642946
0.775776
0.662713
0.570200
0.596431
0.616509
0.731506
0.489885
0.702531
0.575285
0.652262
0.641831
0.618356
0.640699
0.660085
0.599745
0.684321
0.484544
0.620890
0.523253
0.646341
0.599712
0.643519
0.600521
0.540407
0.725715
0.541865
0.551340
0.609842
0.596910
0.497783
0.534885
0.565584
0.566828
0.643016
0.536687
0.578896
0.543240
0.537671
0.617720
0.644422
0.668123
0.604576
0.512652
0.590819
0.774243
0.552673
0.503680
0.573673
0.490684
0.633967
0.703586
0.740390
0.724031
0.640709
0.623518
0.666761
0.604382
0.538599
0.602556
0.628110
0.635918
0.650685
0.561400
0.582780
0.780782
0.532221
0.625664
0.635319
0.592215
0.620574
0.620005
0.736755
0.555038
0.615797
0.622184
0.690953
0.644985
0.633489
0.743045
0.581085
0.717999
0.563084
0.660791
0.579618
0.695571
0.560665
0.506491
0.700485
0.711366
0.607937
0.709694
0.460094
0.615269
0.544972
0.676779
0.666812
0.691585
0.641900
0.702650
0.630858
0.615653
0.664858
0.546108
0.605131
0.545527
0.814378
0.531826
0.690033
0.619645
0.612378
0.564895
0.561371
0.542446
0.740756
0.523231
0.485076
0.688835
0.678404
0.610552
0.813966
0.552478
0.687289
0.597687
0.660943
0.670009
0.647101
0.615107
0.772173
0.550576
0.683456
0.591422
0.597684
0.740527
0.720052
0.651189
0.668913
0.641116
0.644733
0.630476
0.664885
0.587921
0.575990
0.527345
0.648327
0.573206
0.664471
0.680122
0.617912
0.661635
0.557846
0.628850
0.596006
0.606885
0.698729
0.566830
0.629371
0.699799
0.478902
0.537534
0.488723
0.537818
0.542468
0.579515
0.515328
0.673924
0.636160
0.630852
0.468923
0.616881
0.615940
0.570758
0.614992
0.694324
0.642627
0.665302
0.589068
0.610378
0.597193
0.689802
0.621591
0.630233
0.729601
0.652337
0.497898
0.720925
0.591631
0.774462
0.722686
0.610371
0.640113
0.542060
0.686403
0.630567
0.712444
0.790564
0.637762
0.585040
0.693016
0.686487
0.643823
0.515237
0.601423
0.596334
0.725486
0.624755
0.669656
0.546570
0.636782
0.603970
0.571897
0.649793
0.663929
0.646068
0.718480
0.727839
0.570833
0.532242
0.561255
0.574323
0.722472
0.666070
0.574278
0.678534
0.563951
0.635980
0.520773
0.582947
0.552136
0.681645
0.640383
0.666734
0.730698
0.527118
0.594753
0.527469
0.454316
0.804748
0.605108
0.489831
0.642361
0.570343
0.644367
0.524950
0.547749
0.573182
0.610176
0.754488
0.596807
0.627767
0.607142
0.638424
0.588548
0.567849
0.891977
0.597999
0.594926
0.629713
0.603141
0.616876
0.599905
0.523121
0.701576
0.646476
0.575660
0.563571
0.631055
0.623555
0.584027
0.546465
0.604325
0.691077
0.710643
0.513164
0.780728
0.627338
0.818700
0.628030
0.485325
0.582907
0.636042
0.598324
0.462728
0.711907
0.661845
0.713530
0.561522
0.603671
0.611009
0.598698
0.546059
0.626282
0.565825
0.494084
0.538689
0.602624
0.587755
0.573698
0.650823
0.725094
0.708500
0.628492
0.546226
0.646388
0.583647
0.581786
0.655882
0.674215
0.482318
0.599521
0.590300
0.483892
0.517251
0.583900
0.718377
0.712564
0.662903
0.690384
0.685875
0.507301
0.548197
0.502040
0.511254
0.506387
0.519773
0.648052
0.630865
0.626324
0.617253
0.633441
0.664029
0.627095
0.541202
0.602273
0.531988
0.548979
0.577659
0.628242
0.679425
0.564142
0.710177
0.486416
0.647429
0.475572
0.556581
0.669647
0.675064
0.643761
0.627378
0.764069
0.598172
0.614146
0.595430
0.617426
0.641006
0.506812
0.528030
0.683705
0.496589
0.591934
0.655312
0.589546
0.490074
0.515515
0.514262
0.583636
0.642684
0.523555
0.593647
0.664585
0.695878
0.585595
0.632367
0.615111
0.627594
0.695005
0.465587
0.613380
0.545717
0.742949
0.706893
0.584802
0.658086
0.750061
0.620757
0.729681
0.624490
0.621483
0.672260
0.495165
0.721251
0.733474
0.599054
0.509665
0.585126
0.666151
0.609681
0.551987
0.526432
0.675360
0.584834
0.539708
0.605571
0.539241
0.508294
0.720658
0.535039
0.574333
0.663695
0.679178
0.455075
0.588205
0.772106
0.700589
0.594021
0.601224
0.552742
0.507374
0.892011
0.759412
0.586148
0.444562
0.553936
0.589943
0.573374
0.660984
0.500896
0.662218
0.606065
0.668836
0.665651
0.674886
0.552930
0.612150
0.687841
0.562010
0.547206
0.489955
0.542803
0.521339
0.694348
0.635615
0.581234
0.539029
0.617938
0.523988
0.680367
0.617391
0.578652
0.594994
0.518657
0.579250
0.603329
0.539075
0.591555
0.749851
0.672660
0.556294
0.610324
0.582683
0.578759
0.578950
0.560595
0.525151
0.538990
0.527352
0.544533
0.513382
0.553011
0.557196
0.720100
0.623548
0.557611
0.601675
0.593291
0.589760
0.673367
0.592798
0.665760
0.535802
0.591866
0.576624
0.655943
0.716118
0.653447
0.519352
0.536931
0.603472
0.536053
0.600449
0.633125
0.612088
0.535523
0.499269
0.648385
0.587266
0.556188
0.596690
0.474766
0.557969
0.808355
0.667421
0.643647
0.571129
0.643380
0.548429
0.576597
0.560927
0.739629
0.653830
0.554879
0.725617
0.661062
0.599611
0.687448
0.583080
0.596408
0.532586
0.537050
0.602006
0.681988
0.696306
0.588373
0.574767
0.679847
0.587445
0.551969
0.559187
0.802177
0.729084
0.657456
0.601096
0.495355
0.629466
0.629652
0.538265
0.540592
0.583375
0.668031
0.551772
0.664259
0.614065
0.554570
0.636225
0.614317
0.636453
0.622765
0.681573
0.621815
0.570726
0.615346
0.541643
0.489733
0.574387
0.495400
0.538634
0.664369
0.531109
0.688168
0.603496
0.701365
0.591008
0.524107
0.507317
0.713737
0.693168
0.551969
0.566690
0.560722
0.714199
0.745105
0.517873
0.499005
0.689798
0.700330
0.532531
0.591056
0.584290
0.682857
0.634910
0.591362
0.583935
0.648481
0.550430
0.708252
0.609334
0.624067
0.686150
0.633896
0.583922
0.571290
0.720477
0.611630
0.547388
0.599923
0.559482
0.651676
0.584162
0.606869
0.675978
0.751360
0.686319
0.530259
0.599997
0.638787
0.658144
0.525093
0.479919
0.611901
0.598936
0.792747
0.527036
0.600874
0.548195
0.501662
0.534896
0.627668
0.603066
0.473762
0.675687
0.641705
0.589231
0.569692
0.478063
0.614283
0.701955
0.668989
0.505140
0.519709
0.528802
0.490671
0.513314
0.618619
0.566908
0.472780
0.663966
0.564716
0.422571
0.689219
0.672595
0.487905
0.558585
0.659812
0.548201
0.719902
0.487866
0.569067
0.520264
0.553244
0.626091
0.670436
0.561919
0.539045
0.540953
0.618194
0.626019
0.580562
0.486267
0.592708
0.700855
0.666786
0.574031
0.531612
0.631034
0.793544
0.694068
0.551662
0.594971
0.533811
0.539560
0.632883
0.596297
0.520282
0.662039
0.543485
0.575121
0.636357
0.643815
0.557907
0.506829
0.753665
0.520208
0.488327
0.664770
0.670225
0.648881
0.536264
0.595881
0.587426
0.571655
0.571118
0.691863
0.625849
0.679744
0.528566
0.669927
0.626245
0.629789
0.571636
0.581377
0.517609
0.716606
0.519048
0.544988
0.544532
0.569389
0.487404
0.818319
0.583311
0.585632
0.705516
0.789227
0.630415
0.622676
0.596054
0.552257
0.553105
0.578450
0.687112
0.652224
0.459627
0.634392
0.611575
0.643887
0.515833
0.800426
0.543620
0.436496
0.656183
0.630198
0.525595
0.544413
0.499532
0.584192
0.509851
0.720803
0.571647
0.637027
0.485537
0.557592
0.674780
0.540547
0.610904
0.527938
0.594960
0.634886
0.560575
0.583768
0.616366
0.662127
0.568659
0.648103
0.571526
0.640810
0.557102
0.580321
0.683147
0.470586
0.623567
0.575093
0.603867
0.473259
0.538629
0.642757
0.588562
0.665180
0.739105
0.657415
0.544385
0.563059
0.625328
0.650844
0.609208
0.635080
0.552031
0.735328
0.553282
0.574726
0.552298
0.745213
0.554912
0.655256
0.600025
0.621009
0.669045
0.657642
0.640553
0.495395
0.594124
0.598324
0.742738
0.609472
0.560348
0.743299
0.606335
0.545491
0.501947
0.645759
0.541015
0.625025
0.553146
0.576617
0.555685
0.612511
0.502735
0.539219
0.575305
0.514901
0.483776
0.645920
0.609032
0.642110
0.564530
0.568618
0.566044
0.532703
0.557992
0.568573
0.648775
0.537121
0.569978
0.578254
0.479509
0.581176
0.613317
0.520633
0.549738
0.485800
0.612224
0.548145
0.597372
0.605054
0.610714
0.493276
0.529893
0.790312
0.722133
0.620452
0.503832
0.571502
0.600506
0.580365
0.555607
0.575019
0.483692
0.497096
0.556118
0.647799
0.560505
0.464753
0.485904
0.499954
0.496436
0.615282
0.599317
0.554870
0.762116
0.737305
0.561257
0.660564
0.632431
0.705555
0.535615
0.618014
0.656524
0.674491
0.650638
0.642119
0.796800
0.684232
0.716134
0.623589
0.617386
0.575631
0.622456
0.583451
0.637582
0.618062
0.549843
0.657199
0.654765
0.508544
0.620248
0.733328
0.622146
0.633078
0.563813
0.659530
0.641932
0.642940
0.441388
0.647572
0.616471
0.525829
0.543279
0.496870
0.568939
0.529092
0.534767
0.637146
0.451553
0.621398
0.631249
0.657659
0.625409
0.593309
0.554470
0.599863
0.549261
0.600547
0.727578
0.475076
0.566589
0.665415
0.505767
0.576360
0.537108
0.707215
0.574992
0.772961
0.570011
0.477369
0.523986
0.629377
0.539496
0.668047
0.534120
0.627357
0.556398
0.684759
0.519912
0.656229
0.644349
0.521883
0.731861
0.537684
0.698425
0.639105
0.589918
0.666812
0.553945
0.617150
0.747934
0.531499
0.691527
0.592653
0.628233
0.598747
0.551937
0.632069
0.723164
0.449302
0.664011
0.678657
0.634824
0.668874
0.517057
0.515357
0.507861
0.504028
0.571763
0.635440
0.615146
0.505239
0.491540
0.509261
0.728955
0.580609
0.531099
0.605430
0.555045
0.677854
0.436951
0.479456
0.621102
0.583123
0.482599
0.560933
0.522554
0.610474
0.524532
0.580999
0.738304
0.546935
0.650202
0.585701
0.555057
0.522463
0.485483
0.518683
0.464627
0.648664
0.580459
0.709682
0.589571
0.659133
0.684955
0.461673
0.578332
0.539757
0.707577
0.634291
0.479681
0.635947
0.573910
0.561790
0.605127
0.591669
0.673471
0.580324
0.535928
0.768636
0.562212
0.609130
0.493532
0.622672
0.766483
0.533557
0.513369
0.538172
0.598712
0.533677
0.586335
0.576592
0.576366
0.633013
0.600282
0.647645
0.498051
0.517400
0.498452
0.557020
0.476647
0.628503
0.519017
0.543513
0.602186
0.547144
0.630819
0.497025
0.597040
0.510848
0.569556
0.603159
0.495404
0.613599
0.655570
0.552481
0.521291
0.515689
0.550903
0.612343
0.601740
0.462265
0.532490
0.565161
0.550548
0.510652
0.536246
0.616009
0.591068
0.561991
0.628272
0.498414
0.644216
0.535063
0.582333
0.631234
0.537336
0.593493
0.535527
0.590257
0.551108
0.622676
0.672293
0.609684
0.721895
0.755423
0.609480
0.556822
0.580292
0.500132
0.618981
0.607186
0.546704
0.734210
0.578416
0.752567
0.562780
0.547368
0.510091
0.696377
0.671142
0.575974
0.618036
0.501921
0.545323
0.633520
0.701726
0.632030
0.569310
0.577973
0.530325
0.529458
0.685753
0.540453
0.645650
0.617724
0.540767
0.733870
0.676537
0.592728
0.528404
0.697754
0.564301
0.579116
0.637711
0.572416
0.681980
0.494803
0.629153
0.568974
0.611893
0.632789
0.763682
0.672041
0.607602
0.484423
0.596142
0.638733
0.643360
0.577827
0.497087
0.576857
0.579575
0.555700
0.668203
0.536498
0.607313
0.636613
0.491918
0.541753
0.614804
0.589282
0.629719
0.580641
0.487218
0.507523
0.611093
0.631741
0.797083
0.717932
0.625900
0.618302
0.603722
0.659898
0.573108
0.577701
0.634017
0.459750
0.627437
0.584945
0.734109
0.612822
0.550303
0.657791
0.611154
0.530008
0.544837
0.517807
0.711843
0.517354
0.526959
0.665476
0.640572
0.490761
0.510954
0.593157
0.588172
0.508057
0.611952
0.500258
0.665522
0.627492
0.564807
0.609949
0.517935
0.622043
0.491842
0.583212
0.554615
0.647072
0.609235
0.648470
0.595485
0.630841
0.690085
0.718147
0.565729
0.537409
0.614657
0.641737
0.574992
0.787966
0.568070
0.676933
0.604565
0.690648
0.588283
0.662902
0.590066
0.623416
0.488000
0.631761
0.639824
0.556807
0.624544
0.609641
0.528057
0.687728
0.577823
0.600725
0.524327
0.560011
0.559343
0.545512
0.496622
0.689116
0.536624
0.677683
0.544309
0.510191
0.597298
0.673353
0.478050
0.485177
0.611459
0.597092
0.637049
0.701771
0.647510
0.618616
0.487618
0.616129
0.619140
0.633250
0.543247
0.593940
0.494960
0.766690
0.513183
0.571575
0.540506
0.568066
0.534392
0.551743
0.670742
0.563036
0.588503
0.568762
0.554282
0.460517
0.609405
0.530846
0.500235
0.556603
0.781364
0.615726
0.518703
0.521755
0.488504
0.563609
0.510156
0.551041
0.623500
0.615064
0.703187
0.651649
0.660565
0.613443
0.551524
0.612925
0.515217
0.642211
0.673688
0.550491
0.660512
0.536273
0.488382
0.544650
0.619770
0.682105
0.644731
0.736158
0.575541
0.613856
0.645117
0.552718
0.508029
0.709405
0.627144
0.630585
0.555837
0.546284
0.516561
0.576389
0.600071
0.544047
0.679203
0.519885
0.524692
0.481962
0.629677
0.511541
0.512833
0.446305
0.632113
0.574348
0.520041
0.453015
0.377467
0.567032
0.623833
0.561986
0.519994
0.453809
0.516099
0.473183
0.507288
0.647141
0.537663
0.552418
0.636201
0.677792
0.581879
0.507268
0.652532
0.468851
0.606321
0.554282
0.508517
0.444941
0.716088
0.488379
0.647152
0.540719
0.568420
0.635441
0.566646
0.581605
0.517202
0.566275
0.715995
0.641867
0.598090
0.480384
0.377173
0.603399
0.622261
0.625049
0.544566
0.431187
0.603973
0.486702
0.653698
0.654397
0.640175
0.533271
0.504360
0.498362
0.536972
0.579136
0.557360
0.529998
0.646460
0.647127
0.617389
0.518973
0.649810
0.522291
0.648632
0.547779
0.533984
0.589624
0.524966
0.637507
0.560033
0.648373
0.614232
0.478773
0.574044
0.562635
0.608425
0.588943
0.697129
0.502940
0.475069
0.643834
0.666657
0.637142
0.540895
0.600329
0.568541
0.524671
0.500971
0.592869
0.540858
0.503821
0.642773
0.565575
0.588842
0.589673
0.667108
0.465837
0.494264
0.465151
0.538566
0.583373
0.522858
0.624236
0.519211
0.638703
0.561882
0.601720
0.558816
0.542262
0.454562
0.515250
0.632901
0.519630
0.657338
0.529081
0.580499
0.648629
0.678569
0.570848
0.541889
0.658466
0.557673
0.578212
0.638684
0.601506
0.479587
0.658128
0.682700
0.554400
0.519070
0.664362
0.524743
0.727045
0.518536
0.557262
0.505757
0.521265
0.509107
0.531936
0.605386
0.550649
0.553342
0.529108
0.674425
0.535598
0.597674
0.589389
0.566423
0.467591
0.585111
0.625924
0.532062
0.508878
0.644415
0.599830
0.643604
0.623938
0.542640
0.545907
0.552203
0.474390
0.543079
0.776942
0.507824
0.585759
0.469376
0.721426
0.559069
0.536285
0.493667
0.558344
0.697411
0.474171
0.484533
0.557363
0.595294
0.560159
0.516425
0.599977
0.566013
0.548768
0.727801
0.585883
0.563691
0.496644
0.669083
0.578811
0.548597
0.533280
0.544035
0.659790
0.527125
0.503366
0.676363
0.767638
0.621194
0.645811
0.508630
0.561613
0.557828
0.493492
0.405192
0.509068
0.631668
0.585137
0.557501
0.572247
0.566526
0.751117
0.493648
0.529955
0.548035
0.611915
0.552514
0.614353
0.632151
0.638411
0.616369
0.632339
0.445621
0.629038
0.636651
0.559563
0.555107
0.503494
0.694624
0.646994
0.548235
0.629610
0.534191
0.551377
0.640904
0.592839
0.546306
0.452207
0.718087
0.643752
0.586772
0.576905
0.670306
0.611552
0.588487
0.619842
0.590265
0.560129
0.557598
0.536125
0.705389
0.557971
0.523772
0.558656
0.550549
0.666664
0.572419
0.536789
0.649882
0.456607
0.518033
0.653700
0.595488
0.583256
0.726259
0.536051
0.536306
0.561744
0.488324
0.582390
0.579133
0.517485
0.559388
0.558536
0.530014
0.760443
0.572720
0.514781
0.554625
0.451710
0.447023
0.581176
0.688845
0.544719
0.554590
0.522143
0.625348
0.632823
0.597054
0.545135
0.510842
0.620949
0.663073
0.623713
0.455760
0.592341
0.553629
0.598756
0.507380
0.671726
0.575625
0.590680
0.536891
0.583281
0.668067
0.604072
0.636724
0.607193
0.511626
0.579693
0.611052
0.610820
0.468908
0.669294
0.576299
0.555934
0.719256
0.658384
0.522017
0.636876
0.706116
0.461578
0.659485
0.592439
0.523557
0.555569
0.597950
0.563858
0.542943
0.578681
0.666767
0.563582
0.699386
0.599542
0.665814
0.579585
0.541744
0.474339
0.623188
0.546044
0.474743
0.536635
0.709305
0.523556
0.641017
0.463494
0.502667
0.504677
0.480951
0.512847
0.634699
0.538516
0.605800
0.590794
0.617531
0.624562
0.696294
0.682495
0.561954
0.625850
0.419883
0.629089
0.585961
0.552593
0.471716
0.597976
0.591393
0.554360
0.612081
0.710556
0.493087
0.456558
0.579567
0.433493
0.634280
0.523442
0.611694
0.528195
0.510738
0.574698
0.527982
0.552185
0.508546
0.512061
0.492972
0.659968
0.498732
0.653421
0.557208
0.442946
0.479392
0.649205
0.540606
0.543054
0.494727
0.547571
0.520757
0.522364
0.639825
0.513660
0.519425
0.567905
0.566901
0.498266
0.471005
0.443340
0.545384
0.689677
0.499092
0.685288
0.524370
0.613998
0.470292
0.481942
0.663244
0.542057
0.672518
0.503313
0.709775
0.585388
0.601265
0.485692
0.541500
0.708016
0.435807
0.575291
0.546229
0.599238
0.573016
0.520036
0.638212
0.566156
0.615907
0.537946
0.568111
0.478158
0.632536
0.563006
0.590706
0.588153
0.541209
0.696107
0.620766
0.578743
0.614541
0.541660
0.601000
0.563636
0.533984
0.767568
0.718463
0.562104
0.584762
0.540424
0.643372
0.573720
0.639684
0.672507
0.499267
0.531722
0.474336
0.538851
0.619228
0.566150
0.504743
0.636345
0.476370
0.526631
0.530465
0.780652
0.746061
0.509810
0.604435
0.592743
0.658459
0.490115
0.483969
0.558988
0.598716
0.547852
0.590355
0.471161
0.510934
0.581864
0.482748
0.496295
0.587193
0.511294
0.653397
0.479510
0.568262
0.600243
0.421315
0.788239
0.466001
0.518332
0.623343
0.621858
0.566667
0.603105
0.516023
0.588121
0.678456
0.562124
0.538875
0.619030
0.492979
0.549961
0.516582
0.469552
0.499168
0.561063
0.625516
0.560285
0.447329
0.597208
0.546240
0.490763
0.541580
0.558077
0.608209
0.493821
0.531810
0.596927
0.649753
0.511933
0.650685
0.532546
0.576197
0.636816
0.700578
0.610690
0.668990
0.666994
0.600309
0.665560
0.668061
0.717394
0.519898
0.672474
0.501279
0.514529
0.543211
0.562639
0.681316
0.520676
0.544459
0.574262
0.548808
0.505166
0.520439
0.606057
0.610606
0.643595
0.491207
0.500851
0.536508
0.521089
0.475998
0.585995
0.508511
0.515170
0.565724
0.565262
0.517052
0.547757
0.569501
0.721346
0.609439
0.583433
0.593195
0.525159
0.696631
0.622547
0.596964
0.635082
0.642582
0.615854
0.580127
0.481277
0.504985
0.626697
0.503977
0.577731
0.524127
0.589729
0.522529
0.685952
0.567326
0.491200
0.590656
0.592068
0.610556
0.522603
0.573217
0.518038
0.708830
0.588190
0.558146
0.481898
0.712078
0.674405
0.541504
0.527199
0.575155
0.605147
0.792095
0.681303
0.503327
0.592941
0.480450
0.706412
0.499731
0.700198
0.545332
0.688875
0.500314
0.491357
0.648235
0.672661
0.617709
0.546595
0.646815
0.597332
0.597674
0.546431
0.524363
0.665879
0.536221
0.666834
0.493631
0.461413
0.592610
0.674789
0.486439
0.558168
0.626309
0.524922
0.647098
0.523644
0.473918
0.698008
0.496560
0.489323
0.606366
0.571936
0.657218
0.505213
0.642010
0.588552
0.521839
0.598018
0.663832
0.643764
0.491206
0.486475
0.563270
0.619329
0.619319
0.459833
0.617565
0.623667
0.546025
0.523391
0.572845
0.548941
0.681951
0.515941
0.584293
0.598479
0.664743
0.505466
0.616053
0.491722
0.676028
0.731289
0.643680
0.535144
0.617922
0.553147
0.558763
0.696274
0.739020
0.665301
0.577697
0.655626
0.488011
0.635305
0.589867
0.568494
0.551212
0.507630
0.462597
0.634050
0.640096
0.593393
0.481240
0.670554
0.550167
0.544765
0.538422
0.492920
0.528446
0.555825
0.704611
