2.302583
2.345522
2.302697
2.302755
2.300932
2.303508
2.302491
2.302936
2.303773
2.302545
2.301941
2.303009
2.297958
2.286760
2.284368
2.264308
2.302094
2.295766
2.302687
2.302586
2.302878
2.302717
2.302404
2.302451
2.302507
2.302511
2.302305
2.302901
2.302697
2.302745
2.302021
2.303028
2.302872
2.302799
2.302887
2.302402
2.302968
2.302739
2.302681
2.302526
2.302729
2.302193
2.301061
2.298959
2.299209
2.294260
2.293144
2.280744
2.285415
2.281111
2.282717
2.274682
2.277701
2.261617
2.233055
2.282780
2.250065
2.281025
2.288738
2.270319
2.257083
2.284367
2.252233
2.225391
2.254843
2.241845
2.202744
2.189154
2.164911
2.179505
2.213645
2.192375
2.180445
2.176727
2.191569
2.221163
2.222238
2.214861
2.206880
2.132429
2.168319
2.121539
2.105049
2.070484
2.090662
2.141040
2.180763
2.109852
2.111365
2.096230
2.119530
2.010013
2.100191
2.068817
2.047878
2.107190
2.100258
2.128090
2.116173
2.087760
2.066874
2.035564
2.061906
2.100518
2.060524
2.028588
2.127759
2.049649
2.078566
2.058855
2.020589
1.995393
1.968055
2.105734
1.961815
2.023127
1.994868
2.006521
1.999003
1.913437
1.932051
1.983105
1.919221
2.021220
1.966465
1.988766
1.916858
1.968965
2.003146
1.991299
2.013592
1.945406
1.937191
1.964308
1.929951
1.941911
1.932288
1.870159
1.961704
1.886597
1.927616
1.913189
1.911723
1.871976
1.927651
1.884990
1.985471
1.862149
1.879266
1.928490
1.938908
2.032359
1.859964
1.899929
1.886510
1.853963
1.950531
1.995066
1.958111
1.929518
1.926680
1.916147
1.866371
1.873531
1.910699
1.865836
1.909014
1.880046
1.881346
1.864895
1.884495
1.861638
1.853570
1.920204
1.880532
1.885477
1.870487
1.902885
1.853485
1.823395
1.810414
1.791962
1.783925
1.817173
1.764785
1.834343
1.861383
1.810094
1.960923
1.852892
1.830027
1.798814
1.929412
1.781305
1.791338
1.902813
1.746048
1.766875
1.769614
1.765830
1.778337
1.692359
1.915798
1.820919
1.770051
1.750838
1.754351
1.795123
1.722176
1.803592
1.691428
1.781592
1.820067
1.687635
1.800129
1.795999
1.761380
1.735646
1.710562
1.858572
1.768476
1.827738
1.780233
1.783874
1.781989
1.732857
1.821234
1.743659
1.827095
1.738129
1.674331
1.753358
1.790706
1.662944
1.730533
1.592993
1.720560
1.791909
1.656526
1.743166
1.682210
1.757701
1.766088
1.717881
1.675481
1.648796
1.720005
1.729226
1.680515
1.803706
1.744206
1.750677
1.753535
1.696797
1.643978
1.667617
1.611720
1.700373
1.728586
1.694902
1.660383
1.771194
1.713834
1.715738
1.606686
1.621947
1.581499
1.671839
1.622661
1.683643
1.665645
1.621520
1.590811
1.616179
1.602612
1.680631
1.635788
1.665119
1.653679
1.543034
1.516937
1.629590
1.596311
1.681059
1.713899
1.605644
1.728139
1.591922
1.552930
1.698852
1.648695
1.600920
1.610687
1.625773
1.573343
1.598460
1.582444
1.708251
1.639874
1.616014
1.572397
1.643251
1.570271
1.580803
1.604717
1.584451
1.542700
1.477150
1.674122
1.598848
1.539534
1.547760
1.563536
1.614218
1.615156
1.576830
1.550486
1.488795
1.565593
1.505152
1.613735
1.667884
1.598415
1.458250
1.543594
1.577048
1.421897
1.503207
1.460867
1.609053
1.542176
1.574577
1.547263
1.596133
1.526062
1.602452
1.623922
1.532038
1.608124
1.478322
1.461400
1.594479
1.587182
1.566912
1.489086
1.516746
1.520440
1.798718
1.522951
1.450889
1.503062
1.584034
1.587871
1.546459
1.549350
1.538707
1.520041
1.541513
1.534888
1.525162
1.627243
1.599543
1.537744
1.621043
1.484153
1.545549
1.706270
1.419004
1.477891
1.370447
1.510759
1.552123
1.510980
1.436167
1.458208
1.516654
1.457444
1.402250
1.510168
1.512673
1.561499
1.466081
1.500692
1.490314
1.498074
1.498478
1.547583
1.440177
1.480125
1.548895
1.435251
1.426517
1.448027
1.416837
1.575298
1.534696
1.572803
1.443547
1.480167
1.439019
1.380493
1.382864
1.541428
1.346537
1.352382
1.569948
1.442081
1.419765
1.415483
1.434022
1.484728
1.453752
1.547155
1.398988
1.350370
1.478244
1.444957
1.519157
1.534229
1.367604
1.472771
1.413913
1.446060
1.573280
1.398583
1.437719
1.456929
1.432083
1.433840
1.392940
1.501423
1.571325
1.407074
1.525156
1.404641
1.510203
1.473544
1.463521
1.358949
1.411860
1.393740
1.338338
1.329657
1.342615
1.317516
1.483838
1.394604
1.376968
1.421463
1.409624
1.203075
1.292489
1.385944
1.415449
1.458839
1.332792
1.346901
1.280871
1.388726
1.387704
1.331506
1.420978
1.555866
1.454606
1.445854
1.388565
1.370767
1.313759
1.329904
1.420851
1.392878
1.513634
1.378495
1.350541
1.371190
1.394851
1.232315
1.383782
1.314344
1.312677
1.345891
1.255654
1.282831
1.375628
1.428984
1.424273
1.187856
1.370649
1.206270
1.291299
1.314651
1.217518
1.243320
1.330761
1.421186
1.290215
1.411569
1.352731
1.308931
1.387092
1.393367
1.410253
1.405920
1.422090
1.416779
1.385780
1.320326
1.231321
1.204225
1.313368
1.359570
1.386280
1.314724
1.398064
1.368569
1.354913
1.308807
1.373725
1.361339
1.165460
1.538735
1.327375
1.383644
1.264757
1.309283
1.284815
1.373928
1.353167
1.361030
1.329647
1.316078
1.258084
1.341387
1.278764
1.344296
1.250846
1.349306
1.286266
1.392000
1.320007
1.461705
1.205523
1.317137
1.312482
1.209420
1.269837
1.275353
1.365994
1.340016
1.200868
1.268245
1.379892
1.341276
1.342478
1.206040
1.353285
1.338466
1.248464
1.244567
1.189560
1.151126
1.288391
1.478695
1.346013
1.341911
1.380976
1.237600
1.379224
1.350205
1.408170
1.454353
1.297594
1.174765
1.299764
1.374823
1.279838
1.176367
1.371418
1.457864
1.305186
1.176472
1.301646
1.304318
1.273864
1.223673
1.305708
1.177914
1.210558
1.248160
1.312783
1.212731
1.402048
1.324692
1.303508
1.307951
1.247758
1.292672
1.306916
1.132417
1.178713
1.187607
1.151985
1.286883
1.233408
1.353951
1.278115
1.200989
1.278213
1.222961
1.266919
1.288810
1.168821
1.209944
1.241871
1.005423
1.166537
1.208528
1.058072
1.191809
1.073933
1.235470
1.238294
1.195914
1.223216
1.162711
1.280891
1.035468
1.226086
1.245816
1.348965
1.250304
1.143640
1.246515
1.236723
1.233958
1.212636
1.212810
1.209914
1.160317
1.297467
1.388728
1.258929
1.223815
1.252370
1.296833
1.140827
1.341669
1.264922
1.152948
1.207910
1.363574
1.144920
1.259953
1.295861
1.192701
1.269640
1.151155
1.195807
1.304554
1.116709
1.127115
1.228898
1.290225
1.136475
1.180134
1.097099
1.097630
1.227625
1.207991
1.314328
1.290941
1.254778
1.192648
1.224431
1.267354
1.313020
1.326699
1.236825
1.246071
1.199908
1.203318
1.043862
1.128954
1.308399
1.272028
1.204117
1.154561
1.089897
1.111361
1.207236
1.120068
1.195833
1.213038
1.215390
1.056612
1.147723
1.028471
1.157464
1.300093
1.144555
1.067286
1.011944
1.030624
1.115322
1.198492
1.129332
1.142531
1.283646
1.168461
1.008817
1.128233
1.222080
1.101867
1.119792
1.280383
1.171781
1.154222
1.176613
1.136250
1.112781
1.090306
1.266455
1.126741
1.137177
1.112464
1.163093
1.107354
1.085772
1.334254
1.130407
1.093380
1.081298
1.056270
1.157538
1.241348
1.132104
1.167074
1.104421
1.115611
1.200635
1.097703
1.240307
1.131005
1.183283
1.164931
1.086688
1.075375
1.115766
1.235165
1.135348
1.383594
1.190950
1.210197
1.042754
1.172296
1.250075
1.157492
1.160575
1.075754
1.157416
1.130847
1.144168
1.090925
1.115443
1.146013
1.155451
1.132250
1.000642
1.084502
1.222361
1.159086
1.050743
1.016104
1.175512
1.121563
1.096144
1.130993
1.102757
1.211639
1.044786
1.115816
1.089722
1.112134
1.143763
1.141068
1.024511
1.106484
1.122272
1.168041
1.154560
1.069798
1.092022
1.170705
1.086526
1.140758
1.040188
1.090812
1.112432
1.090019
1.135395
1.084199
1.069477
1.126182
1.188323
1.131276
1.011479
0.954015
0.985120
1.085892
1.091644
1.011411
1.128945
1.028032
1.113159
0.919144
1.022904
1.042493
1.028839
1.009859
1.040516
1.062828
1.033362
1.055488
1.094344
1.075222
1.143050
1.065185
1.116847
1.167245
1.008141
1.159375
1.031262
1.020698
1.133372
1.128250
1.151402
1.048277
1.075530
1.071833
1.186381
1.069506
1.206967
1.100408
1.117001
1.191733
1.234875
1.118524
1.047954
1.127503
1.106389
1.067774
1.022410
1.078841
0.997904
1.057247
1.075956
1.066609
0.967734
1.226385
1.072894
1.133248
1.109096
1.024433
1.195513
1.075589
1.010779
1.111651
1.194240
1.156935
1.113080
1.082036
0.965578
1.082935
1.078201
1.024953
1.075142
0.996220
1.045986
1.040935
0.948003
0.988314
1.037534
1.091291
0.937704
1.025545
1.082035
1.023472
1.212700
1.076689
0.972004
1.088015
1.168306
0.983718
1.071297
1.092558
1.060743
1.128311
1.007540
1.035908
0.947392
1.142717
1.234479
1.193173
1.122689
1.040351
1.163894
1.105715
1.110087
1.039608
1.020807
1.109890
1.125786
0.993347
0.973463
1.013335
0.978233
1.111420
1.021713
1.095162
0.962703
0.978045
0.962305
1.026055
1.005904
0.957292
1.163688
1.030682
1.086708
0.982478
0.897962
0.943398
0.948431
0.997170
1.026459
0.998287
1.038949
0.935293
0.982956
1.134369
0.963218
1.108252
0.931694
1.036417
1.072102
1.089718
1.091141
1.038784
1.073422
1.019456
0.923875
1.010289
0.980417
1.041899
1.026892
1.010816
1.142226
1.053615
0.993435
0.959056
1.041809
0.921889
1.044563
0.962544
1.071011
0.939064
0.959248
1.022197
0.980167
1.023584
0.931852
0.894019
1.075910
1.062515
0.991030
0.930403
0.914799
1.075204
0.945011
0.871053
1.051661
1.026616
1.006875
0.955376
0.999013
0.980090
1.070930
0.910949
1.116680
1.107264
0.923519
0.947690
1.023850
0.892268
1.018492
0.924101
1.073514
1.012629
1.052812
1.042794
0.987958
0.990757
1.029172
0.944113
0.995677
0.967115
0.966704
0.940116
0.949910
1.032462
0.995995
0.989727
0.935374
1.055373
0.957373
0.945630
1.041728
1.007239
0.935901
0.955583
0.932969
1.022212
1.033769
0.971045
0.967224
1.022058
1.084627
0.987253
1.002533
0.830505
1.114022
1.046691
0.957733
0.950817
0.980055
0.910250
0.926920
1.089006
0.951744
0.962168
0.947412
0.991617
0.980236
0.986242
1.083110
0.855776
0.885302
1.107821
0.989649
0.952495
1.003123
0.939257
0.989402
0.843203
0.935072
1.011368
0.916316
0.993240
0.895716
0.875855
1.135571
1.100423
0.966040
0.935171
1.028992
0.972076
0.964763
0.970678
0.951553
0.860799
0.965455
1.113058
0.908249
1.005311
0.955446
0.867439
0.922637
0.944731
0.974567
0.941883
1.054565
0.940090
0.974514
0.951714
0.982447
0.945185
0.863449
0.950370
0.851458
0.912644
1.008917
0.974117
1.120577
0.928164
1.075482
0.978910
1.037195
0.943094
0.863791
0.973403
0.952859
0.943402
1.014622
0.943395
1.162414
0.945466
0.960623
0.989183
0.868330
1.047618
0.986528
1.089371
0.898879
0.995062
1.043411
0.868462
0.878375
0.998358
0.972169
1.044396
1.074838
0.902646
0.876714
0.972972
0.954256
0.881855
1.005114
0.874599
0.888930
0.956292
1.182102
0.872211
0.925070
1.018911
0.870365
0.859744
0.804597
0.827551
0.959951
0.917451
0.931727
0.881708
0.883432
0.893410
0.962433
0.805572
0.900048
0.914396
1.019801
0.933843
0.980542
0.960683
0.889984
0.918615
0.855878
0.951226
0.916938
0.914880
0.873015
0.918035
1.045860
0.984422
0.982335
1.082782
0.917871
0.897793
1.021426
0.816007
0.906643
0.957214
0.966223
0.920592
0.855847
0.990660
0.926457
0.985182
0.862910
0.928269
1.024196
0.886345
1.021350
0.869847
0.950779
0.844963
0.864905
0.839676
0.960110
1.058794
0.840616
1.073641
0.931557
0.953541
0.975379
0.915295
0.837836
0.955982
1.062605
0.861147
0.910882
0.918983
0.957977
0.944010
0.959393
0.967312
0.735774
0.976643
0.907266
0.916192
0.816946
0.905857
0.877920
0.826087
0.920383
0.934919
0.991492
1.010200
0.833542
0.860538
0.933058
0.881818
0.844553
0.914432
0.944080
0.906115
0.811964
0.855308
0.880275
0.806387
1.000522
0.933265
0.881753
0.824124
0.959488
0.990087
0.857155
0.759615
0.913776
0.940033
0.873960
1.019182
0.862456
0.901020
0.860442
0.783969
0.845643
0.869323
0.941420
0.718467
0.907449
0.826546
0.833754
0.675159
0.829343
0.832587
0.854775
0.859977
0.856835
0.843178
0.858691
0.868998
0.932286
0.759910
0.834343
0.830903
0.846804
0.993050
0.972160
0.876080
0.936534
0.943704
0.812425
0.970160
0.894162
0.938179
0.899221
0.933172
0.950327
1.027025
0.944148
0.868893
0.911955
1.061650
0.952640
0.870475
0.792878
0.914315
0.838446
0.860075
0.879812
0.930244
0.901658
0.894370
0.877289
0.817799
0.859122
0.999120
0.900985
0.836169
0.798934
0.994686
0.883448
0.888520
0.977675
0.869273
0.843489
0.980037
0.846831
0.882843
0.922162
0.866896
0.980507
0.802868
0.979544
0.902697
0.726205
0.843037
0.975168
0.771488
0.928920
0.858876
0.889682
0.690752
0.990132
0.898892
0.979473
0.865917
0.972606
0.876364
0.798886
0.857616
0.933248
0.894310
0.908486
0.936010
0.871659
0.918402
0.894709
0.792432
0.881313
0.825812
0.805688
0.703065
0.879519
0.758891
0.949541
0.955874
0.879838
0.808477
0.852410
0.995068
0.893166
0.819704
0.872533
0.844205
0.855100
0.801332
0.792597
0.887421
0.822780
0.760292
0.753580
0.971119
0.995125
0.835553
0.856344
1.012383
0.818913
0.977624
0.913602
0.738522
0.899883
0.826584
0.906451
0.861565
0.867317
0.763779
0.851850
0.821072
0.789562
0.929842
1.038340
0.770420
0.815369
0.760559
0.923039
0.882263
0.930089
0.856868
0.888192
0.815898
0.901629
0.788218
0.878246
0.916354
0.859693
0.812277
0.784002
0.910751
0.816482
0.892598
0.839806
0.803462
0.745738
0.907675
0.778830
0.886822
0.842956
0.701600
0.709070
0.906843
0.787899
0.932006
0.976732
0.716708
0.869144
0.870434
0.918568
0.728436
0.855312
0.921470
0.928804
0.997596
0.848822
0.872021
0.821212
0.884837
0.945884
0.860387
0.955019
0.847103
0.875021
0.780763
0.756868
0.921564
0.941976
0.775038
0.781813
0.947313
0.844527
0.894144
0.915486
0.874316
0.872239
0.738318
0.802745
0.775729
0.843679
0.747788
0.982460
0.778280
0.678543
0.772727
0.802942
0.965300
0.892411
0.896589
0.754461
0.845661
0.920462
0.896103
0.929783
0.789433
0.993892
0.971030
0.899863
0.834695
0.790254
0.762818
0.788013
0.855898
0.872985
0.731689
0.838160
0.997324
0.746529
0.853976
0.850188
0.748167
0.874036
0.905376
0.934038
0.758156
0.712523
0.823090
0.904176
0.750434
0.810747
0.879806
0.849692
0.816593
0.747779
0.803374
0.832303
0.802443
0.783303
0.798777
0.891170
0.913443
0.871905
0.837417
0.968620
0.904676
0.930198
0.808092
0.862088
0.823983
0.739956
0.933575
0.807198
0.868946
0.851061
0.748918
0.922227
0.885533
0.788631
0.850627
0.894296
0.688413
0.816664
0.870475
0.819037
0.800597
0.838114
0.949797
0.826738
0.783021
0.798608
0.780999
0.869653
0.797167
0.749758
0.778459
0.703324
0.750500
0.777952
0.862233
0.802504
0.797075
0.756076
0.847410
0.911601
0.711987
0.825899
0.915686
0.816840
0.873801
0.677220
0.833806
0.922364
0.802703
0.815724
0.798560
0.739425
0.725500
0.782393
0.867841
0.828937
0.900505
0.879083
0.851433
0.853443
0.825822
0.746945
0.862892
1.020258
0.719583
0.784586
0.827969
0.839064
0.702724
0.980985
0.892664
0.827038
0.807368
0.897320
0.885964
0.825484
0.914461
0.771315
0.712558
0.852615
0.756124
0.792766
0.703288
0.751639
0.825183
0.850868
0.789585
0.709591
0.755518
0.904282
0.828108
0.866004
0.862344
0.726409
0.796737
0.718722
0.863720
0.838487
0.808364
0.621815
0.852856
0.760231
0.792898
0.785443
0.832176
0.810519
0.876326
0.894074
0.796310
0.881991
0.754293
0.637126
0.701735
0.752165
0.829639
0.703149
0.803512
0.774960
0.838539
0.727281
0.687899
0.730973
0.879423
0.740535
0.769533
0.791967
0.679218
0.854439
0.739878
0.818460
0.759827
0.834561
0.762552
0.751278
0.699662
0.863181
0.687862
0.679202
0.875039
0.765638
0.756293
0.800181
0.745757
0.799823
0.745031
0.705471
0.699521
0.858772
0.699976
0.811637
0.919070
0.761502
0.816589
0.806347
0.743795
0.903009
0.775554
0.742487
0.851093
0.767999
0.946068
0.799871
0.793283
0.768837
0.797223
0.770146
0.777140
0.620293
0.742232
0.895914
0.872500
0.785024
0.821627
0.628897
0.775631
0.749046
0.929332
0.658640
0.702663
0.760924
0.788304
0.867753
0.836355
0.730640
0.860805
0.804938
0.689008
0.737103
0.796564
0.742637
0.794214
0.755676
0.859258
0.795056
0.872115
0.785035
0.808824
0.765133
0.896948
0.808423
0.924250
0.652467
0.820218
0.734723
0.848068
0.847004
0.872594
0.769699
0.733711
0.703429
0.829270
0.671169
0.709100
0.901128
0.790392
0.840300
0.775151
0.822840
0.824682
0.863952
0.731145
0.732388
0.748014
0.747752
0.730120
0.725528
0.832097
0.802741
0.771079
0.869359
0.775695
0.941219
0.798872
0.660640
0.813814
0.665047
0.725064
0.725361
0.632803
0.637993
0.661928
0.781582
0.821753
0.726068
0.687378
0.701030
0.798043
0.757465
0.722383
0.846924
0.750602
0.804821
0.711522
0.686628
0.739506
0.679583
0.809279
0.729438
0.794518
0.817959
0.770409
0.647269
0.600664
0.912231
0.647010
0.623435
0.730729
0.711621
0.847061
0.746364
0.701363
0.781905
0.716583
0.747598
0.874050
0.697991
0.780284
0.671109
0.792015
0.802817
0.748741
0.786574
0.647681
0.765173
0.792706
0.798210
0.746677
0.797734
0.771307
0.680420
0.694017
0.694849
0.618143
0.774906
0.743840
0.776782
0.700491
0.715379
0.694645
0.668517
0.700843
0.760075
0.680320
0.728863
0.701624
0.723693
0.739659
0.768035
0.755724
0.699246
0.783795
0.742487
0.691003
0.758271
0.803419
0.845919
0.679035
0.733595
0.751101
0.738790
0.726408
0.815651
0.853974
0.831642
0.816760
0.758730
0.880547
0.737630
0.851195
0.793894
0.859680
0.734658
0.836159
0.832805
0.818597
0.723281
0.699690
0.802091
0.669565
0.765114
0.716256
0.799635
0.768096
0.972664
0.777920
0.918200
0.685337
0.753870
0.733634
0.771163
0.725640
0.649036
0.707134
0.613270
0.711718
0.747309
0.859769
0.728799
0.789298
0.886082
0.876535
0.745676
0.659526
0.779581
0.798099
0.776489
0.723472
0.739118
0.734794
0.840972
0.817360
0.771293
0.816623
0.735601
0.730462
0.824558
0.628052
0.747100
0.740477
0.718489
0.783300
0.752637
0.700765
0.797047
0.811837
0.791294
0.744675
0.810705
0.944035
0.766441
0.971929
0.865044
0.717950
0.753526
0.833127
0.879196
0.796721
0.795469
0.710803
0.761064
0.830413
0.693631
0.784831
0.809149
0.893792
0.869241
0.693300
0.718997
0.768450
0.696084
0.781244
0.766400
0.800686
0.747733
0.674595
0.667263
0.689289
0.675016
0.777443
0.711231
0.611790
0.711578
0.638866
0.656748
0.840653
0.741197
0.804780
0.753598
0.731692
0.732871
0.677929
0.666766
0.767732
0.687850
0.622492
0.706228
0.648214
0.710443
0.652034
0.923537
0.636670
0.735351
0.924443
0.616413
0.651287
0.809576
0.692366
0.666296
0.756323
0.792755
0.623379
0.744571
0.689498
0.690248
0.784284
0.747462
0.693728
0.878398
0.814899
0.682098
0.757219
0.684807
0.636051
0.765181
0.738817
0.788175
0.756361
0.733923
0.678814
0.648841
0.764465
0.795754
0.686802
0.816228
0.709739
0.660490
0.721159
0.640924
0.815035
0.646435
0.740796
0.971542
0.679775
0.684943
0.674345
0.826909
0.721333
0.783959
0.658509
0.797857
0.647928
0.721982
0.680343
0.729584
0.795637
0.710576
0.654337
0.617037
0.691344
0.761523
0.597601
0.722069
0.775765
0.809662
0.719752
0.756869
0.703178
0.662013
0.671688
0.803207
0.743542
0.681283
0.765238
0.754641
0.857909
0.790666
0.747027
0.646527
0.681121
0.672005
0.780736
0.704231
0.707403
0.736772
0.766048
0.718272
0.833499
0.699193
0.705699
0.670022
0.696827
0.739207
0.731033
0.780763
0.688065
0.659446
0.766480
0.712494
0.793993
0.737686
0.678398
0.572511
0.674366
0.793772
0.792930
0.598106
0.661543
0.842607
0.740056
0.943252
0.663296
0.709117
0.724480
0.646723
0.670069
0.575205
0.688080
0.797985
0.801476
0.705343
0.784281
0.740223
0.662179
0.774729
0.797257
0.698077
0.779367
0.663199
0.833767
0.756817
0.660402
0.746113
0.744595
0.725459
0.752421
0.716376
0.817981
0.705903
0.717249
0.765678
0.626602
0.623373
0.668225
0.671145
0.765756
0.770238
0.643457
0.829058
0.825385
0.613766
0.802542
0.709905
0.785113
0.742019
0.685588
0.717742
0.731816
0.649478
0.653596
0.718980
0.694854
0.732201
0.843865
0.811648
0.635093
0.665928
0.689706
0.646563
0.753083
0.646009
0.881281
0.613906
0.666550
0.576327
0.713221
0.644720
0.657281
0.708803
0.706865
0.732793
0.675320
0.630023
0.793639
0.761569
0.698373
0.719627
0.686209
0.600829
0.738818
0.819236
0.743471
0.842804
0.798505
0.738113
0.729510
0.720150
0.665029
0.756706
0.742104
0.608899
0.763794
0.723312
0.650183
0.715898
0.744192
0.674915
0.707237
0.760550
0.732083
0.751221
0.721667
0.692674
0.678431
0.648312
0.737472
0.574757
0.733866
0.618732
0.527931
0.688628
0.733504
0.617081
0.748587
0.725728
0.708158
0.883060
0.728328
0.680233
0.659066
0.619956
0.661796
0.734641
0.738051
0.735212
0.754833
0.664100
0.750031
0.769740
0.653603
0.605508
0.625489
0.552612
0.773300
0.650518
0.693924
0.827732
0.762096
0.731506
0.741261
0.596887
0.640034
0.665452
0.840603
0.784469
0.773087
0.660972
0.766432
0.758597
0.751891
0.692710
0.706340
0.597552
0.750566
0.670843
0.713973
0.743462
0.669567
0.709333
0.719787
0.695709
0.707174
0.738408
0.680794
0.678714
0.596043
0.587042
0.690358
0.651930
0.646679
0.634204
0.655453
0.671767
0.537820
0.865178
0.673502
0.580785
0.726177
0.708234
0.694437
0.688466
0.810906
0.705346
0.645708
0.640763
0.825475
0.637920
0.659925
0.637004
0.551493
0.801942
0.645047
0.709546
0.608886
0.662162
0.665950
0.709810
0.866048
0.663713
0.693490
0.628264
0.733662
0.616477
0.696491
0.749459
0.776071
0.772021
0.800413
0.630954
0.696551
0.658503
0.714476
0.784945
0.736616
0.708314
0.654147
0.745124
0.671916
0.695695
0.634440
0.842599
0.619377
0.767527
0.728972
0.774069
0.621305
0.774849
0.630908
0.647104
0.617101
0.728491
0.611902
0.641304
0.607868
0.697536
0.614286
0.628868
0.678377
0.664320
0.642145
0.686274
0.786159
0.569694
0.684084
0.641663
0.589975
0.627305
0.769885
0.720967
0.645390
0.557340
0.564707
0.717437
0.685112
0.689010
0.587158
0.821294
0.594662
0.617857
0.531359
0.679820
0.801884
0.667069
0.613649
0.700061
0.753382
0.628611
0.674386
0.771127
0.741084
0.577124
0.660232
0.661580
0.711355
0.647115
0.784899
0.621719
0.722272
0.685527
0.711446
0.738740
0.643955
0.655718
0.710213
0.600280
0.708272
0.581905
0.611929
0.784071
0.622932
0.633798
0.682078
0.743063
0.577415
0.615215
0.468067
0.693912
0.622284
0.750520
0.664389
0.625894
0.637861
0.688022
0.686595
0.749042
0.742324
0.638820
0.659366
0.630247
0.580781
0.697345
0.703043
0.628905
0.595402
0.660076
0.680668
0.628013
0.778538
0.781871
0.590743
0.578748
0.554359
0.735631
0.785439
0.751082
0.673911
0.850585
0.738950
0.671448
0.681187
0.681009
0.774872
0.777339
0.676590
0.686801
0.587469
0.710488
0.795598
0.813824
0.865071
0.635652
0.615830
0.624025
0.746375
0.658565
0.534654
0.642185
0.733022
0.670170
0.691132
0.701908
0.649883
0.650080
0.637313
0.694968
0.741320
0.832345
0.649083
0.792025
0.628871
0.712567
0.727693
0.746798
0.768998
0.795438
0.652746
0.815711
0.670332
0.716746
0.745311
0.593186
0.761441
0.726643
0.710343
0.522521
0.719277
0.675837
0.745853
0.677951
0.737703
0.604676
0.587469
0.575791
0.599257
0.694204
0.737591
0.663804
0.544627
0.653264
0.719393
0.684625
0.779298
0.709522
0.709110
0.660195
0.631355
0.675890
0.705199
0.701501
0.787207
0.654530
0.602914
0.728314
0.668781
0.647897
0.757242
0.597523
0.667700
0.653746
0.664488
0.542078
0.499280
0.614269
0.649706
0.579933
0.716957
0.685703
0.656851
0.602996
0.624930
0.671255
0.782248
0.646490
0.651483
0.719998
0.731115
0.600217
0.663744
0.560078
0.694683
0.711731
0.627576
0.734815
0.504218
0.639579
0.834084
0.695149
0.609624
0.691411
0.795006
0.676821
0.732098
0.609002
0.668646
0.565425
0.607578
0.589085
0.516787
0.634074
0.709804
0.660745
0.776536
0.680445
0.834618
0.758224
0.825786
0.768550
0.731021
0.688419
0.715925
0.735307
0.668203
0.852679
0.723556
0.660610
0.662053
0.734644
0.720797
0.678031
0.636518
0.598707
0.716300
0.579092
0.674352
0.704073
0.761458
0.612131
0.720090
0.677539
0.753017
0.630544
0.570311
0.661647
0.647964
0.545927
0.599865
0.557141
0.586871
0.559215
0.582569
0.690390
0.668064
0.657189
0.533871
0.661532
0.724502
0.668146
0.709441
0.623891
0.624864
0.530932
0.747832
0.619855
0.675188
0.612132
0.756840
0.576662
0.595287
0.665223
0.716136
0.699278
0.847881
0.661211
0.628001
0.653857
0.509065
0.635624
0.615844
0.605211
0.557854
0.787092
0.769390
0.690876
0.699149
0.694229
0.706144
0.619544
0.761454
0.682883
0.643075
0.625865
0.694808
0.741914
0.643137
0.589607
0.582579
0.753186
0.765028
0.702021
0.770826
0.609644
0.845467
0.601154
0.701553
0.646661
0.647371
0.598379
0.686517
0.706733
0.684427
0.666187
0.645152
0.643928
0.788624
0.629585
0.680425
0.511407
0.649533
0.700263
0.692565
0.614268
0.604570
0.721127
0.552137
0.748681
0.759858
0.654563
0.653868
0.674429
0.680841
0.552748
0.780887
0.624915
0.552039
0.755993
0.651495
0.719982
0.583255
0.603562
0.496767
0.579196
0.673155
0.589887
0.680913
0.562953
0.514255
0.615148
0.541295
0.499917
0.676352
0.735254
0.594411
0.577489
0.697499
0.708228
0.683025
0.619665
0.646126
0.569359
0.613586
0.719113
0.630665
0.658630
0.508982
0.666042
0.560539
0.720524
0.614574
0.619751
0.651480
0.694757
0.642467
0.702009
0.678421
0.652659
0.578876
0.625886
0.564629
0.783195
0.581597
0.628928
0.598279
0.663717
0.629542
0.669956
0.573448
0.697206
0.623710
0.727164
0.541154
0.487105
0.688248
0.697820
0.553900
0.683293
0.662097
0.770633
0.671295
0.628081
0.596744
0.617133
0.589461
0.580286
0.669943
0.795294
0.820281
0.716964
0.626684
0.539606
0.594755
0.558779
0.594947
0.671537
0.622942
0.616831
0.550345
0.631507
0.643138
0.638506
0.575287
0.625259
0.702701
0.509574
0.614949
0.634767
0.679643
0.582933
0.508782
0.701448
0.659391
0.677501
0.674554
0.754143
0.570595
0.530207
0.648658
0.641007
0.627573
0.643789
0.541126
0.610074
0.707061
0.701291
0.733412
0.631792
0.722947
0.560646
0.680874
0.631118
0.734218
0.454119
0.632289
0.687611
0.604536
0.722512
0.677269
0.626405
0.608440
0.772441
0.641689
0.658587
0.626852
0.649520
0.737079
0.630346
0.584843
0.593538
0.667126
0.613433
0.644950
0.576685
0.641942
0.664867
0.635573
0.668931
0.695337
0.499447
0.726806
0.651555
0.648319
0.679896
0.540841
0.823131
0.650726
0.644358
0.643967
0.591105
0.570613
0.734440
0.587199
0.716000
0.722187
0.478141
0.793189
0.696684
0.666529
0.651305
0.550348
0.548774
0.589402
0.595098
0.659596
0.639078
0.546204
0.563952
0.595560
0.769825
0.501423
0.691146
0.569444
0.740037
0.674659
0.670428
0.537059
0.535175
0.632517
0.670941
0.662842
0.566697
0.595148
0.573971
0.568185
0.629165
0.593573
0.547183
0.656365
0.517240
0.702434
0.497384
0.591394
0.714203
0.605155
0.577392
0.643409
0.648049
0.568984
0.652070
0.693405
0.578138
0.677930
0.591238
0.562975
0.650057
0.600276
0.577078
0.681015
0.733821
0.847957
0.766457
0.536336
0.557635
0.490691
0.617644
0.596994
0.705644
0.655535
0.555496
0.589019
0.697691
0.576794
0.594220
0.631790
0.583809
0.627064
0.617197
0.645025
0.553645
0.620380
0.650650
0.577620
0.548764
0.549785
0.601874
0.593652
0.653493
0.692726
0.655219
0.715585
0.673124
0.673877
0.699398
0.638994
0.589461
0.667697
0.524273
0.717355
0.618450
0.609695
0.657707
0.660668
0.589026
0.667491
0.575521
0.655866
0.657063
0.585922
0.585243
0.515022
0.659561
0.637365
0.635342
0.635627
0.780899
0.495080
0.637176
0.623380
0.593325
0.560226
0.755239
0.575264
0.590235
0.671650
0.502651
0.505993
0.588116
0.612445
0.745805
0.567786
0.679605
0.638814
0.582484
0.573798
0.537256
0.653014
0.642213
0.670451
0.529675
0.554689
0.642220
0.766462
0.626987
0.549271
0.708319
0.629248
0.648509
0.704395
0.739755
0.699508
0.690455
0.634767
0.696458
0.698722
0.582844
0.596767
0.649083
0.590638
0.748922
0.641070
0.664767
0.809953
0.650133
0.682325
0.593128
0.617496
0.725023
0.700682
0.647615
0.542758
0.673148
0.596609
0.741462
0.758797
0.598567
0.627247
0.616790
0.574715
0.650006
0.596536
0.584981
0.534948
0.594020
0.657032
0.576796
0.642565
0.497750
0.494595
0.556913
0.644797
0.506624
0.638499
0.727203
0.456022
0.762944
0.661528
0.590253
0.629214
0.643607
0.701232
0.665936
0.505932
0.513460
0.728089
0.620450
0.603641
0.671162
0.691128
0.592595
0.630351
0.616227
0.591352
0.566826
0.561211
0.602000
0.705198
0.562187
0.579511
0.701037
0.543585
0.594154
0.613352
0.583794
0.559050
0.649456
0.524041
0.599318
0.541607
0.605758
0.601629
0.651240
0.566644
0.661607
0.604553
0.630906
0.652855
0.593489
0.573479
0.498110
0.652832
0.682958
0.618283
0.572323
0.541931
0.536608
0.636007
0.646825
0.699555
0.605393
0.558981
0.556920
0.510641
0.585114
0.759132
0.573190
0.629427
0.643674
0.549014
0.571383
0.661318
0.443487
0.594249
0.515541
0.614618
0.665449
0.725968
0.643370
0.548983
0.623625
0.582060
0.546064
0.558674
0.546622
0.644396
0.538001
0.613058
0.591081
0.535441
0.571062
0.715469
0.625665
0.511695
0.590386
0.514894
0.589992
0.498937
0.716695
0.519571
0.580342
0.480734
0.560313
0.563708
0.597590
0.637658
0.674565
0.627769
0.715118
0.719439
0.800604
0.645693
0.744647
0.645651
0.776606
0.803949
0.676854
0.716260
0.713673
0.728323
0.574380
0.711297
0.797386
0.676140
0.667925
0.661684
0.586357
0.637852
0.671486
0.711087
0.598392
0.461175
0.506715
0.583888
0.615989
0.462423
0.589617
0.640612
0.579707
0.509068
0.653288
0.764962
0.548165
0.571960
0.517825
0.611186
0.700526
0.590384
0.503094
0.689055
0.716011
0.685142
0.596289
0.606333
0.603990
0.672631
0.547635
0.621864
0.625993
0.552248
0.619842
0.693390
0.629243
0.613230
0.596397
0.614972
0.652674
0.691040
0.651607
0.634308
0.577798
0.597257
0.591838
0.649584
0.593251
0.706206
0.576084
0.596052
0.667092
0.570380
0.647629
0.646434
0.723598
0.582341
0.669755
0.683677
0.583052
0.498847
0.559267
0.521913
0.494305
0.586454
0.628334
0.531705
0.609613
0.655438
0.586242
0.558011
0.564091
0.537526
0.558463
0.503592
0.612133
0.523202
0.584687
0.528439
0.612583
0.562024
0.636512
0.585267
0.542445
0.508905
0.567985
0.508080
0.504844
0.533474
0.522601
0.586380
0.659716
0.485685
0.598451
0.631159
0.555619
0.589790
0.566780
0.611505
0.648101
0.587391
0.545072
0.546604
0.503835
0.580777
0.636181
0.594693
0.601921
0.581820
0.511589
0.519499
0.612156
0.523981
0.601493
0.520943
0.452548
0.573366
0.535036
0.557378
0.564340
0.497492
0.681756
0.563942
0.587950
0.642814
0.562435
0.721300
0.669695
0.558352
0.626722
0.607116
0.528481
0.718563
0.589166
0.657134
0.717315
0.594897
0.686057
0.600968
0.678444
0.667997
0.640108
0.599297
0.544329
0.640861
0.704453
0.549952
0.587146
0.633926
0.666416
0.586848
0.533508
0.658257
0.678554
0.625333
0.586053
0.587526
0.547450
0.646579
0.669737
0.516913
0.619141
0.565409
0.635784
0.672069
0.489157
0.650574
0.549943
0.552279
0.620297
0.585692
0.584797
0.633744
0.629083
0.775648
0.661517
0.564677
0.610182
0.645302
0.683290
0.607627
0.651411
0.624531
0.632657
0.624555
0.555787
0.593952
0.591653
0.565104
0.642578
0.595790
0.675921
0.565911
0.550431
0.504282
0.732389
0.533994
0.568245
0.636994
0.613898
0.648258
0.602593
0.563986
0.641150
0.545953
0.658078
0.490103
0.606750
0.666221
0.508018
0.558434
0.556291
0.590087
0.589228
0.612779
0.582114
0.745016
0.610777
0.720971
0.603809
0.571550
0.485774
0.589900
0.661340
0.692782
0.621942
0.431672
0.547970
0.618689
0.480007
0.616709
0.631044
0.712062
0.436946
0.650823
0.634685
0.707671
0.488296
0.567515
0.544913
0.628538
0.523062
0.619564
0.600998
0.496460
0.513427
0.611823
0.497593
0.469300
0.647178
0.626016
0.612868
0.718359
0.502770
0.563668
0.556281
0.626587
0.585599
0.582499
0.594991
0.522615
0.563200
0.629818
0.623372
0.571032
0.664242
0.472984
0.534790
0.528525
0.521391
0.579748
0.653184
0.521037
0.611204
0.567392
0.485199
0.565469
0.661436
0.589090
0.557644
0.535720
0.674675
0.583142
0.527546
0.604283
0.528320
0.592456
0.510220
0.559778
0.556096
0.620704
0.423480
0.538687
0.512515
0.471534
0.586986
0.593247
0.610837
0.550238
0.687075
0.616852
0.565364
0.617349
0.717133
0.576026
0.762262
0.582102
0.544978
0.487088
0.577535
0.505814
0.586800
0.510776
0.563915
0.515242
0.510049
0.673236
0.541046
0.518703
0.648203
0.535103
0.580834
0.548148
0.598680
0.606307
0.482707
0.655874
0.563885
0.558406
0.614826
0.586873
0.566724
0.548609
0.604365
0.574094
0.503926
0.520248
0.587747
0.513296
0.673028
0.559411
0.603667
0.633823
0.667324
0.708306
0.584275
0.585088
0.564641
0.554270
0.396666
0.474806
0.608139
0.646511
0.544731
0.438823
0.606698
0.530880
0.586466
0.578797
0.561796
0.582575
0.524237
0.667430
0.502604
0.546640
0.628608
0.607845
0.616410
0.563509
0.530164
0.620361
0.555682
0.565295
0.664420
0.540942
0.673516
0.604035
0.613794
0.575706
0.534300
0.564280
0.547362
0.510154
0.575354
0.690141
0.617868
0.472745
0.470915
0.577776
0.646680
0.574791
0.500864
0.708042
0.489498
0.558874
0.600352
0.495437
0.630143
0.543250
0.442784
0.651969
0.580538
0.544475
0.676614
0.562514
0.549861
0.672264
0.646126
0.490438
0.542652
0.633051
0.588761
0.533821
0.636086
0.610055
0.520913
0.635336
0.604800
0.486658
0.627366
0.576510
0.691556
0.676404
0.580588
0.501418
0.639845
0.557014
0.553766
0.636663
0.556507
0.484180
0.463069
0.487212
0.617070
0.600884
0.504330
0.606340
0.692136
0.582594
0.615078
0.671552
0.537901
0.575055
0.664369
0.510753
0.639808
0.623505
0.559898
0.629139
0.661707
0.556791
0.500649
0.536850
0.517848
0.674368
0.567571
0.517074
0.502930
0.577949
0.540651
0.727557
0.664519
0.500527
0.551581
0.585702
0.601410
0.586097
0.496041
0.605807
0.527385
0.555420
0.692069
0.593063
0.555435
0.585466
0.548581
0.428180
0.616974
0.613628
0.520211
0.509755
0.539009
0.497395
0.557676
0.560744
0.460607
0.482803
0.503515
0.592369
0.601674
0.502944
0.553380
0.521919
0.549253
0.547775
0.618183
0.552613
0.562207
0.535101
0.582749
0.515711
0.513689
0.638326
0.560968
0.628060
0.509658
0.509851
0.455674
0.434317
0.515351
0.667397
0.465074
0.552068
0.556795
0.502633
0.574171
0.560626
0.563109
0.571532
0.445545
0.558455
0.600950
0.511155
0.635921
0.595656
0.638543
0.485751
0.540825
0.603248
0.441507
0.576258
0.579931
0.491616
0.573640
0.576403
0.502379
0.562666
0.700579
0.490735
0.541200
0.689428
0.729620
0.677166
0.704823
0.660043
0.422893
0.472460
0.534553
0.606462
0.538589
0.597010
0.522208
0.612303
0.562434
0.651317
0.553003
0.554356
0.598853
0.442006
0.509984
0.626137
0.655059
0.554811
0.507122
0.511546
0.628338
0.552772
0.541361
0.529109
0.524041
0.645714
0.612610
0.687190
0.526402
0.612661
0.548491
0.519144
0.539694
0.579252
0.608180
0.622997
0.620009
0.565684
0.531696
0.477344
0.573830
0.558385
0.599479
0.605776
0.514472
0.522970
0.535314
0.546364
0.441754
0.560273
0.448146
0.689284
0.584370
0.696669
0.561355
0.445324
0.572285
0.446352
0.502364
0.495630
0.545747
0.401423
0.587551
0.577179
0.554648
0.538098
0.432731
0.506898
0.497977
0.585629
0.523990
0.576206
0.498664
0.588209
0.508495
0.510180
0.473947
0.521429
0.576843
0.410305
0.602664
0.497599
0.674647
0.621169
0.529805
0.511252
0.556613
0.642935
0.634728
0.577220
0.528959
0.597928
0.614234
0.587531
0.638451
0.658292
0.529557
0.611677
0.545301
0.483122
0.438420
0.514206
0.477032
0.599478
0.486606
0.473571
0.626383
0.528138
0.518045
0.469549
0.594082
0.578815
0.532254
0.534847
0.568037
0.510109
0.515276
0.559959
0.472010
0.535389
0.535263
0.581970
0.520491
0.596447
0.604474
0.642755
0.481858
0.499618
0.485180
0.550706
0.579981
0.576200
0.545698
0.611183
0.474326
0.558410
0.626624
0.447188
0.561835
0.565508
0.489131
0.672808
0.552160
0.600982
0.532488
0.480761
0.505345
0.547619
0.663477
0.602951
0.524480
0.555031
0.473076
0.581949
0.573525
0.731656
0.621413
0.585216
0.549450
0.494150
0.601010
0.589837
0.435370
0.681396
0.748541
0.606896
0.615632
0.522966
0.719706
0.631370
0.513516
0.638069
0.571280
0.575186
0.546185
0.555916
0.559646
0.492544
0.552956
0.436445
0.438199
0.561709
0.456419
0.617498
0.465974
0.670863
0.528761
0.542968
0.593362
0.637825
0.530262
0.595694
0.488938
0.576907
0.499648
0.463255
0.495717
0.590640
0.554580
0.575181
0.610822
0.612295
0.584419
0.544098
0.531490
0.488871
0.543850
0.537824
0.604189
0.587449
0.528610
0.490944
0.409815
0.582618
0.553829
0.529367
0.443968
0.406205
0.531246
0.538384
0.504931
0.416410
0.560367
0.429990
0.438141
0.466241
0.467573
0.467693
0.531600
0.539239
0.545281
0.569883
0.506932
0.469743
0.563607
0.669804
0.637888
0.631186
0.599935
0.524875
0.504958
0.452502
0.654883
0.550035
0.482185
0.584271
0.542087
0.547070
0.493854
0.593334
0.586901
0.618771
0.467066
0.467605
0.601521
0.571369
0.552218
0.548287
0.528910
0.544148
0.541291
0.572627
0.521614
0.453701
0.538022
0.540720
0.755463
0.547249
0.486748
0.432736
0.572687
0.686708
0.591243
0.637434
0.559393
0.474497
0.530674
0.412806
0.647633
0.393211
0.549311
0.530766
0.471304
0.474672
0.601648
0.599662
0.589875
0.467732
0.511631
0.658913
0.474486
0.524715
0.516946
0.619267
0.544380
0.578037
0.520086
0.543431
0.533168
0.712510
0.499672
0.498555
0.530643
0.680589
0.501135
0.485088
0.497549
0.561802
0.561436
0.636815
0.643995
0.511750
0.508551
0.527851
0.626588
0.520239
0.583416
0.602438
0.493415
0.650340
0.520949
0.577636
0.620229
0.638971
0.564827
0.379013
0.525264
0.535983
0.545802
0.636535
0.564221
0.573105
0.614588
0.462441
0.713224
0.462727
0.370353
0.667649
0.392609
0.651031
0.584287
0.604508
0.485935
0.640544
0.545441
0.526528
0.597385
0.594622
0.557522
0.459779
0.455527
0.565046
0.465833
0.693920
0.495316
0.606204
0.559153
0.653968
0.657376
0.456155
0.607895
0.528484
0.624778
0.580088
0.571658
0.492392
0.512786
0.497530
0.532094
0.670224
0.519439
0.485503
0.492773
0.491715
0.459207
0.532007
0.511837
0.544224
0.430308
0.605224
0.561927
0.548086
0.480323
0.489365
0.602298
0.640033
0.513669
0.520486
0.532366
0.549021
0.503933
0.541542
0.551187
0.563125
0.535196
0.485045
0.593076
0.613111
0.465632
0.544760
0.468136
0.603437
0.638044
0.564828
0.587760
0.541265
0.458236
0.593714
0.524674
0.577515
0.478459
0.471175
0.384617
0.379581
0.604752
0.581236
0.514309
0.547184
0.626151
0.510507
0.619735
0.436328
0.503261
0.551602
0.569966
0.482947
0.524487
0.471449
0.540546
0.461523
0.476098
0.527087
0.566288
0.562526
0.469698
0.537515
0.524595
0.543559
0.557025
0.505620
0.534207
0.478421
0.531475
0.521909
0.569317
0.519436
0.506374
0.565463
0.509398
0.508721
0.580189
0.421742
0.434729
0.572435
0.489406
0.622864
0.613904
0.471232
0.563804
0.521705
0.502927
0.457436
0.554458
0.627707
0.463800
0.585875
0.573912
0.496659
0.638277
0.426780
0.400976
0.639975
0.595599
0.563283
0.513484
0.483466
0.545986
0.536512
0.524427
0.522707
0.661519
0.442189
0.505688
0.522678
0.638274
0.525675
0.550498
0.618224
0.428243
0.629041
0.510673
0.590225
0.502141
0.501077
0.450690
0.666615
0.522602
0.611037
0.498045
0.631331
0.531688
0.419694
0.513576
0.649513
0.494027
0.574031
0.475813
0.506988
0.520911
0.500745
0.523791
0.532150
0.502872
0.446220
0.530760
0.506527
0.537677
0.552098
0.622519
0.556349
0.663785
0.624498
0.562201
0.493895
0.526449
0.524432
0.570250
0.524792
0.589297
0.514255
0.593046
0.472576
0.525118
0.477737
0.572220
0.623998
0.502985
0.435945
0.505936
0.560784
0.569593
0.466975
0.456086
0.593513
0.609563
0.463473
0.512929
0.659226
0.477706
0.518637
0.534373
0.478001
0.476835
0.429536
0.475642
0.594396
0.522164
0.538141
0.536007
0.548512
0.432233
0.500165
0.496124
0.481038
0.475671
0.515908
0.522848
0.562662
0.476752
0.543890
0.514799
0.541922
0.574314
0.516244
0.468484
0.493806
0.666977
0.565634
0.549911
0.545994
0.452352
0.513814
0.538204
0.463344
0.572718
0.478202
0.537963
0.549180
0.540462
0.435549
0.426965
0.542403
0.610248
0.485575
0.476484
0.492805
0.424329
0.576946
0.677610
0.404379
0.399197
0.439411
0.524767
0.388779
0.464960
0.521645
0.728666
0.557081
0.358941
0.574006
0.482169
0.539534
0.622313
0.478093
0.580183
0.441443
0.482011
0.653630
0.412040
0.430147
0.587298
0.597317
0.554879
0.415461
0.562062
0.422393
0.565266
0.372927
0.505648
0.589086
0.454643
0.519826
0.508665
0.547449
0.483858
0.451549
0.477036
0.509992
0.606517
0.530797
0.465281
0.528237
0.532918
0.530656
0.567482
0.596688
0.581595
0.483498
0.443685
0.553785
0.450146
0.680506
0.486458
0.533157
0.574626
0.507569
0.538956
0.483458
0.519862
0.611385
0.623530
0.496099
0.439529
0.572640
0.628339
0.492213
0.547760
0.588695
0.643020
0.538944
0.485433
0.487245
0.577530
0.552114
0.458872
0.544019
0.414211
0.516128
0.528278
0.505868
0.611618
0.584271
0.440296
0.471561
0.434288
0.574390
0.477685
0.550918
0.654142
0.536023
0.563580
0.582054
0.403349
0.525777
0.486203
0.515901
0.542036
0.592860
0.474825
0.457949
0.524765
0.566160
0.431119
0.644568
0.557714
0.607787
0.540544
0.465513
0.534232
0.627023
0.506984
0.561114
0.648343
0.525789
0.442881
0.656267
0.517345
0.627054
0.544620
0.486661
0.596223
0.612800
0.502595
0.516489
0.684517
0.524914
0.710322
0.499144
0.474707
0.552012
0.444007
0.518444
0.529117
0.528721
0.516287
0.488789
0.648999
0.471610
0.488040
0.433308
0.524307
0.527834
0.548921
0.525931
0.602260
0.489517
0.374912
0.427597
0.502089
0.533792
0.535024
0.417415
0.474003
0.546293
0.486303
0.508306
0.559078
0.468973
0.459266
0.528569
0.419484
0.465757
0.502129
0.496737
0.548132
0.549193
0.495091
0.600085
0.436232
0.456729
0.553427
0.566231
0.563744
0.494375
0.562227
0.617859
0.427055
0.472310
0.561306
0.542432
0.506154
0.457381
0.568199
0.481455
0.577585
0.585010
0.554870
0.521507
0.516494
0.525122
0.470771
0.501976
0.572593
0.433344
0.515887
0.438301
0.475443
0.518870
0.402255
0.414591
0.451990
0.479739
0.388329
0.462211
0.452205
0.391152
0.513862
0.586118
0.518656
0.731289
0.557268
0.635818
0.607822
0.503461
0.602431
0.502617
0.515196
0.614327
0.626305
0.607797
0.476176
0.539938
0.589295
0.488315
0.508123
0.597453
0.520553
0.420440
0.661554
0.553541
0.539615
0.539294
0.573471
0.556570
0.573891
0.561362
0.547592
0.514207
0.535970
0.589490
0.649817
0.570051
0.678124
0.566521
0.500359
0.600972
0.645023
0.626535
0.621819
0.586620
0.550386
0.496070
0.552856
0.470113
0.490198
0.565872
0.500027
0.448276
0.532471
0.620222
0.438614
0.538367
0.512639
0.602183
0.454016
0.426407
0.596315
0.427956
0.539066
0.467301
0.542261
0.584972
0.374476
0.473085
0.532975
0.505143
0.406918
0.453744
0.622390
0.620467
0.543540
0.477493
0.395104
0.459158
0.522703
0.496390
0.496485
0.357781
0.409867
0.530964
0.467153
0.534181
0.477980
0.518950
0.544359
0.516819
0.544810
0.517022
0.596975
0.525434
0.564959
0.623708
0.548856
0.464759
0.543840
0.441824
0.562421
0.576820
0.537674
0.484502
0.626460
0.486316
0.490526
0.501557
0.479256
0.421620
0.449622
0.503578
0.684713
0.448351
0.489535
0.610906
0.518226
0.509667
0.476268
0.481805
0.537087
0.391024
0.482754
0.531555
0.590507
0.447452
0.453014
0.398633
0.461643
0.529388
0.477827
0.542095
0.473169
0.506927
0.570788
0.489159
0.617307
0.445963
0.464771
0.449694
0.500499
0.532190
0.593655
0.543351
0.552263
0.510491
0.521774
0.452540
0.502786
0.458386
0.433839
0.555802
0.552301
0.600008
0.514109
0.504084
0.502639
0.590865
0.578445
0.425070
0.562558
0.472641
0.500242
0.370856
0.490546
0.460793
0.429933
0.462582
0.524099
0.494136
0.565636
0.438246
0.481203
0.547527
0.437754
0.507773
0.525619
0.594673
0.424739
0.550262
0.497376
0.517450
0.638158
0.491609
0.528499
0.479983
0.546548
0.475979
0.448598
0.616864
0.561613
0.532453
0.540350
0.476539
0.473767
0.635369
0.467482
0.473463
0.493123
0.550315
0.484780
0.415883
0.438919
0.568892
0.455781
0.473389
0.566139
0.440309
0.452480
0.582528
0.517783
0.416522
0.496393
0.427643
0.680021
0.398263
0.534788
0.427887
0.502119
0.516805
0.502284
0.493027
0.518366
0.504387
0.506335
0.417849
0.407599
0.439390
0.602898
0.455930
0.530564
0.493056
0.462831
0.690488
0.565223
0.424492
0.438724
0.468171
0.546499
0.508837
0.523288
0.482503
0.544765
0.438444
0.505167
0.571624
0.502372
0.439798
0.551424
0.483570
0.446662
0.463368
0.546315
0.537082
0.452426
0.487481
0.507506
0.499778
0.555169
0.434375
0.510556
0.432305
0.469572
0.523417
0.525855
0.484769
0.519877
0.574868
0.448579
0.438582
0.477222
0.521315
0.470300
0.503966
0.571199
0.419244
0.624414
0.493441
0.570440
0.614662
0.550460
0.529803
0.507846
0.516662
0.505826
0.514700
0.497304
0.474140
0.440192
0.493217
0.501762
0.559475
0.441357
0.405173
0.520034
0.502535
0.420728
0.415479
0.681988
0.534367
0.369482
0.468854
0.455310
0.460661
0.525232
0.457167
0.410285
0.428623
0.480074
0.447503
0.512324
0.495986
0.501075
0.461428
0.350107
0.548899
0.371837
0.511968
0.517662
0.570501
0.415093
0.502912
0.464694
0.596572
0.480463
0.493570
0.550862
0.472143
0.460439
0.444803
0.449341
0.484716
0.531917
0.456698
0.558251
0.439800
0.518395
0.524258
0.519134
0.485674
0.529090
0.539467
0.417609
0.408893
0.479186
0.461958
0.474143
0.362378
0.594332
0.513245
0.503196
0.421662
0.629340
0.565542
0.521075
0.494642
0.563073
0.489866
0.439176
0.525666
0.466381
0.473703
0.467731
0.527558
0.575616
0.529124
0.512208
0.462790
0.501403
0.665378
0.424035
0.406505
0.529290
0.550693
0.453288
0.543256
0.487939
0.521278
0.526250
0.516075
0.613362
0.454243
0.564676
0.486075
0.381645
0.502283
0.479727
0.491241
0.464718
0.443657
0.358484
0.406348
0.481993
0.489004
0.515248
0.605711
0.569850
0.557408
0.517028
0.509736
0.413697
0.496605
0.365595
0.445385
0.525853
0.474191
0.560557
0.501350
0.492966
0.538565
0.618808
0.472661
0.507568
0.592951
0.445500
0.510061
0.576527
0.443807
0.430607
0.444471
0.505438
0.426274
0.350098
0.483280
0.470120
0.423406
0.511760
0.612730
0.421693
0.636860
0.555343
0.467550
0.688676
0.633606
0.495671
0.576749
0.650680
0.573354
0.495326
0.566466
0.510153
0.489939
0.528050
0.596480
0.627514
0.417579
0.465457
0.569524
0.555972
0.556112
0.488549
0.517772
0.532702
0.438670
0.478430
0.553318
0.610816
0.476231
0.474144
0.522338
0.599005
0.451655
0.349960
0.453166
0.477542
0.458575
0.463667
0.533981
0.544177
0.514132
0.465755
0.470215
0.511577
0.348339
0.553378
0.383823
0.440982
0.461546
0.471068
0.392697
0.527755
0.346231
0.443507
0.568930
0.475859
0.520419
0.507445
0.418432
0.456887
0.373649
0.470918
0.479208
0.380304
0.516400
0.391905
0.479691
0.379840
0.482328
0.601812
0.400448
0.434940
0.593757
0.564539
0.393114
0.538638
0.403663
0.477693
0.503829
0.565651
0.429613
0.484572
0.509521
0.470629
0.515735
0.515840
0.475396
0.512233
0.589618
0.534672
0.449724
0.581409
0.525906
0.550528
0.428319
0.615027
0.423978
0.471593
0.449333
0.443790
0.372472
0.495375
0.511167
0.488245
0.502985
0.598570
0.380269
0.567633
0.493455
0.480922
0.578915
0.524555
0.613093
0.500926
0.450797
0.463146
0.505359
0.541756
0.596264
0.522305
0.435399
0.503462
0.633879
0.528760
0.453306
0.524161
0.448607
0.557065
0.565261
0.467354
0.477299
0.580120
0.538236
0.503550
0.576433
0.412499
0.470971
0.502951
0.470363
0.459334
0.416937
0.489352
0.516985
0.391750
0.430204
0.621240
0.503552
0.549242
0.616518
0.422258
0.417258
0.472553
0.451299
0.589423
0.475074
0.482918
0.570508
0.533573
0.502846
0.499790
0.617493
0.446959
0.555827
0.525560
0.457125
0.529356
0.575916
0.578333
0.530826
0.512391
0.503238
0.531732
0.578488
0.478277
0.466965
0.524700
0.585321
0.546827
0.534447
0.420777
0.643236
0.494226
0.574395
0.459856
0.617665
0.576927
0.600873
0.390059
0.468255
0.492956
0.548400
0.528906
0.486110
0.543503
0.439701
0.571845
0.414782
0.448009
0.568043
0.489891
0.436845
0.592292
0.409077
0.530581
0.444708
0.483423
0.555830
0.437167
0.429691
0.502701
0.441922
0.525163
0.399599
0.423037
0.493351
0.422715
0.490245
0.607534
0.532814
0.409433
0.525083
0.499240
0.483725
0.519520
0.379742
0.464516
0.574604
0.474696
0.448169
0.499255
0.631012
0.504578
0.480098
0.472875
0.537760
0.489695
0.531232
0.564551
0.512846
0.568118
0.482702
0.561598
0.541167
0.526294
0.508993
0.443104
0.514740
0.475169
0.505639
0.491227
0.464329
0.413891
0.481684
0.410043
0.427198
0.433627
0.429489
0.526247
0.403712
0.519380
0.524570
0.498061
0.514164
0.628638
0.499794
0.543484
0.478583
0.518327
0.568714
0.548232
0.488578
0.640934
0.453790
0.458906
0.459216
0.337467
0.421904
0.473778
0.509346
0.445615
0.523041
0.479753
0.426677
0.465994
0.425076
0.550578
0.526983
0.492810
0.508640
0.608336
0.444109
0.491812
0.593585
0.546260
0.551628
0.547480
0.475760
0.413352
0.487278
0.584742
0.497141
0.508013
0.444719
0.414652
0.474980
0.480229
0.490101
0.484153
0.452608
0.436762
0.413181
0.532942
0.447232
0.530008
0.405033
0.500765
0.577114
0.488844
0.696481
0.519540
0.513101
0.524725
0.544585
0.447605
0.482245
0.497541
0.429860
0.422242
0.394112
0.408697
0.487162
0.552699
0.464066
0.418144
0.371636
0.358397
0.444980
0.528237
0.452409
0.497705
0.475135
0.574896
0.444716
0.463473
0.378941
0.598476
0.513569
0.513442
0.404825
0.505929
0.533371
0.472854
0.408451
0.470705
0.408908
0.521533
0.479152
0.385623
0.523801
0.528128
0.479928
0.459871
0.463055
0.376344
0.666150
0.539791
0.437026
0.454271
0.443323
0.580795
0.541996
0.453942
0.438280
0.588995
0.423429
0.537143
0.510891
0.476227
