2.302618
2.298050
2.287237
2.268956
2.235091
2.173491
2.131546
2.080973
2.032311
2.014487
1.963020
1.957754
2.046854
1.937855
2.016227
1.844086
1.895709
1.952949
1.862443
1.915443
1.781391
1.793756
1.763831
1.860958
1.768470
1.883658
1.792045
1.755404
1.749380
1.711565
1.716792
1.846549
1.761754
1.683781
1.777889
1.815913
1.770670
1.768266
1.776542
1.725237
1.741961
1.743887
1.722619
1.715674
1.734141
1.656075
1.675194
1.699260
1.760733
1.685009
1.743278
1.700106
1.689553
1.708271
1.821984
1.690594
1.696677
1.626603
1.710253
1.696922
1.634633
1.723305
1.714445
1.735743
1.817451
1.713084
1.676415
1.654412
1.685374
1.675382
1.647643
1.668209
1.695812
1.742758
1.646174
1.688942
1.613937
1.624937
1.630471
1.670972
1.697528
1.536740
1.517218
1.714519
1.680897
1.674848
1.565226
1.610436
1.548987
1.508464
1.503241
1.608050
1.500150
1.512663
1.549382
1.597173
1.603852
1.599269
1.510975
1.629091
1.638415
1.614137
1.554574
1.609106
1.609705
1.516886
1.532332
1.548813
1.500829
1.566005
1.442479
1.603463
1.494307
1.534661
1.590624
1.542535
1.565746
1.626021
1.518198
1.505429
1.446194
1.624800
1.404716
1.476101
1.511608
1.476341
1.510306
1.538986
1.485181
1.550292
1.380088
1.441799
1.559803
1.378179
1.362184
1.431309
1.458159
1.398008
1.493168
1.440550
1.444942
1.498452
1.473800
1.389190
1.403674
1.347336
1.622177
1.420950
1.436016
1.458216
1.516450
1.411813
1.506944
1.392802
1.419374
1.432960
1.347646
1.484299
1.369071
1.401885
1.407563
1.533640
1.338509
1.394660
1.366406
1.354825
1.362560
1.336096
1.302090
1.387061
1.423063
1.323087
1.354527
1.434369
1.467409
1.253186
1.377967
1.447937
1.379460
1.215658
1.333666
1.283715
1.215142
1.329118
1.371792
1.326592
1.266819
1.281314
1.362643
1.324409
1.336763
1.210408
1.414657
1.248103
1.324357
1.350633
1.226768
1.306768
1.239636
1.281615
1.165871
1.145108
1.331636
1.325363
1.209126
1.303912
1.204936
1.254208
1.184264
1.283116
1.388855
1.325295
1.419319
1.311036
1.375655
1.273768
1.248174
1.245131
1.202415
1.448558
1.226568
1.329652
1.259796
1.231694
1.322959
1.278193
1.186872
1.245886
1.332850
1.181937
1.087884
1.271872
1.152077
1.098585
1.201600
1.119477
1.109349
1.274588
1.128095
1.139709
1.107801
1.302140
1.287140
1.283336
1.217321
1.083949
1.125766
1.220732
1.177114
1.167609
1.139760
1.020497
1.211633
1.247676
1.106959
1.126448
1.154487
1.174802
1.113053
1.084595
1.199808
1.127055
1.140614
1.151115
1.060633
1.107985
1.022226
1.104626
1.209302
1.298329
1.143561
1.021892
1.075753
1.123859
1.071859
1.176331
1.241938
1.208239
1.108524
1.017393
0.998320
1.197290
1.115031
1.156163
1.181819
1.054259
1.133972
1.124478
1.079466
1.181415
1.193282
1.080171
1.066756
1.166351
1.020893
1.139115
1.138267
1.038380
1.065341
1.128902
1.224779
1.095916
1.096257
1.097599
1.090001
1.173695
1.018454
1.039269
1.029646
1.004752
1.061093
0.961381
0.988683
1.188230
1.022621
1.104819
1.005050
1.006899
1.046990
1.047881
1.007566
1.131281
1.054936
1.090186
0.990809
1.092808
0.920712
1.069230
0.876429
0.924751
0.956816
0.986172
1.003878
1.085483
0.954553
1.054136
1.064912
0.999814
1.121886
1.046603
0.896608
1.105017
0.987103
1.076106
1.030267
1.044080
1.082774
1.120959
1.040393
1.033629
0.964916
0.990842
1.018329
0.986597
1.036805
0.923151
0.982764
1.003325
0.947185
0.933557
0.928405
0.936143
1.026022
1.045711
0.922225
1.017986
1.133484
0.889690
1.076908
0.790439
0.895253
0.993824
0.958229
0.863976
0.925813
0.894671
0.935556
0.960652
0.889481
0.977002
1.069709
0.860701
0.991392
0.889713
0.955942
0.950995
1.067647
0.871333
1.104470
1.114817
0.931635
1.014797
0.924831
0.960929
1.030191
0.921699
1.046402
0.991542
0.965525
0.897527
0.976104
0.890586
0.963419
0.998021
0.900802
1.122766
1.016073
0.841465
0.883974
0.871153
0.963690
0.911947
1.145061
0.886340
0.848685
0.948055
0.963812
0.985173
1.021719
0.793314
0.897720
0.923438
0.970530
1.077482
0.927450
0.956865
0.885237
0.962574
1.039656
0.911881
1.025557
0.956278
0.911398
0.994138
0.929950
0.979737
0.914851
0.952794
0.900291
0.942462
0.927152
0.912042
0.875562
0.866311
0.842406
1.041339
0.929029
0.871686
0.881555
1.004730
0.831346
0.887841
1.056677
0.946876
0.957959
0.838480
0.987066
0.875251
0.957845
1.015561
0.966521
0.972783
1.056147
0.905043
0.977254
0.836140
0.917629
0.848612
0.836983
0.836276
0.987906
1.030416
1.030663
0.959357
0.731413
0.912814
0.922745
0.836596
0.894134
0.861940
0.752480
0.814900
0.874652
0.878472
1.074735
0.936536
0.846113
0.957147
0.879806
0.786417
0.910028
0.821583
0.803996
0.927216
0.944382
0.943822
1.005830
0.927935
0.874939
0.895345
0.842951
0.999058
0.868965
0.963972
0.807478
0.782345
0.887358
0.822480
0.860367
0.762940
0.766363
0.942036
0.879126
0.891795
0.796866
0.928250
0.757093
0.774916
0.851044
0.689039
0.786728
0.780460
0.830746
0.828086
0.846974
0.828825
0.825897
0.874811
0.875088
0.755823
0.787515
0.743279
0.763587
0.772895
0.830263
0.724581
0.837241
0.666128
0.904501
0.835850
0.873693
0.769171
0.784626
0.848094
0.792133
0.713043
0.747319
0.845629
0.714254
0.837167
0.776060
0.942331
0.827961
0.938775
0.767141
0.803034
0.884516
0.798045
0.795121
0.779357
0.809058
0.847599
0.803305
0.865679
0.913020
0.880540
0.802788
0.945711
0.854474
0.962913
0.864904
0.891813
0.854947
0.820493
0.867283
0.847488
0.713362
0.884820
0.876932
0.834383
0.752026
0.800667
0.825651
0.933391
0.719055
0.795852
0.798332
0.774368
0.874608
0.901937
0.870568
0.874333
0.894152
0.860658
0.888544
0.902821
0.839284
0.804941
0.723368
0.800638
0.809266
0.801368
0.836755
0.830599
0.795941
0.795864
0.753813
0.838501
0.788626
0.864387
0.847303
0.817260
0.858119
0.889329
0.659627
0.760329
0.720293
0.656936
0.795900
0.662562
0.663640
0.883577
0.836290
0.781900
0.784757
0.678934
0.634839
0.791342
0.790473
1.024497
0.861636
0.749220
0.925518
0.884550
0.950472
0.669289
0.785002
0.784112
0.730369
0.804731
0.808673
0.823819
0.827485
0.683650
0.770455
0.694453
0.841807
0.896255
0.722093
0.793779
0.760588
0.721975
0.811946
0.856657
0.710159
0.859122
0.650287
0.761518
0.779869
0.752570
0.816805
0.800944
0.799161
0.674930
0.741661
0.703275
0.722562
0.821704
0.701051
0.770886
0.855289
0.867621
0.715760
0.697564
0.756004
0.796187
0.708175
0.741811
0.807721
0.738234
0.813308
0.627981
0.771457
0.838145
0.849855
0.809858
0.714878
0.708680
0.725131
0.842119
0.760886
0.764454
0.754075
0.864246
0.651280
0.693041
0.656118
0.850756
0.782621
0.808393
0.776969
0.743757
0.648454
0.800172
0.728314
0.703874
0.805248
0.852816
0.723272
0.595113
0.713244
0.757247
0.786910
0.724281
0.857033
0.805300
0.694306
0.713544
0.757218
0.743159
0.713575
0.779626
0.729009
0.680857
0.752673
0.766074
0.760610
0.728722
0.725810
0.626286
0.730863
0.620065
0.705395
0.665839
0.752288
0.732287
0.721601
0.686534
0.823729
0.781804
0.677085
0.716066
0.702389
0.724796
0.689781
0.677915
0.757002
0.790112
0.800486
0.759283
0.918030
0.790031
0.806729
0.643964
0.724301
0.738630
0.673910
0.749835
0.689835
0.737724
0.725962
0.694943
0.815141
0.703399
0.672835
0.711259
0.616387
0.719711
0.625857
0.802552
0.667119
0.688711
0.742164
0.660251
0.734840
0.791881
0.739980
0.677018
0.743219
0.712265
0.781579
0.627253
0.772182
0.679286
0.614778
0.729084
0.772989
0.779363
0.818681
0.681574
0.741290
0.747788
0.702131
0.623066
0.675781
0.617668
0.711457
0.687292
0.655283
0.737898
0.848612
0.645431
0.648067
0.740753
0.757553
0.714766
0.682810
0.603202
0.703879
0.765244
0.763174
0.727520
0.683187
0.733401
0.772195
0.639195
0.660385
0.775901
0.644359
0.563940
0.616081
0.678023
0.709839
0.707448
0.680925
0.761300
0.662869
0.729702
0.716899
0.648038
0.660518
0.657471
0.714515
0.694813
0.690212
0.742650
0.669344
0.761824
0.662691
0.661241
0.683078
0.724343
0.619319
0.669026
0.739780
0.700032
0.666374
0.578560
0.636658
0.634381
0.643630
0.676198
0.754784
0.633003
0.616477
0.735400
0.740890
0.667910
0.809677
0.578731
0.683201
0.653100
0.629425
0.822385
0.639440
0.550714
0.674163
0.725325
0.726952
0.759296
0.718478
0.586111
0.770447
0.635116
0.662619
0.666103
0.645244
0.696506
0.598589
0.619694
0.667528
0.650995
0.645696
0.577192
0.586755
0.612352
0.626230
0.641456
0.617600
0.542680
0.626208
0.745558
0.566139
0.583364
0.643425
0.572649
0.653399
0.685402
0.582172
0.692968
0.577528
0.655321
0.649189
0.659775
0.647801
0.701140
0.747608
0.720629
0.640944
0.634448
0.668958
0.668026
0.599216
0.555054
0.604535
0.702371
0.655989
0.737664
0.703760
0.676868
0.697241
0.614092
0.700115
0.571682
0.589906
0.813615
0.729160
0.680602
0.569692
0.632054
0.633719
0.647719
0.665418
0.603308
0.559106
0.618515
0.596337
0.635838
0.648323
0.678672
0.740006
0.569217
0.679047
0.706809
0.632754
0.677265
0.608585
0.715696
0.584606
0.590949
0.683820
0.682412
0.742296
0.580681
0.624437
0.656592
0.623387
0.781751
0.546650
0.567765
0.613168
0.627994
0.540299
0.587353
0.503244
0.616030
0.661739
0.643053
0.670538
0.650920
0.541505
0.725502
0.712683
0.555882
0.528285
0.586457
0.623103
0.589430
0.547109
0.647942
0.633342
0.695952
0.653921
0.571423
0.596405
0.663876
0.598505
0.723747
0.714873
0.627909
0.633596
0.684286
0.621858
0.586574
0.683003
0.609558
0.564507
0.717264
0.661304
0.611263
0.648660
0.657531
0.727758
0.815039
0.578808
0.686927
0.531222
0.756918
0.635462
0.663214
0.633610
0.605464
0.672684
0.630847
0.669323
0.745585
0.580642
0.565406
0.679800
0.571487
0.717832
0.697965
0.596573
0.619478
0.648499
0.605174
0.625878
0.667399
0.536992
0.576192
0.653059
0.526554
0.606955
0.623357
0.582570
0.496053
0.734078
0.682959
0.677652
0.612779
0.713278
0.714850
0.684616
0.680240
0.656345
0.593232
0.727424
0.669240
0.607985
0.619600
0.552574
0.653386
0.525335
0.563611
0.649992
0.606089
0.561404
0.587670
0.606371
0.655299
0.615589
0.593154
0.666409
0.577577
0.564832
0.639213
0.481413
0.531368
0.586397
0.636352
0.708982
0.498359
0.662395
0.646925
0.582530
0.662023
0.557038
0.597432
0.597847
0.694674
0.587074
0.664143
0.632818
0.592482
0.708804
0.495370
0.562291
0.615932
0.550095
0.621268
0.715331
0.717730
0.552222
0.607368
0.574891
0.655443
0.494242
0.578975
0.560543
0.640096
0.596000
0.646152
0.528940
0.694218
0.452906
0.625481
0.618602
0.660375
0.696832
0.630224
0.705547
0.501561
0.475728
0.583976
0.583092
0.504005
0.724707
0.628069
0.635095
0.715329
0.584867
0.467851
0.567425
0.552393
0.509344
0.648914
0.539959
0.556188
0.564719
0.639013
0.570382
0.622501
0.609383
0.579814
0.574205
0.416814
0.473405
0.642767
0.606290
0.522402
0.612882
0.541173
0.506014
0.558009
0.482108
0.608865
0.597823
0.589579
0.640769
0.639242
0.674642
0.493121
0.461644
0.538875
0.583019
0.661731
0.583346
0.532980
0.668227
0.703530
0.637014
0.658280
0.617529
0.509142
0.624959
0.591794
0.586960
0.649589
0.631117
0.623566
0.603256
0.570696
0.571984
0.590581
0.525912
0.497463
0.560912
0.581795
0.502492
0.704713
0.597569
0.687732
0.508486
0.447141
0.551578
0.519300
0.671631
0.584550
0.661594
0.529558
0.583529
0.585415
0.582918
0.662869
0.584838
0.619873
0.590712
0.550826
0.560576
0.574055
0.625803
0.649900
0.673425
0.537877
0.576857
0.580587
0.520946
0.427983
0.581467
0.600542
0.581362
0.570649
0.548605
0.706822
0.624549
0.475880
0.552868
0.755582
0.563016
0.463329
0.547773
0.502919
0.572253
0.551785
0.553913
0.534135
0.501594
0.564068
0.519303
0.434982
0.450277
0.488945
0.663752
0.455765
0.468452
0.513257
0.540769
0.470778
0.569762
0.542412
0.610700
0.604440
0.623127
0.436024
0.532902
0.560350
0.493236
0.591455
0.543946
0.715013
0.435920
0.452407
0.440484
0.537790
0.634778
0.596664
0.515766
0.567605
0.567222
0.601785
0.447543
0.530035
0.562881
0.468922
0.663495
0.624759
0.596589
0.522285
0.566233
0.595529
0.615042
0.596866
0.546988
0.481837
0.503453
0.584419
0.641585
0.502556
0.473365
0.499356
0.647389
0.571537
0.554030
0.480079
0.499129
0.603093
0.603461
0.562057
0.502428
0.622047
0.458186
0.622767
0.534654
0.539322
0.563710
0.537158
0.532596
0.504934
0.548945
0.467777
0.495339
0.580106
0.599681
0.523614
0.683240
0.493720
0.585640
0.553830
0.483601
0.625234
0.535889
0.596564
0.580742
0.489645
0.531500
0.594218
0.543943
0.563326
0.614433
0.495096
0.393560
0.525402
0.549199
0.664223
0.598968
0.566248
0.521433
0.538370
0.586798
0.624907
0.578267
0.538924
0.660479
0.521669
0.580681
0.571541
0.445951
0.508126
0.554490
0.525551
0.451083
0.619058
0.599339
0.546697
0.569722
0.569629
0.559336
0.521889
0.686792
0.582415
0.567472
0.596429
0.527009
0.479126
0.559093
0.502934
0.543585
0.601206
0.561586
0.539985
0.568476
0.608033
0.605503
0.524822
0.649467
0.559097
0.537644
0.573002
0.546702
0.536155
0.496184
0.515391
0.420679
0.576285
0.525855
0.553662
0.503537
0.556853
0.516304
0.665997
0.479778
0.563545
0.540372
0.565437
0.600825
0.529551
0.548099
0.482982
0.447764
0.588781
0.488141
0.541058
0.578690
0.515773
0.493348
0.552394
0.486597
0.561127
0.615250
0.531378
0.432376
0.578968
0.506455
0.443599
0.510417
0.458170
0.455799
0.460238
0.468833
0.535119
0.504263
0.553933
0.471990
0.497514
0.519230
0.601667
0.416789
0.428683
0.496636
0.441990
0.573922
0.370821
0.439190
0.421321
0.531929
0.528959
0.541436
0.546163
0.430567
0.507071
0.437788
0.381330
0.544809
0.575942
0.442314
0.389780
0.627340
0.499552
0.513098
0.466223
0.575379
0.541737
0.465619
0.524778
0.537056
0.513198
0.447163
0.546147
0.599225
0.327179
0.486644
0.514163
0.553299
0.486015
0.523822
0.392118
0.557375
0.488133
0.592435
0.484890
0.451613
0.520977
0.617612
0.563979
0.494289
0.370045
0.505116
0.455230
0.486810
0.536051
0.439534
0.518716
0.585424
0.439199
0.489468
0.492984
0.481002
0.545006
0.597979
0.653783
0.482067
0.457574
0.464417
0.543690
0.404642
0.585225
0.558065
0.480165
0.472262
0.458636
0.520238
0.529697
0.460966
0.548322
0.514842
0.424319
0.498009
0.543515
0.438730
0.552538
0.561771
0.570021
0.503927
0.516698
0.485624
0.460840
0.621137
0.507914
0.539436
0.396665
0.398903
0.474094
0.498064
0.491691
0.540914
0.583698
0.527937
0.486556
0.534548
0.531904
0.531395
0.440966
0.697748
0.511471
0.486429
0.431154
0.526627
0.572900
0.663587
0.423405
0.495355
0.434601
0.505680
0.474279
0.542465
0.564203
0.452672
0.457084
0.560377
0.501406
0.451499
0.481680
0.430745
0.448090
0.464453
0.418303
0.456214
0.636732
0.514089
0.514960
0.362251
0.375326
0.433088
0.492431
0.436056
0.455658
0.555389
0.552231
0.499643
0.524210
0.479890
0.460072
0.526073
0.694932
0.442151
0.503396
0.499708
0.554379
0.509932
0.601346
0.463314
0.421399
0.499890
0.580157
0.520036
0.443994
0.522571
0.486561
0.391239
0.602834
0.426827
0.546496
0.379695
0.452042
0.510141
0.543041
0.455089
0.375457
0.441603
0.605784
0.440953
0.498719
0.526062
0.520696
0.520144
0.476804
0.462821
0.458469
0.455630
0.384747
0.556465
0.521349
0.421015
0.467430
0.522070
0.460836
0.445157
0.491965
0.450414
0.460554
0.403906
0.380855
0.477528
0.442053
0.443130
0.478134
0.512719
0.488006
0.518230
0.410758
0.442153
0.419528
0.554382
0.466783
0.452353
0.562359
0.412450
0.591241
0.472635
0.479094
0.527303
0.560190
0.420978
0.399702
0.514915
0.449661
0.342982
0.469886
0.390568
0.511497
0.527066
0.482097
0.400459
0.567467
0.457259
0.468197
0.381735
0.513474
0.434022
0.457544
0.491056
0.481393
0.466298
0.527636
0.418638
0.508930
0.457196
0.467458
0.448878
0.357231
0.579218
0.528859
0.458921
0.493738
0.478148
0.465860
0.458903
0.361424
0.465617
0.545180
0.476265
0.401053
0.464091
0.380630
0.492901
0.420488
0.571288
0.403466
0.461305
0.445204
0.511051
0.528181
0.473217
0.511977
0.495690
0.397641
0.347342
0.417702
0.421837
0.411835
0.422464
0.506072
0.595022
0.499212
0.530792
0.432172
0.457426
0.406302
0.554926
0.429283
0.537562
0.438725
0.544905
0.433649
0.568412
0.575259
0.521032
0.470136
0.479837
0.392724
0.514617
0.470620
0.444431
0.458325
0.422755
0.424044
0.541234
0.466907
0.423184
0.474836
0.491343
0.396171
0.431016
0.418603
0.428380
0.490434
0.428244
0.367618
0.444572
0.545642
0.447509
0.519867
0.398370
0.448763
0.518940
0.394575
0.527557
0.511665
0.360374
0.333122
0.456428
0.503653
0.480540
0.492016
0.475823
0.467253
0.459358
0.506943
0.348170
0.486822
0.421303
0.501657
0.567554
0.460015
0.403432
0.445183
0.406196
0.371778
0.440948
0.490353
0.403937
0.335083
0.353668
0.497507
0.376630
0.436369
0.437088
0.333653
0.445525
0.361343
0.371449
0.458106
0.389980
0.479824
0.536388
0.375447
0.416069
0.420551
0.520682
0.627920
0.434694
0.471711
0.344311
0.446054
0.555395
0.473915
0.375527
0.498876
0.361916
0.518753
0.364789
0.412760
0.367049
0.407799
0.395477
0.434626
0.431885
0.443487
0.466759
0.381215
0.406330
0.399912
0.352989
0.366099
0.516334
0.458475
0.433707
0.419203
0.485004
0.356283
0.578032
0.431790
0.375230
0.413864
0.452786
0.452124
0.404168
0.377995
0.427459
0.421230
0.376946
0.428345
0.435650
0.536917
0.537467
0.468289
0.535730
0.451603
0.500785
0.475019
0.473226
0.556063
0.460402
0.425850
0.585139
0.397932
0.427555
0.486652
0.372297
0.577343
0.388364
0.522701
0.404074
0.577730
0.416177
0.523924
0.421642
0.447000
0.500807
0.357595
0.408905
0.427196
0.481590
0.354179
0.366622
0.390369
0.570901
0.385412
0.371192
0.474541
0.498787
0.417397
0.390692
0.406563
0.445677
0.397907
0.401230
0.454364
0.445690
0.398711
0.474845
0.459557
0.362721
0.506374
0.445650
0.417153
0.349250
0.415112
0.514459
0.381658
0.463083
0.447181
0.559702
0.409249
0.481608
0.515797
0.454370
0.378504
0.581554
0.458809
0.495902
0.430871
0.551561
0.422472
0.451858
0.531762
0.459068
0.418602
0.449181
0.445035
0.444688
0.474750
0.503225
0.510579
0.392778
0.451991
0.447615
0.456909
0.552484
0.410072
0.450977
0.413604
0.486514
0.458343
0.380056
0.447284
0.436772
0.402218
0.465367
0.398693
0.385039
0.415710
0.414805
0.372520
0.505550
0.391093
0.508256
0.380809
0.431581
0.385739
0.321639
0.405604
0.443821
0.391574
0.380685
0.491138
0.377904
0.373976
0.411519
0.447038
0.342708
0.429641
0.487050
0.374885
0.344436
0.439204
0.369789
0.380895
0.413753
0.322499
0.393273
0.470256
0.380360
0.461685
0.467858
0.424683
0.425329
0.524529
0.551783
0.380859
0.437161
0.391555
0.319871
0.467548
0.409124
0.484627
0.413907
0.330041
0.495778
0.403443
0.459459
0.469078
0.412204
0.391546
0.325585
0.395506
0.412089
0.399693
0.609971
0.438315
0.343098
0.474426
0.414961
0.367184
0.447924
0.441160
0.454922
0.475729
0.336727
0.368742
0.325384
0.354121
0.422500
0.456770
0.519450
0.502724
0.319204
0.261731
0.377957
0.432217
0.412336
0.525003
0.516313
0.514764
0.342333
0.381904
0.405460
0.373279
0.418510
0.379777
0.436353
0.460104
0.496066
0.442621
0.504152
0.462865
0.429835
0.429902
0.464261
0.375087
0.395066
0.478319
0.480161
0.402489
0.428025
0.454160
0.487465
0.447812
0.472610
0.383632
0.455884
0.426881
0.442675
0.405155
0.414147
0.317110
0.515713
0.439458
0.432097
0.300986
0.375575
0.366576
0.447447
0.501728
0.386581
0.385335
0.350335
0.492641
0.354741
0.590191
0.414062
0.431351
0.453772
0.289440
0.342771
0.332532
0.491338
0.490460
0.375041
0.435564
0.389331
0.411005
0.367703
0.386075
0.400400
0.359013
0.471151
0.346311
0.476648
0.504584
0.381718
0.421345
0.451254
0.451289
0.439258
0.435105
0.498062
0.380455
0.462617
0.419618
0.424611
0.403723
0.384295
0.420332
0.500281
0.409440
0.442200
0.398482
0.372947
0.386362
0.501409
0.414280
0.385715
0.380290
0.360884
0.378064
0.371334
0.388568
0.441615
0.401821
0.409619
0.401532
0.420202
0.450620
0.364264
0.351566
0.438052
0.301369
0.373159
0.407745
0.443401
0.330563
0.433546
0.274446
0.308486
0.340768
0.397010
0.392318
0.404991
0.418663
0.348827
0.398574
0.457795
0.473515
0.418433
0.404071
0.406064
0.303578
0.426239
0.415552
0.390129
0.324581
0.396169
0.342536
0.459323
0.423895
0.279270
0.413153
0.428701
0.332990
0.370812
0.454321
0.435963
0.445593
0.424641
0.380348
0.381355
0.400943
0.388248
0.269511
0.493612
0.310871
0.416522
0.405538
0.382366
0.323849
0.550160
0.330798
0.323334
0.491501
0.378674
0.432128
0.382281
0.376417
0.356148
0.484653
0.316451
0.398345
0.357180
0.290027
0.414426
0.385590
0.350280
0.450570
0.324014
0.377374
0.498587
0.473337
0.325076
0.360172
0.435904
0.307663
0.386827
0.344733
0.313370
0.460551
0.359830
0.448676
0.436880
0.343885
0.353896
0.333124
0.489805
0.345220
0.325063
0.432151
0.364387
0.346199
0.392180
0.357647
0.419934
0.369907
0.393231
0.351057
0.390349
0.484329
0.340907
0.351608
0.308397
0.412276
0.375061
0.326555
0.368255
0.348704
0.330177
0.378473
0.334982
0.382733
0.326723
0.324160
0.383115
0.348560
0.359787
0.393872
0.359810
0.386094
0.386709
0.354037
0.354920
0.437159
0.529901
0.322570
0.317407
0.382028
0.356061
0.454598
0.418514
0.321874
0.299072
0.482309
0.406486
0.395740
0.376729
0.366892
0.483190
0.419956
0.466206
0.428542
0.448606
0.347843
0.473981
0.475376
0.380627
0.370689
0.509898
0.539150
0.435795
0.395449
0.452686
0.389780
0.476338
0.535393
0.491351
0.382074
0.310596
0.494610
0.390129
0.458421
0.431814
0.395857
0.349092
0.531173
0.380182
0.402498
0.378110
0.329651
0.333514
0.299522
0.320284
0.372241
0.330491
0.327233
0.248562
0.406354
0.322452
0.325837
0.435926
0.417117
0.356183
0.348528
0.344972
0.291407
0.350897
0.304668
0.307185
0.318210
0.468563
0.265502
0.336488
0.278533
0.352228
0.359750
0.332380
0.368113
0.255426
0.411766
0.367845
0.392504
0.281326
0.355056
0.470199
0.359345
0.385069
0.349292
0.423742
0.388025
0.395888
0.447212
0.360980
0.287299
0.359350
0.309826
0.401349
0.310944
0.420398
0.356246
0.488128
0.419700
0.424837
0.284686
0.380433
0.329259
0.397394
0.311384
0.342191
0.326519
0.296775
0.370249
0.330610
0.334221
0.373683
0.393940
0.354263
0.323205
0.339190
0.434099
0.340069
0.466344
0.319555
0.416382
0.370500
0.346804
0.317495
0.459483
0.343482
0.400126
0.360394
0.290097
0.321779
0.444701
0.455965
0.388207
0.295812
0.387173
0.339112
0.316786
0.305352
0.470616
0.320862
0.370178
0.361491
0.405143
0.574420
0.417817
0.440554
0.441132
0.436479
0.320427
0.431961
0.353341
0.407333
0.423619
0.404157
0.364658
0.300252
0.427635
0.448713
0.325325
0.501268
0.316737
0.433117
0.437393
0.373506
0.420521
0.349835
0.352028
0.367962
0.403531
0.422001
0.310147
0.366334
0.371935
0.408161
0.385021
0.384324
0.483113
0.346861
0.426181
0.308216
0.414498
0.384405
0.363118
0.422841
0.424214
0.310480
0.354470
0.319755
0.374936
0.527368
0.379677
0.408604
0.329715
0.413277
0.317720
0.382706
0.338560
0.424793
0.415348
0.395085
0.360274
0.296098
0.320010
0.352623
0.392593
0.456460
0.359009
0.367395
0.294466
0.328744
0.466155
0.440374
0.425422
0.403580
0.335664
0.397120
0.326988
0.425638
0.402811
0.363625
0.365192
0.344127
0.380253
0.297206
0.380895
0.359227
0.288878
0.355792
0.330001
0.313872
0.275965
0.260307
0.297564
0.291186
0.331187
0.295945
0.323676
0.301535
0.295507
0.370644
0.398034
0.361280
0.358593
0.281638
0.412099
0.392240
0.285718
0.305328
0.306685
0.385878
0.305748
0.258728
0.447568
0.306975
0.371062
0.330786
0.321276
0.246589
0.325098
0.375577
0.282986
0.306331
0.323468
0.399466
0.299478
0.270331
0.372772
0.285903
0.330479
0.386403
0.423971
0.415677
0.465379
0.470097
0.453542
0.394846
0.362963
0.330002
0.334200
0.395426
0.293600
0.290949
0.391305
0.406722
0.414268
0.346166
0.351805
0.425370
0.306276
0.301271
0.353665
0.379508
0.345552
0.320839
0.312405
0.417075
0.321361
0.363211
0.290977
0.329402
0.276544
0.239231
0.338766
0.361664
0.356179
0.315495
0.332142
0.372443
0.274467
0.294523
0.365031
0.321770
0.278286
0.230378
0.318630
0.350141
0.315113
0.381343
0.321089
0.321371
0.285359
0.380825
0.341115
0.353967
0.291115
0.416616
0.289883
0.367582
0.416709
0.363536
0.338558
0.465398
0.438273
0.335357
0.427731
0.394839
0.404064
0.370021
0.365132
0.352307
0.448714
0.476737
0.425073
0.437941
0.365200
0.300468
0.360834
0.454563
0.484255
0.399379
0.332700
0.326742
0.404961
0.440148
0.400416
0.257614
0.331947
0.434634
0.369740
0.408461
0.382351
0.395826
0.349023
0.316593
0.333116
0.318687
0.330934
0.426852
0.408521
0.339783
0.382505
0.312680
0.400314
0.344917
0.354178
0.351855
0.285922
0.257105
0.471462
0.363498
0.301299
0.385253
0.464514
0.325224
0.462868
0.444663
0.366018
0.323485
0.386266
0.338697
0.357664
0.399779
0.334377
0.284734
0.435157
0.300181
0.423880
0.285188
0.319567
0.220913
0.385329
0.414046
0.317387
0.338780
0.261454
0.313740
0.385489
0.316076
0.224080
0.318839
0.429302
0.308877
0.217758
0.341994
0.385942
0.440603
0.332785
0.331812
0.252268
0.365343
0.363446
0.304647
0.403036
0.256130
0.370418
0.241863
0.327667
0.264508
0.298535
0.282931
0.259488
0.338861
0.366668
0.323463
0.353569
0.254625
0.401423
0.275238
0.399196
0.291976
0.359858
0.349978
0.317242
0.314348
0.318042
0.264418
0.395513
0.263946
0.461477
0.295561
0.274414
0.363298
0.290502
0.279475
0.371946
0.381220
0.381232
0.320235
0.365565
0.293799
0.318342
0.309505
0.319731
0.306280
0.399091
0.377353
0.321035
0.267078
0.364353
0.313405
0.320191
0.300204
0.412468
0.305206
0.294066
0.264778
0.373274
0.358918
0.359257
0.255649
0.252186
0.331637
0.325463
0.350893
0.330590
0.256955
0.389950
0.306525
0.310222
0.330299
0.313451
0.412687
0.391241
0.326021
0.258349
0.369226
0.282103
0.347965
0.317756
0.342013
0.315325
0.452999
0.415020
0.348767
0.359266
0.358248
0.309703
0.333869
0.316948
0.331694
0.243739
0.385167
0.373898
0.316493
0.339976
0.294353
0.321717
0.311493
0.342424
0.333583
0.372526
0.292680
0.356405
0.349403
0.308848
0.328963
0.353826
0.308781
0.385492
0.369472
0.335187
0.348266
0.372575
0.348375
0.412347
0.397080
0.273300
0.325323
0.420261
0.337119
0.319157
0.269936
0.358477
0.372874
0.322513
0.308505
0.332010
0.264738
0.409137
0.297276
0.260566
0.331786
0.208896
0.417396
0.339165
0.319664
0.282789
0.343757
0.358520
0.328751
0.314401
0.399371
0.372261
0.316780
0.240242
0.311411
0.348688
0.267516
0.362719
0.289288
0.374675
0.265879
0.309675
0.231446
0.234590
0.217445
0.367462
0.305848
0.226779
0.307514
0.243309
0.220139
0.272932
0.273390
0.303021
0.399856
0.251358
0.257208
0.273037
0.266117
0.347576
0.286886
0.350389
0.356723
0.298635
0.327931
0.258806
0.435083
0.317506
0.296972
0.263740
0.309983
0.261676
0.294425
0.311303
0.345283
0.390617
0.356507
0.312428
0.265977
0.245708
0.251904
0.280395
0.375410
0.262248
0.288149
0.203173
0.263056
0.316565
0.297983
0.348792
0.381176
0.293567
0.263625
0.244410
0.389610
0.303665
0.385598
0.414470
0.302258
0.238706
0.238006
0.258814
0.316786
0.326671
0.375306
0.293425
0.380479
0.352431
0.371920
0.340754
0.342762
0.306093
0.247699
0.243819
0.400589
0.364632
0.291443
0.309706
0.284706
0.237823
0.372142
0.283054
0.309790
0.304849
0.321875
0.307137
0.255532
0.330065
0.389134
0.301214
0.327605
0.328342
0.287576
0.432933
0.298462
0.332966
0.233916
0.341108
0.305274
0.315416
0.250874
0.281255
0.244912
0.260135
0.314976
0.424319
0.350444
0.427051
0.284551
0.286323
0.309038
0.257562
0.396139
0.349978
0.332314
0.287728
0.311443
0.333250
0.355034
0.244487
0.297928
0.342632
0.386213
0.320789
0.328562
0.322970
0.346481
0.432263
0.286913
0.371788
0.344160
0.315789
0.265557
0.306205
0.290410
0.282750
0.302063
0.351854
0.328230
0.246753
0.284513
0.229455
0.242590
0.392284
0.356099
0.308458
0.253885
0.413055
0.334061
0.338187
0.345668
0.304241
0.364429
0.291974
0.332202
0.380768
0.315494
0.283282
0.273026
0.375841
0.361491
0.311401
0.273341
0.239407
0.287799
0.358284
0.304229
0.249509
0.322076
0.395393
0.314415
0.424621
0.361224
0.289264
0.310187
0.319972
0.332437
0.361585
0.247285
0.247913
0.308846
0.320586
0.283126
0.213904
0.301639
0.280550
0.289185
0.311374
0.316143
0.271610
0.295954
0.257385
0.340633
0.328377
0.195348
0.269955
0.206834
0.296221
0.289509
0.236253
0.267724
0.343864
0.235587
0.297879
0.229364
0.328533
0.328779
0.236096
0.385088
0.325404
0.302174
0.338454
0.303025
0.221676
0.264262
0.282871
0.300916
0.269877
0.352961
0.275060
0.267376
0.279763
0.397691
0.329235
0.284562
0.281798
0.230516
0.222958
0.281717
0.352467
0.336334
0.228175
0.330606
0.397930
0.323407
0.265247
0.226901
0.267062
0.322353
0.361441
0.281434
0.321429
0.436294
0.267345
0.281200
0.329360
0.334466
0.266490
0.269051
0.256400
0.351042
0.287374
0.390428
0.286947
0.229830
0.321249
0.369355
0.344345
0.338173
0.275933
0.262763
0.272261
0.196343
0.375563
0.307657
0.199593
0.310343
0.319402
0.298827
0.220776
0.225018
0.323497
0.249767
0.266618
0.298306
0.264847
0.354489
0.367576
0.324106
0.346750
0.363715
0.238044
0.385962
0.318281
0.295162
0.305564
0.308359
0.420587
0.392155
0.310716
0.314451
0.264526
0.343527
0.283001
0.356242
0.311402
0.227387
0.360389
0.267044
0.389848
0.272110
0.384725
0.326087
0.228845
0.323626
0.279088
0.355417
0.250539
0.277435
0.261174
0.283806
0.327323
0.277088
0.281003
0.320171
0.374902
0.247365
0.324242
0.293983
0.296300
0.305938
0.245229
0.355565
0.321624
0.256958
0.312304
0.405106
0.324827
0.359542
0.383426
0.312323
0.289283
0.411621
0.377266
0.340065
0.332935
0.357888
0.305875
0.353582
0.367623
0.408176
0.319894
0.283445
0.302702
0.290347
0.279072
0.327382
0.296452
0.285595
0.253822
0.320889
0.321461
0.251733
0.241478
0.244056
0.226649
0.257204
0.289692
0.198434
0.291411
0.320594
0.222156
0.305043
0.307306
0.201397
0.274230
0.279236
0.194175
0.232129
0.300568
0.261648
0.275281
0.205852
0.332195
0.341847
0.216514
0.212160
0.255995
0.317877
0.293276
0.282960
0.245397
0.337275
0.241305
0.227347
0.290040
0.318636
0.304492
0.312341
0.277434
0.267687
0.243511
0.264023
0.268921
0.297795
0.276381
0.265381
0.253687
0.244258
0.333769
0.314724
0.294294
0.225566
0.278567
0.318529
0.266689
0.264577
0.187805
0.249340
0.264193
0.227275
0.216305
0.308590
0.293076
0.272212
0.255876
0.272103
0.293074
0.338029
0.273494
0.236863
0.338690
0.324825
0.186448
0.384186
0.309296
0.285378
0.303266
0.221537
0.328453
0.285313
0.271458
0.299801
0.313616
0.325258
0.326487
0.214135
0.300481
0.266807
0.306841
0.294667
0.315376
0.276170
0.280104
0.306296
0.398182
0.243451
0.331188
0.328188
0.256738
0.340207
0.327322
0.314927
0.357309
0.284164
0.239053
0.320038
0.157877
0.308381
0.296532
0.267735
0.312873
0.332487
0.326732
0.276162
0.276876
0.356639
0.467155
0.186395
0.277170
0.221874
0.311657
0.398249
0.337931
0.215722
0.220879
0.292380
0.228302
0.335237
0.216865
0.235078
0.210601
0.314887
0.277960
0.296667
0.315810
0.294427
0.267068
0.296285
0.310137
0.336746
0.271310
0.273742
0.265967
0.307026
0.286175
0.281994
0.369735
0.264124
0.314136
0.406209
0.211897
0.251651
0.238096
0.237024
0.318620
0.270137
0.349618
0.327872
0.255891
0.377529
0.301462
0.324809
0.261632
0.277627
0.319738
0.321108
0.269211
0.230852
0.271443
0.302929
0.249616
0.323529
0.314037
0.399923
0.197168
0.240691
0.232300
0.323749
0.287061
0.352136
0.279070
0.282577
0.319352
0.296452
0.288030
0.206331
0.248094
0.289978
0.226424
0.206596
0.272834
0.222149
0.238477
0.255910
0.207915
0.199488
0.308593
0.257413
0.163135
0.325869
0.302316
0.261878
0.221984
0.287580
0.243676
0.349741
0.239586
0.225100
0.390629
0.216139
0.216985
0.259899
0.290539
0.247826
0.320554
0.225139
0.256392
0.277097
0.214516
0.225434
0.318332
0.329424
0.255569
0.309570
0.197101
0.259258
0.321431
0.276335
0.303635
0.246333
0.340708
0.292476
0.227448
0.294859
0.226543
0.195894
0.268598
0.329626
0.295092
0.195436
0.304195
0.290547
0.327154
0.244348
0.283750
0.297186
0.366727
0.263752
0.248397
0.214151
0.265284
0.190329
0.254537
0.261468
0.258268
0.217225
0.213055
0.224730
0.281268
0.249534
0.309708
0.244983
0.295698
0.255608
0.268288
0.278647
0.242874
0.307893
0.275375
0.241718
0.282655
0.239150
0.244550
0.268661
0.267644
0.395358
0.280629
0.196557
0.238723
0.200880
0.401673
0.275509
0.296627
0.370681
0.390745
0.281692
0.297255
0.256220
0.312438
0.264262
0.176491
0.209049
0.383897
0.278647
0.216687
0.185350
0.230052
0.222064
0.290812
0.305336
0.271020
0.225275
0.286579
0.346905
0.241952
0.312889
0.243172
0.288568
0.359307
0.311604
0.236678
0.282597
0.255018
0.320962
0.274046
0.293186
0.258333
0.332666
0.356850
0.226737
0.321113
0.329958
0.262545
0.290588
0.298668
0.270514
0.299562
0.202468
0.219060
0.296591
0.358781
0.288996
0.234247
0.384420
0.233399
0.245682
0.260330
0.259107
0.332117
0.257294
0.266467
0.296361
0.312545
0.256390
0.251872
0.258527
0.293799
0.379808
0.284633
0.201232
0.213056
0.262483
0.288665
0.278751
0.236014
0.219429
0.235451
0.303159
0.220999
0.267958
0.289923
0.201802
0.258923
0.389494
0.241946
0.183684
0.281836
0.248650
0.260402
0.250182
0.222717
0.256680
0.241490
0.197761
0.196820
0.264280
0.280918
0.359677
0.288818
0.317409
0.312518
0.298580
0.210191
0.189876
0.283050
0.291967
0.253172
0.251326
0.311282
0.303500
0.224937
0.243721
0.190314
0.189310
0.205442
0.327819
0.155736
0.215618
0.283577
0.216201
0.282672
0.334287
0.248393
0.173880
0.211302
0.219675
0.278379
0.278878
0.285641
0.235174
0.235826
0.233540
0.288185
0.272446
0.252704
0.184638
0.210249
0.204255
0.328019
0.250812
0.237600
0.187069
0.265150
0.192588
0.290646
0.241126
0.146025
0.154896
0.281107
0.352440
0.321945
0.256208
0.242403
0.274986
0.281204
0.203390
0.247933
0.234234
0.286091
0.214474
0.287901
0.188627
0.237006
0.243454
0.263455
0.364913
0.284365
0.320441
0.192327
0.214447
0.212175
0.376508
0.218215
0.223817
0.301826
0.162572
0.200487
0.208023
0.313564
0.255293
0.214958
0.261825
0.273070
0.213839
0.211150
0.151292
0.302567
0.245599
0.274413
0.298531
0.218786
0.262872
0.200329
0.259610
0.235727
0.248058
0.211118
0.288808
0.310622
0.291534
0.272869
0.304784
0.299891
0.320359
0.300685
0.249690
0.229516
0.251370
0.248590
0.310495
0.241719
0.318800
0.236623
0.271906
0.256153
0.256523
0.379173
0.231590
0.251777
0.219081
0.195428
0.203139
0.323667
0.292147
0.271283
0.250652
0.218303
0.228551
0.287100
0.291274
0.256709
0.349024
0.265853
0.235552
0.237414
0.266027
0.245858
0.243085
0.244652
0.265127
0.298951
0.338728
0.314900
0.194379
0.210325
0.239724
0.199148
0.187175
0.208533
0.200358
0.205749
0.231713
0.359413
0.225211
0.194725
0.215983
0.161432
0.269505
0.237780
0.336874
0.208481
0.230438
0.238987
0.172485
0.180188
0.191960
0.217681
0.202664
0.229132
0.283730
0.191080
0.226098
0.196285
0.230288
0.145573
0.311043
0.229756
0.268340
0.228902
0.173450
0.207583
0.157094
0.314346
0.238449
0.304833
0.229434
0.299878
0.199370
0.363242
0.239083
0.228712
0.235792
0.273140
0.312686
0.287385
0.257774
0.163205
0.232709
0.270230
0.256183
0.356216
0.296813
0.300292
0.314142
0.248710
0.185960
0.243089
0.233713
0.230787
0.341321
0.233145
0.290715
0.258254
0.284623
0.218902
0.265345
0.257656
0.244336
0.258483
0.267794
0.279401
0.221727
0.207819
0.181822
0.186956
0.229881
0.406746
0.236576
0.182756
0.258211
0.371640
0.232356
0.236241
0.244500
0.218358
0.207335
0.248195
0.252130
0.244814
0.292096
0.265647
0.240993
0.287777
0.234951
0.217434
0.187006
0.244208
0.309616
0.224899
0.220614
0.217667
0.279922
0.216098
0.296040
0.198261
0.232562
0.245758
0.229792
0.227838
0.198471
0.232841
0.314142
0.289346
0.271882
0.311462
0.285329
0.182223
0.304273
0.171686
0.289222
0.261544
0.282087
0.280428
0.231591
0.305251
0.254594
0.160054
0.308223
0.217225
0.229587
0.302569
0.202051
0.260535
0.213545
0.189054
0.205727
0.205825
0.204398
0.212783
0.284192
0.264584
0.295766
0.279549
0.353420
0.237289
0.289788
0.301195
0.269919
0.220585
0.197409
0.205085
0.180164
0.218851
0.247223
0.315664
0.257652
0.281490
0.263846
0.271687
0.291471
0.201874
0.213094
0.255079
0.258280
0.275963
0.288106
0.275919
0.202288
0.208591
0.227880
0.266487
0.166505
0.168893
0.174015
0.172078
0.268539
0.131450
0.147903
0.298474
0.215964
0.246180
0.157252
0.176620
0.175730
0.248792
0.218538
0.253925
0.219893
0.177975
0.173147
0.222786
0.362956
0.200776
0.210757
0.248465
0.212039
0.198664
0.157269
0.259788
0.284823
0.200103
0.291129
0.221753
0.225500
0.245966
0.207839
0.219805
0.241623
0.203363
0.206845
0.206790
0.309515
0.247013
0.278802
0.249358
0.284217
0.204886
0.259442
0.209726
0.204012
0.188461
0.175763
0.234624
0.245017
0.194377
0.216428
0.238462
0.199851
0.223054
0.255214
0.344953
0.186725
0.230608
0.259948
0.311826
0.255713
0.254258
0.199898
0.251837
0.250411
0.245282
0.252241
0.305074
0.168089
0.191762
0.316664
0.247491
0.257167
0.240170
0.174292
0.232663
0.182389
0.187908
0.218067
0.260893
0.328356
0.208741
0.228661
0.158212
0.246994
0.147270
0.236092
0.222351
0.269818
0.275647
0.283225
0.302133
0.213403
0.250970
0.288835
0.267133
0.229744
0.240076
0.296093
0.263290
0.195991
0.220533
0.227026
0.277781
0.264834
0.250282
0.184500
0.296382
0.193330
0.329996
0.302652
0.226286
0.270989
0.258556
0.225526
0.321445
0.149868
0.213253
0.250643
0.180267
0.236123
0.177394
0.221053
0.206187
0.283936
0.258544
0.198488
0.221606
0.246734
0.231465
0.192133
0.224101
0.238292
0.193417
0.308150
0.167625
0.229694
0.183717
0.299785
0.239744
0.241511
0.232687
0.263659
0.254767
0.242038
0.216225
0.176598
0.234479
0.184046
0.272081
0.261132
0.301392
0.216170
0.235464
0.252652
0.172796
0.234704
0.209646
0.244999
0.244734
0.286551
0.259319
0.201416
0.198673
0.245008
0.318036
0.259205
0.224873
0.194040
0.215149
0.231518
0.242953
0.171510
0.212404
0.234948
0.243547
0.191127
0.182310
0.308407
0.173930
0.261237
0.182664
0.220731
0.240746
0.263604
0.271911
0.224130
0.138851
0.197771
0.238811
0.196733
0.194686
0.193131
0.189562
0.155740
0.310984
0.183837
0.200273
0.185107
0.263100
0.253468
0.194740
0.220044
0.220474
0.188773
0.163634
0.221737
0.186162
0.207268
0.221227
0.167894
0.246193
0.183161
0.209477
0.282408
0.208788
0.234604
0.216558
0.286641
0.216427
0.177510
0.187300
0.223654
0.257899
0.225840
0.204024
0.213763
0.212345
0.206548
0.193512
0.208176
0.253403
0.200462
0.148798
0.159253
0.191443
0.292472
0.391134
0.224087
0.196382
0.179535
0.175928
0.247139
0.238230
0.244937
0.175966
0.267966
0.221261
0.218533
0.244952
0.191613
0.201643
0.250029
0.189626
0.199259
0.277234
0.177913
0.208016
0.266257
0.220018
0.258206
0.274754
0.193365
0.238056
0.204276
0.214894
0.193013
0.280396
0.253810
0.164703
0.257100
0.229323
0.233173
0.167289
0.260801
0.186647
0.280868
0.232020
0.231127
0.194534
0.219897
0.281515
0.181179
0.266179
0.245530
0.183981
0.214000
0.244417
0.240143
0.173841
0.180755
0.267198
0.267981
0.168081
0.178924
0.292108
0.176417
0.255137
0.240800
0.221483
0.157536
0.237509
0.310749
0.254341
0.207625
0.289846
0.249331
0.271752
0.177180
0.292364
0.189409
0.298562
0.199604
0.151765
0.164769
0.255978
0.287402
0.270919
0.209461
0.231172
0.216256
0.235758
0.220644
0.146396
0.328989
0.306775
0.201070
0.208891
0.213394
0.167704
0.202074
0.153184
0.249890
0.206060
0.229842
0.206715
0.225965
0.236377
0.260678
0.249652
0.238505
0.182480
0.228237
0.240915
0.180596
0.165583
0.183547
0.208103
0.193262
0.239110
0.209964
0.195450
0.204998
0.185723
0.123140
0.172644
0.249648
0.264517
0.165816
0.176667
0.205273
0.198076
0.171840
0.193802
0.214026
0.174426
0.091247
0.147473
0.194733
0.183977
0.168001
0.118139
0.182723
0.216988
0.208505
0.189194
0.158401
0.151714
0.205350
0.221439
0.198440
0.222899
0.221944
0.170610
0.182418
0.186688
0.169095
0.240772
0.231662
0.212730
0.255136
0.157067
0.222111
0.256922
0.186601
0.285260
0.172925
0.156651
0.246507
0.210483
0.206830
0.222117
0.167057
0.230078
0.203797
0.216873
0.233719
0.252550
0.205306
0.156158
0.251085
0.196734
0.182285
0.237478
0.246623
0.230107
0.203038
0.223687
0.227761
0.237817
0.231681
0.177680
0.201446
0.237514
0.252157
0.224898
0.267986
0.215363
0.238721
0.157393
0.250775
0.208509
0.252919
0.204085
0.225479
0.221175
0.257825
0.216083
0.217496
0.260628
0.276090
0.259095
0.216684
0.155172
0.241428
0.285241
0.262688
0.275741
0.252480
0.272163
0.317705
0.189211
0.210104
0.297681
0.247817
0.221834
0.182938
0.150230
0.174256
0.175048
0.178974
0.293031
0.266343
0.219813
0.211063
0.161048
0.220699
0.153479
0.220227
0.246973
0.284855
0.221190
0.274243
0.141927
0.251267
0.188964
0.169033
0.175765
0.250139
0.207233
0.217013
0.208060
0.243389
0.241498
0.223027
0.263881
0.232931
0.272941
0.165844
0.265918
0.201007
0.195059
0.221884
0.235552
0.165904
0.182105
0.393601
0.151614
0.381165
0.233503
0.272977
0.287768
0.249740
0.164327
0.207817
0.243552
0.199199
0.357388
0.226931
0.260346
0.224758
0.201785
0.209616
0.213592
0.234606
0.238679
0.153345
0.256341
0.213477
0.118804
0.174484
0.252917
0.228983
0.198135
0.230320
0.154053
0.198580
0.186793
0.138278
0.202657
0.189722
0.195793
0.194103
0.187035
0.170464
0.196548
0.215413
0.254557
0.194501
0.158614
0.170603
0.196111
0.196131
0.225175
0.210041
0.224598
0.269465
0.187936
0.191695
0.198592
0.195475
0.150863
0.192200
0.168774
0.241413
0.214089
0.302919
0.150612
0.208567
0.221247
0.244683
0.194701
0.206861
0.196675
0.194930
0.225736
0.202131
0.205359
0.195951
0.243640
0.206821
0.150665
0.234003
0.256616
0.172334
0.175007
0.187882
0.236048
0.133036
0.175666
0.158080
0.171940
0.193844
0.207203
0.117436
0.177964
0.192950
0.197888
0.202475
0.211283
0.323724
0.268586
0.178513
0.171040
0.185173
0.255490
0.236210
0.229700
0.260789
0.264158
0.209432
0.173073
0.257799
0.217451
0.165266
0.177060
0.177409
0.141754
0.163479
0.211762
0.218088
0.208941
0.192728
0.208783
0.198702
0.207214
0.243889
0.171794
0.220739
0.218321
0.204781
0.186165
0.182013
0.217462
0.188241
0.179560
0.262804
0.274336
0.272504
0.185928
0.300777
0.242702
0.154928
0.155453
0.185023
0.185059
0.189423
0.200386
0.139839
0.210621
0.247870
0.187317
0.246841
0.175739
0.234795
0.185641
0.209873
0.156804
0.151429
0.323056
0.125901
0.219326
0.236609
0.168240
0.204575
0.197675
0.215575
0.179465
0.166060
0.322072
0.304667
0.269155
0.190186
0.225668
0.219372
0.290478
0.197884
0.239451
0.169207
0.174662
0.251229
0.231426
0.274654
0.249883
0.250197
0.211206
0.226253
0.190732
0.335891
0.244117
0.128464
0.178680
0.255350
0.224480
0.203998
0.241587
0.147029
0.224868
0.206852
0.217599
0.212149
0.222412
0.170773
0.244087
0.173758
0.147069
0.159355
0.130408
0.151403
0.217408
0.131423
0.221611
0.203398
0.184315
0.331362
0.168814
0.170764
0.133898
0.137421
0.182388
0.169587
0.242911
0.198510
0.121641
0.172078
0.131818
0.201257
0.165681
0.209338
0.116628
0.169857
0.157076
0.181530
0.249709
0.218539
0.171057
0.211199
0.178373
0.257339
0.222547
0.323147
0.214112
0.231291
0.170950
0.183873
0.187082
0.175596
0.185143
0.203175
0.194454
0.206398
0.175743
0.209314
0.168980
0.187144
0.285543
0.185181
0.228775
0.208879
0.142135
0.259400
0.167994
0.182218
0.189073
0.203223
0.217607
0.151453
0.273608
0.164064
0.167118
0.157621
0.156068
0.209690
0.207093
0.178012
0.184862
0.208113
0.180286
0.234456
0.184760
0.150406
0.171003
0.141860
0.255413
0.241373
0.225435
0.276376
0.221797
0.185396
0.214731
0.129377
0.167631
0.219665
0.234329
0.180874
0.250112
0.188656
0.221167
0.198847
0.185788
0.199974
0.222835
0.216334
0.220861
0.128727
0.142027
0.197594
0.281647
0.173937
0.264523
0.177764
0.246385
0.113054
0.227824
0.237640
0.211146
0.183851
0.192992
0.133434
0.242265
0.226714
0.212080
0.183471
0.159322
0.164705
0.291912
0.222247
0.145727
0.173338
0.194632
0.269560
0.188578
0.220250
0.168301
0.181293
0.252687
0.198642
0.154156
0.165537
0.202148
0.198469
0.186994
0.200724
0.215990
0.142915
0.195290
0.239163
0.234044
0.158417
0.151576
0.183804
0.166410
0.204959
0.203720
0.186402
0.233874
0.250172
0.240288
0.126905
0.158057
0.158459
0.250698
0.242500
0.186150
0.198899
0.140139
0.182836
0.173291
0.240225
0.185207
0.175916
0.226808
0.132846
0.155587
0.174770
0.200447
0.207850
0.273675
0.196622
0.247576
0.176967
0.207023
0.171397
0.193793
0.142086
0.159605
0.167218
0.255861
0.254387
0.130854
0.159700
0.141082
0.208382
0.205498
0.168115
0.174847
0.213208
0.138871
0.213865
0.200367
0.182756
0.237181
0.172991
0.141139
0.202211
0.221451
0.165115
0.192270
0.226900
0.211845
0.180365
0.181169
0.238427
0.210047
0.144984
0.145018
0.197529
0.198912
0.176615
0.206320
0.183324
0.288395
0.246960
0.173552
0.212351
0.161867
0.166496
0.177632
0.213691
0.225145
0.289229
0.215018
0.188951
0.174296
0.202771
0.239176
0.145464
0.179509
0.229085
0.141950
0.207367
0.155164
0.164616
0.169410
0.209987
0.195496
0.228363
0.190026
0.136820
0.204279
0.144026
0.149866
0.248485
0.238833
0.150619
0.196424
0.163313
0.193275
0.187103
0.206816
0.206342
0.206477
0.211748
0.191471
0.129849
0.244370
0.269834
0.104962
0.158374
0.103101
0.169701
0.196525
0.194607
0.250331
0.215302
0.158354
0.240116
0.259065
0.123320
0.283521
0.219561
0.119854
0.191953
0.192903
0.168009
0.121243
0.187449
0.136985
0.245959
0.193485
0.157448
0.200482
0.208956
0.187848
0.191408
0.194001
0.135418
0.148998
0.200634
0.133847
0.185713
0.200262
0.137502
0.142298
0.196580
0.193088
0.233982
0.250323
0.225583
0.162882
0.148346
0.136802
0.199652
0.223046
0.165309
0.213998
0.184233
0.208296
0.147064
0.108216
0.226403
0.215161
0.151536
0.176709
0.274354
0.220557
0.165778
0.238395
0.170936
0.162811
0.226506
0.184035
0.252007
0.274918
0.141552
0.153973
0.192830
0.165729
0.193464
0.139403
0.253594
0.232897
0.172884
0.253889
0.258962
0.280522
0.290020
0.202919
0.161825
0.217518
0.223539
0.209276
0.215549
0.179881
0.154434
0.186914
0.140759
0.202442
0.202198
0.142726
0.181188
0.157717
0.158885
0.152827
0.250055
0.125987
0.234026
0.204973
0.105404
0.169299
0.107958
0.187971
0.129130
0.122594
0.143062
0.170338
0.220448
0.157425
0.138318
0.183776
0.175202
0.170109
0.214828
0.129947
0.180419
0.256239
0.127507
0.165015
0.193131
0.200198
0.125822
0.099140
0.204803
0.124357
0.150172
0.186117
0.192329
0.134895
0.209509
0.134033
0.119327
0.095385
0.143881
0.182678
0.121689
0.240005
0.167650
0.199201
0.166692
0.141008
0.143628
0.162144
0.157467
0.122452
0.203468
0.169300
0.130542
0.166296
0.136547
0.177621
0.154957
0.289079
0.107947
0.158089
0.136692
0.137934
0.080855
0.179298
0.202376
0.155687
0.195842
0.242911
0.140547
0.197136
0.222444
0.235316
0.254507
0.155259
0.282878
0.167511
0.189043
0.144336
0.196977
0.246133
0.220688
0.184748
0.147752
0.229765
0.192162
0.233468
0.193559
0.190398
0.183726
0.185585
0.206095
0.179067
0.136589
0.142314
0.174976
0.221717
0.137015
0.150388
0.150117
0.184010
0.173639
0.201902
0.164073
0.145887
0.234901
0.151093
0.185078
0.210859
0.197901
0.188059
0.216459
0.151799
0.187211
0.224215
0.134651
0.161149
0.270709
0.157045
0.166517
0.246467
0.196462
0.157496
0.190976
0.184052
0.218395
0.241555
0.177312
0.149189
0.190073
0.189332
0.213898
0.086212
0.140008
0.154553
0.246834
0.197836
0.139922
0.207486
0.233955
0.173370
0.180496
0.102811
0.180912
0.147297
0.166297
0.086172
0.206033
0.228483
0.164229
0.127494
0.141019
0.085880
0.201325
0.222001
0.131887
0.164554
0.140077
0.211498
0.092499
0.120012
0.160736
0.254610
0.232289
0.287982
0.146256
0.235807
0.122027
0.097057
0.127827
0.197796
0.116901
0.138803
0.139399
0.150902
0.171441
0.154518
0.164785
0.139227
0.115836
0.197657
0.247744
0.134958
0.165335
0.140948
0.157573
0.137020
0.104756
0.125795
0.171121
0.172515
0.155509
0.202824
0.210818
0.199793
0.152288
0.184009
0.128785
0.166272
0.224458
0.187602
0.178332
0.215688
0.155684
0.228816
0.135389
0.196645
0.160872
0.099984
0.109720
0.148874
0.192824
0.189963
0.181840
0.152847
0.146888
0.124766
0.116961
0.188576
0.146117
0.237520
0.124847
0.171932
0.187458
0.135901
0.219775
0.195030
0.219904
0.225722
0.181644
0.170309
0.267849
0.130724
0.177182
0.194319
0.140183
0.189772
0.167640
0.165434
0.105796
0.193609
0.171181
0.138490
0.167645
0.180902
0.106901
0.231013
0.111369
0.103425
0.136690
0.194160
0.148225
0.174808
0.169643
0.167569
0.221194
0.177135
0.117001
0.177335
0.196795
0.148552
0.196871
0.186435
0.130987
0.213011
0.144591
0.106532
0.146654
0.187408
0.209774
0.145456
0.182139
0.152990
0.185864
0.164264
0.215156
0.147679
0.123219
0.138681
0.159417
0.167686
0.222847
0.196185
0.207714
0.160981
0.143728
0.097185
0.176783
0.225118
0.157830
0.122543
0.172442
0.213860
0.151673
0.187479
0.150449
0.110922
0.162006
0.159662
0.116555
0.222711
0.195400
0.167497
0.181582
0.265299
0.185376
0.151405
0.163545
0.199769
0.194706
0.185385
0.192151
0.310697
0.169174
0.151870
0.103324
0.171266
0.161949
0.243034
0.173777
0.158169
0.190827
0.179132
0.231744
0.209614
0.165846
0.175458
0.183992
0.134736
0.204727
0.222381
0.140981
0.185381
0.206955
0.214336
0.158663
0.227071
0.130822
0.162975
0.200668
0.226681
