2.302583
2.302876
2.301753
2.310375
2.301382
2.302509
2.302224
2.302758
2.302416
2.302701
2.300587
2.304409
2.299538
2.298355
2.285445
2.316022
2.287130
2.289387
2.293739
2.294800
2.289574
2.282107
2.266389
2.269733
2.263472
2.253229
2.258517
2.216257
2.169745
2.218645
2.160375
2.148713
2.196313
2.038704
2.108040
2.154142
2.139952
2.108238
2.163186
2.109490
2.088471
2.061031
2.076646
2.028215
2.093803
2.059451
2.080297
2.082753
2.028412
2.062236
2.004279
2.019337
2.047857
2.066485
2.027815
1.976154
1.968804
2.079561
2.238623
2.012344
2.036540
2.073948
2.076873
2.093606
2.075645
2.003350
1.969961
1.965686
1.936891
1.952993
1.946308
2.003449
1.980976
1.933337
1.971287
2.009878
1.965795
1.959925
2.011827
1.950279
1.984010
1.954310
1.877861
1.956907
1.957860
1.980316
2.035107
1.929283
1.930194
1.883401
1.921312
1.924273
1.889153
1.897670
1.966424
2.012295
1.899150
1.957444
1.998623
1.950922
1.966878
1.955655
1.968339
1.948873
2.037267
1.922145
1.983214
1.897132
1.904497
1.950951
1.859937
1.884604
1.933941
1.987884
1.860754
1.876885
1.925893
1.934901
1.947765
1.862968
1.849208
1.936060
1.874306
1.938424
1.898069
1.902718
1.857359
1.905849
1.879233
1.949873
1.900154
1.930485
1.860799
1.832056
1.875710
1.891345
1.854182
1.820838
1.915648
1.852434
1.946447
1.860696
1.974468
1.892141
1.837333
1.926516
2.026337
1.835635
1.916682
1.899290
1.971410
1.890664
1.876779
1.867720
1.839015
1.837649
1.865369
1.948169
1.956430
1.917891
1.881584
1.879704
1.881366
1.871884
1.912984
1.881613
1.880921
1.890788
1.875082
1.880118
1.868205
1.846802
1.898805
1.865546
1.854364
1.834030
1.899983
1.879463
1.902476
1.858211
1.909630
1.858717
1.862022
1.885403
1.858310
1.899709
1.853955
1.825646
1.864274
1.841125
1.872885
1.818511
1.965548
1.856559
1.853487
1.944903
1.844905
1.806109
1.844414
1.794124
1.860303
1.782504
1.940636
1.926114
1.829847
1.825107
1.851663
1.850328
1.837360
1.893196
1.856794
1.826269
1.892197
1.853848
1.874686
1.849133
1.822246
1.804051
1.799421
1.933923
1.833669
1.917345
1.884430
1.870267
1.871066
1.819017
1.800983
1.916867
1.931013
1.805057
1.764401
1.920768
1.870329
1.793371
1.877348
1.830027
1.833638
1.823951
1.794167
1.834657
1.835673
1.873784
1.817876
1.882445
1.832163
1.840552
1.831345
1.834306
1.841563
1.879979
1.848394
1.854962
1.875502
1.873759
1.773284
1.888270
1.807540
1.847045
1.834156
1.836035
1.829500
1.929543
1.788468
1.845099
1.795995
1.792378
1.827086
1.776778
1.880716
1.855245
1.857317
1.839113
1.845958
1.854208
1.839374
1.880738
1.888449
1.834548
1.860384
1.810041
1.783172
1.797518
1.843376
1.863263
1.894914
1.848430
1.958907
1.841363
1.845728
1.843238
1.821376
1.878011
1.841484
1.803607
1.840848
1.822647
1.926837
1.826356
1.829408
1.866158
1.827984
1.903867
1.770928
1.864862
1.846798
1.818103
1.833199
1.767177
1.886842
1.855713
1.804947
1.844723
1.888527
1.808277
1.834975
1.831931
1.856674
1.828155
1.820867
1.801324
1.829642
1.902759
1.830427
1.833514
1.776165
1.932709
1.770900
1.821264
1.808871
1.780124
1.811605
1.838585
1.789903
1.813037
1.804087
1.821005
1.878119
1.867436
1.866313
1.814584
1.762374
1.922043
1.858874
1.818089
1.831037
1.825426
1.772369
1.946112
1.770233
1.780241
1.742492
1.845747
1.819973
1.724426
1.870263
1.789606
1.805298
1.861000
1.886161
1.724898
1.875702
1.849924
1.862086
1.871373
1.777731
1.864519
1.902739
1.745522
1.792534
1.750854
1.839221
1.826618
1.929004
1.841171
1.820875
1.817641
1.821206
1.740269
1.806609
1.826732
1.740805
1.743429
1.817627
1.778915
1.762009
1.718516
1.812518
1.716309
1.823615
1.823835
1.782247
1.749202
1.730446
1.737936
1.860281
1.750691
1.824721
1.738953
1.726532
1.740389
1.727364
1.743376
1.666378
1.714243
1.736471
1.845424
1.719133
1.672897
1.777816
1.823239
1.782798
1.771445
1.788451
1.657774
1.687013
1.666219
1.731104
1.662352
1.786230
1.664520
1.700941
1.657397
1.689035
1.796941
1.733705
1.726391
1.716188
1.716712
1.674646
1.711587
1.635681
1.728216
1.755643
1.737535
1.731242
1.755163
1.721514
1.723144
1.670081
1.699159
1.689274
1.725116
1.536302
1.608204
1.767608
1.801006
1.591878
1.644754
1.700740
1.749701
1.612011
1.661962
1.667612
1.687587
1.675488
1.638221
1.700099
1.666044
1.722196
1.709933
1.647055
1.643744
1.849817
1.785516
1.673008
1.669614
1.718181
1.670888
1.596586
1.638846
1.682976
1.655047
1.803221
1.674091
1.620529
1.812626
1.723112
1.710822
1.683939
1.677216
1.674685
1.642362
1.616854
1.679471
1.652873
1.689002
1.504672
1.720846
1.491058
1.571735
1.586720
1.584303
1.561647
1.471842
1.571733
1.532687
1.674655
1.483421
1.500640
1.588153
1.562235
1.519560
1.543823
1.647075
1.639703
1.550371
1.566180
1.479158
1.500897
1.465815
1.582409
1.646047
1.611691
1.575888
1.512099
1.542204
1.557566
1.531796
1.662139
1.390035
1.586712
1.461091
1.517181
1.489707
1.599932
1.467973
1.550507
1.521071
1.568491
1.467342
1.503956
1.421027
1.488989
1.447641
1.484873
1.416132
1.452587
1.505672
1.407093
1.574905
1.481708
1.393962
1.477983
1.512864
1.421542
1.339025
1.412272
1.539623
1.514537
1.488119
1.444668
1.688766
1.590893
1.457755
1.514442
1.601445
1.621398
1.497463
1.471786
1.420528
1.425596
1.577980
1.568023
1.585139
1.501429
1.426246
1.456238
1.548856
1.636780
1.538589
1.533561
1.513637
1.501743
1.518886
1.561025
1.435337
1.484985
1.430466
1.450656
1.468201
1.321970
1.463588
1.427308
1.351747
1.441154
1.399198
1.341013
1.374183
1.469306
1.507769
1.327871
1.576137
1.500932
1.516329
1.398477
1.408731
1.358749
1.386016
1.408929
1.382496
1.480223
1.339933
1.485292
1.396404
1.461794
1.409687
1.375815
1.334142
1.303145
1.434913
1.391544
1.327437
1.274442
1.407014
1.212506
1.264287
1.376772
1.303513
1.372875
1.238248
1.356887
1.524384
1.402342
1.372469
1.465102
1.391369
1.281722
1.335976
1.373461
1.429737
1.382191
1.195086
1.314633
1.368146
1.584619
1.267843
1.415456
1.345981
1.291912
1.404222
1.432103
1.362390
1.316961
1.308971
1.313842
1.173116
1.529428
1.508371
1.255034
1.322056
1.374231
1.314961
1.354327
1.371660
1.276419
1.281683
1.295380
1.348150
1.326009
1.254305
1.266332
1.268249
1.395113
1.167925
1.234886
1.115826
1.233315
1.338295
1.300687
1.328619
1.334355
1.324352
1.330423
1.215243
1.277333
1.371056
1.329441
1.277420
1.429432
1.251768
1.214596
1.104483
1.158020
1.383402
1.315720
1.266363
1.225104
1.192669
1.183787
1.343893
1.241901
1.300418
1.343995
1.293497
1.201246
1.230773
1.118733
1.330230
1.305681
1.352057
1.071352
1.215425
1.218914
1.363508
1.192326
1.285658
1.286111
1.491517
1.196670
1.226995
1.294966
1.305276
1.402175
1.265276
1.293391
1.244265
1.246054
1.159702
1.218915
1.283754
1.175739
1.301128
1.248749
1.204472
1.248628
1.195409
1.206502
1.266924
1.259385
1.210818
1.292983
1.082105
1.234049
1.163798
1.209359
1.208832
1.248974
1.116069
1.189602
1.238551
1.130352
1.256170
1.065416
1.345030
1.202361
1.093088
1.109619
1.230919
1.239621
1.213252
1.364668
1.296697
1.200216
1.066857
1.215674
1.139386
1.120554
1.129848
1.134338
1.161103
1.181441
1.278872
1.160713
1.116244
1.106490
1.161569
1.199964
1.028230
1.078037
1.308081
1.133181
1.182137
1.172408
1.144194
1.231882
1.165721
1.139334
1.045474
1.325682
0.989648
1.219946
1.166184
1.125870
1.162691
1.159923
1.132812
1.273911
1.115278
1.208707
1.157034
1.169168
1.124404
1.169023
1.145590
1.211150
1.023916
1.118832
1.093168
1.148074
1.165230
1.243484
1.061696
1.191223
1.124367
1.095095
0.987328
0.997227
1.060877
1.107007
1.166703
1.162436
1.174410
1.082672
1.147338
1.083926
1.030504
1.031682
1.133531
1.118868
0.983737
1.198713
1.086608
1.099128
1.147282
1.210898
1.125836
1.054774
1.168241
1.161735
1.087588
1.005589
1.070505
1.026744
1.166900
1.138864
1.189356
1.047958
1.124486
1.108843
1.045065
1.019253
1.153268
1.115223
1.003156
1.034159
1.028040
1.066392
1.015416
0.980618
1.015390
0.989411
1.002663
1.070788
0.965477
1.013974
0.949935
1.102520
0.916058
1.144103
0.956710
0.955805
1.032955
1.035296
1.174261
1.034392
0.960720
1.076617
1.112066
1.119365
1.154827
1.011848
0.949894
1.159778
1.082733
1.002559
1.017361
0.959775
1.219649
1.096443
0.974376
0.968598
1.059728
1.000584
0.953598
1.011952
1.026757
1.141431
1.135786
1.026960
0.953297
1.024348
1.077414
0.910998
0.995876
1.063118
1.049589
1.086826
1.075108
0.961874
1.012887
1.003139
1.042894
1.072383
1.110470
1.098826
1.128545
1.020968
1.040461
1.086136
0.965701
0.995394
1.133298
1.022707
0.967194
0.922425
0.976529
1.209757
1.028446
1.055290
0.949680
0.967159
0.931836
0.992378
0.978093
0.981310
1.242440
0.992452
1.111327
0.867416
0.902471
0.899538
0.880817
0.985276
0.948542
0.938297
0.943201
0.832269
1.019361
0.967665
1.029721
1.046952
0.858000
1.027933
1.048604
1.014440
0.937428
0.932030
1.091368
0.892919
0.837659
0.980715
0.951677
0.966477
0.889658
1.039807
1.022602
0.932218
0.981669
0.951902
0.983221
0.850338
1.022357
0.978344
0.972998
0.808219
0.890579
0.895588
1.038436
1.020949
0.858657
0.885673
1.034586
1.077625
0.970288
0.821308
0.891407
0.987321
0.889017
0.917916
1.040083
1.028720
0.971063
0.909750
0.934110
1.004245
0.955212
0.961170
1.028800
0.975256
0.887938
0.877784
0.886145
0.982221
0.912275
0.876494
0.928766
0.914509
0.964679
0.960665
0.888559
0.950194
0.842160
0.895635
0.964120
0.943416
0.949097
0.894692
0.927549
0.926433
0.931705
0.911647
0.899587
0.960955
0.927744
0.837132
0.988768
0.975444
0.946034
0.982831
0.970220
0.937775
1.017595
0.822001
0.938466
0.910916
0.930108
0.856229
0.989795
0.755462
0.925615
0.995317
0.890684
0.865630
0.978502
0.883914
0.801458
1.078158
0.861621
0.854153
0.899453
0.932363
0.881938
1.009561
0.948152
0.818061
0.889525
0.946920
0.915396
0.885525
0.880666
0.847695
0.939048
0.808229
0.877053
0.913563
0.809936
0.803677
0.903830
0.796165
0.841107
0.926775
0.887766
0.827421
0.858252
0.800453
0.883893
0.773148
0.857140
0.808225
0.831661
1.058631
0.843303
0.958116
0.829684
0.809629
1.009291
0.899074
0.933622
0.927471
1.003584
0.829283
0.879537
0.875712
0.835321
0.835323
0.827450
0.783623
0.871279
0.757566
0.985483
0.906367
0.931358
0.802259
0.939850
0.826238
0.917681
0.733884
0.797112
0.747001
0.950570
0.817429
0.837737
0.983647
0.980734
0.767754
0.823989
0.882708
0.823920
0.923108
0.840994
0.983966
0.834832
0.734327
0.863776
0.716581
0.766033
0.771881
0.774602
0.866072
1.039470
0.888103
0.713857
0.905485
0.772592
0.786450
0.887658
0.782315
0.796813
0.892942
0.948494
0.777499
0.920542
0.842809
0.760342
0.742566
0.712139
0.766823
0.926562
0.893716
0.882525
0.981705
0.821943
0.810298
0.828259
0.719330
0.886288
0.946887
0.891866
0.890539
0.846887
0.988044
0.829516
0.743665
0.715611
0.823393
0.907791
0.892094
0.797557
0.924278
0.963841
0.767543
0.881398
0.886706
0.795657
0.842751
0.768289
0.858121
0.872622
0.943309
0.852586
0.787403
0.707461
0.822768
0.812120
0.800225
0.752735
0.838218
0.877871
0.859731
0.854564
0.801353
0.936678
0.849570
0.739742
0.776569
0.791936
0.948752
0.753864
0.993582
0.878720
0.870097
0.883306
0.891005
0.727189
0.850715
0.925387
0.845646
0.760850
0.740547
0.866259
0.769370
0.793553
0.801752
0.735916
0.852803
0.775849
0.795491
0.691934
0.834108
0.814541
0.775285
0.842445
0.794561
0.931393
0.874825
0.764270
0.835644
0.869896
0.776188
0.754877
0.776155
0.840449
0.802843
0.770373
0.795606
0.839467
0.686269
0.794832
0.803635
0.716324
0.713606
0.784340
0.832561
0.743398
0.622529
0.801646
0.761671
0.793289
0.842559
0.746699
0.786242
0.794358
0.750406
0.779987
0.720484
0.748014
0.637061
0.745281
0.861816
0.841732
0.672112
0.653471
0.639174
0.782984
0.791777
0.758839
0.737715
0.848973
0.749996
0.774937
0.699905
0.768541
0.767194
0.676074
0.763882
0.918159
0.860927
0.693021
0.777551
0.760873
0.818806
0.812087
0.763451
0.747661
0.846411
0.823405
0.844827
0.792016
0.664353
0.752096
0.856870
0.779955
0.835057
0.733511
0.744714
0.723315
0.790943
0.846703
0.772284
0.753770
0.687596
0.726317
0.663833
0.714661
0.826562
0.752830
0.666293
0.765511
0.839321
0.710689
0.712158
0.771295
0.794148
0.741089
0.906073
0.688800
0.810434
0.779948
0.697736
0.855330
0.652999
0.812768
0.758690
0.658919
0.700952
0.809959
0.699522
0.740403
0.804390
0.747921
0.577518
0.747524
0.755201
0.777825
0.786456
0.868466
0.803041
0.787585
0.795984
0.794556
0.751466
0.797655
0.855153
0.761209
0.757952
0.707337
0.666440
0.679312
0.726733
0.676594
0.642708
0.821063
0.700387
0.752341
0.807388
0.783202
0.764504
0.697324
0.744253
0.824052
0.717935
0.686761
0.788044
0.668774
0.734877
0.674527
0.722529
0.743507
0.715019
0.677687
0.779211
0.846005
0.747568
0.808257
0.879084
0.788020
0.758962
0.815413
0.715429
0.827945
0.714484
0.808092
0.713816
0.777806
0.684165
0.749930
0.825181
0.769508
0.808925
0.954537
0.653910
0.688324
0.742850
0.781119
0.739230
0.734356
0.730249
0.729966
0.690652
0.846633
0.693269
0.700553
0.743973
0.753648
0.600001
0.695252
0.757113
0.664842
0.735976
0.800227
0.690891
0.587850
0.758763
0.658873
0.731036
0.692661
0.646572
0.577799
0.721361
0.770151
0.749170
0.721700
0.595061
0.751895
0.596121
0.733725
0.593748
0.793483
0.641164
0.633053
0.731478
0.664207
0.557839
0.750062
0.714798
0.700541
0.668361
0.703882
0.646082
0.605043
0.589761
0.583251
0.837232
0.728255
0.541724
0.598498
0.897441
0.743985
0.737662
0.766821
0.735795
0.671076
0.639749
0.761741
0.714578
0.691156
0.671469
0.757660
0.864006
0.622713
0.664285
0.675939
0.803493
0.793061
0.707227
0.590880
0.768847
0.765849
0.801411
0.807890
0.675378
0.813027
0.786825
0.735680
0.690916
0.638192
0.699537
0.650297
0.689057
0.754299
0.653154
0.757095
0.817621
0.622701
0.661242
0.660150
0.681226
0.759180
0.766705
0.718037
0.694733
0.652640
0.734475
0.775881
0.578368
0.734140
0.681650
0.670875
0.692095
0.602558
0.721722
0.783130
0.713464
0.723628
0.665745
0.730588
0.761137
0.683572
0.659160
0.804725
0.771527
0.771077
0.718296
0.817217
0.692342
0.593938
0.765456
0.620631
0.799944
0.625094
0.578912
0.674584
0.847794
0.640221
0.696409
0.765261
0.678089
0.625053
0.692708
0.657705
0.674698
0.582372
0.872088
0.669941
0.661468
0.695155
0.654460
0.713129
0.696285
0.608400
0.685595
0.650574
0.653558
0.723779
0.717497
0.693899
0.639414
0.623603
0.683199
0.731978
0.676837
0.663292
0.688477
0.633881
0.805250
0.572683
0.657085
0.723718
0.678114
0.670549
0.604698
0.551009
0.568213
0.631396
0.621690
0.656909
0.784328
0.741053
0.713812
0.679571
0.763151
0.606587
0.712336
0.783110
0.616051
0.685997
0.649557
0.789484
0.648763
0.838200
0.690096
0.675372
0.696525
0.661302
0.687991
0.656146
0.768137
0.610041
0.566308
0.785195
0.598044
0.804106
0.584603
0.605245
0.622816
0.775478
0.725405
0.589522
0.645118
0.808277
0.764480
0.700953
0.814547
0.691796
0.689885
0.632304
0.648236
0.643777
0.623341
0.598326
0.656526
0.606498
0.617310
0.653312
0.658962
0.670129
0.729498
0.661054
0.612327
0.609919
0.544324
0.548385
0.683910
0.675266
0.644301
0.632297
0.660732
0.664647
0.706401
0.639912
0.593424
0.598052
0.735691
0.574203
0.656318
0.655084
0.562828
0.676736
0.614595
0.605200
0.641111
0.739923
0.639893
0.538939
0.598002
0.794816
0.601764
0.559613
0.745444
0.705257
0.608369
0.663315
0.590386
0.652815
0.670709
0.610230
0.521682
0.618312
0.549717
0.577446
0.663286
0.606443
0.641528
0.716556
0.561396
0.670477
0.589939
0.569336
0.666957
0.594602
0.773656
0.551125
0.697390
0.598361
0.638287
0.633708
0.589466
0.525613
0.588028
0.816972
0.631232
0.628849
0.621584
0.515605
0.699437
0.593432
0.771997
0.553580
0.546131
0.659734
0.642383
0.718123
0.644059
0.659596
0.682709
0.557264
0.610883
0.625810
0.594361
0.649168
0.593397
0.583215
0.788611
0.630574
0.687000
0.643268
0.659511
0.655820
0.764980
0.726105
0.651106
0.535959
0.709414
0.594709
0.681584
0.764631
0.671406
0.734084
0.651256
0.639739
0.794867
0.549365
0.634370
0.724454
0.588408
0.615214
0.684453
0.656130
0.676413
0.690757
0.646264
0.535738
0.648862
0.645454
0.633344
0.610028
0.657247
0.653292
0.615334
0.656337
0.701183
0.706496
0.608250
0.497186
0.589297
0.517961
0.672543
0.585908
0.541341
0.584609
0.563128
0.641453
0.612609
0.601363
0.564535
0.591155
0.660602
0.626161
0.561631
0.694075
0.643862
0.675500
0.654091
0.555730
0.536186
0.645558
0.584155
0.569744
0.605561
0.627021
0.600388
0.485236
0.493790
0.664195
0.611088
0.581334
0.511567
0.539209
0.633207
0.572241
0.547945
0.639092
0.571608
0.635675
0.739859
0.556215
0.650291
0.524393
0.686980
0.763467
0.635228
0.663083
0.516353
0.662602
0.680861
0.533222
0.522228
0.650948
0.652490
0.650329
0.592188
0.536858
0.564785
0.592323
0.578625
0.614192
0.537516
0.479770
0.618522
0.554496
0.579679
0.553603
0.531554
0.534957
0.523626
0.566539
0.599176
0.516184
0.589542
0.517860
0.622282
0.537706
0.500746
0.667013
0.613455
0.652857
0.513130
0.642930
0.575323
0.703208
0.542841
0.651831
0.677429
0.690440
0.642863
0.581583
0.759294
0.619363
0.615125
0.594873
0.665466
0.627928
0.642576
0.675384
0.722367
0.577518
0.548765
0.643811
0.516612
0.551714
0.532806
0.603917
0.592913
0.747937
0.659396
0.840544
0.518845
0.675084
0.591619
0.578467
0.567597
0.566422
0.623456
0.528330
0.572365
0.561538
0.722369
0.581329
0.662140
0.756454
0.778599
0.657959
0.565266
0.593692
0.573546
0.572969
0.660298
0.665325
0.601423
0.625910
0.599766
0.581393
0.537519
0.618232
0.674457
0.655211
0.475884
0.582153
0.610103
0.548261
0.660443
0.600312
0.549315
0.559621
0.616134
0.704434
0.626832
0.638217
0.782157
0.491041
0.578250
0.563184
0.657212
0.566036
0.555450
0.622078
0.624734
0.591458
0.563580
0.531819
0.602759
0.584742
0.722222
0.635638
0.593028
0.678765
0.508972
0.595352
0.667478
0.529716
0.652424
0.497099
0.565742
0.633331
0.573570
0.559745
0.578781
0.577385
0.629854
0.572008
0.485793
0.534571
0.513515
0.483297
0.544461
0.575165
0.547709
0.551076
0.568200
0.454736
0.410017
0.501217
0.572832
0.490795
0.442951
0.624765
0.401566
0.507639
0.545076
0.559213
0.493229
0.646802
0.652144
0.495352
0.570923
0.543769
0.496569
0.570556
0.584022
0.499981
0.530018
0.564807
0.573391
0.559116
0.588494
0.564567
0.501056
0.621267
0.611368
0.589291
0.577571
0.601388
0.451238
0.573715
0.542767
0.655947
0.618606
0.620591
0.631981
0.541872
0.576288
0.630531
0.551230
0.518227
0.574210
0.521829
0.603892
0.526272
0.680288
0.594808
0.445947
0.717224
0.542520
0.550320
0.547691
0.552051
0.578716
0.576370
0.527255
0.565560
0.496906
0.552114
0.579367
0.585391
0.691407
0.558160
0.565189
0.457227
0.495441
0.597684
0.520181
0.629679
0.584267
0.653309
0.510793
0.588566
0.591210
0.436202
0.552662
0.634396
0.669646
0.588171
0.611119
0.660086
0.557220
0.607867
0.501798
0.519383
0.578887
0.526994
0.563767
0.549019
0.650778
0.541778
0.531672
0.554658
0.591710
0.546209
0.601238
0.462479
0.636361
0.439087
0.630116
0.568953
0.532050
0.488661
0.656109
0.536146
0.643889
0.468837
0.519488
0.428290
0.549846
0.702754
0.589928
0.471420
0.559443
0.608673
0.539589
0.663160
0.447192
0.603685
0.574411
0.519875
0.597643
0.477472
0.517367
0.618310
0.542083
0.584409
0.608401
0.542763
0.484710
0.563723
0.530515
0.524758
0.548499
0.426877
0.625399
0.581110
0.484516
0.608001
0.513786
0.567109
0.595956
0.539865
0.564403
0.572637
0.430850
0.530935
0.477078
0.513523
0.494828
0.554383
0.662345
0.586984
0.486863
0.639566
0.649912
0.446110
0.647058
0.553290
0.532115
0.504461
0.583231
0.509359
0.531259
0.573858
0.573665
0.531735
0.519933
0.575543
0.635334
0.635287
0.527185
0.505932
0.632656
0.507535
0.495967
0.561307
0.585203
0.466765
0.515383
0.450470
0.556186
0.483423
0.504195
0.571366
0.654036
0.612906
0.504044
0.616208
0.627332
0.605926
0.582673
0.562881
0.488774
0.424290
0.574951
0.567308
0.540016
0.520557
0.539264
0.505017
0.564137
0.550110
0.443957
0.605959
0.579850
0.421240
0.539333
0.609456
0.493056
0.594225
0.529375
0.503611
0.568274
0.497692
0.533281
0.513424
0.633346
0.497121
0.522269
0.548392
0.574909
0.450658
0.608060
0.424094
0.424131
0.597658
0.483538
0.451189
0.540335
0.493401
0.460744
0.647543
0.489464
0.539243
0.567581
0.376369
0.491856
0.476885
0.553187
0.581083
0.485959
0.545192
0.656699
0.612887
0.534892
0.514984
0.534435
0.398021
0.568027
0.469054
0.547302
0.651794
0.551883
0.644090
0.547432
0.535693
0.529425
0.588556
0.618416
0.539154
0.553582
0.500487
0.544020
0.535274
0.524995
0.460956
0.537753
0.504358
0.595487
0.482584
0.609032
0.562529
0.431009
0.602702
0.444419
0.502557
0.541532
0.498874
0.516002
0.460338
0.463188
0.416787
0.450459
0.613090
0.500660
0.481592
0.538779
0.476742
0.439512
0.505958
0.519750
0.454045
0.511955
0.491926
0.561467
0.580775
0.629806
0.677250
0.569033
0.510692
0.600846
0.613278
0.451519
0.522718
0.432438
0.634569
0.503517
0.571985
0.467139
0.454487
0.551484
0.626731
0.596688
0.478389
0.559000
0.489821
0.557987
0.500512
0.441870
0.491085
0.638897
0.674976
0.636904
0.532356
0.552326
0.463383
0.488509
0.587520
0.555809
0.511133
0.444349
0.598662
0.488182
0.597127
0.465848
0.556465
0.412377
0.609753
0.514376
0.569133
0.491543
0.573880
0.446006
0.452255
0.456168
0.508128
0.476069
0.450052
0.367054
0.555076
0.501032
0.392254
0.590842
0.477170
0.452817
0.462989
0.586248
0.414714
0.522394
0.571860
0.386207
0.421057
0.585869
0.508747
0.484626
0.421302
0.547873
0.541011
0.452128
0.532039
0.395292
0.543725
0.425898
0.529392
0.387701
0.480171
0.521654
0.490949
0.388054
0.455801
0.554805
0.526133
0.427109
0.602923
0.598564
0.422515
0.477351
0.452633
0.516670
0.435778
0.519770
0.458618
0.616889
0.589068
0.514369
0.613607
0.492640
0.445636
0.570259
0.453861
0.463587
0.420688
0.469253
0.565680
0.418920
0.490108
0.576119
0.537193
0.418379
0.458571
0.375889
0.533781
0.415065
0.572777
0.471673
0.518878
0.501043
0.511808
0.446138
0.624820
0.554773
0.533021
0.474734
0.503271
0.394444
0.548835
0.560172
0.466760
0.434596
0.544125
0.548663
0.473184
0.478296
0.571282
0.556090
0.503372
0.455696
0.607799
0.638400
0.532565
0.424466
0.589937
0.615518
0.490216
0.510279
0.538876
0.586138
0.568831
0.542618
0.506053
0.452809
0.470157
0.595596
0.461709
0.634848
0.470483
0.485564
0.467091
0.524403
0.445024
0.416345
0.450278
0.537084
0.518468
0.482497
0.475575
0.454925
0.562050
0.489754
0.508242
0.525553
0.661526
0.388356
0.554348
0.451995
0.538628
0.489235
0.445526
0.549494
0.524715
0.424559
0.587954
0.468700
0.483552
0.653815
0.448921
0.538446
0.512077
0.441616
0.431623
0.522381
0.467905
0.475578
0.466556
0.596944
0.457837
0.463325
0.476031
0.543567
0.513961
0.494879
0.547271
0.516471
0.502474
0.426675
0.589532
0.591119
0.537515
0.572472
0.550663
0.519272
0.477008
0.498639
0.539547
0.477481
0.565380
0.458674
0.504223
0.460509
0.462499
0.477946
0.460179
0.438085
0.509733
0.533943
0.407855
0.321987
0.499871
0.440857
0.380623
0.479231
0.420278
0.375299
0.422530
0.407379
0.451170
0.550400
0.386217
0.410731
0.597553
0.513883
0.396045
0.418615
0.407922
0.494598
0.508238
0.471768
0.550014
0.425946
0.425381
0.546624
0.475043
0.408497
0.407656
0.540209
0.491360
0.514998
0.433298
0.510966
0.459657
0.515125
0.469522
0.416362
0.618238
0.481518
0.503304
0.627155
0.518822
0.554674
0.523103
0.532330
0.539721
0.458073
0.465256
0.550384
0.504905
0.492900
0.630748
0.542256
0.562585
0.436359
0.500588
0.525365
0.435297
0.346674
0.392154
0.524690
0.406090
0.456380
0.415868
0.508733
0.468416
0.482004
0.482432
0.550752
0.456680
0.466424
0.470901
0.515393
0.434612
0.510009
0.408046
0.526352
0.407306
0.394102
0.495940
0.445301
0.471158
0.349882
0.425039
0.517843
0.400788
0.481605
0.453064
0.475820
0.462585
0.571526
0.557754
0.571480
0.420748
0.632120
0.525426
0.431451
0.473562
0.416215
0.485382
0.608429
0.574394
0.480744
0.560710
0.387334
0.529586
0.480865
0.511972
0.383979
0.615075
0.583962
0.569008
0.650347
0.533863
0.387654
0.474111
0.508198
0.521237
0.655179
0.354956
0.385601
0.531220
0.580868
0.445808
0.443638
0.530325
0.566604
0.561458
0.630123
0.510186
0.525315
0.455066
0.505249
0.397560
0.515734
0.399330
0.508414
0.530532
0.477435
0.412928
0.444592
0.450681
0.504899
0.540018
0.510528
0.381128
0.376474
0.648529
0.500491
0.427561
0.445460
0.530053
0.383390
0.492972
0.498313
0.453550
0.437784
0.531031
0.601255
0.431889
0.540538
0.429480
0.428526
0.564582
0.470450
0.516689
0.414973
0.410166
0.385186
0.404537
0.514296
0.324584
0.402284
0.390714
0.368793
0.418936
0.452424
0.421363
0.418711
0.532603
0.402230
0.421048
0.492760
0.440104
0.465766
0.440762
0.371937
0.455738
0.365808
0.460850
0.461064
0.484180
0.358225
0.411790
0.430518
0.383224
0.347890
0.447445
0.426484
0.498683
0.452845
0.527454
0.477686
0.542698
0.408223
0.464439
0.511885
0.648434
0.356232
0.502656
0.443499
0.480599
0.422727
0.451886
0.471272
0.473418
0.496495
0.546471
0.444138
0.403043
0.499944
0.483669
0.482712
0.527622
0.517801
0.533992
0.516113
0.484847
0.495948
0.407957
0.379827
0.487743
0.456075
0.478414
0.502022
0.499688
0.395148
0.408347
0.356825
0.385302
0.467978
0.493521
0.403148
0.347419
0.393695
0.442578
0.446108
0.443062
0.387939
0.377149
0.553324
0.389621
0.410603
0.486406
0.528324
0.464415
0.397205
0.525488
0.524029
0.477964
0.590480
0.453116
0.477680
0.377090
0.552241
0.439416
0.444091
0.452947
0.486256
0.456235
0.536577
0.515265
0.483650
0.450279
0.510727
0.400000
0.504124
0.378818
0.565303
0.336460
0.443565
0.491415
0.457690
0.510585
0.426025
0.509620
0.382563
0.504722
0.528656
0.498381
0.387937
0.430815
0.526616
0.497106
0.500193
0.476278
0.412378
0.406848
0.405874
0.436717
0.512482
0.439147
0.443082
0.522509
0.468957
0.394937
0.552427
0.475580
0.534792
0.505581
0.403798
0.586622
0.446470
0.454854
0.388495
0.374892
0.362817
0.510383
0.440434
0.480667
0.569947
0.334857
0.508066
0.389745
0.388564
0.443659
0.390633
0.436575
0.398502
0.408421
0.534833
0.472706
0.417758
0.376511
0.477899
0.530899
0.411036
0.409980
0.453405
0.533183
0.559494
0.479580
0.430192
0.385499
0.396897
0.486904
0.427958
0.346327
0.400860
0.395709
0.405212
0.443210
0.476741
0.387656
0.523828
0.342415
0.426366
0.337914
0.401278
0.558901
0.460848
0.430437
0.412051
0.380823
0.399122
0.432334
0.447500
0.441907
0.524158
0.398091
0.423809
0.443387
0.404002
0.409757
0.404417
0.555568
0.526793
0.588859
0.409827
0.427074
0.316123
0.402384
0.380898
0.450820
0.372157
0.321461
0.426493
0.479762
0.419263
0.376324
0.385717
0.359894
0.372364
0.366975
0.651777
0.403115
0.463234
0.436678
0.414170
0.416117
0.412550
0.438585
0.469454
0.466702
0.520894
0.460532
0.478301
0.410658
0.429441
0.532830
0.431732
0.338959
0.375228
0.362109
0.482658
0.400723
0.393364
0.429503
0.401904
0.527856
0.512059
0.425489
0.475099
0.370540
0.424651
0.447146
0.361038
0.444968
0.532895
0.398302
0.409550
0.392219
0.318642
0.514754
0.429789
0.455535
0.356398
0.450142
0.381470
0.386941
0.375868
0.323789
0.281524
0.439611
0.421012
0.521575
0.425690
0.425721
0.431699
0.407126
0.465846
0.369045
0.500937
0.452043
0.420204
0.394901
0.471103
0.482340
0.418772
0.404667
0.368212
0.484073
0.448095
0.442800
0.504363
0.428177
0.444456
0.534112
0.460088
0.470511
0.514300
0.379338
0.446554
0.486341
0.394110
0.459879
0.462654
0.456260
0.525960
0.400734
0.469830
0.362740
0.383109
0.450737
0.501983
0.463588
0.394520
0.473367
0.440704
0.435686
0.491366
0.426375
0.511533
0.417425
0.328182
0.509941
0.459197
0.398240
0.370388
0.390474
0.435911
0.392099
0.352507
0.343805
0.374774
0.446232
0.434681
0.376198
0.433372
0.508254
0.397994
0.588763
0.492518
0.458994
0.410953
0.409757
0.543061
0.461673
0.346970
0.358552
0.418590
0.434843
0.399385
0.422486
0.444096
0.322510
0.364943
0.402050
0.417895
0.475805
0.438570
0.330978
0.535604
0.383980
0.293241
0.395266
0.322409
0.409125
0.388074
0.303938
0.328484
0.454992
0.363367
0.392880
0.309742
0.446252
0.451380
0.324023
0.426503
0.363138
0.363552
0.455284
0.434018
0.290778
0.407862
0.382733
0.414797
0.472779
0.386246
0.329067
0.376431
0.315184
0.409512
0.446949
0.463650
0.443402
0.310859
0.374530
0.312699
0.484785
0.446831
0.346550
0.412388
0.427657
0.413910
0.426622
0.451800
0.358556
0.417088
0.343204
0.389036
0.455045
0.577089
0.432270
0.409113
0.389642
0.442042
0.437096
0.366704
0.285228
0.416529
0.466776
0.420627
0.412140
0.379057
0.434871
0.532604
0.453235
0.366770
0.385938
0.368719
0.500635
0.319919
0.480248
0.334324
0.359886
0.411805
0.395290
0.403024
0.385939
0.407233
0.413831
0.438295
0.453364
0.436960
0.404093
0.457186
0.569192
0.483054
0.444059
0.475878
0.451149
0.469739
0.498257
0.406727
0.363253
0.435714
0.589786
0.444233
0.382473
0.441644
0.443561
0.391269
0.334906
0.486550
0.427381
0.380556
0.284743
0.400454
0.448701
0.330257
0.387829
0.426463
0.273303
0.429439
0.410372
0.464698
0.349035
0.269246
0.327501
0.359514
0.441208
0.344211
0.364254
0.495518
0.411952
0.412869
0.404365
0.417976
0.366652
0.407249
0.350590
0.394909
0.370468
0.335089
0.460789
0.524805
0.380993
0.423924
0.441553
0.429067
0.469094
0.443563
0.424546
0.434004
0.429008
0.425351
0.467838
0.540011
0.396736
0.484564
0.393961
0.456278
0.495653
0.469099
0.347274
0.381769
0.510329
0.397829
0.419127
0.431467
0.386237
0.348130
0.417162
0.413750
0.296697
0.306705
0.395188
0.339319
0.496503
0.426127
0.393299
0.384147
0.388993
0.265935
0.360807
0.389646
0.410237
0.431189
0.428422
0.373744
0.423908
0.384320
0.409417
0.436934
0.390291
0.371642
0.321221
0.349813
0.346399
0.383210
0.352602
0.413740
0.383949
0.376118
0.430323
0.477302
0.446147
0.428657
0.401548
0.368875
0.454367
0.354520
0.412016
0.360886
0.281290
0.365899
0.418196
0.459297
0.429106
0.499863
0.489614
0.287752
0.441420
0.357052
0.421983
0.326193
0.304429
0.355737
0.410080
0.401869
0.295196
0.377611
0.425860
0.418441
0.383661
0.416956
0.352680
0.376763
0.340175
0.346455
0.448542
0.460524
0.355917
0.511542
0.418309
0.506645
0.413108
0.376728
0.346351
0.330215
0.386983
0.433280
0.356078
0.370149
0.392721
0.380947
0.393828
0.335156
0.372764
0.344947
0.390983
0.403435
0.351213
0.442788
0.451446
0.427040
0.351160
0.409513
0.383813
0.436400
0.436373
0.356510
0.402752
0.315145
0.362808
0.446220
0.283568
0.405101
0.344802
0.358672
0.403478
0.415391
0.381401
0.412035
0.471618
0.613793
0.515230
0.324188
0.429613
0.367957
0.482423
0.434816
0.403126
0.344456
0.373749
0.428570
0.370797
0.468004
0.340592
0.376064
0.384373
0.450098
0.338185
0.424582
0.398345
0.381268
0.456468
0.341749
0.370623
0.374426
0.422427
0.387954
0.466706
0.398410
0.354559
0.387790
0.412734
0.426296
0.450823
0.384218
0.329317
0.458950
0.406513
0.379162
0.374879
0.436456
0.395903
0.500596
0.382480
0.548571
0.368683
0.360962
0.321644
0.357676
0.411627
0.403341
0.453338
0.357056
0.470671
0.403966
0.333124
0.438672
0.496554
0.542106
0.279290
0.384730
0.418615
0.400055
0.400561
0.405015
0.342014
0.315630
0.351111
0.440866
0.388468
0.321001
0.315137
0.377029
0.373729
0.350204
0.279435
0.342366
0.346300
0.331646
0.355527
0.271804
0.398416
0.419388
0.341938
0.448571
0.424092
0.377890
0.417278
0.395854
0.388853
0.344568
0.439638
0.364802
0.404455
0.405422
0.359890
0.314644
0.412523
0.303142
0.372798
0.392766
0.322885
0.380260
0.450662
0.317287
0.306420
0.426206
0.380404
0.404771
0.335083
0.387495
0.373308
0.374293
0.322937
0.424087
0.456174
0.370355
0.296726
0.371235
0.290561
0.327920
0.430284
0.424071
0.361831
0.398211
0.393325
0.431618
0.369000
0.374309
0.513123
0.342830
0.521417
0.405578
0.319523
0.304459
0.355720
0.400688
0.350627
0.358947
0.349669
0.453152
0.370651
0.357526
0.443493
0.370623
0.417757
0.392361
0.359759
0.299194
0.443176
0.526500
0.302391
0.423030
0.363169
0.380622
0.281080
0.362524
0.351718
0.384399
0.331385
0.396856
0.334832
0.362295
0.412805
0.377184
0.457376
0.327068
0.379243
0.437185
0.464431
0.395605
0.446940
0.374013
0.392570
0.368947
0.328727
0.380065
0.479849
0.390020
0.270206
0.318103
0.331986
0.309226
0.374069
0.480403
0.444471
0.300917
0.363743
0.519919
0.375669
0.411987
0.423419
0.330392
0.441046
0.428543
0.335910
0.396173
0.356853
0.361490
0.405371
0.493738
0.385222
0.476064
0.378931
0.469869
0.391246
0.379360
0.366845
0.302537
0.447881
0.392910
0.354734
0.297070
0.262068
0.437134
0.398799
0.483094
0.399250
0.450262
0.423454
0.367393
0.262230
0.349794
0.427076
0.414025
0.429874
0.423249
0.375553
0.371435
0.370075
0.399196
0.352758
0.384316
0.387036
0.376676
0.274062
0.381043
0.367084
0.372078
0.373545
0.398142
0.358376
0.400925
0.341995
0.333103
0.377196
0.383970
0.350911
0.412702
0.314218
0.306031
0.424942
0.373550
0.322502
0.366596
0.377995
0.257009
0.301356
0.365688
0.383020
0.385293
0.340088
0.380229
0.433703
0.406448
0.358304
0.462743
0.338503
0.311103
0.415168
0.395892
0.345187
0.354605
0.325985
0.475879
0.351229
0.349933
0.349064
0.341232
0.339847
0.429307
0.302925
0.349450
0.347066
0.404058
0.332153
0.453011
0.473320
0.345080
0.377505
0.343076
0.406324
0.448003
0.369632
0.458490
0.378681
0.306855
0.446096
0.434553
0.449943
0.340746
0.327240
0.259427
0.348592
0.382021
0.333055
0.425202
0.326938
0.272391
0.385024
0.374419
0.290662
0.291964
0.428063
0.394088
0.409122
0.368216
0.333485
0.362135
0.402854
0.346414
0.385880
0.392107
0.381910
0.346977
0.370410
0.347910
0.292719
0.398393
0.297506
0.431376
0.266329
0.332964
0.245610
0.244586
0.383533
0.370281
0.337336
0.243089
0.395452
0.352222
0.315081
0.339297
0.428191
0.419439
0.366952
0.381433
0.341942
0.309010
0.427587
0.283410
0.445862
0.373882
0.417846
0.477353
0.304461
0.443535
0.295110
0.293350
0.263001
0.349231
0.300232
0.452105
0.423891
0.370251
0.422338
0.499335
0.426640
0.432730
0.462645
0.494181
0.300887
0.333426
0.323571
0.481555
0.429178
0.389676
0.378805
0.430437
0.443373
0.408349
0.424042
0.349041
0.399296
0.349708
0.345981
0.325888
0.473165
0.352296
0.379974
0.385517
0.340061
0.308488
0.385671
0.354200
0.356546
0.385245
0.429740
0.411441
0.318772
0.322213
0.301888
0.405687
0.316078
0.368462
0.373540
0.406206
0.378344
0.390481
0.314470
0.312031
0.304719
0.276990
0.256434
0.392741
0.217948
0.346874
0.371004
0.383176
0.179382
0.386430
0.265391
0.395838
0.419008
0.440806
0.375535
0.281803
0.287884
0.323016
0.326741
0.360639
0.285522
0.268615
0.379441
0.359821
0.300913
0.414788
0.334259
0.345546
0.263237
0.384518
0.312784
0.383044
0.333657
0.308788
0.270672
0.334123
0.357092
0.314333
0.336340
0.271644
0.354340
0.259726
0.513917
0.363846
0.372751
0.375512
0.466463
0.383710
0.357394
0.374700
0.373711
0.406855
0.380450
0.239793
0.299098
0.470843
0.366011
0.470464
0.308124
0.285072
0.329071
0.325430
0.293885
0.374777
0.298006
0.324233
0.336292
0.318894
0.346827
0.366517
0.378832
0.394818
0.388727
0.380956
0.476858
0.301728
0.277121
0.325069
0.277072
0.271174
0.360795
0.354161
0.327788
0.399069
0.440340
0.375902
0.266497
0.291553
0.348635
0.314200
0.438960
0.351301
0.412132
0.419898
0.279639
0.355278
0.353424
0.328213
0.294552
0.307174
0.416471
0.354592
0.301368
0.357705
0.301005
0.324935
0.360930
0.381753
0.335307
0.281503
0.268320
0.363815
0.251952
0.343039
0.363154
0.404060
0.415832
0.375733
0.376264
0.275186
0.374679
0.329018
0.276585
0.273025
0.398103
0.336823
0.425395
0.373590
0.494721
0.353390
0.280298
0.402810
0.359837
0.354846
0.401165
0.322967
0.313223
0.359816
0.354009
0.331338
0.308234
0.352140
0.340323
0.380038
0.398740
0.368559
0.286291
0.330590
0.330377
0.399581
0.380141
0.349776
0.275900
0.319272
0.362114
0.294957
0.352036
0.268596
0.355336
0.372019
0.362822
0.408118
0.460916
0.445791
0.301483
0.304638
0.388550
0.322879
0.389166
0.346175
0.383930
0.363321
0.345075
0.341047
0.375397
0.257267
0.252415
0.272159
0.366712
0.387442
0.269794
0.241167
0.343803
0.360521
0.260160
0.296194
0.287138
0.277523
0.368986
0.331312
0.401294
0.362326
0.325550
0.222768
0.287447
0.489467
0.322556
0.344154
0.339342
0.280641
0.332338
0.319759
0.403949
0.375472
0.297309
0.306520
0.357514
0.355723
0.316326
0.304166
0.258552
0.386265
0.338683
0.326354
0.273411
0.357730
0.329780
0.384777
0.338366
0.305914
0.368370
0.322164
0.239421
0.285109
0.291866
0.322596
0.300735
0.325060
0.290010
0.263126
0.450072
0.386260
0.350382
0.332293
0.345998
0.313612
0.276354
0.255527
0.413376
0.346670
0.380967
0.342499
0.267743
0.317148
0.401834
0.349755
0.409193
0.261242
0.305779
0.411951
0.271897
0.390436
0.285084
0.314962
0.369327
0.374425
0.340243
0.350760
0.332876
0.436039
0.303124
0.225107
0.397782
0.439249
0.228048
0.290181
0.362630
0.389925
0.292639
0.448300
0.472007
0.309779
0.277744
0.325471
0.454776
0.287059
0.352105
0.433405
0.290616
0.336308
0.262987
0.279614
0.303832
0.382197
0.363995
0.275526
0.393340
0.311401
0.355055
0.316768
0.371118
0.351798
0.378472
0.335160
0.439475
0.215539
0.213453
0.343019
0.272157
0.360418
0.268834
0.355033
0.251302
0.425991
0.345502
0.280589
0.467812
0.328849
0.317745
0.300988
0.259433
0.339367
0.273997
0.375924
0.311492
0.397155
0.406216
0.360304
0.387415
0.353484
0.375901
0.360232
0.387683
0.356214
0.398646
0.290022
0.368688
0.314833
0.329711
0.373061
0.379966
0.326717
0.394751
0.295877
0.342594
0.333653
0.298730
0.359396
0.319602
0.409293
0.313963
0.270871
0.305176
0.330321
0.435684
0.389978
0.282303
0.267625
0.342951
0.358051
0.327196
0.267781
0.290255
0.333601
0.334728
0.378349
0.348528
0.436841
0.285886
0.354853
0.304009
0.356015
0.322370
0.334427
0.366613
0.331255
0.211058
0.367682
0.316249
0.315837
0.240912
0.323052
0.207180
0.276416
0.278508
0.295158
0.270184
0.251708
0.380576
0.266439
0.302503
0.303853
0.331871
0.280705
0.303463
0.316282
0.295413
0.247402
0.283056
0.275812
0.238987
0.368582
0.390339
0.314623
0.265983
0.373215
0.285007
0.322541
0.259141
0.341389
0.319193
0.294642
0.306234
0.400670
0.348046
0.325301
0.324746
0.400340
0.305948
0.303908
0.464600
0.304107
0.241501
0.309720
0.268093
0.424499
0.416051
0.283337
0.322047
0.335671
0.276120
0.285586
0.406475
0.377406
0.266707
0.315212
0.407997
0.281022
0.409149
0.258874
0.217956
0.293975
0.332250
0.245617
0.323144
0.281501
0.278654
0.305020
0.325167
0.340618
0.413668
0.318095
0.386527
0.374296
0.315856
0.273615
0.311432
0.370918
0.274553
0.369017
0.347442
0.362677
0.268394
0.352226
0.249856
0.434122
0.324151
0.336827
0.386543
0.326326
0.330345
0.254371
0.310719
0.346776
0.357430
0.318916
0.262653
0.339427
0.276767
0.327617
0.340152
0.349883
0.274830
0.348790
0.343769
0.353582
0.361851
0.379718
0.342034
0.336443
0.417954
0.441380
0.331658
0.331651
0.315654
0.380645
0.377998
0.257647
0.361906
0.326218
0.422415
0.291555
0.220911
0.340936
0.381859
0.357669
0.334820
0.340502
0.297401
0.442089
0.324599
0.187005
0.267197
0.363044
0.399941
0.325742
0.318241
0.427202
0.267233
0.271615
0.322316
0.319533
0.298981
0.284711
0.288112
0.394279
0.309286
0.287665
0.426710
0.367783
0.319918
0.338574
0.358732
0.227171
0.301860
0.300878
0.354499
0.292190
0.309006
0.285977
0.268738
0.325550
0.296015
0.288619
0.297005
0.293876
0.359740
0.297573
0.348289
0.316474
0.281091
0.218860
0.287534
0.296472
0.230088
0.306207
0.365407
0.300708
0.262723
0.248634
0.238145
0.307673
0.293377
0.254569
0.296310
0.246150
0.275881
0.281703
0.294446
0.210195
0.256067
0.310464
0.257738
0.280174
0.306490
0.292508
0.343844
0.334694
0.170876
0.366161
0.296103
0.362398
0.348777
0.292613
0.313221
0.271420
0.266643
0.339553
0.223253
0.304765
0.422459
0.299888
0.336221
0.279789
0.305344
0.282068
0.367894
0.280650
0.290484
0.377438
0.254480
0.313330
0.347036
0.314131
0.297141
0.279864
0.364062
0.258096
0.395596
0.350174
0.316261
0.307298
0.372738
0.349311
0.349362
0.321867
0.378474
0.414367
0.252045
0.306531
0.294811
0.317861
0.339470
0.303089
0.303314
0.301348
0.361080
0.367999
0.315627
0.339099
0.331335
0.367883
0.300579
0.375169
0.366129
0.275109
0.316240
0.314970
0.365676
0.354531
0.360835
0.301597
0.310616
0.316943
0.275728
0.198960
0.240588
0.277414
0.225859
0.254049
0.337986
0.400240
0.258709
0.203651
0.291294
0.241914
0.308755
0.360411
0.388874
0.309173
0.320758
0.408844
0.213083
0.373642
0.298146
0.307971
0.282490
0.322921
0.309402
0.298817
0.390736
0.366987
0.326125
0.339249
0.376368
0.321249
0.318583
0.257295
0.298159
0.359250
0.329640
0.286904
0.285144
0.332953
0.275270
0.427774
0.240835
0.550648
0.330975
0.342687
0.311106
0.417964
0.229615
0.360788
0.333550
0.294827
0.570725
0.310410
0.339190
0.344944
0.257179
0.374894
0.344116
0.289811
0.347901
0.247013
0.405718
0.262171
0.328253
0.243210
0.375302
0.319230
0.304799
0.366192
0.345943
0.313730
0.245716
0.308167
0.268717
0.262890
0.246862
0.269324
0.254698
0.340284
0.372781
0.389136
0.314318
0.273179
0.286272
0.306967
0.325556
0.343683
0.349557
0.317562
0.270971
0.292964
0.288389
0.396686
0.253548
0.294795
0.250366
0.295784
0.346684
0.360983
0.326686
0.337344
0.242226
0.291971
0.204038
0.346152
0.254754
0.360817
0.305814
0.238945
0.214221
0.269247
0.387711
0.364758
0.298356
0.265738
0.317343
0.335966
0.379968
0.266705
0.342763
0.285106
0.314541
0.284244
0.273359
0.258307
0.285415
0.288233
0.234210
0.248125
0.309271
0.257495
0.294322
0.384614
0.313645
0.393424
0.437273
0.368271
0.365673
0.352189
0.266238
0.272300
0.317620
0.347374
0.393293
0.275596
0.267047
0.401988
0.314668
0.285088
0.275937
0.269438
0.312115
0.219230
0.266374
0.263082
0.295550
0.290001
0.256059
0.345248
0.330559
0.278090
0.281930
0.331188
0.230777
0.365223
0.261153
0.342105
0.328477
0.288613
0.298304
0.416398
0.318554
0.343769
0.287045
0.314252
0.356381
0.318106
0.313641
0.267793
0.347204
0.322271
0.324625
0.276576
0.287529
0.366842
0.243579
0.267213
0.290005
0.322197
0.227625
0.243102
0.335988
0.258406
0.399219
0.272198
0.318859
0.307598
0.296431
0.318500
0.284036
0.316289
0.243267
0.264989
0.463536
0.313146
0.264700
0.247641
0.195229
0.247048
0.331555
0.337042
0.292708
0.162008
0.188227
0.352180
0.329546
0.303908
0.308753
0.326932
0.322294
0.286345
0.262344
0.296144
0.346914
0.228198
0.280485
0.359527
0.327478
0.294909
0.284457
0.230245
0.316775
0.323304
0.292485
0.262205
0.317509
0.305959
0.348094
0.249811
0.257486
0.223239
0.236893
0.225747
0.306480
0.280668
0.242509
0.363766
0.253646
0.301300
0.271060
0.269599
0.177621
0.158068
0.231123
0.285221
0.346209
0.263617
0.275475
0.302464
0.230452
0.365487
0.282512
0.259247
0.327632
0.362357
0.317106
0.241014
0.320056
0.282991
0.287059
0.278638
0.248508
0.335154
0.305097
0.319200
0.347843
0.319306
0.238877
0.278187
0.268161
0.257608
0.326599
0.333790
0.336219
0.221308
0.240310
0.279339
0.300750
0.377781
0.317460
0.296104
0.347795
0.343647
0.249191
0.280501
0.310598
0.283363
0.231604
0.295353
0.341658
0.261511
0.336155
0.340036
0.236527
0.275789
0.218601
0.358262
0.306830
0.409869
0.259547
0.271386
0.306143
0.195553
0.412359
0.280774
0.291460
0.318760
0.368687
0.229283
0.216524
0.323153
0.294102
0.346784
0.265356
0.212351
0.328611
0.400158
0.293565
0.285389
0.300540
0.335633
0.309005
0.235035
0.304010
0.300223
0.288760
0.333615
0.284669
0.264912
0.218522
0.244375
0.320576
0.295202
0.331788
0.252540
0.398740
0.307949
0.283436
0.334199
0.333082
0.264562
0.257716
0.227544
0.367072
0.395858
0.239830
0.293035
0.240142
0.310407
0.357604
0.264448
0.300447
0.268472
0.220114
0.453989
0.309555
0.265973
0.263209
0.327128
0.339394
0.253920
0.318983
0.246686
0.294731
0.254950
0.254248
0.302290
0.262080
0.297595
0.327693
0.303550
0.256280
0.246325
0.224445
0.261768
0.306462
0.275974
0.318651
0.309175
0.323395
0.336332
0.206196
0.289975
0.241078
0.208215
0.329074
0.315078
0.318448
0.276638
0.214476
0.320162
0.289330
0.230155
0.235869
0.296455
0.282136
0.236130
0.304066
0.284730
0.272174
0.264892
0.339397
0.232822
0.321472
0.346503
0.246302
0.272385
0.292376
0.343551
0.287634
0.244107
0.303920
0.357182
0.218445
0.369667
0.277391
0.279787
0.302711
0.270756
0.320663
0.327672
0.232550
0.342592
0.216778
0.210334
0.311269
0.270299
0.208173
0.256585
0.328076
0.242039
0.231401
0.265638
0.266457
0.296139
0.202256
0.260560
0.164483
0.266921
0.187593
0.283261
0.323214
0.257176
0.278216
0.223702
0.309164
0.256030
0.297578
0.237277
0.227253
0.209599
0.282675
0.358207
0.319234
0.290647
0.294740
0.259017
0.292264
0.253356
0.349690
0.245162
0.396285
0.282134
0.198373
0.260782
0.303483
0.253347
0.309515
0.182294
0.349973
0.320264
0.279387
0.241487
0.267513
0.276245
0.366796
0.233115
0.311799
0.231658
0.315122
0.295106
0.335823
0.236423
0.294408
0.302232
0.259804
0.297622
0.311977
0.228553
0.261501
0.315204
0.207544
0.217824
0.227414
0.250568
0.312163
0.338314
0.207649
0.295643
0.305230
0.235601
0.309915
0.231657
0.309771
0.310353
0.235551
0.180932
0.256477
0.249228
0.265202
0.248002
0.186234
0.380622
0.267737
0.354849
0.258122
0.308190
0.315442
0.294361
0.365597
0.250113
0.215524
0.242931
0.263287
0.277645
0.256255
0.256685
0.246914
0.287233
0.349184
0.287974
0.364047
0.254133
0.289056
0.261337
0.244674
0.236993
0.308947
0.255060
0.269336
0.185855
0.265007
0.161609
0.188987
0.304321
0.290468
0.286170
0.289907
0.273811
0.247726
0.306259
0.264261
0.233629
0.242127
0.314475
0.276910
0.322028
0.310539
0.210195
0.295801
0.302393
0.285669
0.328046
0.251891
0.366881
0.219622
0.286782
0.291467
0.308374
0.352912
0.411658
0.313990
0.331806
0.293742
0.273429
0.279537
0.344461
0.258965
0.269764
0.256916
0.251227
0.285997
0.247158
0.160909
0.183163
0.353635
0.218070
0.174840
0.302449
0.206069
0.294866
0.312629
0.196264
0.236499
0.135919
0.457289
0.223655
0.170145
0.290933
0.333168
0.368516
0.220455
0.149937
0.247038
0.300458
0.313716
0.319588
0.308935
0.193729
0.267928
0.296004
0.279058
0.273082
0.190924
0.275119
0.227667
0.301471
0.188677
0.327270
0.335308
0.253006
0.228464
0.306958
0.225996
0.175030
0.296244
0.261091
0.358347
0.251321
0.281917
0.290481
0.259986
0.257378
0.254174
0.243114
0.318260
0.264588
0.275559
0.316280
0.254047
0.274143
0.269132
0.227865
0.253472
0.172643
0.339568
0.234216
0.244819
0.204431
0.265266
0.225346
0.251367
0.217117
0.267619
0.321736
0.313813
0.224703
0.296698
0.279403
0.255227
0.355330
0.206366
0.324222
0.262362
0.305240
0.205924
0.249036
0.419037
0.386136
0.283754
0.352757
0.386375
0.254750
0.397422
0.342188
0.254786
0.255421
0.286734
0.294213
0.292806
0.254110
0.303690
0.254660
0.304200
0.221137
0.216632
0.227856
0.250071
0.286665
0.236839
0.251915
0.278544
0.295892
0.321380
0.262340
0.334469
0.331409
0.226808
0.290345
0.291858
0.310490
0.308478
0.226400
0.355220
0.306305
0.430671
0.301139
0.342595
0.291555
0.230947
0.253769
0.226965
0.319394
0.353562
0.259094
0.239824
0.305351
0.341017
0.290226
0.237323
0.272065
0.294440
0.371371
0.210570
0.291195
0.249512
0.300470
0.158303
0.227140
0.208241
0.284371
0.223230
0.284694
0.203338
0.240723
0.351351
0.331565
0.195130
0.319626
0.230380
0.289525
0.301002
0.275830
0.258962
0.251681
0.372389
0.303342
0.256314
0.305118
0.254942
0.256931
0.309745
0.207309
0.266110
0.214901
0.242963
0.293458
0.269331
0.158487
0.294987
0.246019
0.271459
0.172897
0.244354
0.214613
0.265993
0.221550
0.314153
0.284619
0.188497
0.202199
0.211402
0.300404
0.144791
0.186415
0.208440
0.303546
0.287065
0.145050
0.283585
0.414188
0.231592
0.183483
0.282280
0.303450
0.294006
0.264804
0.390851
0.231307
0.371327
0.226160
0.332297
0.258299
0.310281
0.279200
0.202455
0.282912
0.236235
0.245309
0.284560
0.341513
0.238977
0.217102
0.196557
0.276870
0.301292
0.282717
0.226167
0.239428
0.263046
0.316509
0.279767
0.327457
0.296691
0.276979
0.328421
0.220819
0.315658
0.312934
0.341861
0.234429
0.287562
0.203391
0.282039
0.330000
0.245364
0.234205
0.185336
0.306924
0.252342
0.262645
0.247614
0.201569
0.325674
0.266198
0.305103
0.363564
0.258291
0.352356
0.325335
0.249096
0.255787
0.298087
0.268960
0.300922
0.342205
0.297270
0.189017
0.273802
0.374160
0.247975
0.287376
0.316970
0.283536
0.271782
0.279251
0.295555
0.249561
0.228957
0.261731
0.239739
0.307126
0.295930
0.317266
0.230452
0.343535
0.327539
0.269897
0.346911
0.272392
0.258437
0.261520
0.285203
0.252712
0.305039
0.353625
0.256508
0.247606
0.216921
0.249472
0.340502
0.221739
0.249685
0.294581
0.244365
0.222389
0.236163
0.252603
0.233894
0.313312
0.296360
0.271207
0.271032
0.201881
0.246849
0.245768
0.328802
0.356066
0.163234
0.398732
0.262259
0.286243
0.272600
0.266702
0.246317
0.291336
0.316227
0.237191
0.274804
0.295715
0.267967
0.233483
0.261622
0.283929
0.295770
0.237429
0.335494
0.295453
0.256453
0.343046
0.232870
0.238062
0.211588
0.353344
0.278283
0.281467
0.276932
0.309478
