3.613630
3.609895
3.724420
3.622197
3.598283
3.572841
3.534842
3.509615
3.479112
3.504121
3.545681
3.458052
3.403436
3.433067
3.562030
3.454507
3.447366
3.413008
3.392545
3.471920
3.490246
3.342470
3.464386
3.425809
3.357086
3.319314
3.368088
3.604784
3.428869
3.348294
3.437502
3.578208
3.471402
3.370895
3.304146
3.276433
3.406407
3.339648
3.328820
3.265565
3.271914
3.425219
3.302028
3.310810
3.423619
3.424855
3.237336
3.217872
3.430037
3.307741
3.259107
3.214923
3.256806
3.290944
3.313628
3.243393
3.180615
3.516333
3.376386
3.302811
3.247028
3.342924
3.308938
3.224930
3.236053
3.207808
3.212283
3.223054
3.234103
3.267097
3.217516
3.215371
3.323685
3.238410
3.148652
3.316552
3.196077
3.212881
3.247637
3.237529
3.203764
3.151254
3.112815
3.319946
3.298492
3.192685
3.101421
3.231820
3.297259
3.237178
3.126289
3.214287
3.273116
3.211686
3.131937
3.183403
3.211073
3.235255
3.176070
3.070470
3.106225
3.153997
3.214139
3.221973
3.149561
3.123996
3.152066
3.220644
3.138009
3.232481
3.083840
3.129314
3.100771
3.190221
3.112482
3.049777
3.137714
3.225621
3.324984
3.110605
3.088292
3.083858
3.165959
3.109050
3.186728
3.118490
3.182498
3.091271
3.097735
3.135770
3.131445
3.102164
3.080187
3.012426
3.079887
3.082610
3.174175
3.124721
3.175257
3.059433
3.110758
3.142099
3.085479
3.061809
2.975164
3.128600
3.065344
3.092730
3.149596
3.188122
3.102160
3.080130
3.002567
3.103855
3.003760
3.059973
3.088264
2.993041
3.140507
2.989004
3.023638
3.001279
3.093912
2.900130
3.025572
2.954247
3.097386
3.064908
3.057189
3.050356
2.998872
2.842488
2.957291
3.056602
2.983840
3.022503
3.066241
3.064055
2.988464
2.896290
2.927868
3.025206
2.898855
3.024736
2.904986
3.017833
3.040045
2.875133
2.887836
2.941354
3.059548
2.998767
2.972673
2.996574
2.975634
3.020603
3.240448
3.001215
2.985963
2.944890
2.971478
2.809582
2.883642
2.953257
2.871185
2.885880
2.946356
2.857854
2.874868
3.198938
3.048724
2.968050
2.879805
2.801935
2.933950
2.930772
2.843226
2.799226
2.944812
2.931978
2.891028
2.878876
2.960454
2.883863
2.939550
2.832345
2.949170
2.847851
2.828832
2.951171
2.723316
2.820509
2.963512
2.852979
2.784438
2.867990
2.810671
2.884349
2.869421
2.846045
2.763502
2.891009
2.737725
2.847826
2.871515
2.805197
3.092321
2.895110
2.950308
2.830748
2.807066
2.755483
3.008915
2.846618
2.964265
2.826608
2.731308
2.859893
2.906620
2.937904
2.760382
2.894748
2.693837
2.777555
2.807743
2.843189
2.847654
2.840058
2.879566
2.803275
2.797061
2.771780
2.706883
2.838165
2.920410
2.814573
2.724313
3.014317
2.806629
2.791286
2.726320
2.775756
2.668120
2.868667
2.895220
2.836646
2.750728
2.780533
2.767348
2.740577
2.825679
2.856313
2.775736
2.837572
2.773348
2.635864
2.728861
2.722781
2.745000
2.828447
2.879469
2.701443
2.847588
2.776004
2.898698
2.803448
2.709589
2.769844
2.787316
2.695045
2.700452
2.690877
2.855796
2.633262
2.813144
2.813783
2.710873
2.631222
2.753622
2.628927
2.687221
2.879010
2.759176
2.812546
2.726599
2.760910
2.728817
2.740589
2.631608
2.677608
2.573938
2.814296
2.744209
2.726683
2.788837
2.600327
2.619308
2.690256
2.640616
2.700469
2.747568
2.634411
2.703733
2.682572
2.637238
2.745911
2.655013
2.751251
2.484391
2.605268
2.665900
2.862937
2.781399
2.709788
2.608781
2.674381
2.663644
2.710644
2.546514
2.581916
2.661750
2.683583
2.768843
2.603289
2.597858
2.542560
2.612579
2.716777
2.824673
2.685446
2.684887
2.549422
2.600880
2.728698
2.667987
2.881467
2.538319
2.607350
2.460197
2.654991
2.589265
2.427737
2.640709
2.580107
2.682723
2.609044
2.675568
2.649242
2.505420
2.721348
2.638660
2.573414
2.546616
2.553094
2.470993
2.532868
2.579749
2.729905
2.619194
2.648685
2.559590
2.562494
2.662123
2.542171
2.612623
2.746279
2.725283
2.444773
2.486288
2.702636
2.604132
2.815750
2.543480
2.633409
2.582956
2.797906
2.568397
2.458579
2.509866
2.559900
2.410924
2.609809
2.685679
2.633602
2.533596
2.518301
2.602170
2.588431
2.666981
2.504988
2.447217
2.600902
2.684891
2.508259
2.622851
2.581256
2.504776
2.685909
2.593351
2.565109
2.546716
2.441918
2.569746
2.584879
2.558529
2.607682
2.405495
2.566916
2.471781
2.492687
2.595432
2.503906
2.439424
2.531295
2.561453
2.501093
2.578557
2.563509
2.597642
2.490655
2.598732
2.511717
2.534132
2.526814
2.581249
2.557887
2.573770
2.431944
2.471509
2.492621
2.533616
2.570764
2.676217
2.473572
2.419961
2.468994
2.460822
2.418314
2.479551
2.624218
2.546081
2.504303
2.624122
2.416302
2.574260
2.429376
2.668360
2.574387
2.467669
2.378530
2.527584
2.622042
2.677365
2.488222
2.466570
2.460014
2.306358
2.536392
2.494910
2.542321
2.488750
2.440739
2.446088
2.528376
2.492547
2.591198
2.489192
2.402889
2.343211
2.489990
2.596875
2.534352
2.621850
2.433643
2.536960
2.453987
2.408076
2.375700
2.672125
2.359538
2.363725
2.400515
2.610694
2.455658
2.460494
2.501107
2.335032
2.559470
2.360094
2.383406
2.466702
2.541935
2.339351
2.404214
2.498177
2.366379
2.575823
2.458733
2.406629
2.443569
2.456694
2.323139
2.461691
2.397182
2.601682
2.447128
2.470936
2.396178
2.499350
2.314043
2.088280
2.371600
2.614201
2.458586
2.404018
2.369094
2.413314
2.445524
2.246600
2.357928
2.507294
2.308435
2.440943
2.391611
2.303330
2.359420
2.493909
2.449809
2.456127
2.504961
2.357537
2.344407
2.345376
2.307730
2.299186
2.399548
2.309741
2.390207
2.429337
2.378006
2.386266
2.311517
2.359864
2.359935
2.279688
2.392826
2.477813
2.296268
2.415167
2.277582
2.289768
2.301280
2.447393
2.258460
2.403841
2.393173
2.371845
2.387436
2.409486
2.316175
2.302027
2.233149
2.407680
2.450680
2.230871
2.381032
2.360707
2.303162
2.282958
2.215450
2.291627
2.284977
2.217102
2.389067
2.227369
2.522242
2.362073
2.289120
2.358843
2.574541
2.330644
2.306455
2.315364
2.411447
2.336667
2.274165
2.235800
2.540457
2.339318
2.331554
2.449751
2.394555
2.272994
2.420723
2.246772
2.279167
2.192781
2.288857
2.130177
2.230134
2.374395
2.343442
2.207877
2.367908
2.158785
2.303865
2.207157
2.278125
2.349291
2.200768
2.135589
2.271947
2.273911
2.293784
2.313082
2.349168
2.289082
2.317620
2.290281
2.183052
2.245812
2.385417
2.219112
2.399315
2.235864
2.249648
2.220038
2.442791
2.243703
2.306890
2.228369
2.221238
2.156456
2.275065
2.336774
2.296847
2.431582
2.373387
2.161785
2.211381
2.295281
2.098384
2.199139
2.313454
2.206244
2.207885
2.259468
2.224706
2.124384
2.279713
2.258540
2.318446
2.224680
2.143266
2.172969
2.060874
2.244287
2.377681
2.117439
2.180318
2.243184
2.416077
2.174282
2.287443
2.253872
2.367011
2.314309
2.285951
2.138407
2.117096
2.118206
2.132829
2.266340
2.132087
2.171751
2.194556
2.317959
2.388138
2.208961
2.263386
2.132261
2.153197
2.196748
2.133910
2.297742
2.322325
2.086930
2.260468
2.262763
2.078200
2.167692
2.184392
2.347918
2.285763
2.114314
2.254650
2.175699
2.328557
2.164839
2.226471
2.340434
2.329956
2.328314
2.143873
2.260247
2.263154
2.114130
2.169595
2.067262
2.132766
2.205054
2.249611
2.216140
2.156602
2.032501
2.124216
2.114614
2.104686
2.158930
2.111495
2.272190
2.278318
2.241811
2.075470
2.132297
2.216532
2.060366
2.118727
2.165554
2.072222
2.114893
1.992211
2.254896
2.203442
2.145502
2.197658
2.172900
2.192755
2.214731
2.153514
2.262290
2.118683
2.082287
2.114741
2.154698
2.222193
2.064109
2.093054
2.129239
2.101409
2.038101
2.090795
2.122745
2.231742
2.146309
2.318252
2.236773
2.075971
2.138484
1.962463
2.080966
2.084558
2.087062
2.095006
2.193016
2.186376
2.234692
2.027046
2.085623
2.222875
2.054107
2.049817
2.154733
2.279822
2.153193
2.281609
2.213647
2.131784
2.165658
2.193625
2.064738
2.121590
2.093800
2.149909
2.049660
2.044802
1.966107
1.939222
2.270237
2.112796
2.267179
2.127386
2.187566
2.205029
2.107150
2.209304
2.082611
2.087100
2.140957
2.189408
2.093266
2.123205
2.237558
2.173276
2.172872
1.978051
2.140354
2.007361
2.120358
2.005782
2.143776
2.102599
2.187661
2.242730
1.989480
2.192487
2.098217
2.161101
2.073778
2.299129
2.129631
2.059074
2.093177
2.126974
2.054854
2.145259
2.104176
2.158319
2.071424
2.154904
2.111755
2.037510
2.121015
2.188352
2.082069
2.115485
2.044531
2.154031
2.019016
1.969618
1.992193
2.032013
2.001244
2.258376
2.164477
2.102753
2.099836
2.050972
2.026722
2.131608
1.944349
2.027782
2.076414
2.095443
2.092475
2.116307
1.966638
1.944253
2.124337
2.080708
2.233413
2.169409
2.139099
1.998963
2.026561
2.056150
1.981009
2.018937
2.080080
1.972232
2.031033
2.009736
2.112201
1.945711
1.991610
1.985327
2.012191
2.213436
2.090562
2.033165
2.018753
2.053022
1.960915
2.053253
1.915528
1.928366
2.159292
2.097374
2.159408
1.999212
1.953862
1.983906
2.053010
2.149457
2.085906
2.021828
2.036662
2.007751
1.950634
1.990295
2.125125
2.041192
2.056004
1.982156
2.127493
1.920280
1.993929
2.142857
2.044723
1.994243
2.004983
1.923945
2.042952
2.089619
2.055659
2.005090
1.989726
2.075410
2.032326
2.090836
2.043326
2.035800
2.190489
1.953989
1.961546
1.941936
2.001117
1.920448
1.891522
1.991661
2.081082
1.939823
2.011309
2.160864
2.082327
2.154740
1.887765
1.907031
2.047061
2.221587
2.036619
2.119101
2.179171
1.984607
2.094427
1.975918
2.030226
1.904303
2.100649
2.074946
1.905508
2.091527
2.061979
1.985469
1.953546
2.145306
2.144083
1.996401
1.853441
2.030087
1.971665
1.976791
1.951820
2.026792
2.092396
1.980061
1.923041
1.871678
2.081834
1.983607
2.255637
2.010844
2.079880
2.034924
2.028339
1.946193
1.886813
2.037933
1.953823
1.858681
2.050572
2.236867
2.047441
1.943655
2.100209
2.030191
1.957835
2.003177
1.991339
1.996339
1.955537
2.089829
1.980396
1.827411
1.951246
1.931380
1.773533
1.966370
1.916060
1.999877
1.983874
1.909940
2.007917
2.165257
1.932925
1.872798
1.974899
1.990558
2.058353
1.935031
1.980194
2.126659
1.942030
2.015757
1.876384
2.028748
1.876551
1.843611
1.927411
2.049205
1.971773
1.993750
1.975451
1.917884
1.958971
1.960272
1.932857
1.951554
2.009978
2.031696
2.012707
1.989192
1.911599
1.975979
1.980284
1.839069
1.811170
2.021181
1.870588
1.898430
1.867290
2.000863
1.854277
1.788962
1.755636
2.008467
1.920070
2.055433
1.886499
1.861313
1.950625
1.925633
1.807917
1.767409
1.899847
2.021422
1.898027
1.819082
2.001043
2.058603
1.948119
2.073037
1.845345
1.780210
1.928413
1.966460
1.963685
1.878956
1.870867
2.009441
1.967756
1.863911
2.033374
1.763563
2.039153
1.800971
1.909539
1.827714
1.859158
2.085835
1.871915
1.884618
1.939025
1.798568
1.962934
1.806102
1.806317
1.853534
1.991753
1.894669
1.894644
1.934188
2.002023
1.888417
1.841533
1.868822
1.879329
2.005397
1.964220
2.087530
1.855482
1.960495
1.948286
1.769805
1.832763
2.006578
1.775180
1.846217
1.884851
1.826319
1.867613
1.981437
1.797586
1.899512
1.920975
1.999724
1.866455
1.815325
1.797758
1.808167
1.836580
1.865569
1.672452
1.947440
1.776094
1.879547
2.035072
1.923389
1.739520
1.880480
1.799901
1.945726
1.916122
1.820282
1.950224
1.859614
1.862483
1.933593
1.791864
1.954368
1.831716
1.799936
1.894362
1.953227
1.888566
1.917162
1.935115
1.773063
1.899312
1.983374
1.837057
2.022108
1.946424
1.890613
1.805583
1.845510
1.865692
1.842551
1.882568
1.856593
1.915007
1.988311
1.958265
1.789010
1.819681
1.839127
1.925635
1.845336
1.941040
1.867965
1.988490
1.803131
1.809013
1.771381
1.922209
1.800233
1.840289
1.836133
1.720572
1.809116
1.955420
1.915513
1.809870
1.772821
1.988696
1.828413
1.907939
2.004099
1.796710
1.856366
1.820122
1.711426
1.792408
1.882674
1.788533
1.785888
1.869054
1.808119
1.799040
1.923234
2.002689
1.904236
1.897901
1.880418
1.878135
1.643282
1.886765
1.764712
1.890074
1.855839
1.805394
1.739166
1.861029
1.780690
1.926721
2.009308
1.896240
1.901168
1.837991
1.958049
1.815375
1.768862
1.746772
1.785128
1.906687
1.809043
1.711143
1.841860
1.935390
1.838143
1.718378
1.929997
1.789823
1.934739
1.860471
1.855324
1.775466
1.808661
1.779475
1.822264
1.792725
1.868862
1.747778
1.738450
1.818752
1.879122
1.758168
1.796316
1.882469
1.825914
1.756305
1.865392
1.874698
1.743511
1.784020
1.736039
1.717323
1.790881
1.740897
1.786438
1.875016
1.779779
1.927291
1.718923
1.852920
1.828535
1.713554
1.910270
1.792887
1.792211
1.753231
1.843533
1.995594
1.855383
1.834270
1.824170
1.696939
1.845755
1.830710
1.942620
1.801719
1.741510
1.860009
1.669345
1.800489
1.885181
1.935252
2.007432
1.657749
1.744663
1.751181
1.668188
1.893755
1.727956
1.860194
1.729297
1.780135
1.899244
1.738648
1.829101
1.870789
1.783064
1.779447
1.885085
1.828983
1.668582
1.879063
1.808241
1.701497
1.896859
1.794864
1.777835
1.998504
1.862455
1.745551
1.599354
1.802439
1.894964
1.768846
1.847418
1.808669
1.741384
1.651297
1.703775
1.770421
1.734087
1.661075
1.729831
1.647906
1.879190
1.739903
1.893570
1.763375
1.709710
1.858117
1.755018
1.797343
1.800716
1.790924
1.882584
1.877490
1.845870
1.837206
1.736637
1.687128
1.799350
1.725037
1.849817
1.683360
1.751670
1.789448
1.788373
1.770688
1.601620
1.718333
1.848543
1.846857
1.741943
1.716629
1.886175
1.814677
1.656782
1.715042
1.726991
1.672524
1.687052
1.571422
1.651523
1.680027
1.699941
1.794129
1.705234
1.688280
1.597488
1.833945
1.794131
1.747701
1.813057
1.853343
1.856638
1.727352
1.751990
1.785187
1.821622
1.654122
1.713461
1.587398
1.650805
1.834055
1.690758
1.567992
1.681596
1.782545
1.733465
1.762620
1.689154
1.614353
1.662639
1.763109
1.764844
1.638605
1.660621
1.662893
1.656399
1.718080
1.693441
1.658142
1.638207
1.698272
1.726616
1.691147
1.627356
1.657130
1.782276
1.648689
1.770189
1.697835
1.763091
1.629153
1.749688
1.608907
1.711015
1.701616
1.767010
1.615518
1.752732
1.784620
1.753494
1.743953
1.725461
1.688680
1.709279
1.573963
1.729970
1.656638
1.577526
1.722208
1.774709
1.735815
1.765574
1.798157
1.773674
1.707355
1.631670
1.849930
1.719627
1.603595
1.679562
1.681657
1.668957
1.828125
1.745985
1.822496
1.751206
1.661613
1.792451
1.712910
1.605759
1.706875
1.648259
1.809926
1.677551
1.681115
1.689578
1.709606
1.690655
1.829154
1.693999
1.634555
1.698569
1.630740
1.730985
1.734152
1.723651
1.579681
1.767670
1.697032
1.653182
1.675273
1.522359
1.708292
1.627346
1.651614
1.680506
1.657402
1.707093
1.627001
1.785508
1.659277
1.768890
1.538776
1.657775
1.683622
1.686396
1.742392
1.730888
1.646126
1.701873
1.672039
1.706676
1.737763
1.737143
1.688329
1.889639
1.799137
1.758945
1.736719
1.637306
1.645756
1.688091
1.761181
1.746752
1.738356
1.618424
1.678259
1.627884
1.659469
1.614436
1.856944
1.711184
1.589538
1.694333
1.629249
1.585767
1.612966
1.607510
1.695424
1.648560
1.687028
1.834018
1.638966
1.840211
1.607561
1.560573
1.584749
1.588632
1.595001
1.705920
1.715993
1.797482
1.633754
1.749692
1.691500
1.625166
1.647966
1.723215
1.624172
1.565281
1.604124
1.583637
1.705372
1.697475
1.726535
1.663137
1.696326
1.625669
1.699875
1.820550
1.612126
1.601094
1.711022
1.560557
1.723747
1.618334
1.666606
1.744142
1.694472
1.594724
1.721677
1.696220
1.664649
1.624723
1.704428
1.739909
1.657157
1.777227
1.669506
1.705400
1.617520
1.734282
1.667902
1.635583
1.742180
1.660975
1.631234
1.792806
1.620074
1.646717
1.710692
1.753759
1.510869
1.637248
1.720336
1.694173
1.661649
1.565080
1.587046
1.707543
1.515633
1.615042
1.668654
1.620656
1.593299
1.528280
1.538399
1.572525
1.614920
1.524643
1.732496
1.660498
1.657033
1.674660
1.745339
1.664747
1.598793
1.601595
1.701048
1.535520
1.578783
1.651112
1.622397
1.578833
1.655919
1.622510
1.538175
1.651486
1.672755
1.605966
1.616864
1.597823
1.616515
1.650552
1.677428
1.680579
1.575820
1.625616
1.538897
1.652410
1.661540
1.696430
1.696859
1.550818
1.685954
1.656952
1.543393
1.631286
1.558733
1.776314
1.674562
1.642759
1.611382
1.660444
1.814857
1.585655
1.722416
1.613342
1.546683
1.559080
1.611640
1.651353
1.728138
1.537713
1.563242
1.715427
1.699560
1.545722
1.655783
1.659399
1.711564
1.629297
1.481869
1.469272
1.506583
1.724804
1.781525
1.642934
1.570886
1.597761
1.547811
1.492468
1.501643
1.537100
1.623882
1.658384
1.652228
1.676255
1.627600
1.641030
1.591920
1.659594
1.655735
1.597154
1.674182
1.497049
1.682082
1.680251
1.684985
1.575249
1.664692
1.646777
1.619437
1.767128
1.608212
1.692588
1.614728
1.692501
1.732509
1.514417
1.634735
1.693560
1.707725
1.579053
1.617314
1.581980
1.618763
1.674045
1.566228
1.608256
1.589706
1.659535
1.547233
1.617910
1.537806
1.469921
1.643935
1.536031
1.619444
1.570720
1.574281
1.513069
1.579218
1.488793
1.520236
1.576430
1.693086
1.629524
1.655275
1.588161
1.623069
1.678691
1.478903
1.601313
1.485505
1.605137
1.602579
1.672661
1.774023
1.565938
1.716938
1.596036
1.526834
1.523256
1.538886
1.597749
1.581208
1.595911
1.566259
1.561139
1.560612
1.640650
1.593417
1.439867
1.608433
1.579986
1.515192
1.657365
1.570264
1.486847
1.492777
1.603570
1.540604
1.671967
1.487257
1.594205
1.650627
1.507779
1.487375
1.503618
1.667871
1.630181
1.468841
1.558561
1.689198
1.547822
1.617126
1.586231
1.656998
1.588899
1.676875
1.629361
1.499443
1.505526
1.598333
1.438990
1.460854
1.491114
1.544715
1.653246
1.522223
1.591651
1.473434
1.555649
1.609179
1.612104
1.574544
1.423558
1.564737
1.617555
1.502333
1.595958
1.485064
1.518845
1.680912
1.662594
1.521427
1.581644
1.553686
1.738745
1.476863
1.576863
1.567053
1.502541
1.622989
1.568837
1.581397
1.502739
1.644036
1.587927
1.544720
1.575789
1.540208
1.548970
1.465513
1.612180
1.586675
1.610543
1.457795
1.485989
1.517006
1.465494
1.543100
1.613749
1.616407
1.589733
1.582365
1.521036
1.572501
1.624424
1.561689
1.594264
1.472780
1.430300
1.472468
1.621595
1.600259
1.619512
1.540488
1.620185
1.456025
1.484555
1.459303
1.588830
1.503555
1.548423
1.573447
1.660624
1.584299
1.670902
1.439154
1.598858
1.408406
1.540749
1.462181
1.453942
1.548032
1.580214
1.626444
1.593329
1.538948
1.535576
1.651871
1.575508
1.549851
1.634907
1.602116
1.602585
1.612358
1.521969
1.616767
1.429224
1.589088
1.573043
1.537855
1.439831
1.529629
1.479123
1.523320
1.544445
1.479956
1.566317
1.499109
1.579850
1.470608
1.559853
1.573499
1.570721
1.661382
1.479337
1.512363
1.560742
1.419295
1.573243
1.580400
1.561861
1.417219
1.517969
1.646814
1.607697
1.553551
1.529283
1.463465
1.543484
1.466238
1.621042
1.511467
1.587243
1.480173
1.421372
1.523296
1.550551
1.587147
1.600717
1.459388
1.633905
1.457265
1.374009
1.538358
1.501689
1.581750
1.597186
1.480519
1.612701
1.459276
1.624856
1.456016
1.449001
1.547073
1.493846
1.459675
1.447777
1.495762
1.519866
1.408053
1.466859
1.532982
1.446562
1.442636
1.470721
1.506998
1.531350
1.629037
1.507171
1.433275
1.574512
1.548101
1.599416
1.493014
1.504600
1.658861
1.487835
1.459737
1.569770
1.555047
1.558469
1.512561
1.524803
1.480324
1.484531
1.566900
1.472906
1.529110
1.625010
1.596536
1.454131
1.502004
1.487589
1.629863
1.377430
1.525360
1.519229
1.635218
1.359466
1.520679
1.536772
1.466662
1.531583
1.500282
1.553188
1.468841
1.462164
1.544603
1.539654
1.530908
1.553497
1.414490
1.508099
1.448469
1.532394
1.461942
1.573954
1.515053
1.416718
1.449326
1.549201
1.565192
1.444805
1.434860
1.611770
1.578815
1.547544
1.474458
1.465967
1.449455
1.456277
1.514592
1.335121
1.596585
1.450553
1.434564
1.560369
1.444276
1.532040
1.468154
1.526294
1.477867
1.545394
1.422497
1.432665
1.645638
1.455225
1.502457
1.635236
1.568536
1.602339
1.457355
1.437895
1.557296
1.457233
1.525035
1.642645
1.541849
1.481275
1.524969
1.445284
1.350677
1.401060
1.512976
1.565343
1.440085
1.473524
1.545423
1.423500
1.425013
1.541872
1.669377
1.704505
1.516540
1.500375
1.505234
1.516251
1.521272
1.395941
1.465267
1.534968
1.600264
1.523866
1.472176
1.423803
1.421158
1.414099
1.468340
1.475121
1.413168
1.397372
1.575556
1.523118
1.534087
1.440189
1.420124
1.425846
1.464577
1.472813
1.525692
1.495302
1.454537
1.374689
1.469167
1.399231
1.568224
1.350116
1.562527
1.469175
1.524897
1.481339
1.545368
1.519621
1.478444
1.418133
1.488348
1.519400
1.530461
1.345410
1.380719
1.578334
1.453247
1.498149
1.517067
1.471893
1.514453
1.471273
1.504467
1.430155
1.479301
1.582408
1.425394
1.507228
1.517463
1.371882
1.391621
1.391200
1.543067
1.427173
1.433028
1.353530
1.438803
1.396599
1.436873
1.503245
1.502430
1.514960
1.501651
1.530066
1.525602
1.350125
1.465403
1.439360
1.430086
1.380500
1.523832
1.471164
1.552999
1.506524
1.486504
1.461071
1.520638
1.564278
1.521264
1.462361
1.435019
1.464462
1.510910
1.361253
1.426595
1.577826
1.396182
1.511819
1.465237
1.466444
1.452258
1.432964
1.364896
1.453116
1.420422
1.359718
1.508674
1.460365
1.384253
1.328404
1.470667
1.493692
1.417626
1.529399
1.540377
1.403675
1.502540
1.472557
1.460365
1.502656
1.466730
1.458246
1.551199
1.442855
1.445514
1.477229
1.489350
1.486367
1.393241
1.446897
1.403016
1.391900
1.478130
1.428335
1.406901
1.486196
1.496756
1.458613
1.469838
1.488571
1.509861
1.517613
1.416759
1.574432
1.471582
1.398129
1.468779
1.480026
1.432969
1.539273
1.376087
1.406079
1.322177
1.372219
1.457972
1.563367
1.464368
1.400921
1.550775
1.437166
1.446090
1.398041
1.617847
1.438217
1.460465
1.574442
1.368187
1.426501
1.422511
1.405408
1.416254
1.423692
1.507611
1.393135
1.433748
1.416209
1.427318
1.520826
1.397917
1.336344
1.310282
1.339926
1.421160
1.452192
1.281552
1.308842
1.461799
1.389259
1.462928
1.450881
1.492894
1.419002
1.361246
1.394599
1.380754
1.366641
1.375470
1.474438
1.419434
1.345678
1.403370
1.352145
1.356330
1.447543
1.415409
1.385900
1.371469
1.570304
1.528808
1.424063
1.356389
1.624807
1.420442
1.465566
1.346744
1.327245
1.316604
1.631560
1.423823
1.478343
1.300112
1.408527
1.463248
1.440239
1.380389
1.386531
1.386995
1.422939
1.368992
1.508037
1.475477
1.435213
1.424275
1.469654
1.558728
1.544672
1.528107
1.514503
1.470281
1.358027
1.399100
1.387596
1.392487
1.595869
1.414667
1.314593
1.346426
1.348239
1.474043
1.563363
1.426869
1.407725
1.416745
1.372128
1.437990
1.426251
1.451287
1.398327
1.356008
1.460678
1.420133
1.438413
1.398853
1.411836
1.412639
1.468167
1.418478
1.452018
1.302425
1.474935
1.458581
1.547596
1.427884
1.432454
1.512727
1.357315
1.425459
1.383863
1.511255
1.532111
1.423180
1.425608
1.436821
1.554138
1.389036
1.347403
1.238789
1.360271
1.373849
1.343837
1.392500
1.460450
1.484459
1.475384
1.440041
1.412568
1.373640
1.532744
1.397618
1.563454
1.457337
1.373209
1.554026
1.419904
1.472552
1.460478
1.493038
1.306778
1.354342
1.349555
1.566637
1.424122
1.397924
1.433793
1.346349
1.340260
1.349617
1.514049
1.376903
1.547973
1.307465
1.397445
1.456274
1.363343
1.451321
1.407626
1.490747
1.333548
1.511336
1.432542
1.534009
1.370186
1.284904
1.427493
1.455786
1.538404
1.374608
1.355932
1.254745
1.385816
1.339937
1.287555
1.558029
1.382196
1.342507
1.483353
1.427853
1.501568
1.444560
1.406825
1.371684
1.382349
1.326903
1.403368
1.342545
1.387591
1.367984
1.452946
1.372951
1.286430
1.304261
1.377437
1.395892
1.320961
1.366468
1.281610
1.454007
1.303353
1.372884
1.418017
1.408439
1.478157
1.392475
1.396990
1.299855
1.399978
1.347097
1.455681
1.356170
1.298893
1.463181
1.304950
1.416496
1.541387
1.548598
1.547211
1.410646
1.413539
1.298341
1.416111
1.497600
1.353251
1.364302
1.257007
1.451549
1.452045
1.487108
1.454915
1.377049
1.412860
1.433182
1.404991
1.314240
1.344660
1.425837
1.383291
1.430445
1.435006
1.512776
1.534460
1.351262
1.504028
1.420922
1.358632
1.314051
1.370487
1.370112
1.373499
1.389647
1.301740
1.276039
1.352557
1.337973
1.269324
1.307822
1.253443
1.434348
1.348057
1.357290
1.318656
1.362517
1.322611
1.351298
1.291828
1.400456
1.389896
1.337270
1.313826
1.361226
1.334702
1.364547
1.414299
1.284426
1.373969
1.319898
1.361938
1.349130
1.410965
1.355990
1.501395
1.484680
1.303444
1.396144
1.239949
1.432110
1.397444
1.288718
1.317800
1.367667
1.398004
1.484442
1.380002
1.458344
1.477114
1.407973
1.312066
1.440009
1.392963
1.342895
1.360214
1.349348
1.386116
1.331667
1.381460
1.306772
1.304222
1.355641
1.430335
1.428009
1.312703
1.332284
1.472246
1.389290
1.282550
1.241887
1.369832
1.374673
1.275277
1.396393
1.390655
1.393966
1.348148
1.334823
1.266736
1.337143
1.261708
1.410033
1.375910
1.403168
1.420629
1.229796
1.434413
1.467834
1.267557
1.319831
1.430680
1.309866
1.253229
1.380436
1.295317
1.294642
1.381510
1.379103
1.387529
1.341053
1.299043
1.252174
1.305215
1.418577
1.280909
1.371087
1.413486
1.335778
1.373000
1.388059
1.402232
1.412745
1.327862
1.423145
1.478844
1.466078
1.282975
1.319183
1.392862
1.408026
1.349572
1.472967
1.325289
1.339502
1.325225
1.425825
1.258591
1.351818
1.282661
1.291115
1.368960
1.400138
1.426896
1.350682
1.374869
1.322349
1.375794
1.374622
1.366605
1.444316
1.413409
1.405818
1.449468
1.396527
1.336815
1.488988
1.390307
1.262573
1.437433
1.275446
1.343936
1.472519
1.470473
1.453782
1.321883
1.243170
1.261600
1.251516
1.398720
1.251060
1.321539
1.416812
1.355467
1.353870
1.484923
1.328230
1.340409
1.425201
1.351892
1.339829
1.296476
1.344240
1.317047
1.259053
1.336773
1.345560
1.486510
1.415846
1.402506
1.399698
1.285275
1.369703
1.323388
1.353362
1.455410
1.291931
1.315939
1.422150
1.338674
1.309564
1.273171
1.274327
1.343510
1.404786
1.375448
1.357892
1.316303
1.235137
1.324878
1.269874
1.317650
1.334918
1.393475
1.375336
1.368498
1.295532
1.260674
1.351676
1.309987
1.361092
1.253492
1.262674
1.435724
1.369213
1.312136
1.369246
1.442344
1.276368
1.327566
1.374947
1.279476
1.347253
1.300991
1.258149
1.221557
1.370073
1.386346
1.405107
1.289130
1.507295
1.422897
1.401574
1.354323
1.433899
1.367882
1.383369
1.295697
1.375344
1.275853
1.363589
1.483348
1.281290
1.337387
1.220206
1.331044
1.414045
1.429506
1.323882
1.364053
1.493337
1.246197
1.274958
1.273336
1.233907
1.407692
1.344951
1.324366
1.305672
1.336037
1.490273
1.283721
1.321297
1.161681
1.374100
1.273570
1.379486
1.391760
1.252296
1.314168
1.259145
1.320541
1.239109
1.263327
1.279400
1.443025
1.399551
1.280116
1.293679
1.422925
1.354560
1.372512
1.215273
1.442820
1.292218
1.356870
1.388654
1.349106
1.372329
1.341032
1.410712
1.213284
1.258612
1.379770
1.461030
1.376706
1.356850
1.345710
1.289944
1.329177
1.402369
1.270074
1.287121
1.442672
1.277288
1.347035
1.354926
1.284363
1.348162
1.306490
1.323979
1.309375
1.313746
1.404014
1.282991
1.267837
1.324295
1.367054
1.338752
1.261749
1.444463
1.275594
1.230334
1.375775
1.313205
1.260665
1.216770
1.264927
1.162205
1.380079
1.258122
1.380079
1.350917
1.444261
1.437312
1.339992
1.329392
1.313838
1.286846
1.327623
1.306795
1.214109
1.257038
1.190402
1.343417
1.216307
1.328729
1.266269
1.295962
1.341060
1.395358
1.304703
1.395214
1.414732
1.286556
1.348808
1.275646
1.273287
1.401877
1.418247
1.395122
1.331584
1.384560
1.454195
1.213497
1.309927
1.390981
1.297630
1.213076
1.306225
1.353768
1.280222
1.219105
1.334819
1.218775
1.387600
1.166768
1.276487
1.282774
1.296760
1.129155
1.201996
1.363159
1.404231
1.295593
1.305445
1.338305
1.323788
1.263408
1.285319
1.301750
1.323166
1.303808
1.392201
1.404176
1.345985
1.212871
1.314387
1.185351
1.346435
1.241912
1.278688
1.210068
1.213908
1.237067
1.293542
1.427754
1.315658
1.280829
1.241495
1.321042
1.180994
1.331058
1.295202
1.275333
1.241792
1.247895
1.219833
1.261076
1.380367
1.183640
1.344203
1.288560
1.240529
1.245626
1.327301
1.181664
1.222919
1.333295
1.315415
1.285810
1.203032
1.413989
1.304050
1.324109
1.234680
1.209177
1.292341
1.300534
1.268518
1.260937
1.393381
1.279410
1.346105
1.375170
1.310159
1.267353
1.236023
1.342485
1.285774
1.395271
1.332892
1.290878
1.318786
1.222211
1.159336
1.277074
1.259635
1.257360
1.333578
1.329089
1.325214
1.262054
1.243305
1.276814
1.378009
1.382985
1.210179
1.363116
1.327290
1.190012
1.153503
1.197053
1.215912
1.314043
1.232358
1.174273
1.334647
1.263375
1.223491
1.289806
1.239643
1.238245
1.347820
1.257915
1.248581
1.281935
1.331760
1.256474
1.246895
1.290300
1.355202
1.236061
1.252820
1.206764
1.329138
1.427418
1.229576
1.221724
1.206141
1.389993
1.307773
1.302148
1.270647
1.300072
1.444349
1.302127
1.247529
1.227645
1.316813
1.279740
1.325618
1.220186
1.230246
1.358538
1.283787
1.377941
1.307126
1.320355
1.205554
1.293197
1.254866
1.293048
1.269418
1.286979
1.346460
1.266419
1.285044
1.290042
1.378315
1.277548
1.327862
1.232834
1.277454
1.269879
1.211981
1.237399
1.132658
1.301554
1.447665
1.276607
1.371111
1.283466
1.314960
1.294506
1.259597
1.196951
1.313397
1.373958
1.224372
1.313494
1.412328
1.266054
1.274162
1.179284
1.310763
1.318203
1.245077
1.275050
1.140203
1.195788
1.208338
1.413820
1.299197
1.205835
1.398136
1.371644
1.163560
1.286079
1.222523
1.241895
1.389802
1.228334
1.201674
1.245248
1.326266
1.169689
1.334406
1.199436
1.348109
1.306078
1.338618
1.235948
1.171687
1.153604
1.396785
1.231896
1.282593
1.153986
1.235022
1.332253
1.246406
1.231290
1.296822
1.188610
1.187935
1.298830
1.287160
1.224733
1.358820
1.264013
1.402210
1.342552
1.382165
1.276846
1.252156
1.174097
1.217807
1.288759
1.323093
1.269617
1.279907
1.292942
1.316553
1.352756
1.230783
1.244023
1.243491
1.322949
1.284856
1.231908
1.372744
1.414572
1.193283
1.408269
1.263920
1.296623
1.260621
1.188764
1.223416
1.397520
1.251055
1.180485
1.201361
1.409356
1.262156
1.343036
1.307472
1.215069
1.192934
1.299791
1.239093
1.250128
1.254993
1.229129
1.241359
1.140393
1.310804
1.261699
1.279091
1.257443
1.225690
1.272083
1.203583
1.244118
1.307469
1.287428
1.245709
1.198425
1.202027
1.242683
1.266685
1.219630
1.211142
1.204616
1.257947
1.300258
1.243080
1.237587
1.185025
1.207112
1.231620
1.292504
1.199453
1.146795
1.366129
1.319649
1.335763
1.248027
1.151655
1.240603
1.329569
1.174110
1.179971
1.172762
1.241617
1.246969
1.186140
1.220920
1.270783
1.169023
1.271888
1.312531
1.132658
1.199283
1.367684
1.229183
1.231276
1.238507
1.209578
1.238537
1.227978
1.236175
1.266465
1.244683
1.274805
1.192253
1.327719
1.109489
1.222366
1.241300
1.176942
1.267025
1.089072
1.245678
1.112130
1.252079
1.115691
1.327496
1.330582
1.364227
1.241687
1.150693
1.175677
1.217476
1.300932
1.266131
1.218927
1.235015
1.179039
1.226493
1.190455
1.458061
1.282783
1.204433
1.124443
1.287712
1.137638
1.145129
1.125959
1.262244
1.173636
1.248690
1.349324
1.257929
1.175606
1.156328
1.222413
1.201236
1.275555
1.222873
1.173727
1.279215
1.259888
1.289022
1.328437
1.188158
1.231494
1.385118
1.240505
1.234230
1.302840
1.262128
1.287004
1.216440
1.326919
1.281356
1.240859
1.180789
1.322759
1.136127
1.269030
1.170129
1.343307
1.280267
1.274927
1.122359
1.261930
1.202568
1.291068
1.317273
1.285823
1.290816
1.303132
1.229911
1.251818
1.302189
1.193527
1.230687
1.223330
1.246073
1.283082
1.317339
1.230127
1.131604
1.287986
1.188451
1.246579
1.263993
1.186454
1.141610
1.400635
1.252103
1.171919
1.280836
1.345914
1.257195
1.221696
1.364271
1.141307
1.213147
1.210770
1.207183
1.218370
1.314604
1.268709
1.135618
1.292314
1.210364
1.178780
1.304345
1.283702
1.150518
1.215156
1.264136
1.209180
1.150418
1.110073
1.310008
1.324131
1.205605
1.263319
1.126396
1.232913
1.198143
1.290167
1.266705
1.218356
1.182902
1.290552
1.133750
1.128200
1.215107
1.128798
1.222998
1.164676
1.234866
1.228306
1.235165
1.232668
1.305788
1.247553
1.224311
1.255426
1.231994
1.250477
1.235430
1.222518
1.199295
1.241134
1.225279
1.204699
1.321313
1.214654
1.310117
1.304991
1.344424
1.381354
1.102559
1.142806
1.344866
1.239455
1.180181
1.198751
1.195975
1.338556
1.196829
1.223641
1.225179
1.244825
1.301362
1.204395
1.290100
1.288284
1.183666
1.129287
1.152715
1.266856
1.252667
1.196814
1.284507
1.245012
1.264490
1.169430
1.199695
1.102536
1.276169
1.195842
1.280583
1.232963
1.203787
1.172963
1.099962
1.345242
1.353300
1.199795
1.306103
1.067542
1.215416
1.254965
1.177213
1.216150
1.166132
1.186406
1.290420
1.230305
1.276025
1.207382
1.257979
1.231925
1.284543
1.159919
1.256462
1.175433
1.211215
1.148773
1.201408
1.274010
1.171233
1.198351
1.219128
1.258822
1.213555
1.234887
1.214947
1.221609
1.163676
1.240499
1.131641
1.161097
1.209198
1.197510
1.211809
1.238669
1.263875
1.238629
1.154650
1.234860
1.193015
1.233040
1.135221
1.176894
1.213371
1.246184
1.280652
1.346939
1.192105
1.156399
1.271437
1.148152
1.218215
1.211998
1.241239
1.290894
1.233460
1.231014
1.202585
1.187538
1.146442
1.233994
1.309446
1.177363
1.226162
1.299664
1.302692
1.173783
1.153144
1.214338
1.145967
1.304409
1.193692
1.183903
1.313433
1.235859
1.176843
1.106919
1.218874
1.340048
1.257143
1.292328
1.235023
1.267400
1.337590
1.249156
1.258157
1.180406
1.163884
1.121331
1.162584
1.367910
1.219161
1.102702
1.142846
1.206607
1.202912
1.124135
1.195229
1.141508
1.250888
1.181231
1.190802
1.236115
1.233861
1.167210
1.225042
1.190104
1.132266
1.167329
1.165931
1.050854
1.161261
1.221147
1.229288
1.269190
1.274357
1.103412
1.194806
1.134377
1.251821
1.170427
1.112428
1.178151
1.101529
1.162233
1.128132
1.239864
1.247152
1.242328
1.221237
1.149915
1.120590
1.159286
1.276729
1.101813
1.252814
1.226321
1.162325
1.125253
1.169918
1.201642
1.182181
1.176289
1.183036
1.194479
1.288548
1.159606
1.144310
1.163992
1.227288
1.156808
1.297477
1.204977
1.201587
1.186907
1.267309
1.244184
1.156569
1.162029
1.232473
1.211840
1.242482
1.215822
1.148629
1.157817
1.163391
1.118517
1.163623
1.231565
1.246625
1.170029
1.169775
1.186957
1.155336
1.168449
1.152225
1.149438
1.144112
1.212226
1.219546
1.312778
1.241938
1.153529
1.160504
1.198825
1.303882
1.291841
1.250978
1.186820
1.270902
1.183003
1.126257
1.132596
1.221380
1.106152
1.186704
1.147194
1.198158
1.192558
1.153595
1.263105
1.217021
1.187278
1.118097
1.094204
1.196971
1.210379
1.189870
1.159631
1.193841
1.243371
1.189819
1.070598
1.123144
1.186345
1.141787
1.165351
1.150866
1.154420
1.232339
1.214840
1.192156
1.075208
1.074932
1.118419
1.170034
1.215687
1.202481
1.238068
1.166673
1.243665
1.337427
1.064895
1.227859
1.259074
1.207465
1.221973
1.272028
1.178089
1.197971
1.130271
1.205752
1.212555
1.134707
1.160959
1.130436
1.172522
1.149705
1.142947
1.115837
1.162977
1.181474
1.173764
1.171592
1.155995
1.174467
1.125696
1.195659
1.209067
1.163615
1.122620
1.188585
1.256324
1.208412
1.157095
1.094247
1.280302
1.341244
1.237923
1.257285
1.113173
1.160596
1.187829
1.131990
1.308069
1.114574
1.212516
1.124954
1.196265
1.120508
1.107469
1.116105
1.147422
1.141491
1.179909
1.088007
1.146875
1.165730
1.099960
1.209315
1.145195
1.283956
1.241603
1.140062
1.080477
1.259948
1.147179
1.128339
1.271262
1.126409
1.134769
1.115932
1.204669
1.070361
1.163358
1.252083
1.154714
1.228350
1.125758
1.191358
1.145637
1.149608
1.174297
1.135463
1.160592
1.151178
1.087627
1.230086
1.182928
1.228430
1.195661
1.095766
1.106084
1.184793
1.197528
1.191091
1.213717
1.178993
1.144659
1.163949
1.115859
1.173528
1.137465
1.132886
1.153089
1.164287
1.112802
1.293030
1.142697
1.137289
1.144800
1.250374
1.174074
1.231122
1.274606
1.067877
1.118420
1.199082
1.267873
1.260364
1.211086
1.294966
1.289446
1.142573
1.118921
1.124411
1.121956
1.104023
1.143111
1.164207
1.198007
1.085040
1.177192
1.128405
1.212057
1.115645
1.242122
1.197562
1.154813
1.249659
1.190073
1.192845
1.090590
1.230566
1.115910
1.165383
1.220902
1.252138
1.140969
1.101054
1.243510
1.246329
1.169793
1.170406
1.124760
1.112187
1.110131
1.230579
1.164574
1.157244
1.191354
1.277481
1.200365
1.194523
1.268276
1.153331
1.183955
1.133961
1.109171
1.203156
1.165963
1.088911
1.212394
1.220986
1.104594
1.049692
1.173105
1.167382
1.112196
1.135575
1.188376
1.140792
1.250456
1.237941
1.156088
1.126210
1.158788
1.192907
1.208775
1.215633
1.197405
1.254424
1.198625
1.114005
1.203619
1.167283
1.170009
1.147484
1.249430
1.122054
1.185660
1.131019
1.170550
1.102217
1.178415
1.215387
1.147086
1.145416
1.154541
1.222842
1.150796
1.155206
1.246811
1.096713
1.255499
1.318073
1.228096
1.112912
1.193611
1.115235
1.160049
1.138674
1.140564
1.143183
1.165116
1.261181
1.222411
1.140154
1.105700
1.128660
1.159197
1.122042
1.179872
1.183622
1.184126
1.181259
1.141207
1.124068
1.062770
1.112037
1.108393
1.190509
1.242306
1.107809
1.059754
1.152110
1.120598
1.173512
1.152344
1.245470
1.074402
1.111084
1.189373
1.077711
1.089268
1.191079
1.087291
1.139343
1.197289
1.149087
1.085947
1.138374
1.206193
1.110359
1.154774
1.136907
1.219193
1.073090
1.131392
1.333254
1.270332
1.128594
1.114554
1.074041
1.194406
1.159383
1.077485
1.192457
1.134047
1.172755
1.061965
1.117821
1.167544
1.114255
1.102479
1.197316
1.155402
1.155512
1.146929
1.180531
1.096089
1.067322
1.209817
1.127694
1.205106
1.094580
1.155625
1.112698
1.122515
1.162020
1.051261
1.125236
1.249003
1.149125
1.098740
1.100804
1.093912
1.091282
1.080774
1.203657
1.199173
1.159116
1.127700
1.149674
1.136740
1.188315
1.132609
1.260280
1.253356
1.133920
1.248551
1.146259
1.179753
1.148320
1.203317
1.131245
1.189239
1.172555
1.099700
1.212899
1.184934
1.075407
1.072834
1.206180
1.129885
1.081640
1.151005
1.208913
1.106357
1.151453
1.044522
1.129509
1.194940
1.243896
1.069599
1.123045
1.178197
1.033986
1.043998
1.050766
1.183954
1.072640
1.168992
1.150532
1.156478
1.190146
1.132868
1.248714
1.077008
1.096741
1.205874
1.189673
1.090044
1.143012
1.238262
1.171969
1.253543
1.244509
1.119877
1.162367
1.158954
1.115317
1.210438
1.195698
1.207094
1.161726
1.190910
1.115948
1.149713
1.199059
1.125313
1.104030
1.179210
1.153656
1.164043
1.146785
1.144125
1.178179
1.176466
1.112659
1.074619
1.011578
1.121203
1.136030
1.111797
1.022093
1.173170
1.081417
1.063490
1.022344
1.220383
1.055143
1.119714
1.212656
1.158976
1.208636
1.087143
1.109428
1.149086
1.090571
1.078993
1.087564
1.151575
1.070914
1.073664
1.051633
1.080322
1.290287
1.240914
1.177323
1.088361
1.181411
1.148790
1.159596
1.096956
1.204437
1.218534
1.164037
1.185674
1.055391
1.107836
1.119256
1.227426
1.037186
1.104565
1.047292
1.159548
1.110321
1.127580
1.115782
1.146952
1.326553
1.159808
1.168696
1.117361
1.160877
1.119809
1.111913
1.184596
1.083056
1.111365
1.191802
1.130509
1.305660
1.139034
1.180827
1.158793
1.121715
1.077719
1.049183
1.119665
1.167102
1.205264
1.136931
1.204448
1.173112
1.156010
1.226292
1.143585
1.166107
1.058291
0.997030
1.199077
1.104628
1.122631
1.128638
1.129207
1.150447
1.234126
1.232525
1.145098
1.276353
1.191515
1.100790
1.156938
1.074340
1.141142
1.142430
1.127719
1.207090
1.050792
1.077913
1.091765
1.095857
1.124279
1.106720
1.066953
1.213860
1.052772
1.091819
1.060731
1.268684
1.091161
1.177871
1.080867
1.191784
1.050865
1.032534
1.107043
1.170983
1.058367
1.200239
1.149747
1.182757
1.138667
1.184185
1.129562
1.167892
1.102272
1.083683
1.179286
1.168895
1.119927
1.031529
1.150461
1.243824
1.124026
1.212268
1.199536
1.200824
1.082137
1.167856
1.180521
1.043185
1.149860
1.181540
1.207585
1.151981
1.166966
1.055045
1.147375
1.074869
1.096161
1.101240
1.144265
1.114239
0.973919
1.286340
1.096690
1.283974
1.104988
1.042884
1.127984
1.167511
1.090121
1.152456
1.120004
1.054072
1.206694
1.286714
1.212543
1.090600
1.109046
1.095173
1.186300
1.162707
1.030684
1.046568
1.107017
0.939804
1.024648
1.195094
1.081497
1.150789
1.137089
1.162484
1.185101
1.156652
1.046052
1.081493
1.224052
1.028169
1.207312
1.091021
1.116819
1.094354
1.084918
1.114288
1.039078
1.128216
1.118610
1.215052
1.214033
1.198313
1.011507
1.070616
1.098079
1.181164
1.138414
1.172793
1.148036
1.078292
1.125218
1.066690
1.070452
1.047632
1.141851
0.996130
1.268015
1.094581
1.077959
1.133343
1.118527
1.124570
1.150698
1.183151
1.069459
1.075395
1.061668
1.104141
1.186224
1.162309
1.121699
1.128269
1.084331
1.211142
1.197896
1.039158
1.127716
1.165860
1.172000
1.071571
1.039207
1.046890
1.004241
1.058071
1.173771
1.234159
1.197055
1.047968
1.217780
1.022244
1.010314
1.040399
1.131100
1.163810
1.084446
1.153839
1.171957
1.008228
1.165970
1.131054
1.117601
1.078162
1.062723
1.133803
1.123876
1.154063
1.075248
1.154281
1.182784
1.144338
1.176452
1.049985
1.127172
1.063572
0.988674
1.233574
1.044214
0.992397
0.994269
1.141927
1.144114
1.272179
1.072902
1.137694
1.140275
1.170107
1.057788
1.065901
1.079631
1.126332
1.104295
1.079574
1.009673
1.088676
1.096593
1.098946
1.178647
1.076488
1.218909
1.079500
1.113983
1.152678
1.163565
1.119563
1.120762
1.130447
1.173265
1.038055
1.102638
1.109430
1.036165
1.118002
1.202883
1.197296
1.187854
1.066767
1.173832
1.139549
1.080742
1.081883
1.147721
1.069171
1.126416
1.112139
1.155047
1.090633
1.045973
1.230159
1.027737
1.025699
1.165781
1.092323
1.157147
1.185401
1.186996
0.983123
1.005079
1.192696
1.106287
1.141049
1.102707
1.090643
1.190934
1.167150
1.138639
1.077989
1.114032
1.066347
1.246955
1.147277
1.031611
1.038612
1.123906
1.262277
1.144739
1.039161
1.036935
1.060252
1.146951
1.086601
1.106842
1.123169
1.056281
1.080958
1.033608
1.033220
1.053074
1.020998
1.068256
0.986832
1.068725
1.150133
1.069973
1.095906
1.058562
1.120376
0.982162
1.061840
1.126611
1.201477
1.046444
1.175015
1.133813
1.053318
1.123989
1.164721
1.041338
1.094095
1.131654
1.181646
1.054080
1.139786
1.083582
1.095952
1.122006
1.118039
1.114926
1.108616
1.062201
1.038690
1.056735
1.029041
1.201660
1.039557
1.038136
1.105962
1.149061
1.244133
1.093328
1.045494
1.217506
1.164445
1.100892
1.136270
1.025043
1.147280
1.029216
1.141927
1.170259
1.089543
1.019366
1.135821
1.078596
1.196304
1.135500
1.076797
1.079644
1.093196
1.007122
1.094552
1.187531
1.047368
1.055283
1.149674
1.094066
1.068634
1.059473
1.065017
1.021645
1.094403
1.145366
1.197290
1.242591
1.162623
1.211891
1.108575
1.067932
1.175694
1.320454
1.091503
1.054267
1.038363
1.123965
1.134525
1.005851
1.281993
1.112506
1.107886
1.207239
1.097330
1.067454
1.200370
1.053010
1.128309
1.004822
0.976160
1.098144
1.021956
1.053187
1.006611
1.114752
1.122522
1.175226
0.951194
1.145698
1.077770
1.120795
1.076880
1.036850
1.118137
1.205526
1.113867
1.103120
1.202980
1.138661
1.064337
1.051769
1.116996
1.060016
1.071011
1.151245
1.196918
1.075043
1.026042
1.087222
1.175509
1.075463
1.270148
1.009734
1.073111
1.033313
1.071635
1.111410
1.096196
1.230217
1.049677
1.072723
1.115388
1.137811
1.001350
1.096251
0.971421
0.994807
1.058356
1.115389
1.053477
1.011233
1.035053
1.110606
1.291321
1.040397
1.177110
1.285407
1.062622
1.048445
1.037155
1.177688
1.032322
1.075353
1.099736
1.208111
1.010770
1.084699
1.090673
1.058293
1.094013
1.218110
1.006245
1.061171
1.128142
1.098553
1.019789
0.990196
1.078088
1.020765
1.083307
1.079890
1.035522
1.099728
1.070775
1.059834
1.141258
1.064936
1.055473
1.114989
1.009708
1.068247
1.134130
1.123902
1.123586
1.147180
1.071342
1.150509
1.087105
1.059089
0.966286
1.082779
0.985884
1.025006
1.067635
1.088167
1.058019
1.060059
1.130093
1.052174
1.092951
1.114070
1.043714
1.079165
0.982769
1.080008
0.975459
0.995555
1.055451
1.206652
1.124186
1.101125
1.098851
1.151069
0.996148
1.097251
1.162201
1.133396
1.039328
1.107613
1.096392
1.025446
1.103773
1.105217
1.101560
1.040265
1.077712
1.062551
1.072701
1.005133
0.996800
1.017157
1.118716
1.089028
1.001474
1.060392
1.057484
1.123039
1.078874
1.118886
1.099027
1.098008
1.049764
1.136468
1.041794
1.171991
1.139054
1.072842
1.293771
1.004525
1.030210
1.073948
1.073701
1.170428
1.040371
1.100860
1.108774
1.074896
1.086871
1.070052
1.056691
1.059376
1.038078
1.122658
1.061568
1.151788
1.052057
1.115840
1.119087
1.068394
1.071694
1.022016
1.097078
0.974537
0.978910
1.029966
1.091531
1.195717
1.012417
1.073548
0.988899
1.121563
1.108768
1.046774
1.017403
1.001176
1.007930
1.062474
1.196976
1.204137
1.083675
1.092149
1.084242
0.945827
1.081001
1.056239
1.151005
1.111790
1.056544
1.057874
1.060559
1.088228
1.055132
0.969170
1.106992
1.192895
1.062789
1.060751
1.079090
1.039522
1.140428
1.132686
1.185927
0.982887
1.125748
1.105928
1.028397
1.035761
1.046384
1.067317
0.997519
1.093570
1.094904
1.123876
0.990427
1.146975
1.103986
1.084038
1.011736
1.031950
1.047570
0.959867
1.082110
1.039319
1.046150
1.063314
1.085978
1.091771
1.065171
1.057002
1.006623
1.111984
1.139213
1.031765
1.043301
1.138122
1.041520
1.110027
1.076014
1.019699
1.163464
1.024156
1.044136
1.053099
1.042405
1.027335
1.077012
1.193985
0.995897
1.160732
1.111476
1.056936
1.055810
1.138106
1.052380
1.116677
1.160689
1.029367
1.120122
1.121559
1.064080
1.095980
1.018023
1.111102
1.124281
1.127264
1.055050
1.100245
1.146259
1.032421
1.113878
1.070920
1.109755
0.999977
1.053487
0.999623
1.068067
1.125334
1.161212
1.129582
1.082399
1.066081
1.100549
1.119616
1.077540
1.025191
0.986421
1.056109
1.081253
1.070739
1.045838
1.069998
1.124712
0.948654
1.055912
1.065428
0.952234
1.119911
1.121834
1.008806
1.095631
1.043422
1.118775
1.068289
1.039334
1.115296
1.110091
1.123176
1.096478
1.041390
1.082907
1.054870
1.086765
1.080737
0.997394
1.085163
1.137701
1.084008
1.059413
1.026075
1.039616
1.181874
1.112110
1.089848
1.090453
1.059704
1.022734
1.014140
1.094784
1.015368
0.962925
1.019728
1.047997
0.984657
1.136484
1.048427
1.146331
1.064689
0.974855
1.047965
1.142377
1.113158
0.995338
1.164977
1.030290
1.026486
1.107459
1.056916
0.970092
1.097379
1.120083
1.061484
1.082888
1.067391
1.045430
1.014017
1.042568
1.168025
1.108725
1.186816
1.135112
1.046472
1.020443
1.043691
1.090501
1.068869
1.050108
1.000042
1.012903
1.025566
1.117724
1.119984
1.057155
1.076431
1.084642
1.010361
0.994570
1.072226
1.149037
1.142332
1.076205
1.101301
1.116583
1.070379
1.064494
1.130372
1.206862
1.040521
1.007197
1.171078
1.022631
1.073492
0.994900
1.091833
0.969631
1.049319
1.045741
1.028891
1.095464
1.048755
1.014648
1.020178
1.036900
0.927688
1.000756
1.079314
1.026800
1.057325
1.124480
1.008223
1.030995
1.023495
1.047399
1.250368
0.984554
1.104378
1.067365
1.054672
1.047743
1.018426
0.954636
1.008080
0.978679
1.021019
1.016919
1.064856
1.014004
1.016060
1.074182
1.108566
1.134088
1.028132
1.017021
1.057204
0.949347
1.117471
1.021690
0.992541
1.015697
1.012711
1.066720
0.994031
1.080303
1.152562
1.026796
1.093596
1.069741
1.023673
1.175984
0.961177
0.975552
1.026577
0.993037
1.136387
1.062055
1.078298
0.984116
1.047951
1.058764
1.094063
0.953722
1.076692
1.075072
1.098912
1.122209
1.020620
0.992600
1.015369
1.095665
1.010420
1.058503
1.118488
1.088646
0.986438
1.044394
1.111167
1.060411
1.128391
1.075767
1.056888
1.143125
1.047575
1.073089
1.131068
1.023860
1.038478
0.947720
0.988212
1.009266
1.002219
0.940390
1.040399
1.001521
1.088578
1.143140
1.194905
1.005835
1.012424
1.143709
0.990951
1.091667
0.992828
1.197737
1.115212
0.966945
1.095317
1.020920
1.054984
1.094954
1.040333
1.049218
1.159732
0.973582
1.118013
1.124063
1.015303
1.066981
1.036887
1.006866
1.032432
1.057261
1.019321
0.989546
0.920069
1.135053
1.161224
1.032737
1.072794
1.134240
0.931383
1.018810
0.965182
0.973115
1.012311
1.093055
1.081185
1.087221
1.018895
1.011075
0.999588
1.008877
1.005419
1.060400
1.115312
1.001985
1.004887
1.012123
1.168184
1.077496
0.926184
1.112177
1.134856
1.067031
1.059302
1.009246
0.942228
1.125190
1.011232
1.051766
0.937191
1.075292
1.051089
1.002093
1.045084
0.972367
1.054658
1.017165
1.055287
1.017068
0.999316
1.024887
1.071099
1.050682
1.013100
1.014924
1.216741
0.941042
1.030916
1.134473
1.059512
0.952676
1.137676
0.950462
1.104280
1.067292
1.095823
1.081106
1.055724
1.006894
1.063728
1.054379
0.998064
1.133220
1.060696
1.001564
1.092298
1.099988
1.032063
1.154901
1.033963
1.000188
1.088283
1.031100
1.078008
1.027648
1.028548
1.038779
1.082595
0.965817
1.047654
1.070501
1.105899
1.037654
1.052124
0.933959
1.121834
1.074896
1.082375
1.041503
1.021530
1.114586
1.228423
1.045548
1.036474
0.958116
1.081916
0.986099
1.099942
1.077373
1.102116
1.002784
1.114576
1.076120
0.996907
0.979300
1.004307
1.111630
1.056986
1.016061
1.100885
1.085435
0.955043
1.082144
1.065542
1.114105
1.025478
0.961182
1.077290
1.056689
1.026749
1.105333
1.086007
1.058384
1.033304
1.050689
1.061904
1.126374
1.082613
1.120523
1.101053
0.981642
1.077998
1.098110
0.967832
1.111522
1.065774
1.096519
1.129709
0.987913
1.004101
1.055442
1.085069
1.086134
1.155610
1.009745
1.075267
1.016729
1.101064
1.053432
1.038107
1.047557
1.038862
1.039614
0.996196
0.978147
0.982670
1.006593
0.987494
1.001163
1.001172
1.125071
0.958444
1.029027
1.034857
1.061291
0.985175
1.032722
1.006267
1.040302
1.091685
0.971240
1.115980
0.981618
1.020624
1.092701
1.002097
1.001362
1.010212
1.007481
1.078685
0.998072
1.045434
1.049751
1.001027
1.040901
1.077150
1.029839
0.968810
0.975774
1.064192
1.038081
1.000992
0.962723
0.930298
1.094128
0.957800
1.020882
0.995522
0.999611
1.032467
1.014389
1.033647
1.042648
1.002979
0.972243
1.058461
1.066535
1.031354
0.924375
1.061537
1.121822
0.967937
1.036060
1.103572
1.166122
1.007514
1.001708
1.030664
1.037889
0.953262
0.969769
0.927681
0.979599
1.018058
0.973645
1.016054
0.988313
1.067608
0.940071
0.928789
0.963869
0.953864
0.949918
1.144332
1.039205
0.926652
1.006734
1.063423
0.974799
0.979819
0.966579
0.912701
1.075039
1.014728
1.085329
1.053628
0.962378
1.015803
0.933748
0.967020
1.115319
0.974130
0.929555
1.015441
0.995922
1.096363
1.022872
0.964083
0.988933
0.994505
1.047749
0.962299
1.077506
0.956287
1.071951
1.112653
0.968285
0.941865
0.997260
1.026400
1.021836
1.064595
1.093466
0.980966
0.980901
0.980826
1.020411
0.942605
1.074836
0.994199
1.016438
0.891109
0.981880
0.955130
1.080495
1.003885
1.025947
1.113196
1.012718
0.984188
0.943418
0.953647
0.964799
1.095587
1.030832
0.954568
1.066152
1.096481
0.947218
0.984381
1.067002
1.120878
0.979060
1.014956
1.056847
1.037081
0.932939
0.972983
0.997361
0.906047
0.956032
1.000175
1.040706
0.987998
1.052398
1.006076
1.097757
0.991158
0.984028
1.085832
1.071005
1.039292
1.030779
1.135545
0.975066
1.076503
1.080911
1.001882
1.002713
1.054436
1.110100
0.993088
1.048569
0.994799
0.995138
0.949452
0.997937
1.007796
1.043627
1.049372
1.011089
1.036670
0.987026
1.014605
1.020205
1.010508
0.918136
0.968303
1.138644
1.055849
0.966415
1.017209
1.015274
1.013060
0.956489
1.029377
1.078149
1.018953
1.097345
1.054230
1.011417
1.075320
0.976241
1.028214
1.142522
1.026644
0.966554
0.918567
0.982298
1.049814
0.930107
1.004817
1.012285
1.030147
0.978808
0.960484
1.035421
0.951889
1.047020
1.017851
1.128293
1.037731
1.069315
0.975363
1.073161
1.041600
0.990529
0.927567
1.035605
1.231640
0.981752
0.963410
0.933454
1.037906
1.025773
0.950420
0.972738
1.040089
0.979315
1.104426
0.998328
1.104825
1.021214
0.985541
1.000639
1.029041
1.113112
1.041977
1.032069
0.981372
1.110465
0.988250
1.069675
0.956688
0.990153
1.004850
1.014928
0.969518
1.071645
1.012109
0.996788
1.077000
0.969339
0.994071
1.042157
1.107271
1.064225
0.963424
0.961941
1.024181
0.985007
1.001298
0.975057
1.042957
1.088063
1.073159
1.041157
1.106275
1.019529
0.988321
0.951968
1.071285
0.991713
1.020980
1.111104
0.976042
0.980535
1.108875
1.033018
0.916178
1.033874
0.973466
1.083390
0.954536
1.093500
0.998497
1.003756
1.011906
1.055730
1.017700
1.100797
1.017049
0.875171
0.991093
1.038950
1.065925
1.046615
1.014247
1.000462
1.089019
0.966568
0.977407
1.032505
1.083267
0.990900
1.008663
0.973252
0.953108
1.017303
0.969868
1.027661
1.078365
1.008122
0.955236
1.005970
1.012449
0.986926
1.068463
1.026487
0.968114
0.998284
0.975199
1.067257
1.038731
1.033355
1.103634
1.023485
0.985621
1.029944
0.999811
1.042045
1.218080
0.981896
1.091390
1.053296
1.115151
1.013818
1.091799
0.932605
1.039963
1.016664
1.004576
1.074667
1.114516
1.001450
1.008033
1.024561
1.014036
0.985473
1.078467
0.963409
0.991338
0.920616
1.022900
0.953255
1.043042
1.041204
1.021099
0.968088
0.975681
0.882662
1.068844
0.976538
0.965673
1.031499
0.995149
1.026454
1.122900
0.944998
1.021853
1.041551
1.030713
1.128665
1.085990
0.958062
0.963180
1.000023
1.040244
0.975076
0.999481
0.965578
0.981901
0.972507
1.152000
1.022694
1.006454
0.913267
0.895750
1.010083
1.014900
0.972872
0.912666
1.015273
1.067628
0.966543
1.018891
0.910817
1.144879
1.001220
0.977674
1.028482
1.022699
1.011803
1.039832
1.030675
1.083887
0.980023
1.005143
0.956407
0.999197
0.964106
1.007202
1.049558
1.009166
1.004266
1.019465
1.023910
1.054486
1.026922
1.045760
0.978357
0.872540
1.016481
0.985462
1.061986
0.983854
0.996496
1.051432
1.013142
0.947496
1.003593
1.100104
1.124977
0.948982
0.954823
0.954999
0.951113
1.014172
0.954981
1.021919
0.875418
0.893022
1.031135
0.946025
1.066549
0.992349
0.958747
0.999554
1.036539
0.976493
0.948306
1.009917
1.058641
0.996534
1.048654
0.931690
0.960735
1.017234
1.025724
1.061429
1.027208
1.050229
1.015880
0.962197
0.972737
0.965346
0.911684
0.969780
0.955644
1.011568
0.934263
0.919897
0.991778
0.979784
1.019860
0.984466
1.011107
1.039441
1.018538
0.991602
0.958232
1.000301
1.117286
0.951759
0.971001
1.003140
1.070822
0.980664
0.903613
0.979148
0.981379
0.878292
1.027154
1.043457
1.000768
1.016292
0.994488
1.082735
1.008055
0.939181
1.012061
0.940216
1.067253
0.913836
1.017032
0.992414
1.012061
1.041544
0.926788
1.016892
1.010487
0.963593
0.955214
1.114841
0.976292
0.962972
1.006928
0.962493
0.918063
1.019922
1.008159
1.024334
1.074410
1.018241
1.042526
1.065006
1.006922
1.005380
0.929183
0.994494
1.008662
1.038080
0.994183
1.003576
0.927940
0.944001
0.964229
0.977769
1.035021
1.044147
0.922820
0.986381
0.952248
0.967583
1.066160
0.964750
0.947188
0.964868
1.070283
1.046500
1.044347
0.927212
0.954769
1.033795
1.007163
0.940950
0.979748
1.037646
1.013938
0.981249
0.927575
0.979283
1.027910
0.950581
0.928401
0.970297
1.029488
1.000146
1.036262
1.009287
0.990528
1.036981
0.980569
0.939656
0.962704
0.950700
0.972872
0.962857
0.955728
0.932589
0.932256
0.969202
0.996278
0.999797
1.019016
1.017853
0.994934
1.017269
0.991544
0.963632
0.949780
1.100376
0.977008
1.018661
0.944643
1.003941
0.977375
1.042921
0.975613
0.960336
0.980196
0.963672
0.961420
0.993021
0.889108
0.943020
0.986446
0.959980
0.931488
1.171101
1.046997
0.995574
1.033167
0.990140
0.990261
1.084545
0.906776
0.989646
0.939856
0.974758
1.048691
0.969320
0.981524
1.027653
1.031137
0.983018
1.014258
0.958740
0.993096
0.896605
1.000938
1.020602
0.956077
1.114979
1.085299
0.950207
0.986643
1.015796
1.041460
1.028033
0.967355
0.946471
1.051544
1.003511
0.983344
0.937719
0.989735
1.026066
1.039363
1.014861
0.995654
1.055799
1.027734
0.948737
0.973498
0.943898
1.043832
0.934466
1.113004
0.959004
0.955787
0.888554
1.064690
0.993486
0.935900
1.126865
0.963554
1.050978
1.073182
0.992807
0.968131
1.084116
0.988367
1.019258
0.973344
0.906705
0.962489
0.988226
1.002257
0.968743
0.998629
0.952984
0.990060
1.066819
1.089708
1.048086
1.118069
1.029164
0.966828
1.130078
0.994863
0.954670
0.962655
0.942380
1.060811
0.912592
1.022905
1.016782
1.030050
0.968962
0.969367
1.020106
1.030169
0.900609
1.017326
0.977250
0.990124
0.990077
1.020532
1.003947
0.961099
1.024727
0.957592
0.964803
0.896725
0.952605
1.026896
1.033353
1.007157
0.906874
0.942758
0.930649
0.985359
0.918163
1.004140
1.009497
0.963935
1.002368
1.058223
0.947268
0.991864
1.007995
0.936941
1.037804
0.966406
0.916755
0.965459
0.932069
1.051057
1.002815
0.973792
0.906869
1.022310
1.072368
1.070366
1.177230
0.976722
1.126583
0.986045
0.992846
0.892015
0.978145
1.056805
1.004823
0.964078
0.935668
0.981229
1.058095
0.915089
0.922740
0.968710
0.992935
0.983584
0.981747
0.958275
0.978396
0.963334
0.968552
0.965625
0.920223
1.010055
0.985483
0.853163
0.984034
0.974755
0.971914
0.981636
1.002268
0.998693
0.902112
1.004010
0.952751
1.041834
0.866724
0.998162
0.947981
0.922161
0.931182
1.020928
0.954378
0.962747
0.947960
0.913452
0.977747
0.958081
0.993002
0.974533
0.964706
1.058185
0.954888
1.019947
0.936597
0.921798
0.994170
1.012203
0.991472
0.989616
0.896150
0.906411
1.063050
0.957450
1.046481
0.935262
0.992240
1.011079
1.019975
0.938769
0.958285
0.987975
1.027563
1.056817
0.978473
0.936500
0.930680
0.928056
0.911517
1.046266
0.984119
0.945818
1.008725
0.952486
0.928851
0.980286
0.939931
1.027478
1.133452
0.952929
0.932562
0.948415
0.987549
0.925459
1.018917
1.013528
0.945981
1.080089
0.989422
0.936552
0.931133
1.004540
0.936428
0.935058
0.888954
0.958461
1.024777
0.920035
1.029705
0.984624
0.987074
0.938555
0.938811
0.958336
0.981894
0.942031
0.954172
0.951898
0.976418
1.042375
0.992662
0.913064
1.024615
0.929908
0.909614
0.894614
0.866868
0.897180
0.891677
0.906805
0.994026
0.946234
0.974137
0.879482
1.001720
0.939088
1.013668
1.047664
0.906360
0.880105
0.979646
0.944068
0.958108
0.974843
0.944017
0.965510
0.949398
0.917413
1.025033
1.020124
1.050825
0.908532
0.910359
0.924279
0.933794
0.962984
0.915773
1.064266
0.938526
0.918612
1.014367
0.905211
0.963210
0.990732
1.015272
0.975902
1.011454
0.946299
1.010148
0.953714
0.974948
0.929113
0.984455
1.030519
0.937330
1.088422
0.924006
1.030905
0.888633
0.986761
1.003052
0.945163
0.957753
0.935581
0.990595
0.960460
0.965406
1.021355
0.954392
0.924780
0.999006
0.912677
0.895957
0.919162
0.960204
0.929697
0.899735
0.999365
0.895010
1.060196
0.923281
0.923745
0.983347
1.021647
1.040867
0.941205
0.935887
0.943792
0.965073
0.985490
0.930640
1.042042
1.074441
0.928552
0.950474
0.883888
0.974590
0.964608
0.951012
0.962917
0.969415
1.004111
0.933526
1.030800
0.982077
1.031786
0.921963
1.039434
0.959076
0.912910
1.116704
0.901281
0.938207
1.017327
0.942143
0.941224
1.083416
1.005855
1.057832
0.960403
0.943713
0.934588
1.082253
1.022120
0.906121
0.930876
1.050973
0.943603
0.995987
0.943288
0.982641
0.849118
0.987035
0.997201
1.012021
0.942219
0.984795
0.954293
0.977329
0.894490
0.917589
0.945388
0.911233
0.958823
0.969358
0.970018
0.913716
0.906417
0.975977
1.015674
0.876466
0.990012
0.989538
1.055162
0.947439
1.011103
0.939778
0.853998
0.990420
0.939014
1.006446
0.970922
0.953281
0.974422
0.954113
1.005868
1.025561
1.016812
0.957412
0.968165
0.993113
0.939133
1.011270
1.025776
1.008791
0.900073
0.968332
0.937519
1.024893
0.924907
0.974079
0.907207
0.963135
0.988183
0.910336
1.019092
0.942064
1.039332
0.917559
1.055461
1.059688
1.067096
0.978381
0.944489
0.884896
0.908866
0.996953
0.979807
0.984974
1.007561
0.960308
0.975979
0.998950
1.008213
0.981949
0.895157
0.973342
0.957386
1.081370
1.042041
1.031187
1.056187
0.920126
0.961232
0.934775
0.929945
1.024130
1.022975
0.919084
0.933802
0.922706
0.948773
0.935146
0.928518
0.993977
0.975681
1.038662
0.981619
0.979605
0.967202
1.030490
0.945267
0.983630
1.049733
0.993542
0.960044
1.016476
0.985315
0.922176
0.968431
0.966523
0.954586
0.926095
0.905824
0.934178
0.952592
0.917147
1.011504
0.902046
0.924070
0.899785
0.936496
0.901862
0.860923
0.973207
0.875612
0.923383
0.954643
0.984966
0.934735
0.868662
0.944331
1.042949
0.939612
0.966353
0.951369
0.907583
0.985219
0.952085
0.900071
0.899944
0.924982
0.928566
0.904299
0.928962
0.873070
0.946011
0.920720
0.889921
0.972968
0.987650
0.932372
0.925954
0.908294
0.971843
0.932370
0.861495
0.992559
0.934858
0.904869
0.869093
0.855294
0.887520
0.876348
0.894338
0.967335
0.879273
0.948678
0.899086
0.900220
0.959608
0.863426
1.020546
1.030609
0.907165
0.907259
0.923417
0.994732
0.906386
0.935758
0.998227
0.917027
0.926216
0.931987
1.027394
0.938656
0.971426
0.911816
0.947252
0.899554
0.950953
0.939757
0.885730
0.977112
0.912883
0.924380
0.929078
0.936635
0.905339
0.948471
0.881905
0.926354
0.901066
0.954382
0.908620
0.899127
0.876660
0.918190
0.944055
0.941223
0.954479
0.913909
0.897096
0.880952
0.896573
1.023538
0.939540
0.893242
1.053000
0.929996
0.965294
0.967329
0.926202
1.021390
0.914396
0.879744
0.964651
0.968406
0.960531
0.945956
0.902081
0.933915
0.983269
0.888531
0.892736
0.960035
1.001399
0.951994
0.940201
0.953226
0.968247
0.981323
0.906000
0.955654
0.914548
0.887123
0.991738
0.911722
0.933874
0.897347
1.128113
0.966356
1.031066
0.946847
0.940080
0.889901
1.034086
0.927665
0.946684
0.956116
0.901775
0.969894
0.934926
0.917391
1.041855
0.893912
0.958630
0.927809
0.876311
0.954977
0.938186
0.866803
0.941923
0.971029
0.920991
0.905377
1.049576
0.924537
1.020825
0.940225
0.978764
0.902361
1.030939
0.909398
0.981458
0.951783
0.921519
1.002922
1.026537
0.966688
0.934170
0.932904
0.885779
0.901326
0.991692
0.917050
0.879464
0.970393
0.941260
1.029057
0.956324
0.972499
1.054076
0.911366
0.979567
0.980826
0.906368
0.991470
0.991033
0.951022
0.940875
0.976845
0.950383
0.953368
0.955644
0.989436
0.929044
0.872275
0.984159
0.968651
0.879109
0.900358
0.920871
0.923265
0.928563
0.890210
1.103567
0.897775
1.003734
0.901419
0.990809
0.905044
0.930950
0.924613
0.901083
0.966409
0.982217
0.949490
0.962027
0.880086
0.911690
0.987812
0.921368
0.876769
0.895316
1.020917
0.996182
0.917707
0.994372
1.020757
0.919937
0.900699
0.877904
0.954794
0.956128
1.081881
0.931295
0.951551
0.891295
1.026918
0.932738
0.980144
0.957032
0.986630
0.859138
0.863097
0.914601
0.885001
0.932895
0.883224
0.944833
0.843498
0.980262
0.905715
0.895909
0.929942
0.908475
0.895718
0.942166
0.898601
0.908840
0.990035
0.985004
0.925950
0.883806
0.880392
0.956368
1.015566
1.031033
0.905126
0.929857
0.993632
0.871385
0.847451
1.054535
0.859576
0.897385
0.910003
0.938655
0.945182
0.962062
0.906847
0.997297
1.078395
1.008773
0.988923
1.016136
0.932351
0.889596
0.997909
0.877877
0.883308
0.930454
0.932337
1.029770
0.869854
0.876499
0.944113
0.938023
0.983425
0.948664
0.948108
0.912317
0.863291
0.875673
0.989163
0.958869
0.979582
0.937981
0.885304
1.017638
0.994905
0.940026
0.939861
0.951540
1.058420
0.901446
0.888555
0.994496
0.959830
0.998456
0.989628
0.942369
0.951995
0.993186
0.899891
0.894249
0.962885
0.902019
1.079137
0.860953
0.951780
0.884463
0.934547
0.932578
0.822996
0.930745
0.988811
0.918140
0.874935
0.925844
0.859549
0.945713
0.900924
0.925839
0.968072
1.005409
0.916983
0.858879
0.876313
0.927294
0.901228
0.867813
0.896966
0.969781
0.898625
0.903590
1.014262
0.980075
0.963875
0.909722
0.964336
0.892965
0.879283
0.964226
0.980269
0.965088
0.796432
0.847074
0.986770
0.916386
0.898117
0.918874
0.942542
0.967963
0.880405
0.921844
0.937469
0.952405
0.864554
0.912185
0.920539
0.874430
0.917696
0.947850
0.903984
0.909712
0.978790
0.885700
0.894294
0.927228
0.906466
0.852440
0.871332
0.847611
0.897248
0.863426
0.989100
0.912125
0.888288
0.885912
0.954758
0.905763
0.965066
0.912586
0.885421
0.875594
0.829495
0.921601
0.879826
0.968915
0.880545
0.931531
0.976472
0.872968
0.922172
0.888099
0.946688
1.009108
0.862568
1.028977
0.953847
0.832097
0.932651
0.917111
0.908820
0.946440
0.924101
0.985026
0.968648
0.922767
0.970329
0.937598
0.985360
0.961879
0.875387
0.916318
0.886703
0.952853
0.845519
0.909289
0.839897
0.975323
0.909654
0.983253
0.875896
0.968353
0.887666
0.858003
0.970298
0.923297
0.869598
0.954066
0.846698
0.903626
0.881049
0.892748
0.819207
0.909483
0.955120
0.864043
0.877631
0.951208
1.011559
0.894792
0.906246
0.895825
0.941415
0.917941
0.963362
0.894081
0.830915
0.924976
0.864446
0.943035
0.952802
0.940324
0.945768
0.918655
0.936295
0.983750
0.935338
0.978130
0.882016
0.921461
0.941947
1.047754
0.886368
0.912359
0.931883
0.969651
0.903299
0.956433
0.957993
0.911367
0.904409
0.905980
0.989749
0.935386
0.892390
0.938633
0.834397
0.864803
0.915700
0.867215
0.978830
0.900062
0.926939
0.918268
0.906138
0.976487
0.933501
0.902835
0.899468
0.933090
0.897570
0.939368
0.908758
0.902177
0.927525
0.870181
0.885602
0.818723
0.866607
0.912247
0.882670
0.935561
0.890909
1.006425
0.963914
0.844109
1.019068
0.961212
0.857990
0.956207
0.889004
0.878333
0.888497
0.964819
0.972482
0.871220
0.888124
0.969124
0.890911
0.863671
0.911866
0.912259
0.964717
0.836730
0.882794
0.965600
0.894580
0.966866
0.877863
0.942570
0.871204
1.024269
0.934420
0.878758
0.915915
0.893033
0.931597
0.987462
0.859273
0.887565
0.881705
0.914638
0.969728
0.836746
0.963449
0.959271
0.965918
0.896032
0.914555
0.932871
0.943481
0.889155
0.972747
0.858849
0.908922
0.903689
0.968366
0.894020
0.982735
0.896963
0.922613
0.935293
0.914826
0.894654
0.981656
0.902247
0.889685
0.927791
1.043266
0.910693
0.884306
0.887283
0.943500
1.023759
0.938968
0.867840
0.958853
0.888782
0.952492
0.978851
0.904053
0.861276
0.966498
1.006846
0.880260
0.955812
0.804056
0.907959
0.888316
0.893333
0.976336
0.914738
0.900113
0.868797
0.967598
0.972268
0.926373
0.914048
0.924585
0.947213
0.921277
0.950938
0.933667
0.982753
0.957536
0.917733
0.987659
1.004050
0.960254
0.949470
0.985114
0.923745
0.853542
0.957516
0.905370
0.847183
0.946802
0.863005
0.891808
0.863843
0.853538
0.970096
0.965200
0.988028
0.947596
1.025826
0.962865
0.980245
0.919019
0.931190
0.914460
0.966867
0.928423
0.915903
0.898800
0.901299
0.874895
0.959583
1.003305
0.919333
0.901866
0.918769
0.866635
0.987975
0.897826
0.946128
0.918676
0.799694
0.947512
0.894584
0.948609
0.880357
0.958922
0.928935
0.935177
0.968784
0.946522
0.914125
0.880520
0.817797
0.898367
0.885009
0.916152
0.928654
0.929521
0.792814
0.909827
0.884764
0.881310
0.862644
0.917611
0.896645
0.881482
0.906682
0.906733
1.027453
0.884165
0.863786
0.854323
0.917609
0.913818
0.930792
0.943374
0.913990
0.852463
0.856225
0.818481
0.907756
0.893278
0.861935
0.997231
0.911679
0.939526
0.912916
0.903697
0.883764
0.967770
0.883969
0.895610
0.964165
0.861253
0.849225
0.858650
0.962135
0.950005
0.830018
0.909246
0.878749
0.884329
0.934806
0.884634
0.868174
0.974619
0.925142
0.885527
0.905799
0.834363
0.848668
0.878055
0.879729
0.866915
0.846261
0.855714
0.915402
0.799189
0.930697
0.842583
0.820377
0.896684
0.867512
0.864186
0.837384
0.893480
0.850484
0.842110
0.858106
0.975807
0.917390
0.970008
0.934777
0.905113
0.929887
0.875139
0.889651
0.873605
0.895647
0.878795
0.895657
0.883340
0.940842
0.878040
0.879941
0.805062
0.897029
0.890150
0.869476
0.861899
0.883149
0.865148
0.837946
0.853543
0.927383
0.918272
0.877488
0.879385
0.936365
0.963923
0.918305
0.882825
0.986103
0.925900
0.922167
0.905897
0.954413
0.983913
0.910228
0.938639
0.877103
0.916774
0.832602
0.896011
0.928334
0.873785
0.853578
0.811721
0.882467
0.909004
0.851767
0.935315
0.897688
0.863146
0.868585
0.888299
0.884004
0.878616
0.873481
0.944570
0.856728
0.946155
0.838347
0.877033
0.885489
0.920684
0.918256
0.914542
0.959885
0.955329
0.848840
0.908215
0.918469
0.961780
0.862483
0.933145
0.892523
0.860971
0.963492
0.984638
0.954904
0.845469
0.914505
0.935905
0.891792
0.889379
0.831825
0.918337
0.880290
0.901011
0.960742
0.883606
0.927081
0.836387
0.882797
0.871916
0.955222
0.988397
0.866304
0.909896
0.919594
0.853641
0.882487
0.828939
0.943788
0.896606
0.906627
0.860117
0.957452
0.882506
0.898684
0.857471
0.906902
0.846139
0.983278
0.832755
0.882108
0.918537
0.894913
0.907377
0.863098
0.916708
0.870981
0.889896
0.922053
0.865396
0.951048
0.892233
0.915091
0.906637
0.943058
0.899328
0.855648
0.867380
0.992844
0.920919
0.965591
0.868413
0.907903
0.865832
0.897382
0.890853
0.839629
0.930838
0.857744
0.860835
0.891371
0.923322
0.955380
0.855795
0.843059
0.996523
0.886175
0.838621
0.974894
0.861209
0.886718
0.817947
0.914613
0.992278
0.830226
0.900777
0.881665
0.893216
0.861510
0.840070
0.949371
0.855745
0.840756
0.945089
0.934907
0.882596
0.933369
0.915457
0.930806
0.883449
0.865751
0.929909
0.845596
0.925724
0.851337
0.879430
0.910938
0.941321
0.820913
0.936355
0.863805
0.915001
0.821731
0.925613
0.923028
0.876450
0.911940
0.923062
0.870387
0.886577
0.916839
0.864125
0.838978
0.804240
0.864238
0.889275
0.921166
0.817850
0.863751
0.871850
0.879394
0.857027
0.961080
0.842289
0.881444
0.910029
0.923754
0.919704
0.918652
0.922168
0.887756
0.911013
0.878299
0.943303
0.886940
0.937358
0.888221
0.827259
0.892177
0.923129
0.923950
0.871949
0.942121
0.887270
0.989252
0.925962
0.883752
0.922422
0.831267
0.895561
0.918623
0.853757
0.883383
0.889554
0.885768
0.863223
0.952414
0.943758
0.900051
0.920710
0.917329
0.965677
0.889651
0.839860
0.899160
0.817985
0.832780
0.909294
0.879162
0.895621
0.818474
0.899421
0.897410
0.892786
0.874011
0.910981
0.958341
0.945642
0.919360
0.928632
0.934334
0.966025
0.959497
0.893414
0.825863
0.915848
0.879295
0.943091
0.926697
0.916209
0.809737
0.909449
0.928219
0.947621
0.867920
0.864182
0.910535
0.876023
0.855747
0.929871
0.961794
0.910563
0.811847
0.828558
0.935115
0.841325
0.818504
0.809982
0.799978
0.845029
0.890757
0.858347
0.852699
0.875149
0.926983
0.837505
0.920872
0.889295
0.848876
0.803548
0.930003
0.934012
0.856278
0.928134
0.931733
0.862267
0.824514
0.891763
0.839867
0.958610
1.037039
0.810581
0.844533
0.815306
0.938493
0.968217
0.871275
0.879878
0.877290
0.872600
0.915554
0.850681
0.925949
0.883604
0.850219
0.985663
0.893136
0.866425
0.811724
0.869302
0.872950
0.914131
0.899043
0.853931
0.861369
0.918772
0.836528
0.879957
0.900100
0.844347
0.882553
0.856223
0.840186
0.876147
0.918902
0.857839
0.834515
0.869579
0.939804
0.947348
0.998026
0.964351
0.860873
0.855279
0.831877
0.835827
0.834770
0.878385
0.923835
0.906308
0.840659
0.815028
0.867705
0.813561
0.862178
0.845126
0.895890
0.864819
0.888914
0.850729
0.817261
0.921650
0.841707
0.913435
0.852149
0.881720
0.889895
0.905175
0.894704
0.859767
0.869411
0.893759
0.868723
0.837254
0.877969
0.777675
0.876344
0.844089
0.886866
0.838390
0.875066
0.958529
0.915388
0.814973
0.845280
0.879692
0.872830
0.893287
0.823437
0.872366
0.923705
0.864703
0.852364
0.877292
0.792962
0.903162
0.907368
0.821201
0.818503
0.853855
0.856569
0.831456
0.848841
0.924973
0.810840
0.897002
0.916651
0.973706
0.914215
0.884680
0.864043
0.915301
0.868952
0.831714
0.950819
0.854015
0.869597
0.828798
0.891909
0.873314
0.920793
0.835507
0.848846
0.872451
0.837255
0.801822
0.857808
0.827361
0.797732
0.800600
0.920516
0.912056
0.884807
0.924422
0.970873
0.967906
0.884500
0.911597
0.926392
0.797330
0.918767
0.880171
0.844081
0.857203
0.835253
0.902002
0.844722
0.902788
0.853270
0.877616
0.858337
0.806220
0.900562
0.840643
0.828275
0.859393
0.998943
0.849374
0.856334
0.965087
0.841899
0.855469
0.822104
1.005028
0.874673
0.853204
0.833036
0.931503
0.876107
0.917816
0.872161
0.977662
0.908765
0.838954
0.863570
0.855173
0.778553
0.925656
0.881072
0.841470
0.833823
0.895464
0.903820
0.903101
0.899401
0.939689
0.875521
0.893339
0.856425
0.896629
0.943814
0.932597
0.887800
0.846907
0.891957
0.849875
0.842010
0.951791
0.868916
0.857130
0.855927
0.833714
0.769127
0.938971
0.858618
0.828648
0.853820
0.876270
0.867481
0.944258
0.839580
1.008777
0.929477
0.971081
0.877791
0.868918
0.950900
0.888701
0.839229
0.945487
0.933379
0.864749
0.905436
0.794960
0.927269
0.869760
0.862502
0.846994
0.886672
0.941867
0.871244
0.885885
0.886737
0.913685
0.891747
0.899727
0.894893
0.957404
0.916503
0.859527
0.922983
0.871646
0.979679
0.873028
0.876366
0.845882
0.859109
0.876538
0.858918
0.849112
0.834882
0.873981
0.889725
0.935907
0.840290
0.921421
0.950072
0.873222
0.886416
0.875303
0.812098
0.794099
0.804300
0.964104
0.813936
0.954676
0.843517
0.853647
0.824692
0.883460
0.932269
0.873393
0.925328
0.895163
0.860421
0.878189
0.878438
0.912065
0.870303
0.844509
0.832959
0.950361
0.824557
0.897845
0.850027
0.924853
0.872032
0.856931
0.837954
0.890209
0.871427
0.896450
0.839213
0.826041
0.860655
0.872624
0.891632
0.918787
0.891900
0.913700
0.884391
0.889244
0.914248
0.863352
0.826116
0.814375
0.860427
0.830390
0.879031
0.804288
0.910915
0.829044
0.850664
0.831670
0.825294
0.870214
0.841814
0.936995
0.835411
0.843151
0.788737
0.811413
0.842254
0.797367
0.834186
0.846810
0.904777
0.824699
0.925893
0.835576
0.881723
0.836816
0.919732
0.862786
0.862585
0.845897
0.935572
0.944365
0.877802
0.933299
0.831245
0.880871
0.786210
0.949879
0.845721
0.821830
0.909662
0.860556
0.854582
0.827036
0.884147
0.898136
0.829074
0.852064
0.815148
0.791536
0.856771
0.783617
0.811191
0.831625
0.858761
0.844814
0.862725
0.872991
0.841501
0.818820
0.849989
0.876402
0.864902
0.771014
0.884759
0.897265
0.929521
0.866078
0.934290
0.865238
0.900631
0.840883
0.874960
0.864726
0.804394
0.838250
0.882421
0.845464
0.869605
0.827062
0.788946
0.843637
0.844452
0.918049
0.847391
0.813090
0.870299
0.818228
0.790834
0.880924
0.791715
0.804723
0.848530
0.836866
0.827292
0.839536
0.840445
0.873239
0.783762
0.932175
0.959575
0.915885
0.837419
0.950363
0.848935
0.884926
0.853031
0.874541
0.887394
0.827075
0.917071
0.811717
0.883616
0.815087
0.877752
0.854471
0.863150
0.752679
0.870004
0.855890
0.829992
0.886331
0.848667
0.856716
0.845225
0.818662
0.803541
0.879264
0.861458
0.861882
0.887875
0.868855
0.878830
0.864165
0.854410
0.829084
0.909459
0.913176
0.831698
0.856389
0.843656
0.894809
0.828894
0.857891
0.849911
0.848110
0.926168
0.841705
0.882302
0.856752
0.920066
0.849623
0.832647
0.850089
0.866992
0.872489
0.839785
0.800195
0.884785
0.828627
0.863188
0.856685
0.826672
0.830660
0.855670
0.830828
0.916079
0.796005
0.834982
0.825636
0.893664
0.881094
0.804978
0.867477
0.845864
0.862871
0.865919
0.858615
0.895738
0.950383
0.853702
0.816619
0.814463
0.853517
0.844517
0.826214
0.921611
0.848820
0.871014
0.885026
0.816157
0.846488
0.837570
0.838682
0.841119
0.834053
0.847877
0.860605
0.795154
0.823057
0.839288
0.799087
0.851553
0.828122
0.908456
0.813269
0.888063
0.873619
0.806924
0.852279
0.872356
0.862432
0.870306
0.905009
0.907304
0.890098
0.882527
0.883982
0.879393
0.828262
0.796192
0.833821
0.844871
0.859930
0.830429
0.863722
0.808011
0.835477
0.832303
0.825655
0.841780
0.841107
0.876341
0.791179
0.860559
0.876776
0.854241
0.827222
0.786937
0.826999
0.883182
0.893840
0.872404
0.800521
0.842395
0.876185
0.795743
0.813880
0.868864
0.956359
0.842631
0.861637
0.875829
0.839212
0.847273
0.915395
0.910709
0.826755
0.834298
0.915635
0.892756
0.839386
0.793089
0.870856
0.845348
0.814130
0.890843
0.853192
0.948050
0.827853
0.820197
0.846894
0.826380
0.854012
0.853598
0.903825
0.934310
0.878590
0.883968
0.877908
0.918361
0.910781
0.837515
0.793036
0.926814
0.818835
0.859964
0.782642
0.924294
0.891291
0.858194
0.857120
0.917732
0.786289
0.909075
0.870222
0.838800
0.986547
0.861892
0.841502
0.791586
0.809911
0.815463
0.823050
0.814393
0.871251
0.904316
0.873621
0.896921
0.919458
0.782565
0.885076
0.822604
0.870288
0.848906
0.923056
0.905297
0.973454
0.937529
0.830103
0.892368
0.825477
0.919832
0.852786
0.867709
0.859781
0.814681
0.822203
0.767651
0.808332
0.864869
0.778837
0.894694
0.913752
0.866245
0.893158
0.847808
0.843152
0.844077
0.907467
0.808325
0.796362
0.802980
0.830064
0.849015
0.879950
0.859387
0.860642
0.810000
0.911093
0.837822
0.832975
0.884004
0.959062
0.888098
0.830850
0.864282
0.872035
0.831080
0.819779
0.818206
0.889760
0.803445
0.849366
0.766767
0.808087
0.827187
0.859945
0.883043
0.893068
0.821176
0.875091
0.893886
0.799578
0.862963
0.850645
0.821536
0.820183
0.780931
0.826998
0.849366
0.800605
0.821077
0.823850
0.793710
0.900028
0.793591
0.913238
0.754236
0.842027
0.842752
0.876029
0.832259
0.841219
0.863835
0.884963
0.879289
0.800569
0.892296
0.823342
0.856973
0.814078
0.918469
0.845229
0.830035
0.937289
0.824960
0.860529
0.809394
0.862194
0.841292
0.796557
0.850126
0.887757
0.859541
0.791751
0.836184
0.831197
0.817565
0.800659
0.883521
0.816794
0.877283
0.873064
0.794628
0.828375
0.846807
0.881278
0.845002
0.823224
0.827370
0.832192
0.832085
0.803905
0.839570
0.897110
0.863707
0.781998
0.798349
0.785198
0.854652
0.874132
0.842519
0.858006
0.828901
0.802746
0.900153
0.920417
0.822086
0.803869
0.826909
0.793696
0.899252
0.879941
0.800607
0.879856
0.848132
0.807807
0.783098
0.830745
0.883664
0.886066
0.790531
0.814398
0.782388
0.825489
0.805950
0.814796
0.857152
0.831915
0.891190
0.832957
0.850791
0.822189
0.796287
0.908649
0.836316
0.829236
0.847503
0.869173
0.811229
0.866322
0.823598
0.805282
0.884768
0.854539
0.813515
0.849358
0.801505
0.839318
0.854681
0.817775
0.822736
0.795602
0.801751
0.927559
0.806327
0.772999
0.953950
0.865389
0.820904
0.834488
0.845563
0.843640
0.799475
0.810904
0.808681
0.811923
0.843155
0.861622
0.810863
0.800113
0.876589
0.787603
0.778021
0.804344
0.824675
0.872080
0.841478
0.878475
0.838086
0.850815
0.849914
0.811344
0.824926
0.819954
0.839574
0.844169
0.900520
0.875084
0.809728
0.844491
0.836945
0.785144
0.763949
0.939137
0.903754
0.781361
0.788668
0.841811
0.790678
0.858164
0.775646
0.834845
0.801284
0.801395
0.815346
0.789413
0.804340
0.815444
0.758131
0.829967
0.877800
0.790041
0.834393
0.811866
0.836495
0.854102
0.855002
0.820566
0.829957
0.804833
0.774555
0.874448
0.820728
0.810499
0.910431
0.838845
0.880795
0.876927
0.848159
0.864296
0.826976
0.785609
0.833114
0.848924
0.860063
0.879451
0.774850
0.808906
0.854533
0.826362
0.878790
0.811049
0.909801
0.909316
0.865365
0.857290
0.921107
0.832290
0.826365
0.794046
0.864901
0.807317
0.809776
0.898760
0.901399
0.884176
0.843741
0.847307
0.845256
0.804988
0.850078
0.836680
0.841917
0.905946
0.826648
0.842977
0.839121
0.801558
0.783512
0.872108
0.857168
0.843499
0.889025
0.793999
0.783514
0.860762
0.797772
0.858603
0.780242
0.828236
0.791198
0.793023
0.822182
0.765372
0.861894
0.810390
0.847853
0.870523
0.893839
0.899825
0.916003
0.795742
0.913189
0.892007
0.859342
0.933086
0.886713
0.841535
0.758324
0.821948
0.860229
0.786926
0.798793
0.854639
0.856554
0.841152
0.940211
0.809353
0.844838
0.895105
0.892042
0.764498
0.820837
0.826433
0.782948
0.826572
0.812909
0.847135
0.846186
0.816394
0.805582
0.818034
0.818415
0.918072
0.788913
0.818147
0.866991
0.885332
0.819220
0.845041
0.851702
0.757191
0.805253
0.785885
0.871272
0.758401
0.856472
0.857723
0.833402
0.823429
0.828835
0.872110
0.850087
0.892648
0.875140
0.798197
0.877744
0.812314
0.902395
0.871621
0.944419
0.822816
0.863086
0.787027
0.789508
0.833687
0.798808
0.801203
0.885973
0.803680
0.856172
0.829582
0.823378
0.821624
0.848972
0.900332
0.841859
0.796257
0.799652
0.837124
0.864052
0.839201
0.814424
0.854876
0.809482
0.819295
0.841088
0.849581
0.771208
0.854957
0.769765
0.856851
0.789744
0.833794
0.812880
0.890178
0.849066
0.787454
0.763661
0.861986
0.774101
0.859436
0.855994
0.852011
0.792756
0.788252
0.779072
0.771437
0.830988
0.897410
0.837569
0.785613
0.891603
0.761548
0.770955
0.804083
0.816784
0.860028
0.813576
0.831781
0.806334
0.832814
0.800410
0.808571
0.820679
0.793502
0.770330
0.846108
0.824366
0.861628
0.827609
0.884575
0.793122
0.894574
0.783243
0.879337
0.730553
0.813357
0.782141
0.816331
0.817647
0.796139
0.857323
0.899623
0.822352
0.855084
0.791805
0.833918
0.789595
0.800283
0.800556
0.852421
0.814443
0.789724
0.843916
0.893681
0.782641
0.785750
0.830510
0.837341
0.881865
0.842850
0.831919
0.811078
0.786007
0.842687
0.855928
0.839903
0.815288
0.852595
0.842017
0.831296
0.843442
0.825725
0.886708
0.859878
0.803318
0.848777
0.822958
0.856405
0.838661
0.857106
0.838723
0.813506
0.828070
0.865256
0.887416
0.807293
0.793020
0.783117
0.816661
0.818239
0.813420
0.825476
0.784805
0.815938
0.800463
0.788565
0.862541
0.889455
0.850032
0.781383
0.837251
0.789190
0.813026
0.844442
0.783702
0.808119
0.810769
0.801123
0.813985
0.931044
0.809357
0.797950
0.815825
0.862317
0.804823
0.855518
0.827010
0.816553
0.802546
0.853146
0.799905
0.902330
0.805290
0.851108
0.800702
0.804111
0.849989
0.781077
0.846543
0.849367
0.848809
0.893542
0.782227
0.812272
0.798850
0.905259
0.848510
0.828201
0.867172
0.879610
0.802476
0.787564
0.833647
0.831223
0.857432
0.789017
0.820374
0.823141
0.832827
0.834028
0.842774
0.832811
0.766871
0.846410
0.876830
0.836869
0.883961
0.807296
0.863842
0.751145
0.836428
0.772171
0.775137
0.818478
0.783525
0.859881
0.823853
0.830535
0.775221
0.805902
0.873707
0.825384
0.786121
0.845342
0.803188
0.823431
0.838207
0.808821
0.777149
0.821628
0.826506
0.810515
0.800756
0.845633
0.866073
0.827393
0.799599
0.848037
0.859032
0.803820
0.783586
0.775753
0.786833
0.826627
0.794381
0.826501
0.824071
0.819656
0.792643
0.831488
0.840470
0.803794
0.808213
0.811529
0.865183
0.813661
0.871121
0.883707
0.857378
0.757318
0.873700
0.849813
0.784720
0.876577
0.805944
0.816598
0.818348
0.850185
0.859737
0.896322
0.812946
0.845088
0.817492
0.814016
0.821048
0.892002
0.809415
0.798354
0.779290
0.768190
0.778577
0.829046
0.791595
0.827893
0.845476
0.827606
0.775542
0.890096
0.867245
0.765091
0.730748
0.833618
0.789072
0.824560
0.797778
0.828648
0.856122
0.832705
0.774853
0.805729
0.794295
0.813238
0.832102
0.800934
0.782216
0.874695
0.833636
0.868173
0.824500
0.800865
0.798565
0.803667
0.783893
0.830818
0.799256
0.794466
0.844469
0.835766
0.817885
0.819733
0.925887
0.799046
0.844704
0.810995
0.833778
0.938146
0.789752
0.811741
0.887076
0.879926
0.801591
0.868377
0.851129
0.818062
0.790938
0.854530
0.864783
0.852264
0.815332
0.786508
0.856045
0.763074
0.809119
0.932457
0.793460
0.828255
0.886008
0.788707
0.808518
0.835954
0.802956
0.797891
0.805827
0.825650
0.783712
0.831122
0.787178
0.833086
0.876239
0.807720
0.802671
0.822412
0.862884
0.859778
0.793182
0.773167
0.813489
0.798228
0.783337
0.836970
0.795377
0.845679
0.794977
0.844708
0.780336
0.876818
0.905127
0.809837
0.839394
0.755941
0.807977
0.830764
0.839333
0.798577
0.827675
0.770139
0.761259
0.807901
0.795849
0.761539
0.806319
0.778682
0.770659
0.833862
0.813694
0.862481
0.834393
0.820787
0.835024
0.784400
0.763811
0.779867
0.763753
0.818727
0.778372
0.833848
0.765800
0.806198
0.803864
0.813192
0.790699
0.796840
0.778153
0.803115
0.764722
0.773524
0.869570
0.916345
0.867975
0.839299
0.795956
0.766039
0.764925
0.854734
0.799217
0.758637
0.835619
0.768249
0.788029
0.819263
0.812892
0.745148
0.788361
0.800212
0.822066
0.816648
0.765658
0.788164
0.790733
0.795760
0.806361
0.807115
0.832543
0.848410
0.813940
0.814545
0.780785
0.813831
0.806622
0.811643
0.829678
0.750308
0.771364
0.758934
0.772726
0.801920
0.810001
0.837725
0.948836
0.793862
0.777504
0.798538
0.830935
0.843278
0.832255
0.843540
0.859035
0.860031
0.880470
0.797403
0.787233
0.802998
0.776465
0.793059
0.822230
0.765787
0.810680
0.820012
0.792343
0.772401
0.794915
0.812691
0.799870
0.793864
0.870343
0.802448
0.775333
0.804094
0.781769
0.814079
0.835730
0.858669
0.785149
0.802829
0.803316
0.826758
0.839084
0.780682
0.818928
0.760118
0.758528
0.883776
0.820374
0.837403
0.864772
0.787277
0.819527
0.803051
0.743864
0.824526
0.793616
0.738098
0.787482
0.759085
0.786078
0.881077
0.813512
0.824459
0.766979
0.789105
0.780393
0.840014
0.826642
0.815961
0.799894
0.820807
0.808282
0.817688
0.762771
0.826469
0.795543
0.887272
0.902736
0.836876
0.781902
0.896315
0.806822
0.772507
0.822114
0.797555
0.811890
0.837620
0.843906
0.830079
0.780707
0.826706
0.787671
0.799246
0.772354
0.832234
0.802892
0.730274
0.818553
0.825245
0.839897
0.777579
0.802557
0.860128
0.836413
0.832037
0.793068
0.820665
0.797411
0.788633
0.798961
0.778224
0.813294
0.829280
0.880579
0.806797
0.767624
0.875463
0.832367
0.809940
0.773930
0.785501
0.771053
0.768815
0.761431
0.793639
0.776172
0.777859
0.762144
0.831471
0.783928
0.801624
0.770626
0.807928
0.821948
0.824153
0.719659
0.800664
0.795414
0.826629
0.785867
0.817476
0.826769
0.779245
0.811554
0.828534
0.785430
0.786583
0.794964
0.793998
0.792637
0.769766
0.867641
0.839080
0.811275
0.808013
0.789842
0.798257
0.808521
0.799332
0.816547
0.812571
0.825267
0.833757
0.838692
0.825812
0.772901
0.791295
0.767860
0.905764
0.839578
0.796966
0.810250
0.773360
0.747775
0.819271
0.811504
0.843298
0.838036
0.784166
0.783678
0.809705
0.831990
0.833664
0.806944
0.819475
0.819876
0.764777
0.789213
0.748138
0.804286
0.794752
0.812462
0.775840
0.880316
0.800977
0.765767
0.819538
0.772477
0.888221
0.773623
0.793831
0.779516
0.840080
0.848081
0.843336
0.873063
0.784724
0.819537
0.801342
0.834393
0.789120
0.851593
0.777337
0.762654
0.805231
0.843008
0.777329
0.821531
0.822163
0.794607
0.754968
0.815668
0.796086
0.831490
0.778801
0.799165
0.748101
0.786807
0.825189
0.819907
0.761979
0.817736
0.862142
0.781281
0.812791
0.839447
0.838518
0.806122
0.853712
0.832532
0.792783
0.773041
0.794111
0.797019
0.806491
0.812694
0.887121
0.819858
0.818389
0.813331
0.814582
0.871792
0.819576
0.853047
0.774103
0.869519
0.821706
0.809901
0.903636
0.830351
0.828491
0.807252
0.793427
0.791189
0.862527
0.810575
0.796731
0.831284
0.758191
0.781519
0.816327
0.782811
0.868440
0.810854
0.789944
0.852186
0.799671
0.812183
0.759704
0.787361
0.814788
0.799102
0.793137
0.835050
0.836663
0.768773
0.773267
0.759064
0.829356
0.789012
0.770094
0.844754
0.813452
0.803829
0.791004
0.772457
0.800298
0.801113
0.825452
0.808140
0.799351
0.896334
0.768670
0.784294
0.780101
0.829311
0.805644
0.795649
0.747718
0.828162
0.787745
0.804708
0.837789
0.771761
0.818790
0.773319
0.855817
0.795207
0.796475
0.768422
0.816792
0.771595
0.751482
0.830513
0.829131
0.793699
0.777909
0.759647
0.791521
0.814187
0.769786
0.737225
0.829492
0.848269
0.810760
0.776889
0.754226
0.739404
0.801892
0.844540
0.824499
0.772888
0.730985
0.804013
0.789977
0.799641
0.811073
0.724221
0.767031
0.826562
0.786898
0.812637
0.783493
0.774013
0.790963
0.780350
0.804448
0.801302
0.784276
0.805568
0.816361
0.784157
0.760359
0.776023
0.780085
0.836844
0.844095
0.743923
0.799901
0.830363
0.840848
0.793336
0.794873
0.837631
0.785989
0.777167
0.796101
0.803646
0.828134
0.855150
0.803814
0.783572
0.869636
0.833380
0.814252
0.843999
0.803734
0.808409
0.785244
0.742553
0.734390
0.808304
0.776300
0.809317
0.820205
0.746244
0.797669
0.785265
0.793025
0.795620
0.798764
0.777358
0.793890
0.817647
0.810809
0.796530
0.800737
0.778786
0.801513
0.824538
0.791822
0.797981
0.769562
0.779111
0.788489
0.800223
0.819781
0.888044
0.800508
0.756595
0.838365
0.720666
0.763830
0.827326
0.760576
0.800885
0.771019
0.789465
0.779904
0.770979
0.812277
0.795183
0.770564
0.773007
0.773085
0.804969
0.822691
0.767596
0.754665
0.775259
0.782634
0.795286
0.793794
0.793696
0.861143
0.780849
0.775858
0.840557
0.804504
0.764543
0.785962
0.860357
0.784918
0.827797
0.786815
0.877145
0.764291
0.764757
0.818170
0.815419
0.761273
0.725941
0.790827
0.783537
0.837904
0.819218
0.845406
0.777978
0.795073
0.781024
0.812489
0.830907
0.785181
0.823115
0.739599
0.740943
0.747245
0.757782
0.740426
0.822093
0.826651
0.751710
0.777877
0.805561
0.818134
0.827325
0.820650
0.836279
0.823736
0.765949
0.793493
0.776341
0.779612
0.784177
0.767784
0.816371
0.831713
0.817971
0.772615
0.808798
0.781270
0.826899
0.770866
0.795995
0.779448
0.821896
0.757842
0.809026
0.816321
0.770449
0.809373
0.793502
0.790171
0.823846
0.854947
0.793103
0.836974
0.826935
0.829980
0.794811
0.789644
0.825544
0.770760
0.782921
0.771227
0.869052
0.765011
0.788406
0.804913
0.784964
0.763470
0.856686
0.811581
0.782448
0.790194
0.804838
0.766900
0.753922
0.875455
0.786435
0.814366
0.758200
0.822637
0.838101
0.848495
0.771893
0.793656
0.777989
0.796206
0.750072
0.754354
0.813900
0.779688
0.757671
0.723834
0.771003
0.854573
0.739048
0.814190
0.816743
0.804440
0.862728
0.775087
0.768213
0.790151
0.838068
0.821773
0.750471
0.796271
0.747986
0.796289
0.760163
0.817661
0.811710
0.745249
0.779750
0.781720
0.844817
0.799563
0.780282
0.784284
0.786981
0.785827
0.768904
0.777914
0.810874
0.795355
0.807211
0.773491
0.793271
0.775465
0.877668
0.734531
0.758581
0.763533
0.822564
0.816585
0.897014
0.785767
0.801476
0.763036
0.832041
0.827555
0.786397
0.796479
0.758135
0.846634
0.796774
0.784344
0.777290
0.806566
0.799707
0.785621
0.858151
0.849430
0.766895
0.834506
0.741467
0.832574
0.792985
0.766160
0.817187
0.782636
0.868893
0.817286
0.773777
0.783660
0.735147
0.768058
0.743537
0.769912
0.800667
0.800167
0.813200
0.764542
0.790059
0.782251
0.771777
0.788629
0.844357
0.827855
0.807733
0.828459
0.750778
0.773114
0.816208
0.812836
0.795712
0.822594
0.834100
0.762725
0.796367
0.857485
0.849890
0.801895
0.836189
0.774057
0.840405
0.775561
0.773442
0.790745
0.757484
0.793897
0.784713
0.792048
0.754982
0.806754
0.771112
0.761092
0.798662
0.772718
0.771206
0.857733
0.786555
0.779690
0.776085
0.762108
0.803125
0.781312
0.780116
0.877627
0.815219
0.807168
0.777855
0.744303
0.745617
0.834711
0.757948
0.753499
0.769028
0.794977
0.793716
0.779706
0.797611
0.801624
0.798185
0.762961
0.809442
0.767157
0.832795
0.806857
0.784613
0.776070
0.824144
0.789783
0.771148
0.790503
0.755582
0.794779
0.782429
0.818603
0.846964
0.743175
0.816073
0.790949
0.796975
0.806863
0.755442
0.748048
0.804250
0.755699
0.821773
0.775642
0.789239
0.773582
0.796268
0.764836
0.882043
0.846847
0.760783
0.826031
0.776346
0.773911
0.745513
0.801524
0.833790
0.758847
0.796162
0.804240
0.724094
0.794452
0.804520
0.793541
0.770153
0.784395
0.800839
0.787817
0.755956
0.783656
0.803951
0.817398
0.830763
0.774402
0.750052
0.731246
0.768025
0.853708
0.844702
0.831305
0.836820
0.751663
0.778570
0.727897
0.721760
0.763969
0.783083
0.791034
0.756848
0.805244
0.783594
0.794049
0.798958
0.804005
0.770716
0.765688
0.778959
0.772264
0.784634
0.814098
0.776168
0.767636
0.841596
0.834839
0.772487
0.828113
0.816951
0.740647
0.831630
0.738855
0.812808
0.801535
0.757177
0.785789
0.764289
0.847120
0.835609
0.789173
0.786946
0.773713
0.774370
0.754557
0.803492
0.813905
0.820521
0.775674
0.763325
0.812929
0.807276
0.781919
0.761977
0.752127
0.753886
0.800124
0.824873
0.787864
0.788041
0.795786
0.799952
0.752841
0.783207
0.758206
0.825792
0.753764
0.771749
0.794926
0.830684
0.754686
0.774643
0.786845
0.815581
0.812960
0.748531
0.785746
0.769554
0.812290
0.819063
0.831388
0.776797
0.790791
0.732254
0.761801
0.796410
0.793745
0.768694
0.779852
0.779974
0.755951
0.806167
0.795693
0.764938
0.848582
0.805013
0.781797
0.783990
0.789169
0.820421
0.812186
0.841127
0.737637
0.752218
0.780525
0.820734
0.797111
0.764833
0.785408
0.784735
0.804446
0.831757
0.802911
0.774964
0.767917
0.768722
0.752259
0.840660
0.885134
0.733682
0.783920
0.802676
0.844344
0.764390
0.755150
0.777532
0.751100
0.799759
0.772088
0.804216
0.776010
0.790973
0.807732
0.790905
0.828362
0.784380
0.749903
0.789171
0.732347
0.767387
0.826151
0.856395
0.810154
0.776662
0.768853
0.801866
0.832281
0.792941
0.832526
0.818224
0.760427
0.786694
0.759788
0.784831
0.780410
0.762769
0.749141
0.828234
0.791380
0.785380
0.791428
0.801250
0.841710
0.805831
0.767150
0.841083
0.829488
0.775750
0.805194
0.765603
0.775110
0.796219
0.810994
0.819396
0.830181
0.787955
0.769270
0.825337
0.752667
0.804308
0.787620
0.810211
0.737831
0.750723
0.778777
0.802624
0.845362
0.772393
0.786291
0.798106
0.743422
0.803418
0.734109
0.759770
0.756524
0.807066
0.800390
0.782569
0.774368
0.785123
0.797336
0.802345
0.759709
0.805422
0.805307
0.789790
0.756839
0.787654
0.814133
0.813713
0.771972
0.882319
0.794202
0.779145
0.801083
0.758490
0.802385
0.788251
0.826872
0.807501
0.788302
0.878386
0.778651
0.737464
0.821820
0.763269
0.777614
0.803251
0.765392
0.813707
0.811405
0.743126
0.795102
0.832410
0.762318
0.747733
0.772072
0.785112
0.753138
0.799888
0.797264
0.804282
0.746756
0.826398
0.793712
0.776062
0.801009
0.731594
0.786034
0.729861
0.817406
0.772068
0.797727
0.741662
0.805492
0.790931
0.749503
0.735498
0.777721
0.837115
0.782881
0.751925
0.759138
0.830185
0.761193
0.843161
0.779509
0.778616
0.741932
0.759268
0.773108
0.793562
0.773729
0.728296
0.811657
0.789809
0.805268
0.800054
0.818820
0.760005
0.777675
0.833592
0.787047
0.808765
0.748641
0.780320
0.774424
0.801140
0.782111
0.748235
0.771514
0.827062
0.780547
0.815879
0.814473
0.764679
0.800233
0.800732
0.790719
0.766516
0.824903
0.736647
0.762987
0.765453
0.813356
0.769557
0.796504
0.757132
0.790247
0.763370
0.794402
0.793191
0.776909
0.740436
0.758458
0.801339
0.785638
0.740294
0.789664
0.744068
0.799163
0.765615
0.778693
0.879165
0.820375
0.744220
0.802685
0.801656
0.759087
0.753360
0.807850
0.768702
0.852937
0.795455
0.796476
0.786033
0.745268
0.829726
0.831407
0.788423
0.760297
0.805183
0.745906
0.753816
0.792429
0.841394
0.817285
0.804729
0.801761
0.832988
0.765383
0.744462
0.792638
0.787722
0.780932
0.757552
0.756078
0.816099
0.756753
0.786084
0.827444
0.794733
0.774878
0.762682
0.783815
0.794014
0.781215
0.744554
0.747470
0.773330
0.794639
0.786888
0.828497
0.766582
0.741453
0.766680
0.775433
0.798525
0.763080
0.772233
0.749398
0.780797
0.799734
0.793377
0.778777
0.775366
0.797573
0.763249
0.782955
0.788710
0.867411
0.797421
0.843309
0.766303
0.764820
0.817374
0.773815
0.734442
0.763912
0.775475
0.749654
0.780067
0.799758
0.820034
0.729950
0.794049
0.726956
0.738059
0.756219
0.767697
0.760326
0.764687
0.772807
0.757038
0.766639
0.776250
0.733695
0.796022
0.857300
0.755802
0.766905
0.804203
0.811683
0.780098
0.769118
0.802516
0.806382
0.811232
0.769963
0.750943
0.742411
0.734612
0.796391
0.742518
0.795792
0.753040
0.794982
0.802591
0.806213
0.750784
0.896735
0.746063
0.831353
0.747507
0.785270
0.739758
0.755331
0.735698
0.809485
0.797430
0.784750
0.789809
0.734611
0.778491
0.771774
0.766687
0.775940
0.782362
0.760726
0.804590
0.809089
0.805496
0.776748
0.783800
0.791555
0.804851
0.812638
0.778265
0.834840
0.768577
0.768153
0.817752
0.777167
0.844942
0.795281
0.762893
0.845870
0.763365
0.803133
0.761673
0.787613
0.826467
0.825475
0.777808
0.768877
0.814671
0.762694
0.787829
0.738469
0.734197
0.799825
0.749247
0.775788
0.789095
0.789096
0.784736
0.772481
0.796181
0.791910
0.826249
0.754048
0.750192
0.739460
0.757408
0.763186
0.732922
0.785104
0.786852
0.758965
0.763134
0.767460
0.786491
0.789666
0.767430
0.758050
0.817436
0.864228
0.736237
0.833479
0.758422
0.743983
0.805209
0.805607
0.774616
0.758598
0.747494
0.736115
0.851261
0.777513
0.846059
0.770907
0.758475
0.805249
0.813762
0.771603
0.743187
0.770402
0.758123
0.791527
0.766975
0.832941
0.804909
0.768292
0.795765
0.789501
0.801504
0.863971
0.767066
0.831482
0.763265
0.790466
0.775444
0.730797
0.769953
0.783047
0.754051
0.825021
0.740790
0.747340
0.743201
0.735450
0.731945
0.770385
0.828516
0.789168
0.798418
0.817697
0.817944
0.777784
0.796288
0.770585
0.801998
0.765946
0.825547
0.771771
0.801590
0.789998
0.799361
0.765381
0.757053
0.781312
0.775595
0.776527
0.785971
0.765953
0.846735
0.751020
0.794407
0.791915
0.757840
0.775351
0.812546
0.780808
0.755066
0.791271
0.733354
0.749156
0.767955
0.797611
0.817714
0.772942
0.779095
0.777786
0.791011
0.807926
0.787274
0.746013
0.762107
0.774303
0.852531
0.758844
0.737107
0.812662
0.744542
0.779555
0.742980
0.753145
0.768806
0.805026
0.810724
0.780537
0.797665
0.818831
0.798495
0.745095
0.773326
0.793780
0.740933
0.756242
0.793601
0.851447
0.739230
0.761772
0.734675
0.789182
0.796770
0.746056
0.816273
0.777046
0.776736
0.758718
0.749767
0.766504
0.767407
0.810767
0.809228
0.739463
0.807793
0.757311
0.736498
0.742958
0.768676
0.787109
0.821462
0.766882
0.751696
0.843776
0.761127
0.790842
0.765603
0.809800
0.781189
0.781256
0.754311
0.749935
0.742145
0.823949
0.767580
0.819023
0.757222
0.807546
0.740689
0.798655
0.758466
0.781255
0.754388
0.790118
0.783216
0.763918
0.838756
0.766587
0.799345
0.792260
0.843464
0.765070
0.811773
0.788252
0.829701
0.736146
0.782076
0.815886
0.742248
0.803351
0.804671
0.798247
0.790471
0.716633
0.784087
0.776404
0.777004
0.801351
0.773968
0.789178
0.846435
0.815681
0.803418
0.808094
0.796259
0.759344
0.783941
0.765671
0.794480
0.744678
0.790585
0.780593
0.796314
0.792072
0.808554
0.778474
0.775020
0.852182
0.803875
0.804611
0.823873
0.800469
0.828271
0.769109
0.732123
0.742120
0.736047
0.816528
0.792953
0.760077
0.815299
0.750032
0.834039
0.766323
0.782757
0.788242
0.805713
0.774010
0.840959
0.831177
0.741088
0.762497
0.809914
0.779581
0.839836
0.772692
0.762801
0.767930
0.807083
0.749450
0.818252
0.732943
0.742766
0.795921
0.783857
0.810013
0.773794
0.819529
0.773784
0.799451
0.762842
0.753976
0.723532
0.793713
0.802049
0.796584
0.767555
0.768183
0.761262
0.774298
0.770392
0.764449
0.791984
0.822102
0.744971
0.738731
0.825408
0.760307
0.779813
0.776659
0.773465
0.766000
0.822796
0.785393
0.772234
0.908482
0.746170
0.792504
0.748112
0.808399
0.813815
0.822683
0.728840
0.778355
0.786917
0.779461
0.780795
0.756122
0.769516
0.824990
0.748638
0.739246
0.749665
0.816421
0.783835
0.747869
0.756391
0.772894
0.746735
0.785657
0.803751
0.824129
0.727836
0.751765
0.762243
0.785302
0.760459
0.740252
0.787502
0.778403
0.813666
0.737102
0.780872
0.741374
0.758254
0.777188
0.814467
0.790605
0.822466
0.801453
0.819615
0.859501
0.772192
0.821328
0.800091
0.789981
0.804965
0.783016
0.772590
0.766973
0.852095
0.779601
0.765883
0.761389
0.862338
0.740545
0.774053
0.813091
0.751606
0.736742
0.762857
0.762092
0.795960
0.804384
0.773594
0.736693
0.764116
0.803475
0.741167
0.768143
0.755557
0.831333
0.749731
0.797867
0.741486
0.775347
0.793830
0.746559
0.772858
0.809676
0.782393
0.770096
0.777776
0.748730
0.722948
0.778501
0.767838
0.775225
0.771859
0.816001
0.853953
0.780420
0.746789
0.837736
0.780623
0.794684
0.736706
0.751006
0.796497
0.781637
0.788146
0.760634
0.763509
0.783319
0.805369
0.802341
0.778518
0.801573
0.763278
0.790391
0.786126
0.794691
0.815309
0.801720
0.808651
0.779517
0.772773
0.773693
0.749417
0.775878
0.783770
0.800802
0.761824
0.779697
0.842058
0.770648
0.752675
0.772901
0.819481
0.787014
0.808789
0.810444
0.740582
