2.302618
2.299202
2.277356
2.239212
2.173760
2.088613
2.023848
2.084351
2.067750
2.013638
2.027920
2.018121
2.084119
2.066270
2.008917
1.915333
1.943846
2.004347
1.908744
1.968318
1.863627
1.914243
1.906522
1.906277
1.872950
2.013694
1.895796
1.849688
1.851859
1.818321
1.823989
1.894233
1.824336
1.762823
1.772515
1.933841
1.850137
1.775858
1.834421
1.789957
1.838744
1.749142
1.752987
1.766262
1.779604
1.661527
1.700740
1.734730
1.798674
1.756836
1.794828
1.733400
1.700594
1.761460
1.874679
1.750417
1.734575
1.681379
1.742731
1.782705
1.697798
1.760198
1.759179
1.836718
1.802397
1.770431
1.747209
1.701054
1.715207
1.680884
1.667857
1.698415
1.704674
1.730698
1.685862
1.680700
1.618224
1.607411
1.696182
1.692432
1.738784
1.570568
1.533578
1.758741
1.668015
1.680226
1.607421
1.704780
1.603252
1.557256
1.588865
1.635519
1.512795
1.582682
1.634202
1.665387
1.600106
1.663652
1.659024
1.702898
1.691283
1.693668
1.588342
1.711269
1.635243
1.594620
1.632052
1.607757
1.543554
1.606200
1.471674
1.636925
1.519131
1.578686
1.602170
1.564968
1.591544
1.657366
1.587103
1.513277
1.503752
1.694428
1.516111
1.574659
1.585848
1.516128
1.557147
1.592063
1.583034
1.640345
1.453458
1.558517
1.547111
1.457908
1.427374
1.495559
1.528620
1.442932
1.565537
1.424795
1.456231
1.485798
1.641089
1.482961
1.432814
1.447521
1.653546
1.427246
1.502670
1.535127
1.582354
1.514035
1.523960
1.430864
1.470294
1.463290
1.450837
1.481102
1.462775
1.423883
1.459712
1.604262
1.446652
1.527293
1.501908
1.420693
1.473733
1.496925
1.365479
1.506449
1.538903
1.492042
1.506726
1.484324
1.543168
1.411611
1.404946
1.541916
1.509171
1.382377
1.396420
1.394811
1.345108
1.408692
1.422586
1.431378
1.401413
1.580795
1.463223
1.453988
1.343607
1.386577
1.520192
1.358729
1.431282
1.523607
1.460111
1.447854
1.333367
1.360287
1.267205
1.265698
1.430258
1.385961
1.321558
1.369156
1.259346
1.310684
1.350782
1.432033
1.415992
1.371649
1.438802
1.326031
1.481527
1.314503
1.300481
1.369146
1.306436
1.532518
1.327296
1.452281
1.348937
1.392159
1.424997
1.415460
1.374956
1.407111
1.406124
1.318463
1.279431
1.421894
1.267879
1.230488
1.323094
1.271220
1.271744
1.416530
1.310086
1.305163
1.299544
1.437100
1.385827
1.436471
1.372273
1.244675
1.316636
1.349345
1.244355
1.306096
1.291783
1.259593
1.312054
1.374878
1.254117
1.225030
1.314377
1.253440
1.279248
1.296689
1.351398
1.292965
1.275452
1.282984
1.173121
1.208647
1.201743
1.179125
1.229172
1.253450
1.189460
1.298445
1.188035
1.216290
1.197143
1.283430
1.342433
1.296222
1.267875
1.118608
1.093492
1.275045
1.258963
1.266241
1.323158
1.133539
1.245078
1.142416
1.207206
1.239084
1.296249
1.195058
1.132501
1.192497
1.147858
1.218246
1.182227
1.145647
1.166331
1.268473
1.243254
1.161418
1.142021
1.176746
1.204617
1.260634
1.050833
1.173025
1.087775
1.123191
1.234134
1.129168
1.174670
1.178497
1.140780
1.183561
1.160054
1.103882
1.165831
1.234933
1.101762
1.171020
1.089525
1.182444
1.094867
1.182309
1.020034
1.191451
0.975270
1.077586
1.036878
1.069750
1.134147
1.233030
1.077020
1.160305
1.160030
1.221525
1.211277
1.169871
1.058308
1.182270
1.140520
1.162846
1.120356
1.144989
1.169702
1.207747
1.149923
1.163568
1.013884
1.046414
1.117980
1.068118
1.134790
1.022625
1.087456
1.085418
1.039835
1.218812
1.135977
1.054463
1.153146
1.176499
1.006804
1.110314
1.257188
1.012198
1.186427
0.986862
1.020314
1.125916
1.055305
0.976945
1.016042
1.052209
1.043934
0.997238
1.043773
1.087934
1.181914
0.951392
1.140043
1.024724
1.031646
1.105898
1.115104
0.942171
1.156826
1.162856
1.041469
1.107227
1.048120
1.048448
1.121248
1.002826
1.160533
1.015179
1.059723
1.003943
1.073960
1.044662
1.097737
1.082275
1.016002
1.210577
1.108648
0.949819
1.009260
1.049420
1.123198
1.011312
1.240757
1.086223
0.947835
1.067027
1.045990
1.171059
1.149056
0.885610
1.058953
1.045734
1.043044
1.232288
1.026400
1.028267
0.975938
1.015233
1.096116
1.041795
1.147985
1.054565
1.013443
1.074184
1.048799
1.074917
1.047640
1.073408
0.983819
1.085069
1.052628
1.026167
0.983178
0.950689
0.935212
1.114269
1.004024
1.013662
0.955746
1.069657
0.906808
0.976862
1.041195
1.031468
1.034681
0.878643
1.064621
0.972493
1.065517
1.131178
1.045357
1.120739
1.146861
0.973699
1.057338
0.946493
1.037400
1.020617
0.920962
1.018143
1.058494
1.099073
1.026519
1.006081
0.865180
1.013182
1.028863
0.924324
0.983316
0.966588
0.872578
0.896143
0.918192
1.016227
1.133960
1.028211
0.927540
1.063438
0.972170
0.889247
1.073621
0.931239
0.893495
0.972909
1.024554
0.972079
1.140667
0.994517
0.903213
0.960380
0.957536
1.057442
0.974305
1.013213
0.925105
0.885307
0.953944
0.869434
0.885590
0.808183
0.837579
0.974269
0.942874
0.964320
0.912718
0.982263
0.939640
0.836136
0.942838
0.755835
0.938195
0.848981
0.948861
0.819608
0.950131
0.888951
0.877942
0.934737
0.901084
0.857161
0.882926
0.793862
0.848238
0.827795
0.886878
0.791830
0.850579
0.809025
0.988276
0.926334
0.848437
0.892581
0.931216
0.944480
0.877686
0.877620
0.779276
0.920443
0.788321
0.860549
0.869802
0.985735
0.906273
0.946570
0.851840
0.939790
1.001078
0.832069
0.875748
0.807843
0.852224
0.973804
0.844585
0.937419
0.930132
0.959309
0.864639
1.019584
0.980392
1.027509
0.903048
0.899343
0.921044
0.854008
1.003720
0.885440
0.776698
0.931697
0.926167
0.958752
0.827808
0.851967
0.908509
0.998016
0.780738
0.846164
0.841439
0.852885
0.940438
0.924887
0.880387
0.957276
0.945060
0.913029
0.909255
0.911900
0.876422
0.911376
0.838584
0.906335
0.910888
0.805233
0.917966
0.928472
0.901556
0.912875
0.807016
0.910221
0.880423
0.945209
0.919950
0.874864
0.834975
0.937732
0.746080
0.825086
0.773339
0.819651
0.851770
0.674028
0.699495
0.930226
0.911497
0.850003
0.873698
0.773202
0.694124
0.779285
0.852314
1.000796
0.880152
0.808630
0.914854
0.868866
1.015552
0.736003
0.882579
0.812466
0.763347
0.885288
0.906597
0.934792
0.923847
0.759574
0.795398
0.771068
0.907733
0.975498
0.794484
0.879062
0.871266
0.753342
0.819734
0.888787
0.775651
0.807465
0.762391
0.813915
0.908063
0.705274
0.828420
0.798427
0.870627
0.695935
0.915397
0.774208
0.770243
0.907548
0.799315
0.864588
0.983617
0.929341
0.810674
0.713091
0.807788
0.878601
0.788211
0.794845
0.878618
0.835771
0.923515
0.709327
0.811658
0.938878
0.903590
0.899586
0.819070
0.805632
0.801788
0.941450
0.961391
0.881377
0.839883
0.891836
0.725818
0.850176
0.715309
0.932225
0.900813
0.875963
0.824701
0.822445
0.750644
0.932343
0.821612
0.830124
0.857158
0.907529
0.764251
0.635225
0.743294
0.852966
0.769449
0.777665
0.886763
0.794479
0.748985
0.776718
0.794596
0.815209
0.747961
0.904924
0.771468
0.767620
0.818866
0.867891
0.829685
0.784616
0.783165
0.664722
0.798048
0.711133
0.730468
0.711465
0.850157
0.816880
0.821895
0.754413
0.878922
0.902144
0.692039
0.726536
0.770815
0.852864
0.744529
0.668827
0.794494
0.842067
0.897897
0.831372
0.961985
0.893404
0.824420
0.712655
0.800639
0.752631
0.735786
0.734531
0.779147
0.787808
0.717514
0.732058
0.852740
0.763277
0.744228
0.709422
0.715951
0.750501
0.641315
0.867550
0.733210
0.720444
0.722497
0.739416
0.757216
0.763762
0.793039
0.712492
0.765892
0.757618
0.783244
0.635684
0.775777
0.799025
0.624432
0.776315
0.795253
0.801019
0.841393
0.708333
0.731716
0.787697
0.764510
0.662752
0.717949
0.602760
0.733124
0.802303
0.688365
0.788110
0.861755
0.767249
0.719205
0.808467
0.863030
0.720780
0.711116
0.671337
0.781741
0.898878
0.774900
0.817217
0.716559
0.730744
0.722922
0.722239
0.709728
0.811905
0.701430
0.585544
0.706061
0.708044
0.741237
0.821655
0.783506
0.789503
0.732762
0.771765
0.699335
0.662302
0.659737
0.711144
0.811500
0.738429
0.754259
0.817108
0.662849
0.804068
0.686099
0.739753
0.698950
0.795944
0.713675
0.728096
0.764712
0.762303
0.666729
0.641873
0.729485
0.697595
0.693189
0.733341
0.824124
0.705793
0.702502
0.785274
0.773472
0.665239
0.835516
0.665551
0.807963
0.729271
0.712823
0.828574
0.737875
0.679174
0.750750
0.757168
0.802666
0.800360
0.772652
0.660606
0.830330
0.764369
0.801677
0.743693
0.724650
0.724054
0.689672
0.615791
0.699140
0.680753
0.678286
0.604794
0.652835
0.702123
0.687276
0.683995
0.614697
0.602173
0.615384
0.759373
0.581805
0.649317
0.726472
0.620396
0.779206
0.711681
0.675195
0.756234
0.694708
0.806559
0.665213
0.743481
0.785223
0.739810
0.822397
0.752627
0.676281
0.728660
0.737200
0.684715
0.688343
0.601713
0.659967
0.707950
0.719680
0.752965
0.699896
0.707752
0.775480
0.633897
0.770355
0.601561
0.648222
0.889330
0.724268
0.681596
0.653043
0.642111
0.680420
0.658175
0.718292
0.669363
0.610014
0.652330
0.612981
0.682382
0.760121
0.754917
0.692906
0.610318
0.759089
0.804304
0.696745
0.715674
0.615615
0.803850
0.670164
0.609119
0.747166
0.724923
0.720508
0.622733
0.674870
0.721712
0.649827
0.803114
0.616928
0.637205
0.578932
0.691600
0.594348
0.698453
0.588093
0.649844
0.747051
0.606573
0.704967
0.634958
0.603310
0.836615
0.744981
0.565587
0.595195
0.593751
0.702820
0.649370
0.588055
0.746971
0.664315
0.689603
0.684255
0.654321
0.716637
0.723303
0.689310
0.792809
0.821316
0.649841
0.614264
0.774123
0.650772
0.702541
0.674118
0.629372
0.591699
0.705241
0.674979
0.648004
0.670784
0.715654
0.782553
0.894285
0.597752
0.733405
0.647004
0.744719
0.690983
0.696215
0.688973
0.658423
0.762783
0.624521
0.692482
0.750089
0.675560
0.619323
0.709523
0.685309
0.798593
0.761535
0.651396
0.683721
0.726897
0.714890
0.675476
0.695311
0.615932
0.639686
0.698667
0.588560
0.611539
0.647174
0.666632
0.620765
0.707919
0.648551
0.593639
0.631056
0.660016
0.794164
0.761386
0.756574
0.690664
0.663324
0.777210
0.639716
0.666755
0.636726
0.630585
0.601623
0.571564
0.603653
0.705454
0.596034
0.564557
0.655558
0.689490
0.731436
0.603312
0.598727
0.687123
0.637998
0.604807
0.641161
0.574651
0.562539
0.654409
0.685565
0.792236
0.573710
0.746485
0.659619
0.635126
0.776883
0.622812
0.617003
0.667549
0.703796
0.614390
0.747030
0.656224
0.640044
0.689400
0.592777
0.544263
0.697775
0.609290
0.631035
0.756308
0.719653
0.547965
0.733564
0.648323
0.640310
0.566804
0.657789
0.576481
0.713802
0.613545
0.641950
0.550194
0.739054
0.483938
0.716992
0.668371
0.714623
0.705329
0.680592
0.677523
0.583326
0.474685
0.658770
0.596894
0.541275
0.739678
0.638522
0.678203
0.812394
0.658146
0.448514
0.603421
0.623289
0.633581
0.660097
0.565089
0.581363
0.632684
0.666165
0.591161
0.792131
0.689544
0.586364
0.626422
0.482557
0.518970
0.722347
0.659902
0.616644
0.700502
0.623911
0.569192
0.630915
0.536887
0.659102
0.667856
0.630308
0.683274
0.709340
0.687248
0.525326
0.514901
0.555260
0.692325
0.681785
0.666246
0.601390
0.719155
0.710405
0.627282
0.659047
0.681045
0.538726
0.610195
0.608340
0.601040
0.648293
0.682464
0.644099
0.607674
0.619435
0.573455
0.608566
0.557859
0.537040
0.593764
0.628148
0.516042
0.713927
0.604742
0.697373
0.499003
0.485170
0.552021
0.599149
0.729005
0.620478
0.623245
0.625741
0.541825
0.640142
0.632999
0.646828
0.656119
0.685430
0.655560
0.552046
0.583209
0.576689
0.641116
0.724323
0.773580
0.559765
0.602049
0.588428
0.525474
0.422191
0.619843
0.677121
0.584226
0.601416
0.574633
0.751881
0.667084
0.526590
0.584141
0.727246
0.578127
0.508260
0.570395
0.548165
0.547780
0.582722
0.596308
0.499625
0.519991
0.620176
0.533075
0.435749
0.489800
0.497820
0.716420
0.496081
0.507124
0.595602
0.504165
0.572639
0.640134
0.614536
0.729994
0.594072
0.626891
0.528767
0.644022
0.604018
0.477273
0.638978
0.583583
0.679300
0.470893
0.476681
0.512121
0.530587
0.617810
0.575643
0.487045
0.659646
0.607907
0.596046
0.492987
0.571215
0.568850
0.476954
0.713544
0.604299
0.674226
0.514581
0.552201
0.581573
0.644378
0.648014
0.606208
0.558033
0.577118
0.726700
0.641347
0.513699
0.503847
0.561464
0.675794
0.591074
0.570492
0.526556
0.555419
0.621907
0.634819
0.596294
0.590418
0.628121
0.498935
0.642773
0.538514
0.512364
0.642436
0.581171
0.482387
0.551450
0.584592
0.564008
0.557944
0.622859
0.662346
0.530912
0.704358
0.557927
0.674797
0.550186
0.551717
0.673550
0.594646
0.605101
0.608736
0.523976
0.651458
0.695085
0.581207
0.559229
0.651387
0.569483
0.420503
0.586259
0.614273
0.699578
0.625138
0.641171
0.617922
0.628840
0.663054
0.681857
0.597681
0.525736
0.667171
0.516911
0.596232
0.599859
0.526260
0.549424
0.578851
0.612249
0.501372
0.559776
0.535621
0.566914
0.635955
0.603767
0.592667
0.551683
0.681560
0.594517
0.534523
0.547994
0.542941
0.505202
0.531427
0.521604
0.527819
0.571043
0.541872
0.521667
0.598174
0.610437
0.668672
0.516144
0.691713
0.605184
0.538509
0.606421
0.508564
0.575321
0.541918
0.565848
0.484129
0.621526
0.565999
0.624632
0.567105
0.537922
0.566255
0.697921
0.529590
0.572245
0.603222
0.554275
0.587492
0.556626
0.631116
0.505710
0.517336
0.649215
0.515421
0.525868
0.603914
0.545674
0.556733
0.607168
0.530958
0.607167
0.617817
0.543311
0.500728
0.602222
0.545888
0.504222
0.615379
0.505343
0.511212
0.429386
0.485215
0.561214
0.549564
0.625805
0.517820
0.531530
0.497917
0.610865
0.472981
0.488896
0.505488
0.471923
0.577534
0.439930
0.459336
0.465083
0.578107
0.545697
0.517000
0.525369
0.497757
0.468418
0.482859
0.448129
0.641752
0.573243
0.400847
0.410932
0.619289
0.566592
0.534073
0.558532
0.611562
0.604727
0.438486
0.531460
0.544647
0.477780
0.494467
0.555342
0.555068
0.460554
0.473706
0.456919
0.586935
0.523187
0.549680
0.411533
0.543151
0.514108
0.619099
0.507208
0.500674
0.545933
0.561037
0.630690
0.567634
0.428249
0.532542
0.514747
0.507019
0.535998
0.488098
0.566433
0.592943
0.506722
0.531913
0.460888
0.472417
0.636932
0.632889
0.629049
0.578687
0.468427
0.488933
0.617528
0.467168
0.594604
0.628722
0.543289
0.472137
0.516503
0.548231
0.522011
0.476801
0.558787
0.548381
0.483884
0.571339
0.542226
0.447090
0.596329
0.567200
0.609911
0.551429
0.571548
0.521064
0.415098
0.663638
0.526473
0.570154
0.417744
0.369143
0.481909
0.542344
0.507352
0.574577
0.582707
0.445641
0.538447
0.575274
0.546669
0.533422
0.456187
0.703949
0.521557
0.532026
0.540934
0.523459
0.604707
0.690677
0.505925
0.536247
0.473454
0.498434
0.470018
0.540963
0.538679
0.507774
0.475915
0.564592
0.574652
0.452856
0.520013
0.499262
0.498400
0.533614
0.458072
0.504239
0.627168
0.543633
0.573411
0.454819
0.346636
0.411090
0.487945
0.500253
0.428173
0.631594
0.547372
0.522315
0.536161
0.537654
0.540216
0.549100
0.690098
0.413440
0.517576
0.532489
0.619126
0.546008
0.683484
0.540512
0.551421
0.504423
0.565304
0.581232
0.471619
0.541685
0.495958
0.465386
0.623105
0.461685
0.575485
0.438681
0.434003
0.467081
0.584785
0.463593
0.373650
0.465987
0.565329
0.524336
0.441394
0.568546
0.525122
0.537613
0.486025
0.521937
0.487350
0.519841
0.351318
0.549789
0.460539
0.498809
0.469316
0.477816
0.561083
0.491618
0.485610
0.459334
0.491541
0.421508
0.421854
0.513268
0.389502
0.470920
0.462750
0.458995
0.501159
0.568756
0.430034
0.461280
0.481665
0.590150
0.505807
0.448142
0.525299
0.394083
0.623478
0.539503
0.537639
0.552859
0.611420
0.461219
0.378253
0.518259
0.508286
0.395636
0.450073
0.434148
0.503168
0.492876
0.479740
0.393353
0.513250
0.459949
0.481848
0.417958
0.521538
0.411229
0.438325
0.510788
0.436372
0.442191
0.520467
0.444370
0.515028
0.439720
0.459384
0.556834
0.376721
0.592378
0.560983
0.483434
0.469537
0.511883
0.525024
0.409945
0.339919
0.471017
0.506596
0.485290
0.437238
0.515687
0.418340
0.445354
0.434875
0.524872
0.455701
0.436422
0.440637
0.476980
0.540872
0.516855
0.556381
0.532973
0.432254
0.412694
0.408398
0.481791
0.411875
0.449307
0.508429
0.595788
0.528545
0.528838
0.417918
0.436554
0.433815
0.561890
0.397869
0.535090
0.433808
0.552095
0.468317
0.587942
0.539363
0.527647
0.435411
0.463786
0.445530
0.535224
0.480243
0.434072
0.484905
0.395981
0.422775
0.569784
0.441564
0.504633
0.543918
0.492522
0.441780
0.487593
0.438710
0.497075
0.539445
0.457069
0.368732
0.415978
0.538458
0.539328
0.517589
0.438974
0.444701
0.493300
0.391255
0.549811
0.515602
0.402694
0.393966
0.449544
0.512686
0.544929
0.521345
0.487945
0.531813
0.481153
0.544567
0.347115
0.536731
0.433256
0.518454
0.503607
0.490796
0.387220
0.441544
0.436976
0.386742
0.379880
0.499389
0.379745
0.393334
0.351112
0.491084
0.402789
0.441304
0.488670
0.356465
0.491587
0.330706
0.387535
0.428619
0.422684
0.482749
0.540820
0.403748
0.505348
0.402451
0.431574
0.540477
0.450022
0.510459
0.406906
0.429212
0.526674
0.480680
0.416903
0.470383
0.403495
0.499067
0.400912
0.403050
0.391958
0.464700
0.426126
0.471550
0.409309
0.421349
0.435049
0.409773
0.426339
0.400672
0.405812
0.367159
0.483683
0.438974
0.477416
0.404612
0.422975
0.346440
0.537433
0.394245
0.365314
0.410124
0.458809
0.486490
0.398085
0.423648
0.377392
0.448683
0.367285
0.416956
0.478576
0.541418
0.530965
0.510516
0.546833
0.457484
0.529857
0.534061
0.402885
0.515897
0.455906
0.408711
0.520678
0.415248
0.447018
0.488864
0.392679
0.543822
0.414131
0.504954
0.437108
0.614358
0.419931
0.513025
0.453661
0.443460
0.479841
0.410938
0.366208
0.428935
0.481798
0.328588
0.368069
0.430374
0.528227
0.414061
0.394891
0.470537
0.476283
0.444696
0.384648
0.452464
0.426208
0.415503
0.472389
0.491193
0.467306
0.468482
0.472625
0.531039
0.408745
0.458791
0.434511
0.446759
0.372969
0.409461
0.471483
0.381436
0.447369
0.436960
0.512414
0.395333
0.498206
0.538109
0.476202
0.456783
0.601799
0.361669
0.502377
0.438841
0.617697
0.441501
0.444823
0.503301
0.440013
0.435427
0.440779
0.434585
0.447129
0.431206
0.547385
0.444769
0.415462
0.465313
0.429921
0.476226
0.526005
0.425554
0.496869
0.415793
0.477446
0.469096
0.402393
0.446614
0.439044
0.392668
0.453960
0.382183
0.418443
0.403673
0.391318
0.413644
0.522237
0.407633
0.499358
0.411012
0.396599
0.339336
0.303065
0.388188
0.407309
0.408375
0.377236
0.468251
0.336365
0.359468
0.379546
0.355168
0.418010
0.407447
0.479999
0.383799
0.382215
0.399119
0.373981
0.362887
0.422569
0.350571
0.395326
0.485656
0.378707
0.394654
0.494077
0.425600
0.474032
0.537695
0.472641
0.361558
0.329954
0.340086
0.273454
0.446762
0.413127
0.487444
0.412197
0.357868
0.508496
0.366869
0.410890
0.487323
0.413025
0.417753
0.383312
0.399007
0.382660
0.305635
0.549477
0.440676
0.353997
0.513467
0.394752
0.388482
0.451862
0.365838
0.467471
0.502745
0.362985
0.335822
0.332868
0.343332
0.396988
0.485148
0.581510
0.498324
0.306208
0.307187
0.312056
0.394056
0.410095
0.441958
0.454935
0.494098
0.391751
0.390891
0.405329
0.393222
0.377629
0.381497
0.462199
0.393871
0.479367
0.519079
0.493719
0.521338
0.362600
0.406101
0.471908
0.366764
0.395190
0.439890
0.451428
0.409300
0.417190
0.412692
0.488951
0.423129
0.448405
0.373689
0.408679
0.378676
0.425402
0.428221
0.396925
0.328255
0.441098
0.409612
0.445735
0.361430
0.418791
0.309167
0.430568
0.519038
0.369448
0.338652
0.388940
0.476692
0.355523
0.583296
0.385394
0.392102
0.472656
0.312099
0.368158
0.316372
0.439316
0.460992
0.355546
0.422579
0.385144
0.389382
0.373929
0.434857
0.406959
0.356848
0.447402
0.384105
0.434555
0.426319
0.333621
0.442187
0.457854
0.464681
0.510028
0.479618
0.505816
0.392392
0.437219
0.397874
0.454056
0.425497
0.428315
0.409198
0.507972
0.412557
0.424967
0.490329
0.399997
0.312125
0.492742
0.359148
0.434572
0.415502
0.380262
0.392363
0.416316
0.374761
0.416593
0.426389
0.428576
0.398650
0.423694
0.489901
0.350318
0.362191
0.441093
0.306374
0.348273
0.426325
0.447193
0.394071
0.363953
0.303802
0.322232
0.314264
0.368757
0.367570
0.396944
0.408655
0.401882
0.374664
0.427702
0.446816
0.400923
0.323806
0.363242
0.309890
0.387484
0.391839
0.431080
0.334305
0.346054
0.341154
0.429428
0.398166
0.318815
0.340683
0.437149
0.351535
0.336983
0.448260
0.372178
0.406029
0.410196
0.407243
0.404931
0.361509
0.400515
0.306911
0.406140
0.333425
0.353801
0.340951
0.381291
0.284815
0.469601
0.321477
0.306793
0.517525
0.340614
0.436187
0.371740
0.384650
0.356865
0.419704
0.336045
0.330817
0.430382
0.330210
0.394287
0.376135
0.324965
0.416479
0.365717
0.416634
0.433876
0.475468
0.363269
0.334146
0.411070
0.281269
0.395206
0.365532
0.335134
0.458603
0.387641
0.477770
0.352845
0.287524
0.426479
0.274246
0.451909
0.382709
0.341435
0.374499
0.394572
0.411133
0.405336
0.348070
0.401381
0.374007
0.395152
0.325016
0.452584
0.431247
0.316755
0.347309
0.315173
0.411309
0.326688
0.382021
0.333599
0.315527
0.344076
0.357050
0.318650
0.356601
0.337985
0.294915
0.345611
0.310688
0.333710
0.332308
0.370126
0.335384
0.367348
0.333222
0.340228
0.409734
0.427312
0.283129
0.317106
0.342282
0.351222
0.386302
0.307390
0.322891
0.293721
0.437980
0.362915
0.366376
0.366632
0.311794
0.469689
0.412511
0.462590
0.354728
0.453980
0.389201
0.464530
0.468769
0.379879
0.309635
0.475952
0.436602
0.459282
0.383403
0.482699
0.345945
0.471295
0.526204
0.477097
0.376194
0.284348
0.464705
0.405621
0.431870
0.424045
0.420770
0.395389
0.517767
0.348716
0.416387
0.345614
0.376548
0.312221
0.328065
0.308949
0.403335
0.280376
0.347171
0.245416
0.402222
0.347678
0.367358
0.454144
0.330621
0.361682
0.376790
0.359765
0.304987
0.342344
0.305833
0.269800
0.310121
0.395218
0.295038
0.355714
0.308945
0.327179
0.344759
0.308001
0.339293
0.250252
0.479512
0.316988
0.306274
0.280778
0.457730
0.398354
0.325704
0.383887
0.377399
0.363962
0.357035
0.316008
0.397666
0.334716
0.310627
0.283541
0.339987
0.405149
0.322757
0.426282
0.285586
0.444867
0.361365
0.320528
0.297955
0.317743
0.331756
0.434088
0.281284
0.340553
0.303698
0.324208
0.375730
0.310275
0.297458
0.400930
0.407759
0.289602
0.274685
0.331159
0.355922
0.305731
0.413874
0.277692
0.409848
0.331873
0.372970
0.317383
0.431282
0.360511
0.315780
0.313145
0.281628
0.320981
0.441391
0.452924
0.372881
0.274116
0.439206
0.329783
0.311219
0.360501
0.430891
0.382820
0.330531
0.382371
0.386431
0.476956
0.428577
0.362996
0.471705
0.421792
0.329971
0.428118
0.345116
0.343030
0.364173
0.415228
0.383633
0.296332
0.417255
0.448748
0.320993
0.535081
0.267097
0.368395
0.384916
0.363862
0.357279
0.308003
0.309647
0.344156
0.390418
0.337362
0.320854
0.370680
0.339965
0.368558
0.359201
0.356212
0.532727
0.342877
0.344534
0.331817
0.353929
0.341749
0.277217
0.331095
0.489133
0.298727
0.325421
0.284813
0.363950
0.416113
0.288547
0.344878
0.347540
0.359043
0.270118
0.364269
0.319172
0.370283
0.401730
0.375462
0.393406
0.278928
0.302773
0.360560
0.328411
0.363377
0.409856
0.372427
0.280935
0.345114
0.429914
0.423064
0.353661
0.335513
0.336635
0.445358
0.330682
0.375504
0.349440
0.330158
0.356310
0.324580
0.374524
0.316393
0.343895
0.302001
0.345690
0.334017
0.343859
0.320347
0.310266
0.235348
0.266157
0.303927
0.282129
0.267002
0.345896
0.251184
0.299091
0.327410
0.388674
0.355521
0.301932
0.254135
0.340432
0.322608
0.254687
0.309912
0.257876
0.312175
0.307398
0.231996
0.378757
0.293979
0.304031
0.350233
0.345309
0.239982
0.272021
0.397008
0.301605
0.280277
0.335496
0.370481
0.289569
0.293536
0.315929
0.270144
0.313019
0.389704
0.381028
0.393671
0.388385
0.397547
0.434179
0.416516
0.317616
0.319903
0.361600
0.349655
0.315052
0.284370
0.362484
0.383084
0.419486
0.345029
0.320902
0.385755
0.268347
0.298769
0.364420
0.308336
0.325048
0.341872
0.279243
0.302622
0.301805
0.362467
0.350223
0.334130
0.310401
0.262907
0.342597
0.362435
0.359832
0.390743
0.275841
0.361084
0.298233
0.299016
0.338795
0.299956
0.237839
0.205561
0.336611
0.299947
0.333735
0.311108
0.260610
0.328005
0.272298
0.309350
0.306379
0.358167
0.270594
0.416324
0.297534
0.302463
0.326711
0.277498
0.359466
0.426004
0.430825
0.318091
0.318109
0.294272
0.335934
0.313465
0.441078
0.305901
0.439972
0.455766
0.375866
0.390365
0.341814
0.277916
0.347267
0.407778
0.355334
0.364264
0.273201
0.304295
0.373197
0.364850
0.342445
0.270221
0.257871
0.400167
0.351622
0.464092
0.345426
0.369272
0.291420
0.318700
0.294156
0.294657
0.285441
0.369059
0.408668
0.315465
0.382265
0.318146
0.372291
0.309505
0.335101
0.319237
0.235180
0.265605
0.458611
0.360362
0.293593
0.335542
0.523734
0.278373
0.418092
0.369896
0.294036
0.316753
0.354191
0.343156
0.319484
0.379216
0.265302
0.265815
0.376245
0.287246
0.382933
0.269962
0.294469
0.184926
0.348888
0.365498
0.277968
0.367183
0.236028
0.234135
0.270332
0.246865
0.220738
0.328460
0.427103
0.312470
0.208249
0.292587
0.240073
0.331191
0.293411
0.281331
0.226202
0.295947
0.326053
0.266357
0.300458
0.250830
0.290423
0.238798
0.293704
0.262844
0.302307
0.299708
0.295968
0.312517
0.342787
0.325477
0.349859
0.267337
0.321297
0.249239
0.437678
0.288770
0.288326
0.345006
0.267028
0.296529
0.310520
0.315810
0.364937
0.311506
0.396285
0.278225
0.224070
0.328166
0.295048
0.322756
0.413480
0.272805
0.306483
0.290386
0.352605
0.273587
0.336968
0.293557
0.257009
0.291532
0.369548
0.373686
0.337541
0.240316
0.285319
0.238534
0.324102
0.300588
0.343381
0.290661
0.322556
0.261478
0.332261
0.267314
0.278953
0.272669
0.194970
0.271770
0.262549
0.292568
0.340689
0.300870
0.346583
0.311993
0.275191
0.259509
0.311096
0.322145
0.337111
0.264252
0.246233
0.355134
0.250942
0.291533
0.296577
0.272426
0.312103
0.390172
0.349463
0.364164
0.294809
0.410505
0.264359
0.300358
0.293808
0.307067
0.260426
0.264719
0.351579
0.364214
0.354703
0.271718
0.302086
0.262078
0.343856
0.257854
0.352657
0.265521
0.336309
0.354659
0.278915
0.267068
0.359200
0.290850
0.258397
0.293619
0.374940
0.330699
0.303442
0.324507
0.407912
0.388760
0.257844
0.325943
0.319197
0.317881
0.300871
0.260745
0.345736
0.323760
0.267480
0.240126
0.353571
0.238298
0.402113
0.253940
0.260265
0.317602
0.221031
0.385158
0.339718
0.303853
0.291998
0.345901
0.335157
0.280972
0.244777
0.339863
0.294944
0.297942
0.209474
0.310947
0.273950
0.269062
0.279597
0.316226
0.343922
0.265301
0.272029
0.223806
0.248599
0.234732
0.299364
0.299918
0.264081
0.322747
0.257465
0.213255
0.228891
0.239683
0.270319
0.395643
0.228616
0.204295
0.223526
0.261079
0.346775
0.223398
0.268405
0.328522
0.249570
0.273592
0.230231
0.407191
0.325916
0.275226
0.233502
0.255169
0.223471
0.210049
0.206992
0.284131
0.337941
0.306480
0.312729
0.235262
0.249188
0.219555
0.241496
0.357411
0.232766
0.284706
0.223178
0.310442
0.311912
0.183723
0.261129
0.318113
0.239531
0.299720
0.267889
0.329654
0.239074
0.286273
0.259644
0.252386
0.224776
0.254180
0.260156
0.291110
0.306826
0.303346
0.277912
0.329632
0.247166
0.385925
0.320492
0.326521
0.219284
0.243048
0.198084
0.356544
0.324013
0.244655
0.294405
0.221768
0.286235
0.353725
0.243035
0.339901
0.210570
0.246488
0.273757
0.214014
0.271212
0.322285
0.271130
0.301922
0.269887
0.260616
0.397600
0.281835
0.246703
0.255190
0.302489
0.247214
0.311239
0.255914
0.265637
0.255893
0.219437
0.293605
0.418398
0.275642
0.250270
0.277549
0.273831
0.235140
0.246600
0.309759
0.297572
0.332333
0.246461
0.252819
0.245636
0.363570
0.231113
0.262747
0.298894
0.310261
0.244726
0.278756
0.260018
0.316132
0.355561
0.232566
0.343289
0.346900
0.275299
0.236224
0.255223
0.270280
0.222340
0.247640
0.369567
0.328574
0.254376
0.307552
0.199454
0.244445
0.336533
0.300387
0.291857
0.223121
0.338095
0.260541
0.288893
0.332643
0.259039
0.297317
0.289823
0.251238
0.304517
0.271628
0.265067
0.242720
0.240264
0.236185
0.262280
0.243626
0.193096
0.282788
0.298527
0.273441
0.275848
0.302257
0.294252
0.264472
0.342117
0.340804
0.189925
0.206848
0.292166
0.271619
0.330708
0.193520
0.217559
0.274271
0.316713
0.223697
0.179396
0.284768
0.240377
0.262582
0.245496
0.254730
0.221561
0.202166
0.259025
0.285652
0.232721
0.160277
0.233809
0.239731
0.254417
0.242565
0.210220
0.242743
0.308859
0.230008
0.256911
0.196060
0.331999
0.310422
0.181123
0.303189
0.275083
0.266985
0.273739
0.270418
0.150564
0.313882
0.298397
0.246362
0.211547
0.290778
0.207063
0.232907
0.213389
0.334999
0.331005
0.215362
0.203234
0.231714
0.215793
0.230104
0.270990
0.361253
0.186705
0.281902
0.340276
0.315787
0.218231
0.235376
0.212522
0.288725
0.287916
0.238987
0.293428
0.310795
0.218602
0.238223
0.275065
0.288318
0.221413
0.214147
0.221650
0.381828
0.225602
0.298565
0.239231
0.242418
0.245223
0.315091
0.215864
0.261493
0.240864
0.223244
0.217183
0.145949
0.288637
0.211042
0.174058
0.257937
0.259256
0.229994
0.234753
0.222224
0.234358
0.225636
0.274830
0.266186
0.251553
0.282091
0.264024
0.324426
0.305012
0.345351
0.183429
0.327680
0.266259
0.238211
0.262137
0.221557
0.379559
0.295332
0.288855
0.285161
0.270564
0.316136
0.221323
0.251309
0.251975
0.176542
0.259042
0.197257
0.294761
0.230812
0.190620
0.299983
0.205239
0.321631
0.218099
0.300055
0.217919
0.232688
0.202504
0.243882
0.261248
0.290202
0.208777
0.252428
0.329011
0.253974
0.295967
0.219379
0.242411
0.239742
0.234382
0.283315
0.267384
0.223518
0.291964
0.311223
0.244104
0.267363
0.328764
0.233446
0.246068
0.292444
0.308066
0.305707
0.288319
0.312809
0.267970
0.305252
0.270789
0.336302
0.319444
0.318215
0.335492
0.249424
0.210128
0.250886
0.257313
0.269254
0.206252
0.240675
0.249291
0.211748
0.235409
0.231962
0.175854
0.196124
0.261586
0.185674
0.257242
0.249339
0.228422
0.258677
0.233971
0.166459
0.201636
0.251645
0.179146
0.199847
0.250789
0.236433
0.223700
0.188321
0.239844
0.266677
0.163564
0.137126
0.217676
0.177255
0.242083
0.200170
0.172304
0.280094
0.205499
0.176979
0.166717
0.241874
0.229645
0.242941
0.197630
0.216275
0.191357
0.188239
0.177562
0.168007
0.159609
0.162896
0.219722
0.238714
0.249873
0.231141
0.254229
0.178472
0.219183
0.261336
0.179238
0.180826
0.116142
0.211279
0.230625
0.195607
0.180038
0.264995
0.220957
0.266919
0.250701
0.266136
0.174597
0.257588
0.211602
0.207207
0.301561
0.258707
0.163175
0.329077
0.266948
0.228163
0.270642
0.176134
0.272196
0.263985
0.275822
0.261107
0.271751
0.333430
0.252796
0.165803
0.295863
0.234178
0.209187
0.238628
0.320783
0.243587
0.218352
0.259945
0.310775
0.217775
0.229404
0.274830
0.233287
0.245008
0.252538
0.188327
0.292296
0.210842
0.213659
0.303001
0.143756
0.263506
0.222915
0.210695
0.277808
0.254943
0.279714
0.269626
0.220036
0.267533
0.328958
0.153569
0.208758
0.212057
0.203384
0.280317
0.249371
0.224356
0.221424
0.261256
0.232263
0.298615
0.220288
0.211286
0.225149
0.270383
0.269137
0.226780
0.264372
0.260217
0.189640
0.260801
0.249682
0.258643
0.223870
0.257458
0.219433
0.185663
0.242902
0.221479
0.291691
0.207391
0.242766
0.266771
0.202535
0.259740
0.200488
0.201632
0.312172
0.205069
0.203493
0.271274
0.165755
0.319502
0.205177
0.197401
0.231502
0.221707
0.236232
0.279560
0.254193
0.185040
0.241264
0.203968
0.175794
0.277032
0.224702
0.342083
0.114139
0.229177
0.170561
0.269559
0.150134
0.242000
0.243267
0.212511
0.216941
0.366600
0.280559
0.195073
0.170393
0.251800
0.177669
0.170755
0.232040
0.243931
0.217070
0.178818
0.242636
0.215561
0.193329
0.180243
0.158344
0.208075
0.201991
0.236410
0.143658
0.211536
0.211292
0.285487
0.247873
0.184884
0.247690
0.219956
0.176842
0.276883
0.267183
0.155453
0.254292
0.232522
0.212638
0.206686
0.230273
0.183383
0.179511
0.226138
0.257915
0.252158
0.171566
0.231400
0.201783
0.223848
0.204202
0.194288
0.183267
0.222558
0.233758
0.200774
0.165509
0.170537
0.216904
0.284038
0.242093
0.144837
0.281945
0.239098
0.232002
0.194700
0.186015
0.195550
0.356313
0.163412
0.216912
0.180174
0.235201
0.176836
0.202823
0.168013
0.179972
0.190880
0.154643
0.137900
0.221106
0.227221
0.216152
0.203867
0.258003
0.183675
0.191264
0.224645
0.221499
0.289765
0.229043
0.198927
0.221777
0.233357
0.261480
0.187843
0.226673
0.240149
0.189306
0.194275
0.239661
0.119525
0.345155
0.200796
0.174671
0.259735
0.298197
0.224984
0.285614
0.185427
0.221671
0.228032
0.127663
0.204592
0.209213
0.161628
0.211225
0.179259
0.234964
0.193190
0.205229
0.259884
0.221051
0.154297
0.149577
0.352223
0.221591
0.221915
0.253548
0.192016
0.216854
0.201988
0.178930
0.204083
0.235287
0.217215
0.178130
0.213646
0.228956
0.255494
0.260688
0.189960
0.197333
0.239413
0.218985
0.195462
0.240844
0.169934
0.235306
0.162044
0.120200
0.205486
0.252682
0.244165
0.154804
0.261145
0.212039
0.202027
0.191575
0.191173
0.250032
0.160366
0.182267
0.240385
0.335514
0.185034
0.214013
0.184454
0.172870
0.277531
0.252601
0.230004
0.213282
0.167254
0.205635
0.195491
0.231261
0.211961
0.210444
0.219224
0.164430
0.199193
0.195853
0.195675
0.188200
0.267311
0.167647
0.177677
0.232394
0.182159
0.194368
0.233061
0.200869
0.127866
0.164690
0.153020
0.234372
0.188431
0.259627
0.169358
0.206570
0.241652
0.147643
0.240600
0.198595
0.180659
0.225588
0.174974
0.177378
0.186320
0.150969
0.226365
0.192506
0.193723
0.154244
0.117444
0.139940
0.278512
0.172112
0.115481
0.156100
0.159173
0.204292
0.261611
0.206048
0.125574
0.136637
0.167708
0.189497
0.147793
0.220759
0.158750
0.200427
0.133679
0.264879
0.209762
0.211999
0.190389
0.151235
0.154572
0.203083
0.164790
0.238257
0.174506
0.193915
0.188530
0.193317
0.239304
0.125874
0.119517
0.207805
0.254540
0.187074
0.193135
0.139117
0.200811
0.171611
0.180218
0.178924
0.193436
0.224752
0.142841
0.185599
0.121463
0.153485
0.195809
0.152033
0.195547
0.144003
0.244788
0.194802
0.204473
0.170389
0.297607
0.141909
0.125008
0.205838
0.184589
0.174131
0.193199
0.251611
0.159993
0.152091
0.180808
0.165275
0.200345
0.179113
0.132470
0.204124
0.164398
0.190838
0.275161
0.180299
0.214417
0.182419
0.169097
0.173998
0.215814
0.164227
0.211424
0.292018
0.129647
0.185469
0.251545
0.249816
0.263025
0.211692
0.204392
0.129852
0.207474
0.189040
0.273095
0.220816
0.270445
0.225196
0.226476
0.248612
0.160241
0.249759
0.156643
0.181305
0.193378
0.155789
0.192844
0.205374
0.175840
0.187526
0.158576
0.193132
0.185280
0.203516
0.221985
0.193834
0.270292
0.218395
0.259290
0.213728
0.218564
0.149312
0.177819
0.186436
0.145187
0.165463
0.278502
0.168638
0.196658
0.166781
0.161478
0.161741
0.105676
0.165507
0.138155
0.166221
0.162376
0.255446
0.141841
0.125119
0.216866
0.182173
0.189058
0.198661
0.253477
0.160119
0.201113
0.145193
0.164867
0.155355
0.163596
0.182778
0.150619
0.182288
0.174517
0.148687
0.156584
0.209377
0.169073
0.103698
0.210593
0.199284
0.220504
0.159054
0.181057
0.188138
0.198884
0.204035
0.186193
0.223200
0.164873
0.236856
0.164196
0.317870
0.213559
0.181476
0.164395
0.194758
0.239608
0.183310
0.188533
0.132127
0.194259
0.197976
0.169107
0.184912
0.236538
0.210167
0.292102
0.189423
0.155521
0.178130
0.159808
0.141291
0.193855
0.136496
0.203154
0.150867
0.183256
0.168968
0.185215
0.239963
0.157681
0.182364
0.169300
0.189795
0.121512
0.201163
0.115091
0.147895
0.128063
0.234542
0.190231
0.159829
0.185197
0.299790
0.172410
0.120206
0.236636
0.190838
0.160023
0.192074
0.258133
0.140709
0.191186
0.130118
0.162852
0.103721
0.161424
0.179268
0.121413
0.155011
0.205464
0.161516
0.201328
0.170881
0.179999
0.174514
0.196637
0.171011
0.119292
0.165987
0.184020
0.166897
0.144221
0.123090
0.144613
0.216573
0.209203
0.211009
0.150960
0.138208
0.169398
0.153318
0.225841
0.176792
0.186871
0.179412
0.108915
0.236771
0.182196
0.161131
0.197760
0.188507
0.141942
0.249786
0.156634
0.206582
0.153767
0.128587
0.147234
0.178466
0.126711
0.149438
0.184061
0.142747
0.196188
0.198812
0.222894
0.164357
0.196243
0.237968
0.212623
0.176501
0.154718
0.189173
0.142862
0.159427
0.130527
0.162198
0.199678
0.197317
0.151079
0.205412
0.150961
0.165616
0.171669
0.154251
0.148860
0.216407
0.169085
0.206435
0.153682
0.115720
0.192736
0.205589
0.103622
0.133961
0.113315
0.125022
0.173516
0.089797
0.121835
0.186071
0.152419
0.152084
0.107277
0.155550
0.146551
0.195991
0.168002
0.235874
0.211364
0.135826
0.118244
0.168149
0.238779
0.199061
0.165551
0.179900
0.159819
0.162547
0.116803
0.237773
0.255498
0.118905
0.220322
0.136577
0.199248
0.129281
0.102550
0.154721
0.194282
0.120725
0.118230
0.157616
0.226193
0.153049
0.156848
0.154240
0.164702
0.148696
0.123281
0.140175
0.194681
0.142363
0.132613
0.181008
0.151992
0.127656
0.156493
0.142476
0.180593
0.157399
0.175829
0.262768
0.111489
0.171764
0.162643
0.239225
0.193337
0.183707
0.143365
0.157371
0.113021
0.175184
0.152436
0.229898
0.097363
0.160851
0.284786
0.162368
0.166269
0.136725
0.158832
0.177228
0.141072
0.111431
0.160485
0.150849
0.277572
0.113081
0.102393
0.120023
0.155818
0.121928
0.196446
0.168565
0.163568
0.184600
0.238142
0.217933
0.148239
0.135914
0.180785
0.173064
0.144292
0.150867
0.186509
0.148281
0.175153
0.136960
0.109134
0.193385
0.171045
0.199717
0.107159
0.192418
0.131611
0.263103
0.227792
0.139450
0.176934
0.187397
0.137366
0.204427
0.069190
0.085901
0.217047
0.131261
0.126244
0.087340
0.123016
0.146466
0.216949
0.210819
0.141954
0.143694
0.129753
0.173386
0.162190
0.143137
0.147167
0.167820
0.199687
0.151782
0.155211
0.119307
0.207977
0.148743
0.127841
0.116473
0.196552
0.188725
0.125593
0.180235
0.130435
0.188911
0.109257
0.147804
0.135310
0.215290
0.193384
0.269615
0.145153
0.180337
0.174267
0.159304
0.124541
0.111371
0.192637
0.160753
0.189672
0.156763
0.165990
0.204377
0.155965
0.126704
0.114980
0.153940
0.154278
0.166457
0.144198
0.212794
0.182130
0.129680
0.148976
0.163381
0.276015
0.161902
0.188749
0.138284
0.163535
0.186114
0.137690
0.158994
0.143474
0.100024
0.150056
0.147991
0.143485
0.115680
0.124078
0.123019
0.142566
0.126845
0.153758
0.152559
0.097808
0.203038
0.170023
0.152684
0.152109
0.135433
0.137551
0.153702
0.190313
0.134964
0.132887
0.153858
0.108986
0.136272
0.133276
0.121949
0.176660
0.090504
0.133152
0.152355
0.204722
0.149199
0.145195
0.185067
0.102177
0.123323
0.137940
0.144213
0.128540
0.181964
0.098449
0.165585
0.137764
0.140238
0.109063
0.092996
0.156800
0.083480
0.178002
0.254780
0.097246
0.152189
0.142587
0.146895
0.105447
0.144171
0.157903
0.137340
0.162471
0.137695
0.137339
0.197001
0.106473
0.123310
0.195507
0.133652
0.087691
0.184513
0.085499
0.162997
0.188010
0.167992
0.137668
0.271625
0.159422
0.185819
0.146212
0.139166
0.184856
0.103412
0.137432
0.078394
0.175547
0.172725
0.159690
0.070774
0.125036
0.104212
0.180936
0.189021
0.145966
0.162595
0.158693
0.171406
0.126561
0.139058
0.195886
0.139667
0.161789
0.115200
0.159746
0.141088
0.143150
0.173451
0.171898
0.114694
0.140421
0.115997
0.137785
0.104397
0.092814
0.197137
0.148772
0.151590
0.211417
0.123945
0.105600
0.143823
0.159061
0.238450
0.114657
0.196807
0.141892
0.164346
0.122464
0.113412
0.117085
0.178938
0.192661
0.188586
0.151964
0.161473
0.128819
0.146345
0.113084
0.112484
0.177559
0.285692
0.094417
0.136164
0.126619
0.112132
0.121361
0.104801
0.114542
0.133087
0.133817
0.159745
0.185361
0.143872
0.136439
0.193053
0.116454
0.175655
0.150403
0.101357
0.113912
0.092283
0.124224
0.180469
0.123761
0.166821
0.183930
0.075545
0.113549
0.154699
0.111014
0.140328
0.114986
0.134624
0.122666
0.113230
0.173759
0.102296
0.097743
0.132912
0.212421
0.124010
0.106088
0.102906
0.120857
0.104583
0.167662
0.091228
0.133411
0.164024
0.135434
0.134732
0.101231
0.169390
0.121534
0.114183
0.119479
0.129025
0.126494
0.124418
0.100013
0.161463
0.114320
0.157490
0.161364
0.090080
0.200798
0.106228
0.245642
0.182381
0.071498
0.133732
0.112519
0.109299
0.099094
0.070365
0.098883
0.219814
0.097741
0.181597
0.118017
0.124972
0.123929
0.162733
0.118239
0.093121
0.121385
0.113927
0.149283
0.156245
0.119530
0.147531
0.100327
0.148890
0.127601
0.141222
0.085208
0.121113
0.097438
0.147003
0.165157
0.148505
0.202673
0.222683
0.180142
0.122860
0.163169
0.133481
0.165839
0.151889
0.163640
0.113901
0.142839
0.114436
0.127934
0.146463
0.132032
0.152932
0.139539
0.147637
0.191755
0.185067
0.124360
0.105034
0.134372
0.156319
0.120394
0.128536
0.168356
0.161974
0.086928
0.144636
0.104796
0.078418
0.150806
0.082429
0.104001
0.153388
0.181590
0.145744
0.123685
0.128892
0.076654
0.122787
0.154869
0.186040
0.132302
0.122004
0.177796
0.142938
0.155157
0.108137
0.122560
0.145476
0.143998
0.107370
0.139547
0.133036
0.187318
0.144745
0.135387
0.189553
0.188492
0.167744
0.144362
0.167969
0.126396
0.127604
0.160127
0.111742
0.157185
0.097220
0.177058
0.121318
0.382111
0.166346
0.139840
0.212390
0.137349
0.129544
0.157554
0.175053
0.147753
0.217881
0.130486
0.180832
0.131955
0.104013
0.128024
0.153906
0.093464
0.177385
0.095054
0.201595
0.107646
0.115256
0.099140
0.134217
0.156545
0.112783
0.136432
0.114186
0.124045
0.129002
0.161651
0.136021
0.137255
0.178722
0.145073
0.125655
0.149015
0.158333
0.119074
0.116242
0.153379
0.118421
0.155390
0.120823
0.188224
0.118241
0.148954
0.124652
0.117925
0.113374
0.131451
0.103326
0.175316
0.107063
0.109774
0.126887
0.134303
0.128381
0.185821
0.098193
0.123678
0.092229
0.159094
0.090470
0.164855
0.167323
0.092714
0.097449
0.117760
0.128329
0.138871
0.098176
0.110111
0.133252
0.137848
0.124267
0.135679
0.124287
0.104526
0.114804
0.094124
0.148995
0.074876
0.115949
0.142249
0.086274
0.092142
0.078545
0.127812
0.156327
0.158514
0.163469
0.229934
0.181307
0.150537
0.099243
0.175589
0.163208
0.122107
0.138764
0.128626
0.161352
0.079778
0.143506
0.130931
0.132638
0.105418
0.092379
0.127685
0.072030
0.137438
0.104761
0.120916
0.156481
0.159650
0.094888
0.111832
0.183746
0.095423
0.101372
0.082378
0.189197
0.137250
0.106987
0.151341
0.153569
0.103555
0.077614
0.164315
0.179211
0.129791
0.094770
0.151242
0.155251
0.135347
0.140315
0.118448
0.088013
0.106608
0.096948
0.085563
0.094985
0.100617
0.128664
0.123292
0.130434
0.157297
0.090889
0.124066
0.098951
0.094998
0.186237
0.088569
0.119875
0.164869
0.123597
0.090908
0.091849
0.083135
0.110052
0.120021
0.244623
0.170142
0.105711
0.175367
0.097017
0.083497
0.115132
0.135506
0.089219
0.087714
0.077002
0.114336
0.117754
0.170736
0.101199
0.161586
0.123263
0.106460
0.095191
0.135328
0.127581
0.072009
0.113313
0.216245
0.111509
0.127547
0.106613
0.075927
0.174042
0.114531
0.121239
0.134767
0.158431
0.098790
0.176279
0.084238
0.067143
0.089172
0.103935
0.096265
0.109525
0.091307
0.136348
0.210084
0.127164
0.154255
0.067343
0.117788
0.094557
0.047672
0.125760
0.149709
0.130574
0.137907
0.102425
0.096423
0.073278
0.129396
0.119546
0.107508
0.106299
0.144589
0.100397
0.152424
0.200702
0.098045
0.112243
0.099163
0.083986
0.128627
0.130317
0.181615
0.155138
0.151182
0.070230
0.134087
0.138932
0.088312
0.100946
0.133736
0.160048
0.100329
0.084902
0.123992
0.147234
0.100537
0.180547
0.169196
0.131838
0.124200
0.088339
0.124145
0.119099
0.124130
0.097863
0.146718
0.094785
0.127540
0.154350
0.144475
0.137736
0.131283
0.101525
0.102761
0.127448
0.118144
0.123601
0.121298
0.112076
0.096781
0.137887
0.114713
0.109386
0.065178
0.130891
0.124362
0.106193
0.118114
0.103911
0.107210
0.102762
0.095812
0.124634
0.103676
0.122389
0.105880
0.095506
0.141821
0.171490
0.059755
0.113513
0.123239
0.123927
0.089096
0.188635
0.080388
0.106946
0.144648
0.154752
0.148133
0.084357
0.070607
0.201484
0.072621
0.128845
0.141104
0.120245
0.144007
0.121107
0.089881
0.184058
0.130960
0.120599
0.143267
0.127311
0.120480
0.187364
0.105796
0.124262
0.086149
0.104441
0.169265
0.143281
0.109514
0.132735
0.121321
0.117278
0.154716
0.091481
0.124345
0.112011
0.137541
0.095974
0.097743
0.157821
0.097715
0.142687
0.133957
0.118292
0.115093
0.086146
0.159593
0.114025
0.127381
0.132500
0.132718
0.102558
0.097486
0.096940
0.082192
0.122067
0.121140
0.132647
0.127144
0.138145
0.096247
0.096785
0.118395
0.144110
0.100294
0.087079
0.066231
0.105117
0.088350
0.123336
0.141718
0.099465
0.114718
0.160162
0.077133
0.125849
0.150003
0.189074
0.129720
0.101923
0.077479
0.140719
0.132375
0.137708
0.118469
0.080623
0.133603
0.113022
0.088889
0.138774
0.100625
0.105080
0.106602
0.081472
0.216531
0.090590
0.105155
0.147218
0.125769
0.110592
0.081351
0.136596
0.110124
0.099178
0.110686
0.131171
0.105958
0.122709
0.169495
0.082835
0.113279
0.110169
0.125388
0.120306
0.131290
0.118860
0.100474
0.118982
0.173472
0.108657
0.135743
0.085618
0.096470
0.101151
0.133411
0.152374
0.144237
0.115589
0.104987
0.097520
0.118278
0.148427
0.076491
0.134541
0.144401
0.074127
0.100103
0.092095
0.103439
0.087089
0.084467
0.160388
0.119952
0.110245
0.060143
0.106649
0.147643
0.106799
0.163532
0.092829
0.086991
0.109601
0.131831
0.094699
0.128698
0.111871
0.112707
0.146878
0.097711
0.112424
0.080693
0.152127
0.173561
0.036274
0.130533
0.083183
0.121253
0.096251
0.092462
0.195887
0.112279
0.090592
0.120716
0.182804
0.082375
0.154781
0.151470
0.106859
0.112261
0.100581
0.131502
0.130349
0.104252
0.046421
0.144489
0.125444
0.122998
0.106282
0.140867
0.075785
0.107923
0.103844
0.127739
0.121872
0.164902
0.058666
0.132612
0.084445
0.090045
0.082990
0.094037
0.163603
0.129204
0.154628
0.165633
0.129723
0.077382
0.095898
0.138407
0.133651
0.053179
0.124863
0.068502
0.099251
0.100143
0.070838
0.145743
0.110769
0.100873
0.174531
0.156168
0.094640
0.120629
0.116198
0.118820
0.125810
0.118549
0.103115
0.138237
0.136983
0.096968
0.121646
0.097349
0.135324
0.078009
0.136750
0.159947
0.096850
0.072473
0.081717
0.151621
0.137182
0.185718
0.075307
0.150325
0.100885
0.079730
0.129113
0.107176
0.107624
0.124718
0.155006
0.079980
0.145453
0.126600
0.089105
0.070133
0.073128
0.104627
0.073765
0.137464
0.108347
0.143221
0.116684
0.089156
0.084067
0.086459
0.214426
0.061393
0.073543
0.061191
0.094803
0.153272
0.083524
0.065450
0.090945
0.123517
0.109176
0.138984
0.107725
0.145702
0.131287
0.118340
0.118201
0.107096
0.085957
0.137087
0.067827
0.155015
0.086442
0.099338
0.150228
0.069748
0.113648
0.186121
0.105837
0.093179
0.087686
0.116809
0.103067
0.085969
0.112801
0.092045
0.118767
0.130794
0.093477
0.061265
0.148031
0.099697
0.067868
0.120666
0.069615
0.060270
0.102023
0.099537
0.112793
0.081468
0.166215
0.064357
0.101004
0.137055
0.103566
0.077422
0.122796
0.147654
0.070606
0.106941
0.113344
0.084589
0.137421
0.139633
0.100095
0.093736
0.089043
0.174678
0.081172
0.092895
0.063993
0.107311
0.117068
0.089991
0.139761
0.130312
0.118753
0.101888
0.133864
0.138585
0.118110
0.108638
0.111045
0.081952
0.103177
0.136764
0.093213
0.107560
0.115355
0.100502
0.086336
0.131988
0.081597
0.084694
0.108687
0.132657
0.096534
0.179058
0.116556
0.119743
0.128129
0.102898
0.102980
0.141103
0.112964
0.134147
0.135170
0.079253
0.081458
0.163752
0.113790
0.089236
0.166655
0.081114
0.064705
0.167213
0.119817
0.141683
0.137506
0.082751
0.075198
0.078962
0.166493
0.146562
0.106125
0.117248
0.115812
0.105863
0.140640
0.087415
0.147810
0.180132
0.098656
0.091553
0.060037
0.164732
0.060172
0.107148
0.042258
0.082861
0.105174
0.139395
0.088169
0.105119
0.069491
0.086798
0.149888
0.102820
0.129768
0.084560
0.204633
0.079447
0.074088
0.157083
0.102234
0.077997
0.127786
0.073819
0.142337
0.091412
0.076562
0.104579
0.138445
0.099014
0.119013
0.097050
0.091857
0.088115
0.075798
0.067449
0.080337
0.092553
0.139046
0.154799
0.055882
0.128137
0.064486
0.085819
0.066683
0.077301
0.089576
0.113624
0.121684
0.114274
0.096010
0.106011
0.104643
0.071118
0.123662
0.137552
0.129007
0.138448
0.091208
0.099738
0.168613
0.075497
0.116884
0.099538
0.157272
0.057073
0.070499
0.136624
0.069450
0.155169
0.092973
0.119746
0.101758
0.087971
0.053967
0.062895
0.162851
0.134093
0.122001
0.112753
0.080593
0.148624
0.083800
0.181065
0.131158
0.160571
0.194159
0.100124
0.150455
0.160783
0.103451
0.111034
0.150409
0.082241
0.087038
0.141580
0.097267
0.120875
0.105425
0.125654
0.114782
0.065026
0.095701
0.090274
0.099583
0.113705
0.053120
0.085935
0.160802
0.128009
0.148192
0.109972
0.073548
0.132636
0.090277
0.113293
0.160225
0.106644
0.047781
0.127236
0.158235
0.063414
0.095580
0.086706
0.093890
0.083022
0.130010
0.119519
0.110707
0.110473
0.105335
0.097205
0.107286
0.148426
0.096868
0.090629
0.083754
0.156171
0.116350
0.140067
0.121401
0.077835
0.097559
0.091447
0.077970
0.109289
0.142215
0.090384
0.064892
0.099376
0.128743
0.145599
0.138774
0.107375
0.057446
0.126541
0.142724
0.078740
0.122389
0.098818
0.126297
0.118198
0.132310
0.073963
0.090287
0.110846
0.123744
0.140417
0.156226
0.094471
0.156397
0.097024
0.103049
0.060258
0.069241
0.103488
0.114055
0.088714
0.098882
0.103612
0.068840
0.136499
0.140714
0.093330
0.134867
0.094390
0.093336
0.124131
0.107436
0.112755
0.166057
0.080150
0.151401
0.111741
0.124904
0.085125
0.136934
0.167000
0.179292
