2.302618
2.308514
2.278626
2.247106
2.159304
2.138945
2.049278
2.073303
2.019638
2.044477
2.031668
2.035233
2.083053
2.043731
2.004787
1.913518
1.991544
2.037790
1.949208
1.999805
1.891752
2.019082
2.010089
1.971040
1.901648
2.088002
2.060000
2.054779
1.940101
1.933393
1.908318
2.018443
2.027253
1.958643
1.907988
1.978577
1.926963
1.857625
1.978811
1.899415
1.903387
1.863178
1.864554
1.855422
1.869802
1.834655
1.816613
1.897920
1.881410
1.859482
1.962796
1.929312
1.897604
1.972651
1.944288
1.890074
1.911827
1.910518
1.968946
1.915899
1.880566
1.940812
1.928579
2.021849
1.914615
1.914539
1.907125
1.889331
1.868560
1.886932
1.875162
1.922736
1.895264
1.889195
1.931485
1.952571
1.841366
1.849684
1.924003
1.902867
1.894411
1.859660
1.839680
1.859366
1.939895
1.940603
1.906809
1.865240
1.851423
1.836433
1.874363
1.900368
1.836478
1.846584
1.905383
1.899362
1.847995
1.921846
1.964121
1.934978
1.925946
1.940644
1.946302
1.941345
1.923775
1.900988
1.915866
1.868481
1.852915
1.967519
1.792831
1.867447
1.849221
1.968426
1.855534
1.825824
1.868834
1.882334
1.878185
1.858489
1.853922
1.907175
1.842905
1.888669
1.837251
1.855360
1.825788
1.835467
1.862988
1.891132
1.856264
1.832650
1.840662
1.795726
1.854043
1.837136
1.811942
1.807651
1.889287
1.781034
1.873104
1.795207
1.845611
1.769684
1.781514
1.835291
1.982300
1.866467
1.856428
1.844454
1.911268
1.871766
1.855459
1.841784
1.836555
1.790521
1.797969
1.890537
1.873123
1.862279
1.843709
1.864530
1.841488
1.861074
1.909024
1.824816
1.851573
1.893892
1.867277
1.876976
1.859218
1.828655
1.816580
1.804598
1.827950
1.738778
1.815526
1.878435
1.775969
1.744246
1.812888
1.764139
1.801388
1.816919
1.815605
1.872775
1.843785
1.732438
1.750855
1.716379
1.788095
1.776289
1.847395
1.705002
1.762702
1.842103
1.764774
1.719497
1.747671
1.676136
1.707441
1.672290
1.861076
1.802420
1.729075
1.814586
1.694898
1.700175
1.724825
1.765452
1.774720
1.687325
1.728693
1.734983
1.778055
1.716848
1.639112
1.684323
1.629533
1.803477
1.736466
1.742552
1.677537
1.672922
1.825971
1.702163
1.588440
1.750216
1.672952
1.539292
1.517920
1.646056
1.589157
1.555547
1.668505
1.589678
1.579212
1.637965
1.595713
1.544930
1.569393
1.752295
1.597706
1.585919
1.656043
1.576447
1.567545
1.537826
1.571962
1.582193
1.584068
1.557621
1.626446
1.657492
1.617864
1.659715
1.649609
1.559434
1.551934
1.522388
1.654578
1.636203
1.598258
1.512668
1.568490
1.534637
1.502006
1.508527
1.661754
1.649042
1.553389
1.518026
1.557931
1.595949
1.576040
1.634153
1.617870
1.681289
1.539152
1.538022
1.471731
1.558951
1.603046
1.551342
1.682210
1.494617
1.623704
1.468197
1.523725
1.628857
1.475221
1.531553
1.466150
1.556972
1.564429
1.472264
1.554191
1.572706
1.531614
1.586146
1.577046
1.529890
1.485320
1.503482
1.516843
1.505928
1.441332
1.522470
1.507895
1.444643
1.557386
1.476298
1.514760
1.553396
1.484502
1.569162
1.484904
1.527302
1.467449
1.460723
1.496312
1.601622
1.559490
1.503848
1.454929
1.508461
1.357389
1.512676
1.349744
1.364075
1.458817
1.451804
1.525509
1.505711
1.373487
1.376655
1.535881
1.474027
1.540528
1.419728
1.402715
1.470867
1.538125
1.463904
1.477595
1.532058
1.413711
1.535369
1.414468
1.336939
1.339331
1.359363
1.395884
1.397993
1.432488
1.424604
1.413086
1.469647
1.465133
1.428758
1.463951
1.491854
1.455653
1.453999
1.396986
1.447159
1.554431
1.452033
1.460563
1.299282
1.364111
1.459022
1.419107
1.355839
1.370876
1.348704
1.371373
1.364957
1.319482
1.371849
1.416499
1.293617
1.442632
1.445701
1.353634
1.415131
1.533222
1.404039
1.440107
1.427235
1.413773
1.382894
1.299765
1.353671
1.382111
1.328860
1.386723
1.314178
1.371134
1.305484
1.334260
1.233167
1.315129
1.307918
1.322663
1.484000
1.326344
1.295842
1.333700
1.356008
1.458737
1.402988
1.449055
1.227409
1.234505
1.387511
1.282855
1.438494
1.502219
1.192123
1.198805
1.246428
1.290603
1.394267
1.280387
1.307760
1.264540
1.256492
1.259534
1.347859
1.428038
1.323610
1.260258
1.350096
1.310435
1.355497
1.319857
1.318795
1.258246
1.290831
1.206202
1.221004
1.205400
1.245818
1.215322
1.413553
1.291047
1.214739
1.167342
1.259651
1.074906
1.193933
1.293094
1.331627
1.315202
1.110920
1.222268
1.158851
1.313607
1.327178
1.274222
1.280670
1.375401
1.227617
1.335309
1.208181
1.289259
1.118527
1.213893
1.215199
1.302815
1.375797
1.294752
1.239158
1.114412
1.281252
1.232441
1.250873
1.209480
1.208781
1.150198
1.133973
1.161724
1.198145
1.298577
1.233820
1.161841
1.379920
1.106044
1.122173
1.215185
1.145386
1.089229
1.210191
1.297087
1.190604
1.302594
1.174408
1.087119
1.186365
1.193926
1.231323
1.160171
1.246280
1.145594
1.074859
1.224462
1.046170
1.021873
1.059375
1.170042
1.298494
1.157029
1.165311
1.101640
1.164093
1.134965
1.042214
1.109407
0.963521
1.205657
1.035736
1.135156
1.079885
1.119814
1.080259
1.070764
1.155564
1.099646
1.011113
1.054906
0.970747
1.103407
1.074754
1.119261
1.047335
1.104681
0.939792
1.148703
1.146954
1.036678
1.093571
1.011610
1.122283
1.045789
1.030904
1.048410
1.166916
1.115505
0.990166
1.078178
1.231848
1.214820
1.210402
1.140493
1.130831
1.192420
1.162214
1.136225
1.047020
0.989229
1.199648
1.155972
1.177086
1.147078
1.172218
1.069669
1.187517
1.193840
1.217106
1.147072
1.188059
1.092909
1.033743
1.257221
1.231210
1.027172
1.170083
1.181783
1.212151
1.051267
1.096687
1.063012
1.047778
1.001847
0.992296
1.030817
1.096535
1.128732
1.126399
0.965409
1.260192
1.133621
1.079123
1.179354
1.101492
1.157557
1.124048
1.035975
1.132140
1.045786
1.048995
1.117237
1.090863
1.117003
1.100799
1.001827
1.130050
0.989026
1.133951
1.111536
1.108288
1.049124
1.138107
0.969507
1.004841
1.056032
0.946441
1.036711
0.881102
0.912590
1.116296
1.136701
1.097586
1.023652
0.954059
0.917463
1.017487
1.150909
1.140477
1.009655
1.006923
1.143745
1.116714
1.222306
0.977103
1.073349
0.986550
0.981479
1.085445
1.139434
1.068425
1.020347
0.935002
0.965422
0.895024
1.182922
1.124863
0.972384
1.043622
1.094307
1.048100
0.989216
1.132766
1.021445
1.069049
0.982488
0.946919
1.071415
0.855353
1.065264
0.958155
1.034320
0.884243
1.100717
0.896725
0.879438
1.074454
0.951403
1.088835
1.082631
1.052805
0.965592
0.910246
1.028496
1.009641
0.967348
0.988608
1.031244
1.061583
0.993353
0.836509
0.917530
1.099190
0.987893
0.970234
0.965784
0.956301
0.959181
1.027189
0.996441
0.994316
1.004375
0.999470
0.812037
0.987647
0.864248
0.993363
1.075218
0.991667
0.916610
0.910116
0.863290
0.997214
0.959844
0.977217
1.042082
1.071574
0.923320
0.843716
0.935670
0.997596
0.932502
0.943739
1.005912
0.995519
0.934607
0.861926
0.914284
0.902961
0.872356
1.034611
0.888097
0.879036
0.973005
0.988422
0.987170
0.924114
0.972643
0.848511
0.915907
0.871786
0.930175
0.847074
0.976296
0.935665
0.958108
0.934924
0.962961
1.021811
0.884355
0.908834
0.872983
0.975337
0.848899
0.897170
0.922533
0.947155
0.931067
0.855711
1.122405
1.014129
0.997311
0.810092
0.907564
0.843562
0.876346
0.915462
0.876640
0.926542
0.875352
0.900588
0.990553
0.873523
0.829361
0.808323
0.838238
0.848972
0.767854
1.002473
0.899028
0.900065
0.847697
0.857814
1.010216
0.942445
0.919772
0.923209
0.924408
0.868083
0.962850
0.783538
0.890927
0.879180
0.783591
0.933878
0.948875
0.915582
0.976237
0.857766
0.845748
0.898904
0.860676
0.848331
0.848449
0.792561
0.911507
0.848884
0.859046
0.918211
1.018943
0.803788
0.829843
0.917768
0.945006
0.870613
0.814797
0.813053
1.004045
1.002075
0.939444
0.966291
0.905202
0.909810
0.814246
0.853445
0.821275
0.994128
0.816151
0.746192
0.811608
0.860392
0.826285
0.901234
0.910179
0.863503
0.908683
0.903689
0.909474
0.814564
0.872466
0.845598
0.898273
0.885089
0.883672
0.952172
0.829927
0.875088
0.839662
0.932081
0.930717
0.889050
0.921948
0.931878
0.904381
0.896915
0.878048
0.843571
0.846123
0.829466
0.854184
0.852093
1.023294
0.812888
0.847715
0.887765
0.819067
0.765968
0.890875
0.791798
0.944307
0.805810
0.826059
1.010811
0.838330
0.755974
0.791048
0.942835
0.938500
0.946535
0.904332
0.742563
0.937374
0.850409
0.881078
0.805025
0.833634
0.902468
0.866387
0.788511
0.791306
0.784299
0.769161
0.763114
0.775612
0.897745
0.847654
0.844857
0.764362
0.744588
0.747318
0.812619
0.674838
0.752417
0.836569
0.685374
0.771453
0.809654
0.749125
0.912569
0.698406
0.865217
0.911391
0.863687
0.901013
0.954017
0.939051
0.887115
0.828895
0.908896
0.914752
0.881478
0.816234
0.716465
0.714155
0.810913
0.887145
0.846491
0.854060
0.805986
0.840545
0.676125
0.875284
0.703431
0.755770
1.027582
0.910701
0.854535
0.756826
0.749841
0.751290
0.765427
0.852497
0.748567
0.725803
0.762372
0.764094
0.797382
0.855142
0.909705
0.871471
0.734421
0.828665
0.883542
0.817265
0.842376
0.779512
0.874980
0.755232
0.718139
0.811065
0.807457
0.808554
0.725197
0.735825
0.832244
0.735743
0.888513
0.764385
0.845855
0.731141
0.797685
0.758328
0.795095
0.685641
0.737110
0.795036
0.712622
0.800988
0.766649
0.699912
0.887756
0.847190
0.774709
0.713620
0.797381
0.854401
0.703713
0.669879
0.827149
0.763008
0.809235
0.785721
0.768447
0.866993
0.871481
0.794703
0.945291
0.936812
0.761920
0.731185
0.853679
0.730797
0.796101
0.789169
0.755977
0.689307
0.827237
0.830247
0.766838
0.721003
0.854504
0.793549
0.886088
0.682985
0.761938
0.720257
0.879278
0.824409
0.788252
0.754574
0.739850
0.837345
0.814410
0.738071
0.847053
0.783935
0.772020
0.805287
0.730202
0.859856
0.874862
0.742806
0.758188
0.777884
0.823121
0.746344
0.746888
0.679499
0.801681
0.792889
0.733865
0.712189
0.790044
0.837361
0.731840
0.871549
0.758762
0.723978
0.790540
0.780019
0.825006
0.789778
0.864078
0.744995
0.727103
0.809384
0.754638
0.773926
0.696091
0.710691
0.758180
0.639159
0.716219
0.722970
0.738320
0.693246
0.727738
0.710188
0.747106
0.763414
0.843601
0.697595
0.685511
0.778135
0.783669
0.628517
0.685285
0.766911
0.786725
0.892591
0.674759
0.801886
0.833202
0.782546
0.858212
0.712393
0.762845
0.793419
0.775500
0.698366
0.842034
0.758248
0.725327
0.814972
0.634899
0.630945
0.789864
0.665307
0.716633
0.767658
0.804512
0.682429
0.837056
0.756182
0.790214
0.631184
0.732943
0.604870
0.776573
0.709046
0.793083
0.727564
0.820905
0.685363
0.767940
0.708652
0.748152
0.884800
0.836144
0.880255
0.653348
0.640455
0.718664
0.680136
0.672540
0.789270
0.731648
0.793649
0.898234
0.742244
0.617179
0.708156
0.723700
0.647828
0.815223
0.653100
0.666420
0.738147
0.826172
0.669867
0.809710
0.764076
0.672138
0.639485
0.602849
0.565125
0.829272
0.728618
0.677142
0.717953
0.732885
0.653558
0.611695
0.581197
0.749368
0.678629
0.718561
0.739764
0.728681
0.799908
0.543751
0.637315
0.645858
0.725306
0.814816
0.699946
0.592582
0.816207
0.800125
0.760411
0.804626
0.757075
0.607780
0.672225
0.688417
0.701893
0.738784
0.686768
0.746517
0.657120
0.594829
0.731845
0.725207
0.715162
0.627333
0.647907
0.700621
0.621668
0.883976
0.723279
0.763805
0.658563
0.617818
0.599942
0.687348
0.852296
0.726843
0.763570
0.775110
0.666931
0.797162
0.786982
0.783604
0.684973
0.792114
0.677673
0.611054
0.652754
0.721106
0.735702
0.827611
0.814620
0.641355
0.706265
0.711232
0.647716
0.516837
0.717323
0.690776
0.672982
0.686276
0.612295
0.797895
0.810219
0.648653
0.629504
0.835939
0.593372
0.586586
0.688564
0.627588
0.680472
0.592548
0.656435
0.649763
0.589450
0.695743
0.631577
0.496033
0.527754
0.592691
0.749938
0.574566
0.491340
0.644812
0.643441
0.622011
0.777251
0.660862
0.658830
0.730219
0.706876
0.602848
0.677927
0.714753
0.545268
0.734794
0.626900
0.816178
0.590209
0.577727
0.609700
0.623668
0.720225
0.679625
0.570074
0.721600
0.632900
0.722018
0.562064
0.641398
0.661051
0.529845
0.708433
0.721728
0.700302
0.605206
0.602922
0.762114
0.737290
0.714034
0.659120
0.607978
0.679979
0.725813
0.759429
0.650436
0.625247
0.642784
0.757195
0.664495
0.614594
0.567834
0.644376
0.686409
0.664786
0.694394
0.647872
0.695601
0.544900
0.643267
0.593064
0.585400
0.728292
0.608100
0.595279
0.562320
0.706116
0.548667
0.639469
0.697152
0.692443
0.561785
0.838088
0.609217
0.722340
0.624441
0.602112
0.684708
0.616053
0.703723
0.632072
0.554452
0.655299
0.717612
0.625172
0.625610
0.692096
0.691126
0.458024
0.556939
0.711167
0.786636
0.719416
0.722374
0.684258
0.636308
0.664584
0.698092
0.669857
0.602470
0.732115
0.665849
0.602417
0.662381
0.549708
0.584614
0.591819
0.638206
0.572113
0.662563
0.684359
0.599980
0.766248
0.718146
0.641112
0.710567
0.724440
0.696840
0.642463
0.660340
0.585472
0.586627
0.596079
0.599081
0.603312
0.615332
0.626342
0.628951
0.711314
0.732159
0.646724
0.598508
0.770472
0.609203
0.644443
0.673192
0.618089
0.685443
0.586135
0.704749
0.549339
0.694627
0.575641
0.704601
0.616252
0.584591
0.707688
0.771519
0.631304
0.644693
0.669885
0.667525
0.669836
0.628958
0.651789
0.563831
0.595938
0.675013
0.599462
0.642240
0.644066
0.595820
0.643257
0.588615
0.643669
0.627426
0.685783
0.605286
0.528710
0.561026
0.629059
0.512946
0.637002
0.579314
0.576411
0.503436
0.613242
0.626601
0.585664
0.654085
0.535154
0.616271
0.550077
0.715024
0.539104
0.613164
0.517775
0.593855
0.638048
0.497253
0.581227
0.575148
0.641727
0.548365
0.585778
0.590050
0.528716
0.534657
0.479488
0.515374
0.771333
0.672674
0.481977
0.485641
0.656916
0.577199
0.623034
0.596107
0.597730
0.649967
0.509482
0.553785
0.625597
0.570100
0.542505
0.605872
0.660941
0.484504
0.565576
0.558145
0.675739
0.527520
0.625115
0.511901
0.580395
0.567165
0.690013
0.631487
0.538665
0.602164
0.645991
0.698054
0.600053
0.511188
0.653330
0.588295
0.532759
0.617698
0.559040
0.603190
0.740582
0.543519
0.545207
0.539318
0.541477
0.604686
0.608576
0.671586
0.532242
0.509574
0.618019
0.669558
0.472969
0.639306
0.629409
0.604049
0.582053
0.559618
0.598541
0.597870
0.535767
0.605032
0.645927
0.501420
0.605193
0.600114
0.561094
0.676619
0.631975
0.682741
0.679555
0.624737
0.570989
0.506873
0.784890
0.628010
0.652950
0.535909
0.513086
0.618177
0.599292
0.535864
0.645694
0.586494
0.539265
0.592120
0.636002
0.630471
0.534149
0.511618
0.784147
0.556290
0.589129
0.571383
0.530258
0.703208
0.725239
0.462259
0.599909
0.505535
0.567219
0.569476
0.570164
0.651176
0.522164
0.525136
0.624657
0.636674
0.515163
0.548143
0.551559
0.545417
0.644091
0.512400
0.546755
0.681287
0.575502
0.623731
0.488118
0.420857
0.509531
0.568031
0.559337
0.552372
0.659685
0.662861
0.621966
0.659686
0.615869
0.506595
0.626090
0.732705
0.512074
0.579814
0.567325
0.702578
0.547749
0.747144
0.618259
0.582423
0.557373
0.657082
0.634946
0.536644
0.609551
0.553092
0.497897
0.630810
0.495993
0.582623
0.432347
0.454178
0.536724
0.627995
0.514784
0.482260
0.538658
0.678779
0.553760
0.506554
0.608145
0.513822
0.613299
0.518062
0.599989
0.605933
0.586888
0.449361
0.611342
0.535662
0.550886
0.533893
0.580915
0.597207
0.556513
0.610013
0.497297
0.502371
0.532525
0.437185
0.595853
0.482680
0.559522
0.563851
0.553449
0.600393
0.634191
0.520563
0.538644
0.501430
0.637147
0.545825
0.561444
0.632193
0.422869
0.635907
0.533547
0.573840
0.569234
0.644897
0.457297
0.447960
0.613552
0.528729
0.439240
0.519774
0.538917
0.602379
0.575486
0.538594
0.447550
0.536541
0.489694
0.514355
0.492388
0.573124
0.481043
0.537319
0.618499
0.495489
0.500301
0.592493
0.455752
0.597708
0.567712
0.555011
0.511342
0.450510
0.701429
0.575831
0.566411
0.495405
0.509589
0.556454
0.492730
0.426893
0.572655
0.636920
0.570961
0.529074
0.488797
0.428939
0.583291
0.545816
0.672706
0.464463
0.491978
0.555804
0.569566
0.636325
0.523337
0.626417
0.564714
0.432003
0.503590
0.468354
0.594052
0.454718
0.508124
0.560174
0.649665
0.566926
0.538952
0.547719
0.522936
0.530787
0.547677
0.518974
0.596037
0.456004
0.643466
0.563029
0.592100
0.671837
0.648260
0.597945
0.562005
0.488056
0.610527
0.502907
0.464647
0.484316
0.478822
0.505043
0.591256
0.545930
0.548999
0.558828
0.529800
0.467822
0.522666
0.484924
0.450298
0.618983
0.533968
0.494383
0.494176
0.637388
0.503623
0.526327
0.501582
0.462093
0.533772
0.395986
0.560955
0.519811
0.394852
0.437269
0.497562
0.573878
0.560335
0.595039
0.531383
0.514696
0.632294
0.549575
0.468491
0.496616
0.493904
0.585009
0.614451
0.501848
0.383448
0.423751
0.463278
0.427581
0.499004
0.581141
0.414303
0.422735
0.407845
0.528194
0.447133
0.464596
0.486868
0.426969
0.569777
0.411409
0.498439
0.572499
0.444256
0.586128
0.565667
0.471172
0.593367
0.502001
0.616879
0.614860
0.487541
0.576314
0.434712
0.517398
0.549433
0.510618
0.534676
0.574243
0.441170
0.590002
0.462309
0.436563
0.464045
0.485523
0.508309
0.542258
0.554319
0.441563
0.471348
0.412775
0.452453
0.458715
0.434910
0.426137
0.503573
0.535836
0.463444
0.464737
0.486448
0.456742
0.667583
0.488150
0.415150
0.528021
0.528156
0.580665
0.408798
0.426230
0.536349
0.529266
0.415919
0.508794
0.496230
0.529958
0.581542
0.477588
0.616158
0.530492
0.570108
0.569662
0.535130
0.527605
0.463289
0.524832
0.551382
0.492521
0.466667
0.541275
0.422127
0.590575
0.442567
0.528475
0.488990
0.632876
0.501234
0.631042
0.523743
0.498064
0.512225
0.493760
0.491658
0.431211
0.515486
0.398562
0.438040
0.436547
0.561208
0.484707
0.452152
0.528481
0.606812
0.482449
0.421645
0.478192
0.465465
0.455512
0.484291
0.516935
0.529520
0.550302
0.562568
0.543142
0.452835
0.563161
0.471529
0.493263
0.427449
0.410413
0.541196
0.439608
0.538924
0.463575
0.506023
0.420278
0.523528
0.564288
0.528238
0.462822
0.691618
0.451371
0.564302
0.459004
0.599865
0.475830
0.520760
0.568586
0.487218
0.541191
0.552804
0.470387
0.496401
0.497562
0.588661
0.495316
0.461187
0.550467
0.474147
0.511307
0.593119
0.484046
0.577457
0.497681
0.550626
0.555243
0.430460
0.523431
0.458885
0.441540
0.558628
0.495940
0.419979
0.475248
0.444952
0.404834
0.560746
0.497063
0.589634
0.534631
0.441276
0.384662
0.450131
0.437444
0.528257
0.430386
0.401390
0.596336
0.424786
0.392891
0.468104
0.496981
0.393713
0.472449
0.561008
0.366343
0.379188
0.481211
0.413207
0.448631
0.488641
0.422209
0.449653
0.570330
0.456090
0.466910
0.483248
0.466076
0.432251
0.637034
0.555343
0.575230
0.501493
0.462950
0.349732
0.552447
0.479281
0.531926
0.447454
0.399968
0.551784
0.414031
0.502442
0.495043
0.441727
0.427879
0.424772
0.361257
0.458825
0.359075
0.651641
0.447662
0.423136
0.556875
0.518958
0.477909
0.448061
0.463725
0.499464
0.532688
0.410946
0.422478
0.411108
0.484194
0.446109
0.486403
0.551853
0.555980
0.375693
0.334306
0.432907
0.529837
0.464877
0.478930
0.466851
0.588694
0.433195
0.420567
0.396924
0.418122
0.453238
0.486935
0.516284
0.486632
0.520701
0.483404
0.539957
0.546390
0.428745
0.402865
0.527598
0.376937
0.462649
0.465488
0.512809
0.461777
0.526913
0.474501
0.501460
0.425542
0.507534
0.411539
0.498522
0.404695
0.465660
0.482068
0.460462
0.362421
0.454233
0.399150
0.460004
0.411239
0.380414
0.338787
0.469738
0.596812
0.529042
0.464652
0.449727
0.489735
0.366346
0.621222
0.467853
0.448398
0.558070
0.369558
0.386290
0.409605
0.508659
0.521451
0.452273
0.463865
0.516515
0.441883
0.447815
0.496808
0.421504
0.421609
0.526582
0.406697
0.499088
0.558480
0.393349
0.475632
0.447574
0.493271
0.597552
0.493985
0.561205
0.435578
0.509184
0.438948
0.470764
0.491311
0.426326
0.447380
0.559652
0.468597
0.486799
0.516257
0.450181
0.431242
0.568936
0.464554
0.550697
0.462461
0.437409
0.416709
0.452731
0.392029
0.480016
0.482505
0.484221
0.437738
0.499656
0.496767
0.432381
0.422836
0.483324
0.318727
0.461467
0.430559
0.536243
0.459281
0.463131
0.331343
0.402796
0.356468
0.442779
0.449145
0.425373
0.502094
0.431288
0.432762
0.499930
0.488157
0.435775
0.406921
0.429655
0.365426
0.453291
0.539428
0.467028
0.434296
0.439081
0.386574
0.427546
0.417996
0.358334
0.399482
0.480326
0.364693
0.411084
0.512982
0.403754
0.421658
0.486079
0.455934
0.451967
0.502813
0.472133
0.364315
0.540871
0.360067
0.427464
0.390561
0.474877
0.317890
0.532383
0.400105
0.291760
0.526257
0.420642
0.433631
0.432441
0.413870
0.362086
0.465391
0.396593
0.385794
0.414744
0.401059
0.442692
0.439718
0.394883
0.483616
0.405912
0.431214
0.468228
0.544844
0.372128
0.387294
0.430061
0.341996
0.398692
0.488822
0.376870
0.469462
0.418998
0.492929
0.444209
0.375788
0.477234
0.457533
0.487512
0.458287
0.437632
0.430435
0.438625
0.444233
0.470144
0.380309
0.443619
0.451358
0.469842
0.342014
0.490674
0.474009
0.482952
0.422892
0.421094
0.520509
0.452890
0.418504
0.417148
0.394836
0.411767
0.446641
0.408059
0.404791
0.410403
0.431237
0.416340
0.404201
0.339581
0.375626
0.422760
0.502009
0.468840
0.390758
0.414673
0.494470
0.506891
0.330073
0.376623
0.434289
0.427049
0.477192
0.372539
0.449558
0.313767
0.500031
0.396076
0.477783
0.360628
0.343659
0.515317
0.491845
0.456122
0.415384
0.523476
0.425196
0.511721
0.518393
0.406471
0.375860
0.513836
0.546691
0.480348
0.428948
0.517786
0.424971
0.460300
0.562336
0.475627
0.416321
0.302762
0.464778
0.415588
0.524166
0.405364
0.429976
0.380489
0.535880
0.473081
0.481631
0.444522
0.437490
0.329416
0.346244
0.382550
0.516158
0.374113
0.434755
0.244671
0.455434
0.390355
0.375827
0.403179
0.420602
0.411198
0.364507
0.432855
0.352864
0.425785
0.392352
0.321889
0.396255
0.459953
0.388496
0.437870
0.342010
0.369299
0.382989
0.443388
0.420188
0.325051
0.481276
0.361379
0.384203
0.352040
0.495416
0.509551
0.337379
0.435137
0.426216
0.449813
0.381966
0.422959
0.542780
0.442883
0.378086
0.400675
0.389823
0.464320
0.411739
0.474219
0.367971
0.522417
0.404884
0.415842
0.361101
0.430433
0.422271
0.517899
0.333328
0.385832
0.331813
0.385137
0.471290
0.345902
0.391183
0.433257
0.396740
0.327550
0.359894
0.326145
0.407803
0.358827
0.494151
0.326600
0.511337
0.384708
0.379493
0.380739
0.529160
0.435592
0.494218
0.366492
0.334304
0.377371
0.429501
0.580229
0.434619
0.354379
0.437301
0.351713
0.387460
0.426753
0.459245
0.363386
0.376816
0.356596
0.401998
0.583363
0.463897
0.444660
0.436121
0.457729
0.394053
0.442664
0.427332
0.391482
0.446927
0.398308
0.362105
0.306953
0.371138
0.532795
0.381535
0.552799
0.359451
0.443230
0.470766
0.396684
0.390849
0.340386
0.325334
0.395178
0.400701
0.398593
0.381002
0.431529
0.376867
0.413639
0.428037
0.415305
0.539113
0.419518
0.382954
0.345968
0.429565
0.456812
0.332430
0.382747
0.416319
0.312202
0.417401
0.321709
0.355386
0.535660
0.315669
0.403438
0.428632
0.434258
0.345775
0.360469
0.392882
0.456319
0.390214
0.422941
0.438192
0.369606
0.370778
0.419168
0.411067
0.428359
0.402356
0.395308
0.367625
0.343964
0.515218
0.513661
0.446566
0.433883
0.426279
0.483718
0.370334
0.437775
0.410863
0.370912
0.400808
0.361373
0.421993
0.340501
0.347601
0.375287
0.352061
0.392026
0.398792
0.392287
0.377662
0.274718
0.378879
0.311815
0.310518
0.344462
0.324373
0.304505
0.343442
0.383667
0.408427
0.371741
0.351982
0.364756
0.407930
0.447776
0.261547
0.347736
0.318115
0.335045
0.395531
0.308342
0.436324
0.264224
0.355834
0.431322
0.409910
0.269292
0.398477
0.402512
0.343765
0.356134
0.290980
0.339915
0.305627
0.378280
0.349334
0.288027
0.336094
0.441853
0.455582
0.457193
0.407713
0.445582
0.514019
0.471128
0.411756
0.337590
0.323539
0.441904
0.394134
0.304149
0.451276
0.446519
0.427899
0.410759
0.380489
0.464064
0.403394
0.370010
0.384368
0.392768
0.318444
0.376945
0.321767
0.428236
0.349442
0.391729
0.369528
0.388363
0.303032
0.342588
0.323317
0.413901
0.351318
0.421848
0.368650
0.417675
0.341275
0.337666
0.351982
0.332775
0.369966
0.286540
0.343748
0.412435
0.335405
0.333658
0.301216
0.392475
0.306855
0.413005
0.400569
0.449222
0.344724
0.453038
0.318325
0.356178
0.516126
0.348612
0.377863
0.448578
0.467338
0.416261
0.377896
0.366424
0.393535
0.356573
0.373214
0.341215
0.507721
0.521692
0.453847
0.444521
0.428189
0.367952
0.379357
0.477501
0.373894
0.434588
0.331456
0.379541
0.445542
0.439270
0.418135
0.298977
0.352183
0.478035
0.469023
0.395333
0.371068
0.424181
0.364331
0.365547
0.363104
0.323985
0.344776
0.427909
0.510686
0.381084
0.454400
0.346467
0.392062
0.329917
0.338421
0.340595
0.291084
0.356621
0.509603
0.400439
0.360096
0.399405
0.463987
0.338671
0.491836
0.450596
0.372422
0.341036
0.438607
0.389547
0.406205
0.443243
0.403278
0.317193
0.525889
0.326325
0.533078
0.294482
0.378432
0.300209
0.432947
0.429503
0.406634
0.363026
0.268992
0.313702
0.369495
0.296044
0.268725
0.358943
0.404217
0.352684
0.281577
0.397558
0.392823
0.426544
0.336198
0.335774
0.293388
0.329766
0.400239
0.324804
0.386091
0.289344
0.389159
0.247836
0.299476
0.351013
0.332227
0.307701
0.333512
0.388006
0.401676
0.411911
0.402921
0.367987
0.381593
0.332300
0.422600
0.356687
0.384507
0.348476
0.347089
0.308970
0.334899
0.358537
0.396504
0.280043
0.426243
0.281418
0.284046
0.384022
0.344040
0.348008
0.396044
0.375002
0.417441
0.324554
0.425848
0.305704
0.427531
0.333557
0.306264
0.333359
0.424363
0.452762
0.402763
0.320871
0.373348
0.290860
0.338170
0.337050
0.399742
0.337169
0.356135
0.288502
0.431944
0.333567
0.378037
0.286644
0.319007
0.400119
0.260202
0.391509
0.399637
0.323714
0.434192
0.396122
0.425003
0.329557
0.363091
0.425586
0.466615
0.418278
0.295621
0.378892
0.323200
0.376265
0.391914
0.350764
0.340107
0.446053
0.368485
0.396144
0.394697
0.434020
0.356687
0.335830
0.334195
0.341624
0.267930
0.403818
0.383205
0.381995
0.397401
0.312331
0.406715
0.317016
0.395881
0.359354
0.440763
0.330377
0.435800
0.402705
0.334638
0.370047
0.437583
0.329177
0.357298
0.350316
0.452252
0.368543
0.406290
0.439339
0.433673
0.461052
0.333762
0.420726
0.471677
0.367995
0.361276
0.354187
0.391380
0.374629
0.290226
0.323728
0.390350
0.291149
0.436320
0.301995
0.286100
0.382028
0.306305
0.454407
0.437978
0.366646
0.320603
0.327862
0.411803
0.334040
0.327614
0.389252
0.446079
0.348066
0.250814
0.304742
0.382796
0.330763
0.318170
0.340408
0.410955
0.328964
0.338537
0.302876
0.286255
0.294228
0.390742
0.349915
0.276052
0.320666
0.284211
0.271643
0.307372
0.366161
0.303432
0.425812
0.293447
0.282289
0.321215
0.297799
0.373311
0.325728
0.304507
0.370425
0.397367
0.300403
0.308527
0.458581
0.389107
0.379908
0.310454
0.340451
0.238828
0.296653
0.294035
0.318915
0.389707
0.441091
0.409380
0.273637
0.309547
0.289295
0.273350
0.354733
0.322972
0.301154
0.274932
0.325962
0.318787
0.337978
0.248306
0.421608
0.264832
0.298585
0.270520
0.410642
0.337366
0.359081
0.346147
0.317511
0.246077
0.319181
0.281847
0.341534
0.355697
0.336966
0.327407
0.361377
0.317917
0.401228
0.356561
0.371899
0.329352
0.361149
0.270678
0.396331
0.393999
0.359314
0.390296
0.275313
0.352852
0.436841
0.311222
0.416090
0.346210
0.381332
0.384910
0.287197
0.346528
0.372325
0.332903
0.323972
0.365391
0.281781
0.458727
0.378492
0.323798
0.300798
0.393851
0.366563
0.385914
0.341552
0.252310
0.249906
0.347787
0.322089
0.389745
0.353970
0.375810
0.278322
0.297157
0.294925
0.268594
0.463786
0.420234
0.421517
0.281054
0.344019
0.270277
0.407881
0.271444
0.284044
0.394377
0.418025
0.326883
0.306254
0.325559
0.370015
0.483907
0.314983
0.381615
0.450845
0.321990
0.284785
0.294818
0.277455
0.287403
0.340671
0.440119
0.378625
0.298698
0.307478
0.267335
0.284280
0.397522
0.389479
0.309287
0.258994
0.385019
0.344834
0.362205
0.411198
0.363246
0.361256
0.329027
0.336995
0.456518
0.334450
0.297926
0.261733
0.387171
0.333298
0.305040
0.278016
0.270491
0.346866
0.373161
0.369151
0.292421
0.372336
0.388676
0.315438
0.400343
0.297061
0.257733
0.332020
0.301674
0.330113
0.433815
0.271366
0.256538
0.344629
0.379518
0.329652
0.320338
0.345824
0.237131
0.338669
0.253959
0.315436
0.336343
0.231746
0.327640
0.384277
0.266595
0.248474
0.349421
0.226294
0.284012
0.302535
0.257708
0.277057
0.409923
0.292748
0.275941
0.270668
0.366315
0.379194
0.228180
0.388429
0.337237
0.288774
0.322163
0.301967
0.262742
0.372347
0.331835
0.270763
0.328312
0.387184
0.339893
0.282263
0.238239
0.365835
0.374432
0.351327
0.306875
0.308398
0.222260
0.264651
0.362432
0.375930
0.275980
0.337057
0.433399
0.316857
0.400866
0.318536
0.288666
0.314858
0.292931
0.292097
0.423711
0.416278
0.264958
0.240879
0.316816
0.327325
0.272916
0.285786
0.258800
0.303002
0.298939
0.383319
0.330079
0.288412
0.294830
0.326360
0.276495
0.327178
0.335717
0.265585
0.270316
0.196443
0.344019
0.318234
0.316592
0.300089
0.338901
0.306092
0.247250
0.323126
0.416618
0.337892
0.356417
0.335345
0.306879
0.269343
0.355886
0.405773
0.332916
0.366157
0.333251
0.468569
0.317962
0.332745
0.319385
0.306017
0.424737
0.342791
0.366322
0.357245
0.341568
0.363618
0.354959
0.348219
0.378491
0.197837
0.246889
0.266324
0.372677
0.285907
0.357334
0.336673
0.219994
0.345401
0.267284
0.378004
0.259593
0.306260
0.259727
0.329702
0.328004
0.275379
0.256285
0.278984
0.471265
0.280243
0.374803
0.282825
0.277309
0.301677
0.269255
0.354529
0.342015
0.306254
0.297923
0.371202
0.372516
0.389901
0.384906
0.340474
0.326708
0.368887
0.365783
0.357764
0.321248
0.338205
0.372465
0.299391
0.361217
0.387721
0.341083
0.388961
0.362649
0.302693
0.247663
0.304734
0.332109
0.322627
0.322182
0.302316
0.323557
0.270575
0.277022
0.294765
0.199805
0.255067
0.295529
0.246340
0.303773
0.318045
0.246197
0.323819
0.314321
0.229644
0.300119
0.261185
0.213171
0.288167
0.384990
0.263249
0.300188
0.296847
0.280131
0.288524
0.246282
0.254683
0.253058
0.249390
0.355351
0.310819
0.217922
0.351487
0.292127
0.249355
0.233255
0.369760
0.321346
0.307381
0.236624
0.290724
0.276100
0.254468
0.246688
0.310591
0.219380
0.333668
0.288843
0.231657
0.340300
0.341861
0.287037
0.247192
0.337866
0.288388
0.285175
0.309207
0.189145
0.260575
0.380983
0.336274
0.182157
0.297627
0.315420
0.315169
0.308506
0.323652
0.238575
0.371204
0.295711
0.257170
0.357212
0.358359
0.200111
0.348950
0.310038
0.335425
0.366511
0.227759
0.284570
0.309132
0.319360
0.379014
0.368153
0.348333
0.337361
0.244612
0.393668
0.316530
0.278874
0.307743
0.282532
0.309557
0.274659
0.367392
0.366285
0.295012
0.312544
0.317414
0.347297
0.377687
0.356293
0.245583
0.361735
0.349198
0.262541
0.291467
0.203510
0.326645
0.283028
0.301952
0.324659
0.366283
0.344370
0.320909
0.330121
0.376235
0.375518
0.216997
0.260874
0.292521
0.314071
0.420156
0.387461
0.227996
0.291402
0.286938
0.230504
0.330237
0.263609
0.297332
0.238276
0.313048
0.280859
0.287195
0.263314
0.326210
0.315018
0.309016
0.300539
0.288639
0.263331
0.319640
0.258900
0.283257
0.293417
0.314909
0.323317
0.290886
0.308131
0.389912
0.224794
0.296658
0.245522
0.226670
0.328878
0.233520
0.263240
0.361578
0.303589
0.408619
0.376930
0.296830
0.277549
0.281131
0.312002
0.385096
0.354180
0.263326
0.277047
0.360084
0.249802
0.333917
0.333649
0.403290
0.243121
0.198611
0.267244
0.333694
0.275074
0.291715
0.225486
0.300958
0.275101
0.322135
0.348998
0.231604
0.241819
0.306771
0.235014
0.192200
0.264059
0.302346
0.228950
0.251144
0.275237
0.244441
0.277274
0.258668
0.182072
0.263930
0.360346
0.228027
0.185531
0.300102
0.289953
0.267151
0.265908
0.267917
0.296610
0.257256
0.192788
0.376666
0.315117
0.290442
0.267397
0.290164
0.285266
0.293416
0.357003
0.338691
0.280213
0.312481
0.383688
0.327660
0.227321
0.263375
0.350483
0.267008
0.334386
0.364771
0.325235
0.369020
0.217266
0.236186
0.226667
0.221752
0.309638
0.378768
0.315433
0.216502
0.316451
0.273577
0.376765
0.257265
0.272856
0.222966
0.453126
0.239710
0.271459
0.265922
0.289486
0.219795
0.248226
0.270858
0.289206
0.224186
0.244170
0.263216
0.325182
0.302236
0.324168
0.290237
0.281104
0.264725
0.264689
0.261266
0.213283
0.321123
0.349993
0.289409
0.262221
0.268602
0.338912
0.274370
0.272391
0.317863
0.386190
0.345977
0.268603
0.223089
0.365290
0.295509
0.253934
0.388473
0.371944
0.313912
0.309854
0.304468
0.268945
0.296103
0.162620
0.225007
0.307704
0.280157
0.210100
0.237300
0.242841
0.224315
0.264975
0.382102
0.290486
0.290349
0.256037
0.403421
0.296794
0.290678
0.360739
0.327789
0.465208
0.282659
0.250359
0.251703
0.238634
0.295668
0.334809
0.290483
0.290747
0.403082
0.263801
0.321490
0.258985
0.338444
0.263193
0.278510
0.272500
0.277908
0.311875
0.235381
0.161696
0.283098
0.303193
0.412268
0.245007
0.367733
0.239917
0.248476
0.249201
0.295340
0.371100
0.270402
0.319235
0.389744
0.340395
0.262881
0.265411
0.262690
0.261024
0.330255
0.259791
0.202491
0.254888
0.268447
0.305916
0.285415
0.301425
0.331853
0.204578
0.295043
0.190638
0.251239
0.276457
0.259834
0.311842
0.342494
0.231726
0.170532
0.340204
0.317140
0.263475
0.337874
0.234465
0.239564
0.216188
0.212391
0.268063
0.303664
0.290566
0.279711
0.309157
0.325930
0.267001
0.317107
0.264626
0.163261
0.343451
0.240439
0.207939
0.269446
0.240671
0.306928
0.262652
0.265181
0.214760
0.177930
0.266130
0.320668
0.264578
0.190114
0.226913
0.251089
0.276251
0.323898
0.275121
0.184063
0.200329
0.234432
0.322327
0.280782
0.343119
0.235475
0.238608
0.213330
0.295449
0.329502
0.292598
0.217888
0.241516
0.208504
0.344033
0.306446
0.204578
0.208062
0.195579
0.231212
0.310942
0.311712
0.197171
0.179854
0.293073
0.324476
0.318871
0.281053
0.273076
0.256177
0.327558
0.220920
0.233595
0.211683
0.283442
0.212081
0.324703
0.268427
0.210855
0.274020
0.177915
0.351484
0.201988
0.314650
0.257527
0.247602
0.228356
0.350467
0.254258
0.210401
0.300834
0.194447
0.248024
0.245534
0.335819
0.242104
0.217584
0.315943
0.245563
0.230255
0.241891
0.251394
0.287462
0.255960
0.259818
0.314563
0.214759
0.335426
0.236768
0.230166
0.228063
0.274980
0.257005
0.283729
0.373392
0.281453
0.280169
0.373219
0.304228
0.338582
0.338605
0.320367
0.196252
0.270404
0.261541
0.279969
0.318161
0.338345
0.278267
0.271936
0.249117
0.209604
0.358033
0.251849
0.270420
0.222811
0.186877
0.208019
0.283164
0.261567
0.251463
0.250528
0.233025
0.204265
0.307880
0.249843
0.208657
0.278770
0.314240
0.274114
0.227040
0.318787
0.229326
0.214177
0.258835
0.193467
0.296107
0.341676
0.206934
0.237343
0.194632
0.207336
0.207255
0.200646
0.207630
0.235996
0.222041
0.252876
0.339693
0.226647
0.179755
0.255636
0.187544
0.276586
0.262677
0.337043
0.271235
0.229358
0.236898
0.181487
0.186169
0.204321
0.256795
0.204022
0.243758
0.201881
0.187815
0.245833
0.246846
0.218858
0.191405
0.333086
0.229932
0.299191
0.240625
0.263322
0.233943
0.231271
0.258445
0.205919
0.316404
0.203570
0.256124
0.229136
0.355902
0.262172
0.180773
0.200413
0.282354
0.309646
0.314478
0.267120
0.197118
0.296505
0.331346
0.216673
0.253970
0.313075
0.206568
0.329648
0.228007
0.232340
0.294541
0.181859
0.242364
0.350225
0.221235
0.263529
0.231103
0.321381
0.197481
0.287749
0.227782
0.252208
0.298503
0.295180
0.279984
0.177183
0.273583
0.201548
0.198951
0.224446
0.308935
0.282632
0.245661
0.306996
0.400006
0.257242
0.187185
0.227511
0.212778
0.260193
0.330544
0.341049
0.253482
0.273129
0.236430
0.235846
0.310162
0.292269
0.304712
0.190906
0.219384
0.288365
0.215846
0.231688
0.369368
0.273921
0.304812
0.287067
0.219151
0.185042
0.239120
0.265527
0.272754
0.243232
0.181459
0.257890
0.251142
0.279162
0.291726
0.213414
0.222774
0.260211
0.175618
0.299467
0.213729
0.280702
0.273629
0.182419
0.275597
0.241120
0.221808
0.316583
0.230492
0.243035
0.222553
0.147866
0.265520
0.194619
0.198374
0.225247
0.202324
0.262444
0.205253
0.313699
0.306188
0.276920
0.290224
0.254909
0.200663
0.267700
0.307869
0.309656
0.205352
0.197956
0.261388
0.178725
0.220846
0.223173
0.303216
0.234148
0.253488
0.305083
0.299937
0.314067
0.241293
0.249968
0.224119
0.274227
0.269233
0.276329
0.249055
0.240693
0.222836
0.284756
0.244272
0.187008
0.172502
0.178595
0.165055
0.231543
0.155968
0.225656
0.257912
0.186696
0.283634
0.127444
0.215989
0.195443
0.313790
0.321164
0.327699
0.255867
0.205244
0.186591
0.250757
0.297465
0.258749
0.246916
0.244947
0.255958
0.258148
0.228453
0.309740
0.280977
0.223715
0.247996
0.239139
0.256262
0.253839
0.209080
0.212236
0.293411
0.204131
0.257451
0.196008
0.242659
0.258448
0.219783
0.234861
0.285782
0.192293
0.241467
0.182361
0.224020
0.208020
0.255115
0.250064
0.337289
0.192782
0.212173
0.282616
0.327593
0.270390
0.275720
0.332413
0.199161
0.239121
0.262629
0.291574
0.317045
0.292004
0.177693
0.211966
0.216781
0.224496
0.268265
0.313585
0.152690
0.274304
0.282650
0.266634
0.199857
0.268072
0.320720
0.273735
0.229118
0.158127
0.204046
0.297685
0.303898
0.233652
0.231884
0.203651
0.332062
0.169905
0.212322
0.290818
0.293662
0.281218
0.250740
0.340305
0.193815
0.184245
0.292123
0.265585
0.182196
0.252543
0.246267
0.234044
0.138538
0.229140
0.229818
0.269725
0.279694
0.299980
0.149826
0.219004
0.186929
0.292984
0.327338
0.199412
0.262608
0.218070
0.224060
0.366628
0.165746
0.144406
0.278266
0.157229
0.192816
0.233023
0.267793
0.193521
0.272670
0.285941
0.205425
0.264813
0.232507
0.177015
0.264087
0.194386
0.240144
0.215360
0.284284
0.211802
0.201696
0.216219
0.283663
0.192114
0.239594
0.209599
0.288837
0.205796
0.253871
0.271099
0.228781
0.236474
0.204932
0.223924
0.223462
0.274381
0.231981
0.239608
0.266861
0.220033
0.237872
0.208929
0.271934
0.199712
0.275839
0.247676
0.202852
0.216395
0.330461
0.414750
0.311980
0.247380
0.200695
0.238174
0.288683
0.274674
0.231021
0.288807
0.284934
0.227959
0.188094
0.198454
0.328847
0.203504
0.250444
0.207418
0.278618
0.236536
0.200975
0.285825
0.175390
0.127789
0.235069
0.177474
0.229100
0.210060
0.202077
0.193231
0.174621
0.250482
0.144079
0.186890
0.175630
0.261666
0.216301
0.204571
0.198325
0.191234
0.229536
0.199478
0.262582
0.218591
0.239295
0.242948
0.210451
0.250649
0.203118
0.237665
0.266730
0.265224
0.280826
0.149930
0.326494
0.235543
0.235533
0.332844
0.237996
0.193705
0.230084
0.283950
0.260051
0.249241
0.223994
0.199663
0.246256
0.251139
0.204682
0.193149
0.194826
0.205598
0.291733
0.303993
0.223001
0.190055
0.269946
0.181381
0.199534
0.252423
0.308731
0.251645
0.219332
0.227056
0.222499
0.260176
0.189088
0.158132
0.298722
0.245993
0.195606
0.240024
0.180451
0.219277
0.214690
0.227866
0.265176
0.329975
0.233158
0.189650
0.182861
0.218131
0.232321
0.240593
0.242960
0.184314
0.268665
0.203701
0.234532
0.155678
0.218661
0.199242
0.278182
0.234377
0.284852
0.181508
0.255488
0.221503
0.137220
0.195444
0.228734
0.201133
0.233606
0.220015
0.189634
0.226562
0.193999
0.255372
0.242055
0.180849
0.241019
0.202984
0.226324
0.198538
0.217653
0.267391
0.162728
0.232784
0.340814
0.259146
0.138367
0.284992
0.229470
0.292335
0.221106
0.330617
0.174333
0.241029
0.235448
0.190789
0.204658
0.275649
0.268977
0.191702
0.224367
0.251161
0.276004
0.225824
0.225243
0.153506
0.251201
0.334241
0.163277
0.236582
0.230538
0.199929
0.212709
0.180368
0.215967
0.231873
0.187958
0.216728
0.204209
0.276851
0.211203
0.311061
0.264469
0.268317
0.173896
0.195263
0.151172
0.169662
0.200230
0.199400
0.238656
0.133921
0.221974
0.187104
0.125579
0.189155
0.145883
0.218266
0.189760
0.247856
0.165738
0.228329
0.158447
0.213856
0.179732
0.179134
0.216524
0.200351
0.120935
0.189836
0.241879
0.220053
0.198004
0.166636
0.181566
0.243854
0.270488
0.220621
0.144065
0.232781
0.257058
0.140657
0.185156
0.184864
0.205666
0.183314
0.159775
0.175067
0.122330
0.257603
0.228602
0.134736
0.333597
0.183810
0.289457
0.213198
0.222868
0.283274
0.141149
0.199408
0.240143
0.152926
0.222714
0.258318
0.167757
0.248363
0.229524
0.236136
0.237347
0.205725
0.166948
0.222760
0.233254
0.175475
0.156417
0.306457
0.219394
0.219546
0.174679
0.195464
0.188422
0.192163
0.193436
0.183489
0.195810
0.233484
0.235310
0.273531
0.247955
0.262140
0.278078
0.139657
0.266110
0.198577
0.222151
0.254608
0.204185
0.246933
0.188572
0.172470
0.194156
0.177410
0.227134
0.223752
0.212436
0.174695
0.230492
0.266101
0.233280
0.217520
0.196496
0.380774
0.232242
0.222818
0.231096
0.194339
0.218440
0.224114
0.151629
0.197558
0.199962
0.140156
0.162608
0.251480
0.258867
0.147981
0.150538
0.144667
0.152344
0.166895
0.237543
0.229003
0.188927
0.225403
0.198512
0.182302
0.287373
0.150813
0.204237
0.184007
0.264572
0.202657
0.216550
0.235545
0.278905
0.181317
0.201605
0.271750
0.225750
0.206324
0.232116
0.292842
0.197583
0.181531
0.213368
0.211272
0.240375
0.206816
0.403520
0.169792
0.329132
0.273085
0.237259
0.292869
0.242582
0.202709
0.250549
0.227817
0.247144
0.282668
0.173594
0.241851
0.241003
0.152057
0.253316
0.210000
0.185785
0.254709
0.137110
0.275985
0.154195
0.162538
0.176780
0.178830
0.250626
0.285758
0.208938
0.219769
0.214033
0.154495
0.167984
0.194558
0.159464
0.218044
0.163306
0.179679
0.149266
0.194021
0.232387
0.199176
0.192661
0.142395
0.216630
0.185283
0.172893
0.225543
0.219764
0.182892
0.185540
0.196459
0.220859
0.203759
0.221430
0.225028
0.237253
0.201071
0.194621
0.198571
0.292340
0.137301
0.165798
0.182963
0.287315
0.169628
0.176861
0.186857
0.227441
0.147054
0.181689
0.178656
0.181612
0.206969
0.278077
0.184837
0.234307
0.251920
0.225070
0.197278
0.172319
0.157689
0.213681
0.110409
0.152449
0.167506
0.192003
0.126479
0.181356
0.187753
0.185452
0.214968
0.212023
0.240110
0.233775
0.282109
0.187882
0.226805
0.245972
0.220411
0.233713
0.215417
0.210910
0.269859
0.252518
0.171989
0.209913
0.260600
0.147212
0.180253
0.209340
0.227436
0.154453
0.248852
0.218651
0.230626
0.196515
0.140133
0.177106
0.218887
0.167638
0.206162
0.181921
0.236747
0.236778
0.152593
0.159143
0.231186
0.145855
0.194973
0.270393
0.219219
0.220683
0.162746
0.308212
0.212484
0.148625
0.190742
0.121653
0.147416
0.225006
0.227942
0.147513
0.217284
0.192022
0.286819
0.223106
0.225556
0.261257
0.134077
0.168020
0.202902
0.173315
0.204423
0.179149
0.147899
0.222260
0.104791
0.180053
0.146354
0.172426
0.138483
0.195300
0.311161
0.206131
0.184437
0.176141
0.175021
0.217157
0.251515
0.256231
0.206035
0.156510
0.118663
0.186027
0.181602
0.177666
0.191364
0.182807
0.274774
0.190339
0.229216
0.250796
0.211947
0.162786
0.183515
0.292195
0.195188
0.222607
0.203795
0.145682
0.181877
0.231231
0.200079
0.171829
0.269581
0.198509
0.255410
0.158907
0.150832
0.178376
0.178829
0.172926
0.208011
0.158902
0.200816
0.188732
0.196013
0.195502
0.166636
0.188124
0.118919
0.107610
0.209785
0.294793
0.217264
0.177562
0.136112
0.149266
0.122302
0.211161
0.218265
0.227921
0.141291
0.234019
0.206114
0.231340
0.290651
0.196629
0.137816
0.265026
0.192358
0.278497
0.265965
0.200542
0.202401
0.262467
0.179709
0.183580
0.175014
0.145268
0.132369
0.235830
0.190329
0.195176
0.135845
0.206837
0.173143
0.228799
0.201421
0.219905
0.233131
0.164237
0.154502
0.210162
0.141268
0.178949
0.251359
0.215853
0.201101
0.117890
0.212991
0.211106
0.193281
0.238538
0.167512
0.207209
0.209528
0.174520
0.191566
0.196253
0.197523
0.182569
0.179506
0.220936
0.181281
0.197469
0.190271
0.207880
0.182755
0.280028
0.139716
0.144421
0.205307
0.167837
0.149337
0.180110
0.246193
0.160804
0.158106
0.189056
0.186356
0.137255
0.232870
0.252327
0.203861
0.227771
0.217969
0.162572
0.170286
0.212120
0.285260
0.241016
0.232394
0.231311
0.306010
0.150447
0.178708
0.224596
0.212393
0.271733
0.190080
0.136887
0.274360
0.227019
0.184332
0.231379
0.198042
0.190988
0.300180
0.192371
0.234741
0.193040
0.245966
0.287127
0.214363
0.201341
0.201104
0.193945
0.245075
0.221942
0.150899
0.235292
0.190667
0.183729
0.169678
0.191572
0.269152
0.140853
0.164154
0.254956
0.211586
0.190123
0.153204
0.144347
0.180167
0.161723
0.231143
0.205645
0.244945
0.203698
0.197156
0.210308
0.152993
0.148758
0.169736
0.281582
0.214113
0.179858
0.217076
0.146469
0.197494
0.242240
0.211059
0.151213
0.199601
0.074106
0.278197
0.188532
0.206706
0.236378
0.227563
0.204833
0.139653
0.196185
0.238363
0.179384
0.165666
0.143426
0.170476
0.176557
0.201733
0.210503
0.130400
0.154202
0.126256
0.175393
0.228311
0.137948
0.190665
0.204762
0.107647
0.245662
0.127217
0.115598
0.135995
0.214940
0.156667
0.153641
0.209682
0.147177
0.172032
0.187641
0.179471
0.202675
0.147198
0.258061
0.220791
0.197151
0.181257
0.189082
0.207671
0.206515
0.161950
0.173060
0.256408
0.125996
0.143060
0.174386
0.108567
0.167897
0.153315
0.180390
0.162616
0.183798
0.217579
0.188966
0.125587
0.205466
0.201111
0.139268
0.250279
0.222725
0.090095
0.147378
0.143441
0.137504
0.154715
0.132358
0.176797
0.208555
0.180075
0.175808
0.194837
0.205270
0.251528
0.150343
0.248477
0.176688
0.196513
0.181089
0.166070
0.136951
0.152557
0.209369
0.180184
0.122044
0.130004
0.197517
0.238273
0.258155
0.083551
0.152349
0.192490
0.212621
0.142401
0.181613
0.191415
0.193042
0.095339
0.172420
0.179529
0.142721
0.237309
0.166105
0.146221
0.108328
0.250542
0.185066
0.146583
0.173294
0.067662
0.238093
0.202704
0.140041
0.150413
0.203025
0.210245
0.206492
0.160303
0.247274
0.147097
0.207438
0.176603
0.194686
0.160719
0.176167
0.120509
0.185961
0.169144
0.173512
0.293883
0.201205
0.207908
0.158763
0.206210
0.138004
0.288356
0.149996
0.233197
0.178642
0.198640
0.173925
0.152601
0.210158
0.170715
0.210297
0.188276
0.229373
0.201391
0.208440
0.219099
0.222759
0.160261
0.224583
0.170612
0.187986
0.186183
0.172037
0.137990
0.203159
0.235180
0.155683
0.212581
0.189442
0.185166
0.153350
0.182165
0.240219
0.241887
0.234863
0.164078
0.209047
0.181089
0.145005
0.186183
0.252147
0.184663
0.154441
0.128739
0.125888
0.171746
0.146403
0.117143
0.146856
0.169461
0.153413
0.145696
0.188859
0.136458
0.222789
0.178142
0.089475
0.167132
0.121343
0.266106
0.115989
0.081674
0.115369
0.130506
0.169198
0.118850
0.156641
0.146682
0.191174
0.149823
0.169051
0.153833
0.186592
0.179049
0.220022
0.169436
0.179969
0.161176
0.187131
0.114783
0.166203
0.102786
0.145226
0.216860
0.134321
0.150767
0.240518
0.207499
0.148173
0.194053
0.139543
0.223186
0.192146
0.298117
0.162005
0.187910
0.149218
0.137148
0.136602
0.154097
0.171417
0.127114
0.262716
0.108834
0.152874
0.162387
0.179203
0.139583
0.159789
0.212456
0.087542
0.140383
0.219693
0.181085
0.143060
0.173269
0.260059
0.149055
0.158290
0.190017
0.123582
0.182393
0.232847
0.134109
0.244672
0.086006
0.268059
0.119658
0.234987
0.135009
0.216764
0.203076
0.162114
0.172689
0.171290
0.214304
0.161503
0.192470
0.241949
0.225546
0.195665
0.205025
0.165814
0.207588
0.175010
0.175556
0.112975
0.173035
0.116000
0.102516
0.146658
0.184725
0.198759
0.172726
0.234359
0.116585
0.185746
0.098463
0.199208
0.162490
0.138938
0.216177
0.199075
0.204843
0.139861
0.154958
0.119659
0.154884
0.226386
0.239812
0.250256
0.205528
0.167493
0.124470
0.194193
0.108043
0.260770
0.205002
0.175072
0.122520
0.104331
0.178764
0.170535
0.095465
0.120401
0.155200
0.243012
0.166276
0.161560
0.245278
0.200836
0.103823
0.141627
0.089339
0.207492
0.118895
0.211264
0.098249
0.177074
0.217147
0.198533
0.126380
0.138319
0.154591
0.177000
0.233549
0.151297
0.231909
0.181409
0.340199
0.165943
0.124865
0.200665
0.171176
0.179126
0.301877
0.182066
0.174398
0.164100
0.131544
0.180251
0.172854
0.129394
0.177266
0.118412
0.118494
0.132310
0.125855
0.131403
0.149343
0.121945
0.130964
0.148823
0.103643
0.167986
0.165042
0.136540
0.113014
0.118162
0.173584
0.155921
0.150404
0.141516
0.114225
0.205322
0.126321
0.112721
0.126269
0.144790
0.145779
0.160052
0.192669
0.137812
0.213831
0.150331
0.246909
0.136054
0.169651
0.113855
0.190427
0.225748
0.121345
0.145573
0.221870
0.118488
0.143276
0.123593
0.153880
0.133306
0.196546
0.166942
0.196446
0.196080
0.296833
0.159943
0.137935
0.235567
0.178507
0.168571
0.198549
0.168597
0.180455
0.218732
0.126252
0.125116
0.155033
0.162802
0.158717
0.197965
0.131328
0.107555
0.182236
0.146856
0.132233
0.149466
0.165219
0.096581
0.263990
0.218982
0.137171
0.119569
0.178136
0.148150
0.223685
0.145456
0.187139
0.162280
0.155682
0.144696
0.190301
0.154550
0.146761
0.161986
0.244756
0.134671
0.126559
0.132831
0.112459
0.175464
0.213476
0.196546
0.186374
0.113647
0.190394
0.139173
0.172703
0.184408
0.198393
0.156497
0.199710
0.143312
0.181176
0.168703
0.185966
0.200822
0.214886
0.153396
0.130654
0.223581
0.236774
0.170836
0.118870
0.194630
0.126946
0.164944
0.136908
0.216984
0.142330
0.218446
0.184608
0.160178
0.179962
0.217027
0.111341
0.094019
0.252217
0.134653
0.117589
0.158857
0.223023
0.179081
0.172052
0.126439
0.171027
0.127141
0.169208
0.105134
0.127238
0.165107
0.170889
0.103604
0.133100
0.134289
0.124099
0.184737
0.187578
0.148547
0.227142
0.194047
0.146520
0.147679
0.212694
0.267032
0.289708
0.243554
0.139621
0.199690
0.240272
0.130812
0.163384
0.260838
0.188186
